255 0 0 0 0 0 0 0 0 0 0 0.0 0.0 0.0 0.0 0.0 0.0 0.0 0.0 0.0 0.0 0 -nan 
265 0 0 0 0 0 0 0 0 0 0 0.0 0.0 0.0 0.0 0.0 0.0 0.0 0.0 0.0 0.0 0 -nan 
275 0 0 0 0 0 0 0 0 0 0 0.0 0.0 0.0 0.0 0.0 0.0 0.0 0.0 0.0 0.0 0 -nan 
285 0 0 0 0 0 0 0 0 0 0 0.0 0.0 0.0 0.0 0.0 0.0 0.0 0.0 0.0 0.0 0 -nan 
295 3.06519e+09 7.64823e-06 2.55945 -8.27056e-05 5.39252 2.25893e+09 2.65989e-19 2.66148e-08 4.32487e-16 1.17789e-07 0.0 0.0 0.0 0.0 0.0 0.0 0.0 0.0 0.0 0.0 -1.35736e+08 -inf 
305 2.45683e+08 4.54463e-05 16.8985 -8.41825e-05 35.8049 1.81059e+08 1.72525e-17 1.07364e-06 4.5525e-16 4.81432e-06 0.736963 1.36323e-13 5.06895e-08 -2.52518e-13 1.07402e-07 4.32103e-06 1.8212e-13 2.55172e-08 1.14098e-12 5.3908e-08 3.33373e+08 inf 
315 7.71043e+07 4.06255e-05 15.6292 1.18349e-05 33.1968 5.6823e+07 1.34967e-16 2.43352e-06 6.66003e-17 1.09371e-05 0.736963 3.88299e-13 1.49384e-07 1.13118e-13 3.17296e-07 1.15894e-05 1.06735e-12 3.07247e-08 7.89792e-13 6.21293e-08 1.04624e+08 inf 
325 4.7673e+07 5.83054e-05 15.574 1.55961e-05 33.0867 3.51332e+07 6.11316e-16 3.84107e-06 3.28346e-16 1.72566e-05 0.736962 9.01325e-13 2.40754e-07 2.41095e-13 5.11478e-07 1.78576e-05 2.93901e-12 3.76228e-08 2.24002e-12 7.17928e-08 6.46885e+07 inf 
335 3.47762e+07 8.76786e-05 15.6588 1.78007e-05 33.2703 2.56288e+07 1.88319e-15 5.30718e-06 1.03516e-15 2.38259e-05 0.736961 1.85804e-12 3.31834e-07 3.77223e-13 7.05047e-07 2.34341e-05 6.03782e-12 4.85106e-08 4.66843e-12 8.84029e-08 4.71887e+07 inf 
345 2.7559e+07 0.000126723 15.7403 2.16228e-05 33.4219 2.03099e+07 4.67047e-15 6.75873e-06 2.97127e-15 3.02847e-05 0.736959 3.38873e-12 4.20914e-07 5.78219e-13 8.93739e-07 2.88232e-05 1.06494e-11 5.97265e-08 8.89499e-12 1.05251e-07 3.73956e+07 inf 
355 2.07878e+07 0.000174675 14.3852 2.89595e-05 30.5441 1.53197e+07 1.0019e-14 7.49601e-06 8.42028e-15 3.35461e-05 0.736956 6.19246e-12 5.09976e-07 1.02665e-12 1.08283e-06 3.57458e-05 1.78e-11 7.52869e-08 1.72469e-11 1.29358e-07 2.82077e+07 inf 
365 1.73284e+07 0.000229573 14.0898 4.17807e-05 29.9277 1.27701e+07 1.90724e-14 8.63794e-06 2.022e-14 3.86475e-05 0.73695 9.76342e-12 5.99217e-07 1.77687e-12 1.27278e-06 4.21191e-05 2.67544e-11 9.10911e-08 2.92706e-11 1.53782e-07 2.35136e+07 inf 
375 1.53295e+07 0.000293499 14.3134 6.14992e-05 30.4264 1.1297e+07 3.38571e-14 1.00848e-05 4.2476e-14 4.51571e-05 0.736944 1.41096e-11 6.88099e-07 2.95649e-12 1.46271e-06 4.80642e-05 3.77962e-11 1.06454e-07 4.50914e-11 1.77079e-07 2.08014e+07 inf 
385 1.31092e+07 0.000370521 13.7209 9.12432e-05 29.2239 9.66065e+06 5.69532e-14 1.08554e-05 9.30039e-14 4.87446e-05 0.736938 2.0829e-11 7.71328e-07 5.12928e-12 1.64284e-06 5.63215e-05 5.26099e-11 1.2367e-07 7.21245e-11 2.03202e-07 1.77887e+07 inf 
395 1.20608e+07 0.0004599 14.0788 0.000135122 30.0089 8.88801e+06 9.22823e-14 1.24293e-05 1.92313e-13 5.5869e-05 0.736932 2.81005e-11 8.60233e-07 8.25613e-12 1.83359e-06 6.32123e-05 6.96343e-11 1.39448e-07 1.08085e-10 2.27231e-07 1.63663e+07 inf 
405 1.15108e+07 0.00055957 14.8274 0.000195734 31.6214 8.4826e+06 1.42361e-13 1.44397e-05 3.70539e-13 6.49641e-05 0.736927 3.58241e-11 9.49261e-07 1.2531e-11 2.02442e-06 6.86994e-05 8.84913e-11 1.52785e-07 1.5351e-10 2.46488e-07 1.56199e+07 inf 
415 1.01062e+07 0.000676641 14.1947 0.000281961 30.2882 7.44746e+06 2.14855e-13 1.5102e-05 6.88948e-13 6.79348e-05 0.736919 4.93389e-11 1.03504e-06 2.05598e-11 2.20854e-06 7.68882e-05 1.15032e-10 1.72869e-07 2.2319e-10 2.75671e-07 1.37141e+07 inf 
425 9.1312e+06 0.000808791 13.9219 0.000396256 29.6973 6.72888e+06 3.15489e-13 1.60991e-05 1.22069e-12 7.23123e-05 0.736911 6.52715e-11 1.12353e-06 3.19789e-11 2.39665e-06 8.51612e-05 1.45603e-10 1.92135e-07 3.12234e-10 3.03085e-07 1.23912e+07 inf 
435 8.19331e+06 0.000955522 13.46 0.00054896 28.7076 6.03767e+06 4.52267e-13 1.67963e-05 2.0946e-12 7.53424e-05 0.736902 8.59391e-11 1.21059e-06 4.93731e-11 2.58195e-06 9.40461e-05 1.82459e-10 2.12443e-07 4.31219e-10 3.3136e-07 1.11186e+07 inf 
445 7.53633e+06 0.00112076 13.2852 0.000754085 28.3308 5.55347e+06 6.37969e-13 1.78067e-05 3.59829e-12 7.97962e-05 0.736893 1.09587e-10 1.29901e-06 7.37335e-11 2.77016e-06 0.000102765 2.24434e-10 2.31704e-07 5.88558e-10 3.58614e-07 1.02272e+07 inf 
455 7.07765e+06 0.00130778 13.349 0.0010181 28.4531 5.21541e+06 8.85851e-13 1.91516e-05 5.93592e-12 8.57047e-05 0.736885 1.36159e-10 1.38982e-06 1.05998e-10 2.96238e-06 0.000110923 2.7146e-10 2.49706e-07 7.7896e-10 3.83913e-07 9.60482e+06 inf 
465 6.60517e+06 0.00152178 13.2742 0.00135794 28.2772 4.86718e+06 1.21316e-12 2.03099e-05 9.59917e-12 9.07274e-05 0.736875 1.69771e-10 1.48087e-06 1.51492e-10 3.15461e-06 0.000119346 3.26372e-10 2.69806e-07 1.02369e-09 4.12312e-07 8.96376e+06 inf 
475 6.04565e+06 0.00175352 12.8963 0.00178932 27.4644 4.45483e+06 1.64088e-12 2.09713e-05 1.51928e-11 9.3553e-05 0.736864 2.13725e-10 1.57184e-06 2.18088e-10 3.34745e-06 0.000129097 3.92833e-10 2.92168e-07 1.3432e-09 4.44018e-07 8.20457e+06 inf 
485 5.64541e+06 0.00201034 12.7592 0.00232174 27.1613 4.15984e+06 2.19162e-12 2.20032e-05 2.35737e-11 9.80147e-05 0.736854 2.62395e-10 1.66536e-06 3.0304e-10 3.54517e-06 0.000137949 4.66053e-10 3.13814e-07 1.72774e-09 4.74268e-07 7.6615e+06 inf 
495 5.30794e+06 0.00230666 12.6735 0.00297784 26.9628 3.91112e+06 2.90093e-12 2.31097e-05 3.53292e-11 0.000102757 0.736843 3.20208e-10 1.75932e-06 4.13381e-10 3.74295e-06 0.000146837 5.47879e-10 3.35952e-07 2.17566e-09 5.04968e-07 7.20362e+06 inf 
505 4.99312e+06 0.00263605 12.5491 0.00382158 26.688 3.67908e+06 3.82345e-12 2.41052e-05 5.35996e-11 0.000107044 0.736831 3.89e-10 1.85187e-06 5.63949e-10 3.93832e-06 0.000156316 6.42576e-10 3.57456e-07 2.75529e-09 5.34749e-07 6.77647e+06 inf 
515 4.66866e+06 0.00299374 12.323 0.0048145 26.1906 3.43996e+06 4.96441e-12 2.48856e-05 7.8083e-11 0.000110291 0.736819 4.72479e-10 1.94485e-06 7.59834e-10 4.13345e-06 0.000166396 7.48504e-10 3.80876e-07 3.42723e-09 5.66499e-07 6.33624e+06 inf 
525 4.41368e+06 0.00338137 12.2288 0.00600783 25.9654 3.25203e+06 6.39583e-12 2.59368e-05 1.1186e-10 0.000114682 0.736808 5.64476e-10 2.04145e-06 1.00293e-09 4.3346e-06 0.000175735 8.65488e-10 4.02881e-07 4.2033e-09 5.96649e-07 5.99027e+06 inf 
535 4.24683e+06 0.00382587 12.3344 0.00747303 26.1621 3.12906e+06 8.21782e-12 2.74284e-05 1.59725e-10 0.000120993 0.736797 6.63764e-10 2.13993e-06 1.29652e-09 4.53894e-06 0.000185058 9.92549e-10 4.23461e-07 5.10199e-09 6.24057e-07 5.76391e+06 inf 
545 4.11726e+06 0.00431596 12.5271 0.0092356 26.533 3.03354e+06 1.04993e-11 2.91828e-05 2.25038e-10 0.000128352 0.736788 7.72346e-10 2.24174e-06 1.65272e-09 4.74812e-06 0.000194665 1.1324e-09 4.43719e-07 6.12693e-09 6.51271e-07 5.58812e+06 inf 
555 3.97766e+06 0.00485184 12.6452 0.0112975 26.7543 2.93065e+06 1.32888e-11 3.07717e-05 3.10691e-10 0.000135056 0.736778 8.98701e-10 2.34225e-06 2.09262e-09 4.95566e-06 0.000205229 1.28601e-09 4.62239e-07 7.29177e-09 6.76468e-07 5.39872e+06 inf 
565 3.82874e+06 0.00544917 12.6753 0.0137715 26.8088 2.82089e+06 1.67727e-11 3.21151e-05 4.26873e-10 0.000140856 0.736767 1.04859e-09 2.43911e-06 2.65005e-09 5.15883e-06 0.000216429 1.45878e-09 4.80281e-07 8.66721e-09 7.01065e-07 5.19668e+06 inf 
575 3.70823e+06 0.00612426 12.7824 0.016721 27.0108 2.73207e+06 2.10952e-11 3.37114e-05 5.82263e-10 0.000147604 0.736758 1.21678e-09 2.53963e-06 3.32215e-09 5.36656e-06 0.000227158 1.64642e-09 4.98135e-07 1.02298e-08 7.25433e-07 5.03317e+06 inf 
585 3.56368e+06 0.00684374 12.7812 0.0201123 26.9776 2.62553e+06 2.62638e-11 3.50659e-05 7.81482e-10 0.000153193 0.736747 1.41486e-09 2.64235e-06 4.15798e-09 5.57728e-06 0.000238075 1.85146e-09 5.17135e-07 1.20114e-08 7.51427e-07 4.83705e+06 inf 
595 3.42904e+06 0.0076373 12.7767 0.0241227 26.9381 2.5263e+06 3.26612e-11 3.64114e-05 1.0466e-09 0.000158723 0.736736 1.64089e-09 2.74511e-06 5.18283e-09 5.78772e-06 0.00024849 2.07962e-09 5.36134e-07 1.40713e-08 7.7737e-07 4.65436e+06 inf 
605 3.33336e+06 0.00852664 12.9028 0.0288201 27.1624 2.45577e+06 4.04407e-11 3.81898e-05 1.3847e-09 0.000165977 0.736726 1.88452e-09 2.85174e-06 6.3697e-09 6.00333e-06 0.000259187 2.32091e-09 5.5513e-07 1.62932e-08 8.02238e-07 4.52456e+06 inf 
615 3.24401e+06 0.00946022 13.0355 0.0340806 27.3979 2.38992e+06 4.95376e-11 4.00369e-05 1.80836e-09 0.000173483 0.736718 2.14842e-09 2.96037e-06 7.73972e-09 6.22208e-06 0.000270158 2.57571e-09 5.73265e-07 1.8729e-08 8.26902e-07 4.40334e+06 inf 
625 3.15398e+06 0.0105244 13.1278 0.0404673 27.5572 2.32356e+06 6.09126e-11 4.1747e-05 2.36896e-09 0.000180467 0.736709 2.45829e-09 3.06641e-06 9.45239e-09 6.43684e-06 0.000281119 2.86092e-09 5.90256e-07 2.15406e-08 8.48923e-07 4.28117e+06 inf 
635 3.05485e+06 0.011628 13.1662 0.0475223 27.5959 2.25051e+06 7.40676e-11 4.33341e-05 3.06063e-09 0.000186792 0.736699 2.80417e-09 3.17513e-06 1.14604e-08 6.65494e-06 0.000292501 3.16205e-09 6.07378e-07 2.46324e-08 8.70693e-07 4.14667e+06 inf 
645 2.96194e+06 0.0128222 13.2106 0.0556096 27.648 2.18203e+06 8.97548e-11 4.49613e-05 3.92717e-09 0.00019331 0.73669 3.18911e-09 3.28571e-06 1.38311e-08 6.87657e-06 0.00030283 3.48615e-09 6.21941e-07 2.8026e-08 8.90244e-07 4.02061e+06 inf 
655 2.86752e+06 0.0140949 13.2224 0.0647139 27.6334 2.11245e+06 1.08052e-10 4.6495e-05 5.00739e-09 0.000199398 0.736682 3.62106e-09 3.39692e-06 1.66254e-08 7.09917e-06 0.000313334 3.82715e-09 6.3699e-07 3.17809e-08 9.10113e-07 3.89248e+06 inf 
665 2.79426e+06 0.0154746 13.3214 0.0751918 27.7948 2.05846e+06 1.29832e-10 4.83978e-05 6.37391e-09 0.000206953 0.736675 4.07971e-09 3.51205e-06 1.98235e-08 7.3278e-06 0.00032349 4.19343e-09 6.51934e-07 3.58809e-08 9.29561e-07 3.79306e+06 inf 
675 2.72312e+06 0.0169229 13.4289 0.0868396 27.9624 2.00604e+06 1.54857e-10 5.04336e-05 8.03062e-09 0.000214856 0.73667 4.57806e-09 3.63285e-06 2.34922e-08 7.5645e-06 0.000332882 4.57535e-09 6.67742e-07 4.02566e-08 9.49797e-07 3.69653e+06 inf 
685 2.65351e+06 0.0184244 13.5172 0.0997677 28.0961 1.95475e+06 1.83421e-10 5.2394e-05 1.00722e-08 0.000222508 0.736664 5.11497e-09 3.75264e-06 2.76974e-08 7.8e-06 0.000342055 4.97575e-09 6.80655e-07 4.50454e-08 9.65648e-07 3.60206e+06 inf 
695 2.59019e+06 0.020008 13.6171 0.114273 28.2581 1.90809e+06 2.16145e-10 5.44173e-05 1.2553e-08 0.000230474 0.736659 5.69036e-09 3.87276e-06 3.24998e-08 8.03671e-06 0.000350361 5.39372e-09 6.91556e-07 5.01386e-08 9.79229e-07 3.51613e+06 inf 
705 2.5319e+06 0.0216332 13.7335 0.130111 28.4499 1.86514e+06 2.52608e-10 5.65793e-05 1.55091e-08 0.00023889 0.736655 6.29415e-09 3.99576e-06 3.78558e-08 8.27746e-06 0.000359053 5.82063e-09 7.03982e-07 5.54914e-08 9.94124e-07 3.43703e+06 inf 
715 2.47682e+06 0.0233131 13.8607 0.147835 28.6577 1.82456e+06 2.94106e-10 5.88684e-05 1.91727e-08 0.000247688 0.736652 6.93374e-09 4.12242e-06 4.39688e-08 8.52331e-06 0.000368304 6.27659e-09 7.17083e-07 6.13926e-08 1.01007e-06 3.36227e+06 inf 
725 2.43269e+06 0.0250176 14.0462 0.166989 28.9782 1.79204e+06 3.39098e-10 6.15004e-05 2.34339e-08 0.000257745 0.73665 7.57563e-09 4.25336e-06 5.05664e-08 8.77496e-06 0.000377086 6.73001e-09 7.29379e-07 6.73731e-08 1.02399e-06 3.30238e+06 inf 
735 2.39022e+06 0.0267354 14.2277 0.188129 29.2915 1.76075e+06 3.88634e-10 6.41754e-05 2.8586e-08 0.000267935 0.736647 8.23963e-09 4.38485e-06 5.79798e-08 9.02741e-06 0.000386159 7.20295e-09 7.42566e-07 7.38127e-08 1.03978e-06 3.24473e+06 inf 
745 2.35178e+06 0.0284888 14.4291 0.211235 29.6441 1.73243e+06 4.42527e-10 6.70339e-05 3.4678e-08 0.000278811 0.736646 8.92351e-09 4.51961e-06 6.61649e-08 9.28538e-06 0.000394138 7.68004e-09 7.55041e-07 8.05255e-08 1.05517e-06 3.19255e+06 inf 
755 2.30921e+06 0.0301684 14.5975 0.235875 29.9273 1.70107e+06 4.98894e-10 6.98263e-05 4.17795e-08 0.000289314 0.736646 9.62382e-09 4.65664e-06 7.52451e-08 9.54692e-06 0.000402376 8.15666e-09 7.68442e-07 8.75557e-08 1.07164e-06 3.13476e+06 inf 
765 2.25831e+06 0.0317617 14.7012 0.262099 30.0769 1.66357e+06 5.569e-10 7.23807e-05 4.99604e-08 0.000298728 0.736645 1.03604e-08 4.79542e-06 8.5495e-08 9.81088e-06 0.000411685 8.62081e-09 7.83588e-07 9.48016e-08 1.09067e-06 3.06567e+06 inf 
775 2.20812e+06 0.0334108 14.8035 0.291331 30.2184 1.6266e+06 6.19972e-10 7.50216e-05 5.97919e-08 0.000308328 0.736643 1.1146e-08 4.93855e-06 9.71896e-08 1.0081e-05 0.000420401 9.08803e-09 7.99e-07 1.02475e-07 1.11028e-06 2.99755e+06 inf 
785 2.16558e+06 0.0348614 14.9423 0.321242 30.4377 1.59526e+06 6.8035e-10 7.78898e-05 7.07073e-08 0.000318882 0.736642 1.18584e-08 5.08276e-06 1.09274e-07 1.03537e-05 0.000428753 9.52918e-09 8.12705e-07 1.1005e-07 1.12783e-06 2.9398e+06 inf 
795 2.12104e+06 0.0362874 15.0526 0.353884 30.6046 1.56244e+06 7.42847e-10 8.06616e-05 8.35254e-08 0.000329087 0.736641 1.26027e-08 5.2278e-06 1.22905e-07 1.0629e-05 0.000437121 9.95814e-09 8.27073e-07 1.17911e-07 1.14721e-06 2.87934e+06 inf 
805 2.07907e+06 0.0375183 15.1776 0.38737 30.799 1.53153e+06 8.0239e-10 8.36176e-05 9.79633e-08 0.000339928 0.736643 1.32932e-08 5.37762e-06 1.3725e-07 1.09125e-05 0.000444248 1.03724e-08 8.41446e-07 1.25984e-07 1.16531e-06 2.82236e+06 inf 
815 2.0444e+06 0.0386631 15.3496 0.422811 31.0879 1.506e+06 8.59597e-10 8.69256e-05 1.14268e-07 0.000352126 0.736646 1.39312e-08 5.53083e-06 1.52349e-07 1.12017e-05 0.000452098 1.07542e-08 8.55109e-07 1.34028e-07 1.18362e-06 2.77529e+06 inf 
825 2.01008e+06 0.0396508 15.5221 0.459472 31.3786 1.48073e+06 9.13395e-10 9.03566e-05 1.32581e-07 0.000364784 0.73665 1.45311e-08 5.68851e-06 1.68386e-07 1.14996e-05 0.000459386 1.11169e-08 8.68649e-07 1.42246e-07 1.20209e-06 2.72868e+06 inf 
835 1.98224e+06 0.0405817 15.7337 0.498274 31.7525 1.46023e+06 9.64108e-10 9.4083e-05 1.53097e-07 0.000378689 0.736654 1.50812e-08 5.84706e-06 1.85172e-07 1.18001e-05 0.000466396 1.14387e-08 8.80684e-07 1.50354e-07 1.2203e-06 2.69087e+06 inf 
845 1.94965e+06 0.0412544 15.9097 0.536422 32.0518 1.43623e+06 1.00651e-09 9.77533e-05 1.75024e-07 0.000392233 0.736658 1.55876e-08 6.01132e-06 2.02682e-07 1.21105e-05 0.000473032 1.17187e-08 8.94004e-07 1.58275e-07 1.23992e-06 2.64662e+06 inf 
855 1.91578e+06 0.0418466 16.0644 0.57601 32.3159 1.41129e+06 1.04569e-09 0.000101361 1.99394e-07 0.000405683 0.736663 1.6091e-08 6.17714e-06 2.21489e-07 1.24262e-05 0.000479926 1.19655e-08 9.04636e-07 1.66175e-07 1.25851e-06 2.60062e+06 inf 
865 1.88477e+06 0.0423297 16.2345 0.615905 32.6135 1.38845e+06 1.07955e-09 0.000105161 2.25535e-07 0.000419905 0.736668 1.65447e-08 6.34532e-06 2.40728e-07 1.27471e-05 0.000486348 1.21744e-08 9.16185e-07 1.73784e-07 1.27797e-06 2.5585e+06 inf 
875 1.85639e+06 0.0428132 16.4172 0.657341 32.9422 1.36755e+06 1.11294e-09 0.000109125 2.54391e-07 0.000434886 0.736673 1.69896e-08 6.51485e-06 2.60853e-07 1.30725e-05 0.000494256 1.23694e-08 9.27963e-07 1.81399e-07 1.29845e-06 2.51996e+06 inf 
885 1.82693e+06 0.0431389 16.583 0.697542 33.2489 1.34587e+06 1.1383e-09 0.000113083 2.84221e-07 0.000450106 0.736679 1.7395e-08 6.68682e-06 2.81272e-07 1.3407e-05 0.000501891 1.25066e-08 9.40847e-07 1.88397e-07 1.32244e-06 2.47996e+06 inf 
895 1.7958e+06 0.0434094 16.7277 0.737285 33.5184 1.32294e+06 1.16108e-09 0.000117005 3.15669e-07 0.000465299 0.736686 1.78077e-08 6.86216e-06 3.02455e-07 1.37502e-05 0.000508312 1.26172e-08 9.53724e-07 1.94981e-07 1.34582e-06 2.43767e+06 inf 
905 1.76749e+06 0.0437251 16.8869 0.777501 33.8333 1.3021e+06 1.1854e-09 0.000121096 3.49387e-07 0.000481611 0.736694 1.82247e-08 7.03848e-06 3.24064e-07 1.41018e-05 0.000515011 1.27255e-08 9.65746e-07 2.01514e-07 1.3697e-06 2.39922e+06 inf 
915 1.73499e+06 0.043915 16.9988 0.815045 34.0629 1.27817e+06 1.20264e-09 0.000124954 3.82899e-07 0.000497255 0.736701 1.8647e-08 7.21795e-06 3.4608e-07 1.44636e-05 0.000521158 1.27651e-08 9.79034e-07 2.06913e-07 1.39477e-06 2.35508e+06 inf 
925 1.70661e+06 0.0441395 17.1408 0.851957 34.368 1.25728e+06 1.22046e-09 0.000129113 4.17548e-07 0.000514559 0.736711 1.90542e-08 7.39938e-06 3.67774e-07 1.4836e-05 0.000526649 1.27979e-08 9.92363e-07 2.12109e-07 1.42067e-06 2.31652e+06 inf 
935 1.6817e+06 0.0444343 17.306 0.88804 34.7356 1.23894e+06 1.24047e-09 0.000133505 4.52958e-07 0.00053334 0.736722 1.94659e-08 7.58146e-06 3.89035e-07 1.52171e-05 0.000531196 1.2826e-08 1.00383e-06 2.16991e-07 1.44502e-06 2.28268e+06 inf 
945 1.65933e+06 0.0446834 17.4879 0.921402 35.1479 1.22248e+06 1.25699e-09 0.000138106 4.87314e-07 0.00055337 0.736732 1.98392e-08 7.76451e-06 4.09097e-07 1.56054e-05 0.000536804 1.2826e-08 1.01518e-06 2.21368e-07 1.47071e-06 2.25228e+06 inf 
955 1.6414e+06 0.045079 17.7041 0.954622 35.651 1.20929e+06 1.27864e-09 0.000143035 5.22201e-07 0.000575484 0.736743 2.02337e-08 7.94649e-06 4.28482e-07 1.60019e-05 0.000541075 1.28263e-08 1.02688e-06 2.25373e-07 1.49798e-06 2.22791e+06 inf 
965 1.61931e+06 0.0454602 17.8736 0.983676 36.0823 1.19304e+06 1.30225e-09 0.000147718 5.55404e-07 0.000597456 0.736758 2.06835e-08 8.13216e-06 4.47554e-07 1.64168e-05 0.000544554 1.28332e-08 1.03776e-06 2.28896e-07 1.52359e-06 2.19789e+06 inf 
975 1.59802e+06 0.0459028 18.0423 1.01071 36.5235 1.17737e+06 1.32785e-09 0.000152466 5.87344e-07 0.000620244 0.73677 2.11636e-08 8.31844e-06 4.65988e-07 1.68392e-05 0.000549623 1.28183e-08 1.04797e-06 2.31627e-07 1.55074e-06 2.16895e+06 inf 
985 1.58346e+06 0.0466372 18.2701 1.03967 37.1195 1.16667e+06 1.36514e-09 0.000157718 6.20499e-07 0.000646461 0.736783 2.17002e-08 8.50107e-06 4.83755e-07 1.72717e-05 0.000553848 1.28178e-08 1.05714e-06 2.33876e-07 1.57697e-06 2.14916e+06 inf 
995 1.56167e+06 0.0472953 18.4141 1.06243 37.5739 1.15064e+06 1.40337e-09 0.00016239 6.4994e-07 0.000671497 0.736798 2.2314e-08 8.68778e-06 5.01254e-07 1.77274e-05 0.000556878 1.28141e-08 1.06676e-06 2.35344e-07 1.5977e-06 2.11954e+06 inf 
1005 1.54128e+06 0.0480884 18.5567 1.08358 38.0554 1.13564e+06 1.44921e-09 0.000167045 6.78119e-07 0.000697806 0.736813 2.29888e-08 8.87108e-06 5.1801e-07 1.81925e-05 0.000559984 1.28186e-08 1.07702e-06 2.36309e-07 1.61885e-06 2.09182e+06 inf 
1015 1.52114e+06 0.0489666 18.6867 1.10207 38.5479 1.12082e+06 1.50157e-09 0.000171592 7.0412e-07 0.000725328 0.736829 2.37191e-08 9.05174e-06 5.33837e-07 1.86724e-05 0.000563578 1.28356e-08 1.08807e-06 2.36833e-07 1.63935e-06 2.06444e+06 inf 
1025 1.50237e+06 0.0499695 18.8174 1.11894 39.0759 1.10702e+06 1.56198e-09 0.000176136 7.2852e-07 0.0007545 0.736846 2.45077e-08 9.22909e-06 5.4879e-07 1.9165e-05 0.000566387 1.28627e-08 1.10032e-06 2.36929e-07 1.65906e-06 2.03892e+06 inf 
1035 1.4846e+06 0.0511039 18.9392 1.13417 39.6299 1.09395e+06 1.63198e-09 0.000180527 7.51301e-07 0.000785196 0.736863 2.53648e-08 9.40023e-06 5.62932e-07 1.96698e-05 0.000569062 1.29089e-08 1.11276e-06 2.36656e-07 1.6794e-06 2.01476e+06 inf 
1045 1.46959e+06 0.0524717 19.077 1.15014 40.2711 1.08292e+06 1.71582e-09 0.000185016 7.74219e-07 0.000818929 0.736882 2.63103e-08 9.5656e-06 5.76702e-07 2.01927e-05 0.000571083 1.29659e-08 1.12704e-06 2.35846e-07 1.69742e-06 1.99434e+06 inf 
1055 1.45277e+06 0.0538948 19.1735 1.16317 40.8675 1.07055e+06 1.80784e-09 0.000189036 7.94723e-07 0.000852955 0.736901 2.73375e-08 9.72551e-06 5.90005e-07 2.07295e-05 0.000573654 1.30257e-08 1.14039e-06 2.34537e-07 1.71376e-06 1.97146e+06 inf 
1065 1.43966e+06 0.0554607 19.2913 1.17544 41.5634 1.06091e+06 1.91103e-09 0.000193115 8.13709e-07 0.000890122 0.736922 2.83889e-08 9.87469e-06 6.01679e-07 2.12752e-05 0.000574649 1.31254e-08 1.15792e-06 2.3345e-07 1.73074e-06 1.95361e+06 inf 
1075 1.42385e+06 0.0571083 19.3464 1.18526 42.1874 1.0493e+06 2.02656e-09 0.000196385 8.31082e-07 0.000927053 0.736942 2.95575e-08 1.00131e-05 6.13456e-07 2.18349e-05 0.000576152 1.32377e-08 1.175e-06 2.3198e-07 1.74693e-06 1.93211e+06 inf 
1085 1.41203e+06 0.0589693 19.4362 1.19629 42.9424 1.04061e+06 2.15739e-09 0.000199908 8.48588e-07 0.000968399 0.736964 3.07772e-08 1.01441e-05 6.24367e-07 2.24125e-05 0.000576762 1.33696e-08 1.19697e-06 2.30348e-07 1.7626e-06 1.91601e+06 inf 
1095 1.39843e+06 0.0609107 19.4719 1.20552 43.6398 1.03062e+06 2.30113e-09 0.000202626 8.6461e-07 0.00100965 0.736986 3.21005e-08 1.02619e-05 6.35317e-07 2.29986e-05 0.000578858 1.3501e-08 1.21643e-06 2.28098e-07 1.77819e-06 1.8975e+06 inf 
1105 1.38852e+06 0.0631265 19.529 1.21696 44.4612 1.02335e+06 2.46698e-09 0.000205323 8.82318e-07 0.00105532 0.737009 3.35068e-08 1.03658e-05 6.45949e-07 2.35995e-05 0.00057932 1.36652e-08 1.23851e-06 2.25995e-07 1.79371e-06 1.88399e+06 inf 
1115 1.37814e+06 0.0654496 19.5584 1.22787 45.2786 1.01574e+06 2.64848e-09 0.000207548 8.99738e-07 0.00110255 0.737033 3.50026e-08 1.04599e-05 6.56669e-07 2.42151e-05 0.000579395 1.38286e-08 1.26006e-06 2.23532e-07 1.80968e-06 1.86985e+06 inf 
1125 1.3644e+06 0.0677077 19.5058 1.23521 45.9806 1.00564e+06 2.83933e-09 0.000208589 9.14538e-07 0.0011483 0.737057 3.65761e-08 1.05372e-05 6.67267e-07 2.4839e-05 0.000580144 1.40004e-08 1.28414e-06 2.20892e-07 1.82827e-06 1.85114e+06 inf 
1135 1.35879e+06 0.0704673 19.5356 1.24963 46.9604 1.00154e+06 3.06428e-09 0.000210169 9.34837e-07 0.00120256 0.737082 3.82254e-08 1.05972e-05 6.77871e-07 2.54739e-05 0.000579742 1.41794e-08 1.30669e-06 2.18172e-07 1.84798e-06 1.84347e+06 inf 
1145 1.34828e+06 0.0730319 19.4567 1.25889 47.7633 993824 3.29469e-09 0.000210202 9.51706e-07 0.00125366 0.737107 3.99268e-08 1.0637e-05 6.88241e-07 2.61124e-05 0.000579613 1.439e-08 1.33106e-06 2.15928e-07 1.87781e-06 1.82914e+06 inf 
1155 1.34047e+06 0.0759028 19.3838 1.27218 48.68 988106 3.55434e-09 0.000209956 9.72616e-07 0.00130972 0.737133 4.17394e-08 1.06592e-05 6.99581e-07 2.67694e-05 0.000578902 1.4573e-08 1.35523e-06 2.13152e-07 1.90342e-06 1.81849e+06 inf 
1165 1.33248e+06 0.0787519 19.2635 1.28424 49.5734 982254 3.82576e-09 0.000208733 9.927e-07 0.00136633 0.73716 4.35673e-08 1.0657e-05 7.10471e-07 2.74251e-05 0.000579366 1.47778e-08 1.37969e-06 2.10749e-07 1.93546e-06 1.80759e+06 inf 
1175 1.32233e+06 0.0816178 19.0655 1.29596 50.394 974807 4.11558e-09 0.000206157 1.01409e-06 0.00142274 0.737188 4.55012e-08 1.06288e-05 7.22483e-07 2.80942e-05 0.000578351 1.49681e-08 1.39945e-06 2.08234e-07 1.96938e-06 1.79375e+06 inf 
1185 1.31882e+06 0.0849068 18.9235 1.31418 51.4552 972256 4.44115e-09 0.000203778 1.04123e-06 0.00148726 0.737215 4.74625e-08 1.05782e-05 7.3462e-07 2.87632e-05 0.000577042 1.51622e-08 1.41892e-06 2.05849e-07 2.01246e-06 1.78892e+06 inf 
1195 1.31194e+06 0.0879166 18.6891 1.32832 52.368 967223 4.76398e-09 0.000199941 1.06556e-06 0.00154868 0.737244 4.94045e-08 1.05023e-05 7.46447e-07 2.94281e-05 0.000576143 1.53721e-08 1.43484e-06 2.03983e-07 2.06524e-06 1.77952e+06 inf 
1205 1.30565e+06 0.091024 18.4117 1.34413 53.2833 962622 5.10878e-09 0.000195136 1.09269e-06 0.00161124 0.737272 5.13991e-08 1.03966e-05 7.58999e-07 3.00879e-05 0.000575286 1.55865e-08 1.44863e-06 2.02333e-07 2.13297e-06 1.77092e+06 inf 
1215 1.30371e+06 0.0943996 18.155 1.36474 54.368 961227 5.48186e-09 0.000190151 1.12486e-06 0.00168029 0.737301 5.33869e-08 1.02674e-05 7.71819e-07 3.07474e-05 0.000573828 1.58131e-08 1.45532e-06 2.01129e-07 2.20714e-06 1.76822e+06 inf 
1225 1.29903e+06 0.0974967 17.8152 1.38237 55.3124 957817 5.84848e-09 0.000183879 1.15526e-06 0.00174579 0.737331 5.53392e-08 1.01119e-05 7.84633e-07 3.13953e-05 0.000571972 1.60367e-08 1.4558e-06 2.00189e-07 2.29005e-06 1.7618e+06 inf 
1235 1.29688e+06 0.100825 17.4652 1.40438 56.3508 956270 6.2401e-09 0.000177127 1.1906e-06 0.00181533 0.737362 5.73258e-08 9.93011e-06 7.98482e-07 3.20392e-05 0.000570171 1.61763e-08 1.4496e-06 1.98393e-07 2.37239e-06 1.75881e+06 inf 
1245 1.29397e+06 0.103928 17.0652 1.42498 57.3192 954166 6.62549e-09 0.000169589 1.22576e-06 0.00188299 0.737392 5.92253e-08 9.72488e-06 8.12048e-07 3.26643e-05 0.00056893 1.63708e-08 1.43858e-06 1.9773e-07 2.46939e-06 1.7548e+06 inf 
1255 1.29224e+06 0.106993 16.6273 1.44714 58.2945 952929 7.01186e-09 0.000161312 1.26323e-06 0.00195082 0.737423 6.10559e-08 9.48845e-06 8.2582e-07 3.3266e-05 0.000566462 1.65389e-08 1.42227e-06 1.97205e-07 2.57239e-06 1.75237e+06 inf 
1265 1.29166e+06 0.109999 16.161 1.47096 59.2792 952541 7.39554e-09 0.000152524 1.3032e-06 0.00201888 0.737455 6.28024e-08 9.22688e-06 8.39826e-07 3.38447e-05 0.000564437 1.66807e-08 1.39518e-06 1.96821e-07 2.68186e-06 1.75151e+06 inf 
1275 1.29404e+06 0.113006 15.6895 1.49738 60.3433 954341 7.77501e-09 0.000143537 1.34592e-06 0.00208895 0.737487 6.4403e-08 8.94158e-06 8.53369e-07 3.43902e-05 0.000563372 1.68316e-08 1.36044e-06 1.97004e-07 2.79811e-06 1.75467e+06 inf 
1285 1.29445e+06 0.115656 15.1517 1.52208 61.2583 954683 8.12439e-09 0.000133862 1.38827e-06 0.00215298 0.737518 6.58953e-08 8.63272e-06 8.67209e-07 3.49021e-05 0.000561153 1.69325e-08 1.32086e-06 1.97277e-07 2.91736e-06 1.75515e+06 inf 
1295 1.29582e+06 0.118057 14.5851 1.54701 62.1402 955732 8.44068e-09 0.000123944 1.43092e-06 0.002214 0.73755 6.71953e-08 8.30152e-06 8.80522e-07 3.53688e-05 0.000559676 1.70011e-08 1.27706e-06 1.9781e-07 3.03493e-06 1.75692e+06 inf 
1305 1.30077e+06 0.12045 14.0185 1.57549 63.1151 959429 8.73752e-09 0.000114076 1.47692e-06 0.00227631 0.737583 6.82992e-08 7.94901e-06 8.93358e-07 3.57885e-05 0.000556918 1.70204e-08 1.22413e-06 1.98441e-07 3.15142e-06 1.76356e+06 inf 
1315 1.30676e+06 0.122615 13.4298 1.60516 64.0709 963889 8.99824e-09 0.000104219 1.52475e-06 0.00233601 0.737616 6.92113e-08 7.5806e-06 9.0605e-07 3.61655e-05 0.000555741 1.69983e-08 1.167e-06 1.99333e-07 3.26238e-06 1.7716e+06 inf 
1325 1.3126e+06 0.124266 12.8036 1.6327 64.9242 968236 9.18742e-09 9.42972e-05 1.56946e-06 0.00238898 0.737649 6.98343e-08 7.19534e-06 9.17538e-07 3.64859e-05 0.000553042 1.69199e-08 1.10446e-06 2.00311e-07 3.36642e-06 1.77944e+06 inf 
1335 1.31742e+06 0.125434 12.1379 1.65865 65.6409 971833 9.31108e-09 8.44168e-05 1.61279e-06 0.00243406 0.737681 7.0236e-08 6.79656e-06 9.28751e-07 3.67553e-05 0.000551512 1.67511e-08 1.03709e-06 2.01233e-07 3.46248e-06 1.78589e+06 inf 
1345 1.32841e+06 0.126597 11.5033 1.68992 66.5492 979986 9.38928e-09 7.51753e-05 1.65921e-06 0.00248207 0.737714 7.03043e-08 6.38819e-06 9.38478e-07 3.69573e-05 0.00054968 1.64778e-08 9.68901e-07 2.01696e-07 3.54214e-06 1.80071e+06 inf 
1355 1.33889e+06 0.127142 10.8366 1.71887 67.3044 987763 9.38062e-09 6.61717e-05 1.7024e-06 0.00251976 0.737748 7.0057e-08 5.9711e-06 9.47123e-07 3.70857e-05 0.000548003 1.61517e-08 8.98626e-07 2.02491e-07 3.61629e-06 1.81483e+06 inf 
1365 1.34963e+06 0.127082 10.1503 1.74556 67.9165 995735 9.28085e-09 5.7571e-05 1.74104e-06 0.00254621 0.737781 6.94699e-08 5.54866e-06 9.54217e-07 3.71267e-05 0.00054642 1.57267e-08 8.26807e-07 2.03015e-07 3.67414e-06 1.82932e+06 inf 
1375 1.36464e+06 0.126683 9.47649 1.77411 68.5575 1.00685e+06 9.1026e-09 4.96037e-05 1.77776e-06 0.0025666 0.737815 6.84933e-08 5.12362e-06 9.592e-07 3.70668e-05 0.000544771 1.51705e-08 7.53379e-07 2.0276e-07 3.70508e-06 1.84957e+06 inf 
1385 1.37736e+06 0.125371 8.77697 1.79649 68.9012 1.01628e+06 8.81327e-09 4.21379e-05 1.80505e-06 0.00256888 0.737848 6.71612e-08 4.7018e-06 9.62374e-07 3.69102e-05 0.000543117 1.45127e-08 6.82809e-07 2.01987e-07 3.71169e-06 1.86672e+06 inf 
1395 1.39678e+06 0.123868 8.10945 1.8231 69.3542 1.03066e+06 8.46476e-09 3.54664e-05 1.8321e-06 0.00256688 0.737881 6.5436e-08 4.28399e-06 9.63089e-07 3.66379e-05 0.000540923 1.37777e-08 6.19107e-07 2.00762e-07 3.69839e-06 1.89297e+06 inf 
1405 1.41653e+06 0.121579 7.43981 1.84505 69.5912 1.04528e+06 8.02263e-09 2.94407e-05 1.84926e-06 0.00254859 0.737914 6.33341e-08 3.87563e-06 9.61142e-07 3.62523e-05 0.000539914 1.29627e-08 5.62181e-07 1.98855e-07 3.66253e-06 1.91964e+06 inf 
1415 1.44061e+06 0.118787 6.79007 1.86656 69.7722 1.06309e+06 7.51163e-09 2.41312e-05 1.85926e-06 0.00251884 0.737946 6.08484e-08 3.47819e-06 9.56137e-07 3.57405e-05 0.000538496 1.20532e-08 5.13157e-07 1.95444e-07 3.58898e-06 1.95219e+06 inf 
1425 1.46528e+06 0.115165 6.14369 1.88263 69.6948 1.08134e+06 6.92582e-09 1.94513e-05 1.85788e-06 0.00247065 0.737979 5.80022e-08 3.09423e-06 9.48177e-07 3.51014e-05 0.000537383 1.11306e-08 4.71419e-07 1.9149e-07 3.49624e-06 1.98553e+06 inf 
1435 1.49617e+06 0.111114 5.53134 1.89849 69.5868 1.10419e+06 6.30042e-09 1.54808e-05 1.84823e-06 0.00241172 0.738009 5.48084e-08 2.72842e-06 9.36457e-07 3.43247e-05 0.000536533 1.01889e-08 4.3804e-07 1.86322e-07 3.3806e-06 2.02731e+06 inf 
1445 1.52927e+06 0.106291 4.93417 1.90767 69.2106 1.12866e+06 5.63026e-09 1.21006e-05 1.82312e-06 0.0023335 0.738039 5.12968e-08 2.38127e-06 9.2066e-07 3.34016e-05 0.000536537 9.26553e-09 4.11582e-07 1.79545e-07 3.23978e-06 2.07207e+06 inf 
1455 1.56871e+06 0.100975 4.36962 1.91421 68.7168 1.15782e+06 4.94832e-09 9.30695e-06 1.78651e-06 0.00224201 0.73807 4.75079e-08 2.05588e-06 9.00622e-07 3.23308e-05 0.000536706 8.43548e-09 3.90151e-07 1.71518e-07 3.09353e-06 2.12543e+06 inf 
1465 1.61123e+06 0.0949941 3.82997 1.91359 67.9294 1.18925e+06 4.26402e-09 7.02126e-06 1.73487e-06 0.00213279 0.738099 4.35164e-08 1.75449e-06 8.76605e-07 3.11182e-05 0.000537606 7.72348e-09 3.71705e-07 1.62169e-07 2.94607e-06 2.18295e+06 inf 
1475 1.66122e+06 0.088526 3.32457 1.90738 66.9363 1.22619e+06 3.59767e-09 5.19301e-06 1.66793e-06 0.00200862 0.738128 3.93347e-08 1.4772e-06 8.47504e-07 2.97418e-05 0.000538495 7.16469e-09 3.53942e-07 1.51152e-07 2.8136e-06 2.25058e+06 inf 
1485 1.72112e+06 0.0817827 2.86253 1.89658 65.788 1.27045e+06 2.97582e-09 3.7786e-06 1.58771e-06 0.00187349 0.738155 3.5075e-08 1.22768e-06 8.13404e-07 2.82152e-05 0.000540176 6.78349e-09 3.36688e-07 1.38972e-07 2.72099e-06 2.33165e+06 inf 
1495 1.78504e+06 0.0744435 2.42592 1.87394 64.1801 1.31768e+06 2.39543e-09 2.6752e-06 1.49061e-06 0.00172086 0.738181 3.07852e-08 1.00321e-06 7.74945e-07 2.65409e-05 0.000542714 6.54766e-09 3.16015e-07 1.26039e-07 2.68721e-06 2.41816e+06 inf 
1505 1.8633e+06 0.0670003 2.03427 1.84499 62.3817 1.3755e+06 1.88249e-09 1.85701e-06 1.38056e-06 0.00156059 0.738207 2.65443e-08 8.0594e-07 7.30952e-07 2.47145e-05 0.000545798 6.41943e-09 2.93557e-07 1.12522e-07 2.73303e-06 2.52409e+06 inf 
1515 1.95048e+06 0.0593041 1.67808 1.80185 60.1177 1.4399e+06 1.43659e-09 1.25576e-06 1.25496e-06 0.00138951 0.73823 2.24458e-08 6.35131e-07 6.81976e-07 2.27538e-05 0.000549716 6.31792e-09 2.68136e-07 9.94755e-08 2.85925e-06 2.6421e+06 inf 
1525 2.05651e+06 0.0517143 1.36487 1.7495 57.5822 1.51822e+06 1.06672e-09 8.29951e-07 1.12049e-06 0.00121636 0.738251 1.85645e-08 4.89964e-07 6.28039e-07 2.0671e-05 0.000553648 6.18799e-09 2.40568e-07 8.83388e-08 3.05997e-06 2.78566e+06 inf 
1535 2.17727e+06 0.0441781 1.08938 1.67958 54.5294 1.60742e+06 7.66893e-10 5.34825e-07 9.76001e-07 0.00104059 0.738269 1.49799e-08 3.69386e-07 5.69513e-07 1.84898e-05 0.000559113 5.97e-09 2.11902e-07 8.12256e-08 3.31192e-06 2.94916e+06 inf 
1545 2.32654e+06 0.0369915 0.852746 1.59738 51.1376 1.71765e+06 5.33633e-10 3.34418e-07 8.29931e-07 0.000870223 0.738285 1.17386e-08 2.70604e-07 5.069e-07 1.62276e-05 0.000565031 5.61645e-09 1.81371e-07 8.01024e-08 3.57978e-06 3.15127e+06 inf 
1555 2.50217e+06 0.0302323 0.653287 1.49565 47.2379 1.84735e+06 3.59347e-10 2.04171e-07 6.8423e-07 0.000707922 0.738297 8.92041e-09 1.92761e-07 4.41311e-07 1.39381e-05 0.000572042 5.14355e-09 1.51943e-07 8.44718e-08 3.82224e-06 3.38911e+06 inf 
1565 2.71551e+06 0.0241002 0.489454 1.37698 42.9409 2.00488e+06 2.34218e-10 1.21389e-07 5.46622e-07 0.000559849 0.738305 6.55245e-09 1.33075e-07 3.74378e-07 1.16749e-05 0.000579852 4.55471e-09 1.23672e-07 9.19711e-08 3.98869e-06 3.67804e+06 inf 
1575 2.96908e+06 0.0186482 0.356923 1.2396 38.2082 2.1921e+06 1.47301e-10 7.00665e-08 4.21257e-07 0.000428365 0.738307 4.63715e-09 8.87542e-08 3.08245e-07 9.50105e-06 0.000588685 3.88913e-09 9.77025e-08 9.86744e-08 4.03105e-06 4.02148e+06 inf 
1585 3.27635e+06 0.0140356 0.254202 1.09072 33.2826 2.41894e+06 8.99462e-11 3.96128e-08 3.13703e-07 0.00031779 0.738302 3.16282e-09 5.72826e-08 2.45786e-07 7.49999e-06 0.000600025 3.20395e-09 7.51342e-08 1.0139e-07 3.9194e-06 4.43769e+06 inf 
1595 3.63189e+06 0.0102146 0.1757 0.931775 28.1927 2.68138e+06 5.30515e-11 2.17357e-08 2.24699e-07 0.000227386 0.738287 2.07642e-09 3.57162e-08 1.8941e-07 5.73098e-06 0.00061359 2.54416e-09 5.60604e-08 9.89963e-08 3.65768e-06 4.91935e+06 inf 
1605 4.04996e+06 0.00720817 0.118258 0.772834 23.2335 2.98991e+06 3.04006e-11 1.16536e-08 1.55188e-07 0.00015739 0.738258 1.31396e-09 2.1557e-08 1.40878e-07 4.23519e-06 0.000628985 1.95324e-09 4.07382e-08 9.18819e-08 3.27926e-06 5.48583e+06 inf 
1615 4.52242e+06 0.00493284 0.0775571 0.620734 18.5811 3.33851e+06 1.69636e-11 6.11367e-09 1.03465e-07 0.000105496 0.738214 8.05209e-10 1.266e-08 1.01325e-07 3.03307e-06 0.000647096 1.45626e-09 2.89428e-08 8.13768e-08 2.83215e-06 6.12616e+06 inf 
1625 5.04546e+06 0.00326687 0.0493872 0.481762 14.3887 3.72433e+06 9.16726e-12 3.11562e-09 6.65069e-08 6.83226e-05 0.738154 4.77945e-10 7.22538e-09 7.04821e-08 2.10508e-06 0.00066442 1.05487e-09 2.00901e-08 6.90092e-08 2.35887e-06 6.83524e+06 inf 
1635 5.60438e+06 0.00210647 0.0307486 0.362022 10.8142 4.13646e+06 4.83777e-12 1.55604e-09 4.14886e-08 4.30457e-05 0.738077 2.77415e-10 4.04948e-09 4.76769e-08 1.42419e-06 0.000682175 7.48437e-10 1.37305e-08 5.64872e-08 1.90805e-06 7.59322e+06 inf 
1645 6.18814e+06 0.00132115 0.0186721 0.263616 7.89242 4.56674e+06 2.48166e-12 7.55457e-10 2.51202e-08 2.63536e-05 0.737982 1.57557e-10 2.22678e-09 3.14382e-08 9.41231e-07 0.000699166 5.20704e-10 9.22688e-09 4.48042e-08 1.50232e-06 8.38522e+06 inf 
1655 6.77559e+06 0.000807053 0.0110678 0.186393 5.60423 4.99955e+06 1.23598e-12 3.57614e-10 1.47913e-08 1.56945e-05 0.737876 8.78898e-11 1.20531e-09 2.02986e-08 6.10312e-07 0.000710828 3.56196e-10 6.12308e-09 3.46233e-08 1.15615e-06 9.18256e+06 inf 
1665 7.39144e+06 0.000479841 0.00639305 0.128257 3.87861 5.45314e+06 5.94405e-13 1.62653e-10 8.47068e-09 9.08683e-06 0.737763 4.78944e-11 6.3811e-10 1.28018e-08 3.87136e-07 0.000721742 2.38821e-10 3.97841e-09 2.61075e-08 8.70121e-07 1.00187e+07 inf 
1675 8.06061e+06 0.000278886 0.00362237 0.0860982 2.62257 5.9459e+06 2.82366e-13 7.3479e-11 4.72765e-09 5.13275e-06 0.737647 2.55216e-11 3.31492e-10 7.87906e-09 2.39998e-07 0.00073058 1.5871e-10 2.57184e-09 1.92499e-08 6.41959e-07 1.09275e+07 inf 
1685 8.7764e+06 0.000157399 0.00199284 0.0564278 1.73298 6.47288e+06 1.27965e-13 3.13033e-11 2.5588e-09 2.80879e-06 0.737531 1.32271e-11 1.6747e-10 4.74196e-09 1.45632e-07 0.000737884 1.02853e-10 1.61324e-09 1.38761e-08 4.63497e-07 1.18997e+07 inf 
1695 9.57108e+06 8.60282e-05 0.00106308 0.0360646 1.11752 7.0579e+06 5.57053e-14 1.27403e-11 1.33855e-09 1.48547e-06 0.737419 6.62818e-12 8.19068e-11 2.77866e-09 8.6101e-08 0.000743139 6.51765e-11 9.87366e-10 9.7678e-09 3.27166e-07 1.29791e+07 inf 
1705 1.04479e+07 4.58403e-05 0.000553588 0.0225442 0.705499 7.70348e+06 2.30798e-14 4.87322e-12 6.80607e-10 7.6398e-07 0.737322 3.23501e-12 3.90674e-11 1.59097e-09 4.9788e-08 0.000747172 4.02281e-11 5.85135e-10 6.74537e-09 2.26795e-07 1.41701e+07 inf 
1715 1.15137e+07 2.3605e-05 0.000278648 0.0137284 0.434183 8.48828e+06 9.0416e-15 1.75814e-12 3.33233e-10 3.78298e-07 0.737233 1.51145e-12 1.78421e-11 8.79045e-10 2.78012e-08 0.000749181 2.40137e-11 3.35048e-10 4.53481e-09 1.53134e-07 1.56174e+07 inf 
1725 1.27403e+07 1.17161e-05 0.000134818 0.00811528 0.259637 9.39159e+06 3.17015e-15 5.57182e-13 1.57066e-10 1.80047e-07 0.737154 6.77891e-13 7.80055e-12 4.69549e-10 1.50225e-08 0.000744332 1.35264e-11 1.79381e-10 2.97781e-09 1.00955e-07 1.72831e+07 inf 
1735 1.41486e+07 5.56602e-06 6.22272e-05 0.00466116 0.151012 1.04287e+07 9.91584e-16 1.57728e-13 7.05353e-11 8.14869e-08 0.737085 2.89966e-13 3.24178e-12 2.42827e-10 7.8671e-09 0.000739126 7.18146e-12 9.05896e-11 1.90148e-09 6.4678e-08 1.91954e+07 inf 
1745 1.60531e+07 2.47444e-06 2.66477e-05 0.00258237 0.0847775 1.18317e+07 2.5518e-16 3.62598e-14 2.9548e-11 3.42703e-08 0.737036 1.13608e-13 1.22346e-12 1.18563e-10 3.89235e-09 0.000739305 3.42097e-12 4.07833e-11 1.15869e-09 3.94751e-08 2.17806e+07 inf 
1755 1.84757e+07 9.99782e-07 1.02598e-05 0.00137267 0.0456963 1.36165e+07 5.12097e-17 6.46297e-15 1.11991e-11 1.29986e-08 0.736992 3.98811e-14 4.09261e-13 5.47555e-11 1.82282e-09 0.000720789 1.42869e-12 1.60511e-11 6.66131e-10 2.26978e-08 2.50691e+07 inf 
1765 2.13663e+07 3.51344e-07 3.37503e-06 0.000690783 0.0233471 1.5746e+07 7.49824e-18 8.50495e-16 3.6579e-12 4.24826e-09 0.736954 1.21183e-14 1.16409e-13 2.3826e-11 8.05273e-10 0.000685812 5.08407e-13 5.4149e-12 3.54398e-10 1.20781e-08 2.89928e+07 inf 
1775 2.55883e+07 9.8315e-08 8.37826e-07 0.000321237 0.0110698 1.88571e+07 6.71827e-19 7.0194e-17 9.57199e-13 1.11382e-09 0.73694 2.83146e-15 2.41293e-14 9.25156e-12 3.18808e-10 0.000656071 1.3907e-13 1.42162e-12 1.65776e-10 5.65474e-09 3.47224e+07 inf 
1785 3.25559e+07 1.6895e-08 8.52699e-08 0.000128056 0.00461752 2.39921e+07 2.76521e-20 2.67497e-18 1.71172e-13 2.01458e-10 0.736952 3.82444e-16 1.93022e-15 2.89874e-12 1.04525e-10 0.000628088 2.5016e-14 2.46066e-13 6.218e-11 2.13293e-09 4.41764e+07 inf 
1795 4.36649e+07 -3.02045e-09 -4.86215e-08 3.34054e-05 0.00156957 3.21792e+07 2.0706e-21 5.34724e-20 1.85607e-14 2.22469e-11 0.736959 -5.0978e-17 -8.20615e-16 5.63803e-13 2.64907e-11 0.000573986 5.91136e-15 3.00302e-14 1.76902e-11 6.12187e-10 5.92501e+07 inf 
1805 6.47771e+07 -1.44548e-08 -3.69167e-08 -1.85886e-05 0.000377592 4.77377e+07 1.76963e-20 7.99025e-21 2.7542e-15 1.31521e-12 0.736953 -1.64449e-16 -4.19992e-16 -2.11478e-13 4.29576e-12 0.000488537 1.4188e-14 9.52505e-15 5.59366e-12 1.22247e-10 8.78986e+07 inf 
1815 1.03488e+08 -7.93204e-08 -1.23567e-07 -9.36412e-05 6.6508e-05 7.62665e+07 6.24157e-20 2.28555e-19 1.36929e-14 5.31903e-14 0.736961 -5.64859e-16 -8.79951e-16 -6.6684e-13 4.73618e-13 0.000419319 2.1075e-14 4.03338e-14 9.85218e-12 1.94565e-11 1.40425e+08 inf 
1825 2.17526e+08 -2.61386e-07 -8.43354e-07 -0.000318233 -1.75856e-05 1.6031e+08 2.7948e-19 7.50591e-19 1.57424e-13 1.1581e-15 0.736967 -8.85564e-16 -2.85724e-15 -1.07816e-12 -5.95793e-14 0.000311208 3.07584e-14 5.03468e-14 2.30691e-11 1.97991e-12 2.95164e+08 inf 
1835 1.00225e+09 -1.30361e-06 -4.05088e-05 -0.00101018 -0.000471198 7.38599e+08 9.21577e-19 9.07183e-17 4.07643e-13 3.13795e-15 0.736944 -9.58534e-16 -2.97859e-14 -7.42782e-13 -3.46469e-13 0.000157646 2.60137e-14 2.56549e-13 1.7297e-11 1.47894e-12 1.36e+09 inf 
1845 7.90913e+08 -5.14187e-06 -3.89792e-05 -0.00133485 -0.000836277 5.82836e+08 2.36302e-18 6.81002e-17 2.02672e-13 2.20687e-15 0.736915 -4.79082e-15 -3.6318e-14 -1.24371e-12 -7.79182e-13 0.000102669 4.66769e-14 2.49263e-13 1.36853e-11 1.20378e-12 1.07327e+09 inf 
1855 155614 -2.39569e-11 -4.6625e-11 -1.06689e-07 -1.40549e-08 114597 9.24428e-27 5.02517e-26 1.05014e-19 1.31665e-20 0.736418 -1.13372e-16 -2.20645e-16 -5.0489e-13 -6.65127e-14 8.59091e-05 1.75766e-16 4.34884e-16 4.91983e-13 2.40592e-13 211312 inf 
1865 0 0 0 0 0 0 0 0 0 0 0.0 0.0 0.0 0.0 0.0 0.0 0.0 0.0 0.0 0.0 0 -nan 
1875 0 0 0 0 0 0 0 0 0 0 0.0 0.0 0.0 0.0 0.0 0.0 0.0 0.0 0.0 0.0 0 -nan 
1885 0 0 0 0 0 0 0 0 0 0 0.0 0.0 0.0 0.0 0.0 0.0 0.0 0.0 0.0 0.0 0 -nan 
1895 0 0 0 0 0 0 0 0 0 0 0.0 0.0 0.0 0.0 0.0 0.0 0.0 0.0 0.0 0.0 0 -nan 
