255 0 0 0 0 0 0 0 0 0 0 0 0 0 0 0 0 0 0 0 0 0.0 0.0 0.0 0.0 0.0 0.0 0.0 0.0 0.0 0.0 0.0 0.0 0.0 0.0 0.0 0.0 0.0 0.0 0.0 0.0 0 -nan 
265 0 0 0 0 0 0 0 0 0 0 0 0 0 0 0 0 0 0 0 0 0.0 0.0 0.0 0.0 0.0 0.0 0.0 0.0 0.0 0.0 0.0 0.0 0.0 0.0 0.0 0.0 0.0 0.0 0.0 0.0 0 -nan 
275 0 0 0 0 0 0 0 0 0 0 0 0 0 0 0 0 0 0 0 0 0.0 0.0 0.0 0.0 0.0 0.0 0.0 0.0 0.0 0.0 0.0 0.0 0.0 0.0 0.0 0.0 0.0 0.0 0.0 0.0 0 -nan 
285 0 0 0 0 0 0 0 0 0 0 0 0 0 0 0 0 0 0 0 0 0.0 0.0 0.0 0.0 0.0 0.0 0.0 0.0 0.0 0.0 0.0 0.0 0.0 0.0 0.0 0.0 0.0 0.0 0.0 0.0 0 -nan 
295 1.66683e-11 -5.84306e-06 -9.57745e-06 5.14127e-10 2.2795e-08 2.53611e-05 3.96238e-05 1.48729e-05 9.41712e-07 -0.0017675 2.01019e-26 2.61002e-14 3.94128e-17 2.15412e-22 4.15703e-19 5.10127e-13 1.24595e-12 1.75934e-13 4.24522e-19 6.57265e-10 0.0 0.0 0.0 0.0 0.0 0.0 0.0 0.0 0.0 0.0 0.0 0.0 0.0 0.0 0.0 0.0 0.0 0.0 0.0 0.0 -1.35736e+08 -inf 
305 9.50604e-09 -0.00284264 -0.000363277 8.46834e-07 2.63925e-05 0.0249384 0.0393849 0.0154017 4.90486e-05 -0.863225 3.86069e-20 8.36909e-10 1.72744e-14 2.55166e-16 2.35484e-13 2.05584e-07 5.13501e-07 7.89607e-08 1.33712e-15 1.60584e-05 2.85148e-17 -8.52693e-12 -1.0897e-12 2.5402e-15 7.91681e-14 7.48065e-11 1.18141e-10 4.61997e-11 1.47129e-13 -2.58937e-09 1.07613e-14 1.58441e-09 7.11545e-12 8.74873e-13 2.65775e-11 2.48329e-08 3.92468e-08 1.539e-08 1.99731e-12 2.19461e-07 3.33373e+08 inf 
315 2.53223e-07 -0.0199616 -0.000684804 2.04271e-05 0.000454243 0.364728 0.582464 0.236929 0.000148596 -8.07852 4.68623e-17 2.00482e-08 8.01299e-13 1.36918e-13 6.31758e-11 4.06078e-05 0.000103525 1.71163e-05 5.00613e-13 0.000606382 2.42031e-15 -1.90793e-10 -6.54536e-12 1.95242e-13 4.34166e-12 3.48607e-09 5.5672e-09 2.26457e-09 1.42028e-12 -7.72145e-08 6.69256e-13 1.38414e-08 8.72696e-11 3.61749e-11 7.77056e-10 6.22991e-07 9.94719e-07 4.04466e-07 6.91581e-11 2.40621e-06 1.04624e+08 inf 
325 2.0485e-06 -0.066996 -0.00132435 0.000218928 0.00330476 2.19467 3.55214 1.50916 0.000551857 -32.3859 3.56043e-15 1.85809e-07 1.93495e-11 3.35895e-11 4.62953e-09 0.00174169 0.0046024 0.000854372 4.32569e-11 0.00661092 3.16672e-14 -1.03567e-09 -2.04727e-11 3.38434e-12 5.10873e-11 3.39267e-08 5.49115e-08 2.33297e-08 8.531e-12 -5.00644e-07 7.4188e-12 5.35845e-08 5.46533e-10 7.20582e-10 8.45954e-09 5.18875e-06 8.43469e-06 3.63414e-06 8.17694e-10 1.00968e-05 6.46885e+07 inf 
335 8.89961e-06 -0.162097 -0.00269383 0.00131128 0.0139891 7.74569 12.7054 5.61632 0.00211686 -92.0435 6.83832e-14 9.81857e-07 2.10317e-10 1.82159e-09 1.001e-07 0.0217902 0.0599812 0.0124989 1.33835e-09 0.0391136 1.88596e-13 -3.43509e-09 -5.70864e-11 2.77879e-11 2.96451e-10 1.64143e-07 2.69247e-07 1.19018e-07 4.48596e-11 -1.95054e-06 3.80671e-11 1.44206e-07 2.11037e-09 6.21301e-09 4.60562e-08 2.14881e-05 3.56514e-05 1.62744e-05 5.32538e-09 2.87241e-05 4.71887e+07 inf 
345 2.72794e-05 -0.330627 -0.0057061 0.00503549 0.042334 20.3267 33.7138 15.3637 0.00681138 -212.917 5.80541e-13 3.56388e-06 1.19675e-09 2.3867e-08 8.05446e-07 0.127584 0.360203 0.0800319 1.3956e-08 0.160666 7.29481e-13 -8.84134e-09 -1.52588e-10 1.34655e-10 1.13206e-09 5.4356e-07 9.01544e-07 4.10842e-07 1.82144e-10 -5.69365e-06 1.24594e-10 3.08584e-07 5.65501e-09 2.52629e-08 1.46756e-07 5.84077e-05 9.81399e-05 4.62599e-05 1.93175e-08 6.52991e-05 3.73956e+07 inf 
355 6.8119e-05 -0.607584 -0.0115332 0.0149135 0.105598 45.1578 75.6105 35.31 0.0186738 -428.656 2.92548e-12 1.01086e-05 4.55442e-09 1.33912e-07 3.56878e-06 0.481407 1.37776 0.316215 7.36235e-08 0.540135 2.41491e-12 -2.15396e-08 -4.08866e-10 5.28703e-10 3.74359e-09 1.6009e-06 2.68049e-06 1.25179e-06 6.62012e-10 -1.51964e-05 3.22035e-10 5.98245e-07 1.27001e-08 6.88991e-08 3.55674e-07 0.000130629 0.000220989 0.000105871 5.10844e-08 0.000137541 2.82077e+07 inf 
365 0.000160918 -1.03333 -0.0221344 0.0431288 0.247465 92.2079 156.14 74.9117 0.0487713 -783.766 1.69548e-11 2.87757e-05 1.93166e-08 1.25634e-06 2.03334e-05 1.88653 5.56852 1.36821 6.04006e-07 1.55825 6.84359e-12 -4.39461e-08 -9.41345e-10 1.83421e-09 1.05243e-08 3.92147e-06 6.64041e-06 3.18589e-06 2.07417e-09 -3.33324e-05 8.49126e-10 1.10538e-06 2.86465e-08 2.31143e-07 9.29861e-07 0.000283224 0.000486598 0.000241201 1.6026e-07 0.000255263 2.35136e+07 inf 
375 0.000308001 -1.64243 -0.0395814 0.0982928 0.490299 163.909 280.193 137.341 0.108384 -1333.54 5.30115e-11 6.40923e-05 5.35809e-08 4.367e-06 5.93886e-05 4.68149 14.0337 3.55977 2.12499e-06 3.98202 1.48067e-11 -7.89574e-08 -1.90282e-09 4.72529e-09 2.35704e-08 7.87972e-06 1.34699e-05 6.60247e-06 5.21044e-09 -6.41082e-05 1.59632e-09 1.75354e-06 5.07169e-08 4.58165e-07 1.68952e-06 0.000474335 0.000821261 0.000413627 3.19576e-07 0.000432805 2.08014e+07 inf 
385 0.000593755 -2.51469 -0.0676592 0.216386 0.943854 283.763 489.65 244.837 0.231336 -2142.43 1.85685e-10 0.000143696 1.53165e-07 1.81275e-05 0.000192201 12.0531 36.8832 9.73557 8.8464e-06 9.29156 3.33782e-11 -1.41365e-07 -3.80349e-09 1.21642e-08 5.30592e-08 1.59519e-05 2.75259e-05 1.37636e-05 1.30047e-08 -0.000120438 3.23068e-09 2.83865e-06 9.27134e-08 1.0094e-06 3.28661e-06 0.000822994 0.00143967 0.000739662 7.05078e-07 0.000712618 1.77887e+07 inf 
395 0.00103056 -3.74278 -0.11114 0.426629 1.68019 461.7 803.34 408.494 0.454349 -3301.17 4.20093e-10 0.000278034 3.36619e-07 3.99041e-05 0.000412659 24.3006 74.9463 20.0818 2.07027e-05 20.1955 6.29688e-11 -2.28689e-07 -6.79081e-09 2.60676e-08 1.02662e-07 2.82105e-05 4.90852e-05 2.49595e-05 2.77613e-08 -0.000201706 5.06599e-09 4.11533e-06 1.43254e-07 1.56125e-06 5.02031e-06 0.0012182 0.00213937 0.00110743 1.12436e-06 0.00109238 1.63663e+07 inf 
405 0.00182455 -5.38665 -0.175811 0.83085 2.925 727.665 1277.86 661.245 0.873136 -4852.67 1.2698e-09 0.000572482 8.51361e-07 0.000138411 0.0011611 54.7652 172.513 47.9798 7.32353e-05 40.8209 1.16809e-10 -3.44857e-07 -1.12556e-08 5.31916e-08 1.87261e-07 4.65857e-05 8.18093e-05 4.23334e-05 5.58988e-08 -0.000310672 9.01553e-09 6.04415e-06 2.33191e-07 2.9763e-06 8.6197e-06 0.00187188 0.0033223 0.00175211 2.16459e-06 0.00158646 1.56199e+07 inf 
415 0.00300175 -7.64951 -0.272189 1.52227 4.85831 1101.08 1950.86 1025.63 1.60823 -6989.13 3.00607e-09 0.00108137 1.90201e-06 0.000361102 0.00263446 105.033 336.506 96.2648 0.000202645 79.7913 2.1888e-10 -5.57782e-07 -1.98473e-08 1.11e-07 3.54256e-07 8.02882e-05 0.000142252 7.4786e-05 1.17268e-07 -0.00050963 1.48036e-08 8.86227e-06 3.71882e-07 5.13014e-06 1.38554e-05 0.00276628 0.00495145 0.00264836 3.84221e-06 0.00235764 1.37141e+07 inf 
425 0.00454102 -10.4942 -0.402661 2.54375 7.4954 1565.69 2796.28 1490.1 2.75286 -9748.45 5.92504e-09 0.00184104 3.7149e-06 0.000781186 0.00507514 174.897 568.682 166.524 0.000468049 145.868 3.66471e-10 -8.46907e-07 -3.24958e-08 2.05287e-07 6.04898e-07 0.000126355 0.000225666 0.000120255 2.22162e-07 -0.000786724 2.18639e-08 1.21597e-05 5.46576e-07 7.93735e-06 2.0229e-05 0.00375482 0.00677075 0.00366394 6.14193e-06 0.00333961 1.23912e+07 inf 
435 0.00716637 -14.3668 -0.594395 4.32367 11.7326 2242.93 4041.16 2183.88 4.74306 -13323.8 1.40567e-08 0.00335211 7.90314e-06 0.00194774 0.0110562 317.683 1052.57 316.965 0.00123626 262.067 6.44539e-10 -1.29214e-06 -5.34595e-08 3.88868e-07 1.05522e-06 0.000201728 0.000363459 0.000196417 4.26588e-07 -0.00119833 3.55505e-08 1.73152e-05 8.41395e-07 1.32298e-05 3.15162e-05 0.00534149 0.00972294 0.00533564 1.0536e-05 0.0047047 1.11186e+07 inf 
445 0.010788 -19.3267 -0.854924 6.96165 17.673 3126.49 5677.81 3105.29 7.82875 -17811.8 2.67915e-08 0.00561872 1.48433e-05 0.00398135 0.0206348 518.022 1741.5 535.321 0.00267937 448.158 1.05484e-09 -1.88974e-06 -8.35935e-08 6.80702e-07 1.72805e-06 0.000305705 0.00055517 0.000303632 7.65486e-07 -0.00174161 5.11716e-08 2.33628e-05 1.20182e-06 1.97187e-05 4.4885e-05 0.00711043 0.0130374 0.00722847 1.61679e-05 0.00638648 1.02272e+07 inf 
455 0.0158498 -25.7426 -1.21392 10.9271 26.0804 4273.32 7822.56 4327.45 12.629 -23454.2 4.78402e-08 0.00919345 2.70039e-05 0.00769782 0.0367138 807.504 2754.99 863.865 0.00550881 751.726 1.65019e-09 -2.68018e-06 -1.26386e-07 1.13767e-06 2.71535e-06 0.000444914 0.000814441 0.00045055 1.31486e-06 -0.00244192 7.05558e-08 3.08219e-05 1.67198e-06 2.82871e-05 6.17662e-05 0.00915832 0.0169166 0.009473 2.39127e-05 0.00850309 9.60482e+06 inf 
465 0.0236326 -33.8986 -1.69671 16.7721 37.8756 5763.9 10633.8 5945.2 19.9702 -30452.3 9.94754e-08 0.0153524 5.01342e-05 0.0156056 0.0687026 1326.46 4591.06 1466.23 0.0119146 1212.72 2.63646e-09 -3.78174e-06 -1.89285e-07 1.8711e-06 4.22541e-06 0.000643023 0.00118631 0.000663248 2.22789e-06 -0.00339727 1.05312e-07 4.12118e-05 2.35736e-06 4.16829e-05 8.7445e-05 0.0121477 0.0226003 0.0127724 3.639e-05 0.0111243 8.96376e+06 inf 
475 0.0334237 -44.1899 -2.34195 24.9988 53.6696 7595.2 14121.6 7973.97 30.9415 -38855.4 1.64003e-07 0.0239847 8.70134e-05 0.0280545 0.113553 1901.58 6684.63 2174.99 0.0236632 1922.64 4.0738e-09 -5.38602e-06 -2.85445e-07 3.04693e-06 6.54142e-06 0.000925728 0.00172118 0.000971894 3.77125e-06 -0.00473583 1.41325e-07 5.37989e-05 3.24407e-06 5.8396e-05 0.000117462 0.0151959 0.0284918 0.0162527 5.35717e-05 0.0145571 8.20457e+06 inf 
485 0.0473115 -56.8509 -3.17597 36.2424 74.4508 9832.69 18420.2 10497.1 46.6832 -48839.4 3.00112e-07 0.0377868 0.000150359 0.0505492 0.191132 2813.23 10035.2 3320.29 0.0463033 2940.72 6.17523e-09 -7.42034e-06 -4.14537e-07 4.73046e-06 9.71753e-06 0.00128339 0.00240426 0.00137011 6.09322e-06 -0.00637466 1.97821e-07 6.98353e-05 4.4106e-06 8.10891e-05 0.000157647 0.0191192 0.0361116 0.0207725 7.75017e-05 0.0185255 7.6615e+06 inf 
495 0.0662618 -72.7575 -4.27606 51.6948 102.04 12587.1 23759 13657.2 69.6042 -61076.2 5.28655e-07 0.0590131 0.000258403 0.0892844 0.316153 4065.53 14723.7 4951.29 0.0909942 4455.99 9.1984e-09 -1.01001e-05 -5.93598e-07 7.17623e-06 1.41651e-05 0.00174733 0.0032982 0.00189588 9.66239e-06 -0.00847854 2.70745e-07 8.99452e-05 5.95977e-06 0.000111099 0.000209015 0.0236922 0.0450894 0.0261484 0.000111975 0.0233814 7.20362e+06 inf 
505 0.0928276 -93.375 -5.76243 73.3994 139.848 16134.8 30684.7 17782 103.344 -75582.3 8.36826e-07 0.0912196 0.000436472 0.150761 0.504147 5684.91 20899.3 7135.3 0.172566 6617.35 1.36985e-08 -1.37793e-05 -8.50359e-07 1.08315e-05 2.06373e-05 0.002381 0.00452813 0.00262407 1.52504e-05 -0.0111536 3.51144e-07 0.000115201 7.9804e-06 0.000148763 0.000271976 0.0288661 0.0553497 0.0323429 0.000158849 0.029191 6.77647e+06 inf 
515 0.126349 -117.599 -7.58982 100.495 185.807 20132 38562.6 22512.5 149.048 -92433.8 1.4332e-06 0.135372 0.000698095 0.24206 0.774057 7780.6 28991.9 10027.4 0.308767 9598.74 1.99407e-08 -1.85598e-05 -1.19784e-06 1.58604e-05 2.93244e-05 0.00317727 0.00608603 0.00355297 2.35231e-05 -0.0145881 4.75177e-07 0.000144983 1.04279e-05 0.00019481 0.000348286 0.0348978 0.0673685 0.0396223 0.000219493 0.0360844 6.33624e+06 inf 
525 0.170923 -146.935 -9.89845 135.32 243.698 24819.8 47884.2 28149.3 211.761 -111632 2.32189e-06 0.200676 0.00111426 0.384717 1.18229 10575.3 39959.5 13998.2 0.548227 13631.9 2.85334e-08 -2.4529e-05 -1.65242e-06 2.25899e-05 4.06823e-05 0.00414336 0.00799367 0.00469918 3.53509e-05 -0.0186356 6.21929e-07 0.00018138 1.35382e-05 0.000252415 0.000442394 0.0418121 0.0812825 0.0481117 0.00030045 0.0439134 5.99027e+06 inf 
535 0.231899 -184.091 -12.9198 181.225 319.027 30568.8 59399.3 35147.6 299.688 -134229 3.61576e-06 0.296999 0.00176651 0.599852 1.78224 14238.9 54536.2 19327.8 0.961532 19141.4 4.02329e-08 -3.19385e-05 -2.2415e-06 3.14414e-05 5.53491e-05 0.00530349 0.0103054 0.00609788 5.19938e-05 -0.0232879 7.91007e-07 0.000224738 1.73624e-05 0.000321064 0.000553302 0.0494189 0.0967237 0.0575853 0.000405112 0.0527122 5.76391e+06 inf 
545 0.309667 -229.468 -16.733 238.956 412.806 37316.5 73015.8 43464.1 418.701 -160172 5.62088e-06 0.431542 0.00273433 0.903258 2.60971 18647.6 72401.6 25944.5 1.63769 26542.5 5.54152e-08 -4.10636e-05 -2.9944e-06 4.27615e-05 7.38722e-05 0.00667783 0.0130663 0.00777794 7.49271e-05 -0.0286629 1.0014e-06 0.000274843 2.19168e-05 0.000399763 0.000679377 0.0573796 0.113074 0.0676927 0.000536146 0.0626758 5.58812e+06 inf 
555 0.410574 -282.938 -21.4025 308.815 525.202 44817.3 88303.2 52861.1 576.792 -189661 9.08109e-06 0.621848 0.00420184 1.34256 3.79412 24269.2 95505.7 34575.2 2.78981 36204.2 7.60502e-08 -5.24083e-05 -3.96437e-06 5.72015e-05 9.72827e-05 0.00830146 0.0163563 0.00979141 0.000106839 -0.0351307 1.29472e-06 0.000335317 2.7615e-05 0.000495388 0.000832656 0.0665316 0.131996 0.0794258 0.000710872 0.0739724 5.39872e+06 inf 
565 0.542131 -349.417 -27.3555 396.893 666.633 53807.9 106741 64232.1 789.657 -223191 1.33757e-05 0.886486 0.00633185 1.94661 5.41004 31229 124486 45488 4.58531 48737.4 1.04322e-07 -6.72384e-05 -5.26403e-06 7.63743e-05 0.00012828 0.0103543 0.0205402 0.0123602 0.000151954 -0.0429487 1.60094e-06 0.000407512 3.4507e-05 0.000607252 0.00101223 0.0768258 0.153405 0.0927389 0.000926965 0.0867985 5.19668e+06 inf 
575 0.714804 -429.809 -34.7522 503.89 838.395 64108.2 128027 77412.9 1070.98 -261453 2.07873e-05 1.26523 0.00953409 2.8062 7.70811 40155.7 162153 59772.8 7.5601 64848.3 1.42019e-07 -8.53952e-05 -6.90462e-06 0.000100114 0.000166574 0.0127371 0.0254367 0.0153805 0.000212784 -0.051946 2.02729e-06 0.000494051 4.29718e-05 0.000739945 0.00122626 0.088408 0.177679 0.107885 0.00120697 0.100925 5.03317e+06 inf 
585 0.924693 -523.817 -43.6723 629.233 1039.95 75411.3 151603 92079.3 1434.32 -303104 2.96606e-05 1.7556 0.0139305 3.86678 10.5509 49674.5 203176 75505.2 12.0463 84936.4 1.91169e-07 -0.000108293 -9.02872e-06 0.000130086 0.000214998 0.0155904 0.031342 0.0190363 0.000296528 -0.0626631 2.46889e-06 0.000592639 5.29004e-05 0.000884583 0.00146118 0.100133 0.202539 0.12348 0.00155 0.11676 4.83705e+06 inf 
595 1.22229 -642.283 -55.1356 786.416 1294.38 89056.1 180228 109927 1919.8 -350290 4.84462e-05 2.54256 0.0211534 5.56255 15.1363 64281.2 266449 99810.1 19.8131 110608 2.62612e-07 -0.000137996 -1.1846e-05 0.000168963 0.0002781 0.0191339 0.0387223 0.0236181 0.000412472 -0.0752607 3.21556e-06 0.000726108 6.63665e-05 0.00108008 0.00178178 0.115952 0.23611 0.144522 0.00202157 0.134537 4.65436e+06 inf 
605 1.55679 -777.689 -68.5575 961.561 1580.07 103434 210663 128977 2531.93 -402605 6.52312e-05 3.43463 0.0298664 7.33127 19.9907 77392.8 324664 122430 30.3967 141839 3.44075e-07 -0.000171882 -1.51523e-05 0.00021252 0.000349221 0.0228606 0.0465599 0.028506 0.000559597 -0.0889822 3.78137e-06 0.000854146 7.98208e-05 0.00125505 0.00207276 0.128773 0.263796 0.162008 0.00253081 0.153071 4.52456e+06 inf 
615 1.99598 -937.594 -84.7687 1164.38 1914.63 119262 244465 150206 3309.11 -458591 9.9858e-05 4.75421 0.0430943 9.83909 27.0019 94899.3 403177 153040 47.4441 179473 4.53288e-07 -0.000212928 -1.9251e-05 0.000264432 0.000434813 0.0270845 0.0555182 0.0341119 0.000751501 -0.104146 4.7405e-06 0.00101703 9.70368e-05 0.00147124 0.00243784 0.144285 0.297455 0.183281 0.00319528 0.17295 4.40334e+06 inf 
625 2.57827 -1138.78 -105.428 1413.66 2330.94 138331 285357 175907 4336.08 -522910 0.000151503 6.6326 0.0624435 13.2272 36.6622 117204 504260 192586 73.9582 226838 6.02236e-07 -0.000265998 -2.46261e-05 0.000330204 0.000544462 0.0323116 0.066654 0.0410886 0.00101283 -0.122142 5.91825e-06 0.00121593 0.000118233 0.00172644 0.00287527 0.162273 0.336664 0.208077 0.00403105 0.195106 4.28117e+06 inf 
635 3.28803 -1371.03 -129.797 1691.67 2803.1 158642 329312 203614 5611.86 -589998 0.000211745 9.03755 0.0882229 17.2363 48.4086 141486 616093 236573 112.398 282391 7.92933e-07 -0.000330633 -3.13014e-05 0.000407958 0.000675988 0.0382576 0.0794161 0.0491031 0.00135334 -0.142282 7.10176e-06 0.0014388 0.000142463 0.00199756 0.0033492 0.180712 0.377185 0.233753 0.00502734 0.218761 4.14667e+06 inf 
645 4.15053 -1641.54 -158.595 2001.32 3338.36 180462 376911 233684 7198.16 -661340 0.000304283 12.171 0.12271 22.028 62.889 168413 742105 286381 168.169 347408 1.03231e-06 -0.000408281 -3.94456e-05 0.000497766 0.000830311 0.0448842 0.0937448 0.0581216 0.00179032 -0.164488 8.63801e-06 0.00169129 0.000170189 0.00228714 0.00386681 0.199682 0.41927 0.260481 0.00621462 0.24362 4.02061e+06 inf 
655 5.22612 -1959.82 -192.951 2348.95 3951.6 204228 429141 266732 9167 -737029 0.000429854 16.3316 0.169644 27.8707 81.1152 199595 889744 344893 248.896 422954 1.34262e-06 -0.000503489 -4.95703e-05 0.000603459 0.00101519 0.0524674 0.110249 0.0685251 0.00235506 -0.189347 1.04225e-05 0.00198549 0.000202794 0.00260691 0.00445066 0.220282 0.465216 0.289671 0.00764175 0.269828 3.89248e+06 inf 
665 6.65446 -2353.03 -235.813 2759.87 4691.53 231881 490217 305397 11683.6 -819213 0.000644411 22.4005 0.23931 35.6436 106.256 239612 1.08102e+06 420817 374.932 513168 1.75438e-06 -0.000620349 -6.21696e-05 0.00072761 0.00123687 0.0611329 0.12924 0.0805145 0.00308026 -0.215977 1.29156e-05 0.00234964 0.000243365 0.00297786 0.0051462 0.243791 0.517972 0.323205 0.00945297 0.297734 3.79306e+06 inf 
675 8.29124 -2796.35 -284.743 3192.77 5491.43 259975 552876 345146 14708.2 -904003 0.000876028 29.5296 0.323481 43.6665 133.436 277439 1.26596e+06 494645 542.454 614368 2.24298e-06 -0.00075648 -7.70299e-05 0.000863721 0.00148556 0.0703294 0.149566 0.0933704 0.00397892 -0.244555 1.52301e-05 0.00272327 0.000285615 0.00332669 0.00582157 0.264779 0.565775 0.353688 0.0114418 0.326182 3.69653e+06 inf 
685 10.3708 -3322.83 -343.325 3677.2 6408.96 290890 622250 389180 18427.5 -991849 0.00122466 39.346 0.440751 53.598 168.375 323368 1.49205e+06 584920 785.81 728412 2.87912e-06 -0.000922481 -9.53134e-05 0.00102086 0.00177925 0.0807565 0.172748 0.108044 0.00511583 -0.275356 1.82126e-05 0.00317367 0.000336565 0.0037199 0.00660139 0.288533 0.619984 0.388215 0.0138558 0.355528 3.60206e+06 inf 
695 12.9523 -3941.37 -412.704 4202.7 7435.1 323605 696305 436235 22982.1 -1.08365e+06 0.00175089 52.5273 0.60088 65.1479 211.312 373911 1.74532e+06 686328 1140.28 857151 3.68369e-06 -0.00112094 -0.000117375 0.00119526 0.00211457 0.0920346 0.198032 0.124067 0.00653618 -0.308194 2.20089e-05 0.00369898 0.000396378 0.00413517 0.00745831 0.312844 0.676136 0.42403 0.0167803 0.385738 3.51613e+06 inf 
705 16.0622 -4657.06 -493.376 4760.82 8560.35 357620 773960 485618 28438.1 -1.1771e+06 0.00244723 69.6192 0.810284 78.0982 261.939 428384 2.02225e+06 797405 1627.61 997228 4.67328e-06 -0.00135497 -0.000143547 0.00138516 0.00249063 0.104049 0.225183 0.14129 0.00827405 -0.342476 2.62713e-05 0.00429182 0.000463838 0.00456113 0.00836707 0.33736 0.733255 0.460479 0.0201269 0.415755 3.43703e+06 inf 
715 19.9824 -5513.54 -590.288 5383.36 9850.35 395360 860528 540653 35110.2 -1.27345e+06 0.0034286 92.3172 1.09142 93.1496 323.733 490442 2.34081e+06 925208 2320.25 1.15319e+06 5.94311e-06 -0.00163983 -0.000175562 0.00160111 0.00292967 0.117587 0.255937 0.1608 0.0104424 -0.378747 3.13752e-05 0.00497672 0.00054202 0.00501406 0.00936488 0.363373 0.794164 0.499317 0.0241048 0.446689 3.36227e+06 inf 
725 24.5169 -6470.3 -699.036 6001.4 11186.4 431767 945065 594458 42893.9 -1.3696e+06 0.00477669 120.599 1.44439 108.541 391.608 550315 2.65544e+06 1.05177e+06 3244.4 1.3167e+06 7.42403e-06 -0.00195929 -0.000211677 0.0018173 0.0033874 0.130744 0.286177 0.180009 0.0129888 -0.414731 3.73005e-05 0.00571663 0.000626556 0.00543736 0.0103494 0.386714 0.849825 0.534869 0.0285261 0.476143 3.30238e+06 inf 
735 30.1804 -7615.07 -829.353 6682.87 12705.2 471860 1.0386e+06 653950 52333.8 -1.46811e+06 0.00642806 157.766 1.91245 125.938 472.529 617350 3.01079e+06 1.19462e+06 4527.17 1.49548e+06 9.30136e-06 -0.0023469 -0.0002556 0.00205961 0.00391564 0.145423 0.320087 0.201542 0.0161288 -0.452458 4.35266e-05 0.00656614 0.000723927 0.00587973 0.0114148 0.411235 0.90854 0.572322 0.0336912 0.50614 3.24473e+06 inf 
745 36.9807 -8928.74 -978.977 7373.51 14314.1 511877 1.13291e+06 713945 63440 -1.56702e+06 0.00897661 206.118 2.52233 144.136 564.241 684853 3.3763e+06 1.34168e+06 6286.17 1.681e+06 1.15834e-05 -0.00279674 -0.000306644 0.0023096 0.0044836 0.160335 0.354859 0.223628 0.0198712 -0.490837 5.17451e-05 0.00753261 0.000834288 0.00630977 0.0125154 0.434521 0.965209 0.608478 0.0396755 0.534433 3.19255e+06 inf 
755 45.2849 -10459 -1153.26 8094.57 16062.4 553389 1.23151e+06 776645 76526 -1.66378e+06 0.0125009 269.737 3.32524 164.703 673.251 761283 3.79272e+06 1.50905e+06 8679.49 1.87473e+06 1.44461e-05 -0.00333645 -0.000367893 0.0025822 0.00512398 0.176533 0.392857 0.247753 0.0244121 -0.530751 6.14748e-05 0.00865536 0.000961987 0.00677298 0.0137301 0.460096 1.0274 0.648082 0.0466138 0.562449 3.13476e+06 inf 
765 54.9276 -12189.6 -1350.33 8803.16 17871 593666 1.32829e+06 838171 91619.9 -1.75701e+06 0.0167653 348.669 4.32405 183.865 786.504 828900 4.17322e+06 1.66212e+06 11806.4 2.07018e+06 1.7917e-05 -0.00397616 -0.000440469 0.00287153 0.0058294 0.19365 0.433281 0.273406 0.0298858 -0.573125 7.17475e-05 0.00989564 0.00110293 0.00719236 0.0149188 0.482578 1.0833 0.683683 0.0543875 0.588903 3.06567e+06 inf 
775 67.2442 -14295.5 -1589.38 9591.66 19943.1 639022 1.43749e+06 907494 109849 -1.85492e+06 0.0234524 458.179 5.70456 207.412 930.63 914438 4.65264e+06 1.85451e+06 16186.7 2.28074e+06 2.24331e-05 -0.00476905 -0.000530227 0.00319984 0.00665315 0.213182 0.479557 0.302745 0.0366461 -0.618814 8.55606e-05 0.0114065 0.00127355 0.00767821 0.0163156 0.509525 1.14986 0.725963 0.063695 0.614768 2.99755e+06 inf 
785 80.9993 -16587.9 -1849.44 10298.8 21946.8 678877 1.53526e+06 969537 130189 -1.943e+06 0.0314967 587.922 7.34267 227.009 1069.34 981730 5.04665e+06 2.01265e+06 21704.6 2.47802e+06 2.75527e-05 -0.00564254 -0.000629105 0.00350324 0.00746541 0.230926 0.522233 0.329798 0.044285 -0.66093 9.97735e-05 0.0129672 0.0014498 0.00805894 0.0175503 0.529734 1.20164 0.758852 0.0736334 0.637254 2.9398e+06 inf 
795 97.6924 -19296.9 -2156.22 11043.4 24140.8 721211 1.63961e+06 1.03567e+06 154177 -2.03316e+06 0.0421373 754.595 9.44602 247.332 1224.42 1.05173e+06 5.46171e+06 2.17891e+06 29017.4 2.68562e+06 3.39288e-05 -0.00670188 -0.000748859 0.00383538 0.00838415 0.250478 0.569441 0.35969 0.053546 -0.706122 0.000116117 0.0147363 0.00164919 0.00843734 0.0188401 0.550026 1.25403 0.792064 0.0849154 0.658874 2.87934e+06 inf 
805 118.092 -22444.9 -2511.7 11799.3 26481.8 764492 1.74711e+06 1.10369e+06 181665 -2.11431e+06 0.0573103 978.522 12.2592 269.999 1407.88 1.13158e+06 5.93669e+06 2.36871e+06 38811.2 2.88558e+06 4.18417e-05 -0.00795254 -0.000889932 0.00418064 0.00938286 0.27087 0.619026 0.391052 0.0643663 -0.749129 0.000136217 0.0168363 0.00188458 0.00884232 0.020268 0.572331 1.31159 0.828459 0.0980221 0.67912 2.82236e+06 inf 
815 141.851 -26016.5 -2913.83 12518.4 28864 805775 1.85096e+06 1.16929e+06 212942 -2.19313e+06 0.0772745 1260.03 15.7817 291.011 1599.77 1.20553e+06 6.38786e+06 2.54851e+06 51369.1 3.07794e+06 5.11121e-05 -0.00937436 -0.00104992 0.00451066 0.0104004 0.290339 0.666943 0.421323 0.0767281 -0.790235 0.000158844 0.0191347 0.00214107 0.00919303 0.0216395 0.591678 1.36267 0.860683 0.112349 0.69612 2.77529e+06 inf 
825 170.115 -30135.3 -3376.53 13228.4 31358.2 846938 1.95547e+06 1.23519e+06 248551 -2.26469e+06 0.104262 1624.05 20.3194 311.133 1806.9 1.27663e+06 6.83259e+06 2.72519e+06 67679.3 3.26237e+06 6.23433e-05 -0.0110439 -0.00123742 0.00484792 0.0114921 0.310384 0.716636 0.452669 0.0910882 -0.82996 0.000185265 0.0217534 0.00243216 0.00951425 0.0230243 0.609522 1.41082 0.890962 0.128475 0.711866 2.72868e+06 inf 
835 203.583 -34887.5 -3909.35 13928.1 33965.8 887998 2.06067e+06 1.30138e+06 289407 -2.33631e+06 0.140127 2085.57 26.0602 330.16 2027.31 1.34468e+06 7.26823e+06 2.89764e+06 88654.4 3.44255e+06 7.56568e-05 -0.0129651 -0.00145282 0.00517607 0.0126226 0.330004 0.765801 0.483629 0.107551 -0.868236 0.000215293 0.0246365 0.00275209 0.00979309 0.0243736 0.625154 1.45417 0.91812 0.146216 0.72492 2.69087e+06 inf 
845 242.161 -40211.7 -4504.9 14546.5 36525.5 924563 2.15639e+06 1.36144e+06 334573 -2.39507e+06 0.186208 2666.52 33.2628 346.455 2253.52 1.40339e+06 7.66126e+06 3.05242e+06 115040 3.59851e+06 9.14982e-05 -0.0151936 -0.00170214 0.00549626 0.0138008 0.349338 0.814774 0.514408 0.126415 -0.904955 0.000248968 0.0278689 0.00310979 0.0100347 0.0257101 0.638922 1.49361 0.942716 0.165789 0.735338 2.64662e+06 inf 
855 287.597 -46324.9 -5188.07 15156.6 39201.3 961425 2.25355e+06 1.42224e+06 385723 -2.45129e+06 0.247309 3396.76 42.3024 361.375 2490.73 1.45913e+06 8.04293e+06 3.20194e+06 148534 3.74968e+06 0.000110587 -0.017813 -0.00199493 0.00582806 0.0150738 0.36969 0.866542 0.546885 0.14832 -0.942579 0.000287865 0.0314457 0.00350521 0.0102465 0.0270282 0.651459 1.53029 0.965472 0.187392 0.743896 2.60062e+06 inf 
865 340.535 -53292.1 -5965.34 15731.7 41933.4 996955 2.34836e+06 1.4814e+06 442869 -2.50161e+06 0.325062 4321.32 53.7251 374.88 2740.58 1.51148e+06 8.41201e+06 3.34572e+06 190456 3.88434e+06 0.000133099 -0.0208294 -0.00233157 0.00614878 0.0163898 0.389663 0.917865 0.579009 0.173097 -0.977763 0.000330661 0.035428 0.00394492 0.0104267 0.0283291 0.662519 1.56377 0.986121 0.210898 0.749792 2.5585e+06 inf 
875 405.57 -61558.4 -6886.24 16354.9 44964.5 1.03653e+06 2.45362e+06 1.54695e+06 508612 -2.55189e+06 0.43629 5568.43 69.0713 391.104 3039.05 1.57795e+06 8.86708e+06 3.52278e+06 245252 4.0177e+06 0.000160943 -0.0244283 -0.00273268 0.00649015 0.0178433 0.411329 0.973671 0.613878 0.201833 -1.01267 0.000383707 0.040162 0.00446566 0.0106339 0.0297927 0.676008 1.60334 1.0105 0.237881 0.754224 2.51996e+06 inf 
885 478.207 -70677.3 -7901.66 16862 47831.4 1.06976e+06 2.54456e+06 1.6033e+06 580065 -2.5928e+06 0.574994 7081.28 87.6596 400.736 3311.87 1.62073e+06 9.19465e+06 3.64832e+06 311387 4.12435e+06 0.000192829 -0.0284994 -0.00318621 0.00679931 0.0192872 0.431362 1.02605 0.646501 0.233901 -1.0455 0.000441218 0.0452016 0.00501949 0.0107405 0.0310396 0.683709 1.62936 1.02623 0.26618 0.754982 2.47996e+06 inf 
895 564.347 -81179.2 -9070.55 17360.7 50841.4 1.10356e+06 2.63763e+06 1.66078e+06 659979 -2.62789e+06 0.760836 9035.64 111.657 411.246 3617.8 1.67026e+06 9.56523e+06 3.79006e+06 394726 4.2177e+06 0.000231511 -0.033302 -0.00372099 0.00712183 0.0208566 0.452709 1.08203 0.681297 0.270742 -1.07803 0.000508447 0.0509671 0.00565324 0.010862 0.0323902 0.692995 1.65926 1.04433 0.297702 0.753699 2.43767e+06 inf 
905 667.15 -93375.2 -10428.1 17895.8 54116.6 1.14079e+06 2.73954e+06 1.72364e+06 749789 -2.66228e+06 1.0169 11584.2 142.876 423.006 3965.34 1.72825e+06 9.99035e+06 3.95244e+06 499791 4.30871e+06 0.00027807 -0.038919 -0.00434647 0.007459 0.0225559 0.475483 1.14185 0.718418 0.312514 -1.10964 0.000588663 0.0575643 0.00637648 0.0109851 0.033823 0.703032 1.69121 1.06361 0.33264 0.751379 2.39922e+06 inf 
915 783.228 -106956 -11941.7 18322 57250.2 1.17223e+06 2.82841e+06 1.77808e+06 847426 -2.68724e+06 1.32872 14708.5 181.266 428.986 4289.13 1.76571e+06 1.03025e+07 4.06917e+06 626418 4.37466e+06 0.00033257 -0.045415 -0.00507061 0.0077798 0.0243093 0.497747 1.20098 0.754999 0.35983 -1.14104 0.000673493 0.0646755 0.0071594 0.0110285 0.0350754 0.708516 1.71238 1.07601 0.369471 0.745368 2.35508e+06 inf 
925 920.812 -122675 -13694.7 18750.1 60577.7 1.20505e+06 2.92136e+06 1.83486e+06 956352 -2.70791e+06 1.75369 18772.6 231.19 435.351 4650.38 1.80837e+06 1.06506e+07 4.19904e+06 784564 4.42702e+06 0.000397497 -0.0529567 -0.00591173 0.00809408 0.0261502 0.5202 1.2611 0.792075 0.412839 -1.16895 0.000773971 0.0727969 0.00805307 0.0110643 0.036382 0.714165 1.73416 1.0887 0.410177 0.737977 2.31652e+06 inf 
935 1082.59 -140737 -15710.1 19198.4 64138.9 1.2404e+06 3.02101e+06 1.89564e+06 1.07717e+06 -2.72744e+06 2.32425 23994.2 295.367 442.725 5053.69 1.85874e+06 1.10481e+07 4.34744e+06 979712 4.4734e+06 0.000474265 -0.0616543 -0.0068823 0.00841048 0.0280981 0.543399 1.32345 0.830448 0.471891 -1.19484 0.000890667 0.0819157 0.009057 0.0111002 0.0377416 0.720414 1.7574 1.10222 0.454437 0.729432 2.28268e+06 inf 
945 1264.99 -160797 -17954.1 19560.5 67594.8 1.2714e+06 3.11071e+06 1.94997e+06 1.20771e+06 -2.74026e+06 3.02769 30394.7 374.285 446.183 5443.44 1.89576e+06 1.13705e+07 4.46532e+06 1.21204e+06 4.49966e+06 0.000561648 -0.071393 -0.00797152 0.00868475 0.0300117 0.564493 1.38114 0.865775 0.536214 -1.21666 0.00101431 0.0916411 0.0101309 0.011076 0.0389378 0.723226 1.77225 1.11041 0.500611 0.719416 2.25228e+06 inf 
955 1480.01 -184042 -20558.1 19953.3 71348.1 1.30569e+06 3.20914e+06 2.00954e+06 1.35351e+06 -2.75426e+06 3.9597 38654.7 476.373 450.243 5876.69 1.93892e+06 1.17342e+07 4.59842e+06 1.49754e+06 4.52101e+06 0.000664301 -0.0826074 -0.00922752 0.00895605 0.0320246 0.586058 1.44042 0.901982 0.607522 -1.23625 0.00115586 0.102597 0.0113434 0.01104 0.040152 0.725824 1.78664 1.11823 0.550537 0.707768 2.22791e+06 inf 
965 1731.58 -210491 -23525.7 20324.8 75239.5 1.33996e+06 3.30829e+06 2.06932e+06 1.51176e+06 -2.75716e+06 5.22484 49339.2 608.621 455.091 6363.86 1.98932e+06 1.21481e+07 4.74995e+06 1.84692e+06 4.52104e+06 0.000787835 -0.0957696 -0.0107038 0.00924741 0.0342326 0.609658 1.50521 0.941501 0.687822 -1.25446 0.00132534 0.115224 0.0127413 0.0110247 0.0415159 0.730358 1.80597 1.12903 0.605984 0.695215 2.19789e+06 inf 
975 2019.52 -240240 -26875.1 20646.7 79156.5 1.37229e+06 3.40334e+06 2.12628e+06 1.68421e+06 -2.75787e+06 6.85226 62728 775.132 456.999 6852.96 2.03049e+06 1.25111e+07 4.8804e+06 2.26521e+06 4.51153e+06 0.000931105 -0.110763 -0.0123908 0.00951921 0.0364953 0.632696 1.56911 0.980327 0.77651 -1.27152 0.00151403 0.129044 0.0142774 0.0109583 0.0427512 0.732023 1.81828 1.13538 0.664387 0.680651 2.16895e+06 inf 
985 2360 -275079 -30806.2 21082.6 83688.9 1.41341e+06 3.52069e+06 2.19698e+06 1.87967e+06 -2.76708e+06 8.92036 79687.1 986.998 462.368 7422.68 2.08958e+06 1.29863e+07 5.05383e+06 2.77371e+06 4.51384e+06 0.0010981 -0.127994 -0.0143341 0.00980971 0.0389403 0.657658 1.63817 1.02225 0.874607 -1.28752 0.00171604 0.143861 0.0159305 0.0109045 0.044016 0.734686 1.83273 1.14304 0.725029 0.665264 2.14916e+06 inf 
995 2753.57 -314198 -35229.7 21427.4 88149 1.45014e+06 3.62812e+06 2.26118e+06 2.08663e+06 -2.75835e+06 11.7483 101719 1263.19 465.881 8032.54 2.14564e+06 1.3453e+07 5.22221e+06 3.38718e+06 4.47963e+06 0.00129914 -0.148239 -0.0166214 0.0101095 0.0415888 0.684177 1.71175 1.06683 0.984473 -1.30139 0.00196344 0.161295 0.0178803 0.0108444 0.0453887 0.73771 1.84852 1.1514 0.793023 0.647971 2.11954e+06 inf 
1005 3209.96 -358863 -40298.9 21794.2 92923.4 1.48973e+06 3.74336e+06 2.33e+06 2.31378e+06 -2.7482e+06 15.3605 129589 1614.61 469.524 8692.78 2.20586e+06 1.39507e+07 5.40144e+06 4.12067e+06 4.43991e+06 0.00153453 -0.171555 -0.019265 0.0104188 0.0444223 0.712167 1.78952 1.11386 1.10611 -1.31378 0.00223346 0.180331 0.0200183 0.010766 0.0467147 0.739819 1.86193 1.15822 0.863957 0.62967 2.09182e+06 inf 
1015 3731.56 -408882 -45990.7 22146.5 97856.4 1.52969e+06 3.86016e+06 2.39956e+06 2.55713e+06 -2.73196e+06 20.0475 164516 2056.9 473.923 9416.39 2.27312e+06 1.44979e+07 5.59864e+06 4.98662e+06 4.38586e+06 0.00180754 -0.19806 -0.0222776 0.0107276 0.047401 0.740971 1.86984 1.16233 1.23866 -1.32334 0.00253844 0.201153 0.0223619 0.0106997 0.048108 0.742998 1.87787 1.16659 0.938728 0.610937 2.06444e+06 inf 
1025 4340.31 -466140 -52527.5 22501.7 103093 1.57153e+06 3.98259e+06 2.47231e+06 2.8228e+06 -2.71138e+06 26.2343 209438 2629.04 478.374 10215.8 2.34569e+06 1.5088e+07 5.81071e+06 6.02586e+06 4.31852e+06 0.00212873 -0.22862 -0.0257623 0.0110361 0.0505627 0.770762 1.95328 1.21256 1.38446 -1.32981 0.00288708 0.224616 0.0250145 0.0106219 0.0495357 0.74591 1.89332 1.17456 1.01916 0.591307 2.03892e+06 inf 
1035 5047 -531329 -59993.1 22862.1 108643 1.61537e+06 4.11096e+06 2.54846e+06 3.11207e+06 -2.68663e+06 34.3389 266769 3362.75 483.116 11096.3 2.42463e+06 1.57273e+07 6.04007e+06 7.26396e+06 4.23912e+06 0.00250502 -0.263719 -0.0297768 0.0113473 0.0539236 0.80177 2.04043 1.2649 1.54464 -1.33347 0.00328155 0.250719 0.0279715 0.0105369 0.0509879 0.748732 1.90859 1.18235 1.1043 0.57086 2.01476e+06 inf 
1045 5868.55 -605782 -68546.2 23285.4 114735 1.66508e+06 4.25486e+06 2.63398e+06 3.42843e+06 -2.66174e+06 44.929 339359 4298.25 489.949 12093.7 2.51812e+06 1.64678e+07 6.30681e+06 8.7348e+06 4.15592e+06 0.0029426 -0.303751 -0.0343704 0.0116758 0.0575303 0.834903 2.13347 1.32073 1.71908 -1.33465 0.00372416 0.279099 0.0312074 0.0104569 0.0524812 0.752046 1.92499 1.19081 1.19355 0.550072 1.99434e+06 inf 
1055 6811.85 -689686 -78220.6 23669.5 120993 1.71393e+06 4.39762e+06 2.71847e+06 3.76726e+06 -2.62752e+06 58.59 431245 5489.43 495.697 13162.7 2.61214e+06 1.72223e+07 6.57691e+06 1.04616e+07 4.05216e+06 0.00345523 -0.349835 -0.0396764 0.0120061 0.061372 0.869369 2.23064 1.37891 1.9109 -1.33278 0.00421669 0.310418 0.0347883 0.0103581 0.0539454 0.754437 1.93909 1.19778 1.28647 0.528312 1.97146e+06 inf 
1065 7899.46 -784470 -89189.4 24065.4 127619 1.76531e+06 4.54768e+06 2.80717e+06 4.13292e+06 -2.5893e+06 76.433 547498 7006.99 502.476 14352.8 2.7169e+06 1.80569e+07 6.87571e+06 1.24943e+07 3.93562e+06 0.00404353 -0.40155 -0.0456537 0.0123185 0.0653248 0.903617 2.32784 1.43692 2.11553 -1.3254 0.0047722 0.344975 0.0387612 0.0102694 0.0554931 0.757751 1.95551 1.20613 1.38564 0.507803 1.95361e+06 inf 
1075 9157.03 -891540 -101628 24465.1 134618 1.81882e+06 4.70416e+06 2.89951e+06 4.525e+06 -2.54154e+06 99.7939 695198 8948.21 510.045 15679.4 2.83233e+06 1.89737e+07 7.20365e+06 1.48879e+07 3.80146e+06 0.0047394 -0.461434 -0.0525998 0.0126624 0.0696741 0.941367 2.43473 1.5007 2.342 -1.31543 0.00540262 0.383265 0.0431809 0.0101808 0.0571026 0.761419 1.97289 1.21503 1.49015 0.487006 1.93211e+06 inf 
1085 10614.3 -1.01353e+06 -115839 24887.3 142117 1.87602e+06 4.87111e+06 2.99798e+06 4.95014e+06 -2.48992e+06 130.56 883381 11436.4 518.428 17159.4 2.9594e+06 1.99804e+07 7.56342e+06 1.76984e+07 3.65325e+06 0.00553981 -0.528979 -0.0604584 0.0129891 0.0741736 0.979129 2.54233 1.5647 2.58357 -1.29954 0.00611981 0.425717 0.0481002 0.0100926 0.0587715 0.765425 1.99116 1.22442 1.60072 0.466799 1.91601e+06 inf 
1095 12288.6 -1.15044e+06 -131858 25304.7 149975 1.93481e+06 5.04317e+06 3.09926e+06 5.40502e+06 -2.43042e+06 170.377 1.12042e+06 14594.1 527.088 18787.2 3.09535e+06 2.10597e+07 7.94824e+06 2.09773e+07 3.49148e+06 0.00647617 -0.60629 -0.0694905 0.0133358 0.0790383 1.01966 2.65779 1.63333 2.84849 -1.28085 0.00691731 0.472103 0.0535006 0.00999681 0.0604478 0.769135 2.00867 1.23329 1.71503 0.446608 1.8975e+06 inf 
1105 14260.7 -1.30868e+06 -150419 25802.7 158740 2.00196e+06 5.23804e+06 3.2142e+06 5.9071e+06 -2.36641e+06 223.032 1.42497e+06 18674.7 538.547 20671.4 3.2559e+06 2.23198e+07 8.39874e+06 2.4869e+07 3.31721e+06 0.00756938 -0.694632 -0.0798405 0.0136957 0.0842575 1.06262 2.78028 1.70606 3.13541 -1.25606 0.00781584 0.523298 0.0594793 0.00991366 0.0622319 0.773977 2.02906 1.24391 1.83558 0.427832 1.88399e+06 inf 
1115 16511.7 -1.48533e+06 -171222 26277.3 167810 2.06953e+06 5.43503e+06 3.33009e+06 6.43926e+06 -2.29369e+06 291.357 1.80709e+06 23833.9 549.498 22719.9 3.42262e+06 2.36378e+07 8.86807e+06 2.93569e+07 3.12809e+06 0.00883051 -0.794358 -0.0915698 0.0140531 0.0897452 1.10679 2.90666 1.78094 3.44373 -1.22667 0.00882271 0.579162 0.0660409 0.00981743 0.0640034 0.778103 2.04765 1.25336 1.95981 0.410116 1.86985e+06 inf 
1125 19062.4 -1.68017e+06 -194270 26692.3 176964 2.13466e+06 5.62667e+06 3.44235e+06 6.99245e+06 -2.20584e+06 379.605 2.28344e+06 30314.8 559.962 24941.2 3.59561e+06 2.50145e+07 9.35651e+06 3.4497e+07 2.91668e+06 0.0102976 -0.907638 -0.104946 0.0144193 0.0955973 1.15316 3.03956 1.85958 3.77736 -1.19161 0.00995106 0.640097 0.0732295 0.00972512 0.0658371 0.782689 2.06738 1.2635 2.08974 0.394567 1.85114e+06 inf 
1135 22102.1 -1.90877e+06 -221379 27264.8 187640 2.21471e+06 5.85862e+06 3.57892e+06 7.62289e+06 -2.12068e+06 496.576 2.89505e+06 38687.9 574.327 27546.5 3.8036e+06 2.66503e+07 9.93888e+06 4.06278e+07 2.70793e+06 0.0119894 -1.03543 -0.120088 0.01479 0.101787 1.20138 3.17804 1.94141 4.13508 -1.15037 0.0112082 0.705927 0.0810263 0.00963348 0.0676922 0.787377 2.08726 1.27371 2.22259 0.381547 1.84347e+06 inf 
1145 25518.2 -2.15822e+06 -251099 27722.6 198103 2.28819e+06 6.07438e+06 3.70521e+06 8.26465e+06 -2.0154e+06 648.151 3.65707e+06 49202.6 586.632 30323.2 4.01068e+06 2.82997e+07 1.05226e+07 4.75605e+07 2.47484e+06 0.0139509 -1.17991 -0.137277 0.015156 0.108304 1.25096 3.32089 2.02565 4.51831 -1.10183 0.012638 0.779202 0.0897457 0.00953981 0.0696284 0.79231 2.1079 1.28433 2.36354 0.372801 1.82914e+06 inf 
1155 29514.9 -2.44421e+06 -285270 28260.7 209691 2.3709e+06 6.31572e+06 3.84674e+06 8.96994e+06 -1.90338e+06 846.982 4.62385e+06 62634.7 601.12 33484.2 4.2449e+06 3.01589e+07 1.1181e+07 5.5664e+07 2.23808e+06 0.0162304 -1.34408 -0.156872 0.0155407 0.11531 1.30377 3.47306 2.11535 4.93263 -1.04668 0.0142244 0.857976 0.0991687 0.00943639 0.0715309 0.796539 2.1266 1.29375 2.50583 0.367694 1.81849e+06 inf 
1165 34039.4 -2.76014e+06 -323165 28758.4 221544 2.45284e+06 6.556e+06 3.98728e+06 9.70657e+06 -1.77786e+06 1102.9 5.821e+06 79381.9 615.16 36913.6 4.48871e+06 3.21049e+07 1.1868e+07 6.48384e+07 1.99311e+06 0.0188314 -1.52697 -0.178782 0.0159098 0.122563 1.35696 3.62693 2.20585 5.36989 -0.983554 0.0159854 0.942693 0.109329 0.00933804 0.0734823 0.801191 2.14629 1.30378 2.65223 0.367766 1.80759e+06 inf 
1175 39266.6 -3.11473e+06 -365861 29251.5 234013 2.53735e+06 6.80431e+06 4.13233e+06 1.04874e+07 -1.63642e+06 1438.87 7.3313e+06 100675 629.474 40717.2 4.74987e+06 3.41967e+07 1.26049e+07 7.54021e+07 1.743e+06 0.0218908 -1.73643 -0.203964 0.0163074 0.13046 1.41455 3.79334 2.30374 5.84665 -0.912292 0.0179709 1.03534 0.120516 0.00921921 0.0753634 0.804399 2.16216 1.31146 2.80226 0.373402 1.79375e+06 inf 
1185 45429.1 -3.52439e+06 -415341 29872.7 248138 2.6358e+06 7.09099e+06 4.30036e+06 1.13627e+07 -1.48936e+06 1880.64 9.243e+06 127823 647.341 45109.2 5.05241e+06 3.66067e+07 1.34554e+07 8.77935e+07 1.50339e+06 0.0253947 -1.97012 -0.232174 0.0166987 0.138708 1.4734 3.96383 2.40388 6.35171 -0.832547 0.0201589 1.13376 0.132468 0.00911117 0.0773038 0.808305 2.17968 1.32017 2.95497 0.383738 1.78892e+06 inf 
1195 52240.7 -3.96504e+06 -468767 30357.9 261805 2.72528e+06 7.35449e+06 4.45401e+06 1.22386e+07 -1.32368e+06 2439.82 1.15681e+07 161067 661.884 49682.4 5.34586e+06 3.89721e+07 1.42856e+07 1.01377e+08 1.26859e+06 0.0293565 -2.22815 -0.263423 0.0170596 0.147121 1.53147 4.13284 2.50292 6.87747 -0.743837 0.0225664 1.23936 0.145326 0.00899531 0.0792106 0.811603 2.19544 1.32783 3.10953 0.399482 1.77952e+06 inf 
1205 60253.4 -4.46754e+06 -529886 30897.6 276717 2.82305e+06 7.64144e+06 4.62152e+06 1.31908e+07 -1.14081e+06 3189.08 1.45327e+07 203716 678.873 54928.9 5.67848e+06 4.16473e+07 1.5225e+07 1.17215e+08 1.05046e+06 0.0340237 -2.52272 -0.299214 0.0174472 0.156256 1.59411 4.31494 2.60967 7.44852 -0.644189 0.0253612 1.35726 0.159701 0.00888483 0.0812474 0.81567 2.21326 1.33672 3.27233 0.422129 1.77092e+06 inf 
1215 69596 -5.04056e+06 -599817 31499.3 293013 2.9301e+06 7.95458e+06 4.80455e+06 1.42344e+07 -944643 4164.27 1.82448e+07 257538 696.98 60796.5 6.04083e+06 4.45646e+07 1.62486e+07 1.35471e+08 859142 0.0393594 -2.85065 -0.339221 0.0178141 0.165711 1.65709 4.49865 2.71717 8.05013 -0.534235 0.0283884 1.48055 0.174863 0.00876513 0.083203 0.818773 2.2283 1.34396 3.43653 0.447743 1.76822e+06 inf 
1225 79944.9 -5.65666e+06 -675296 31988.5 308937 3.02951e+06 8.24757e+06 4.97524e+06 1.52815e+07 -731626 5404.13 2.27412e+07 323173 712.313 66929.6 6.39737e+06 4.74585e+07 1.72603e+07 1.55374e+08 706645 0.0453768 -3.21072 -0.383298 0.0181567 0.175353 1.71955 4.68133 2.82395 8.67381 -0.415271 0.0317543 1.6122 0.191091 0.00863972 0.0850923 0.821151 2.24112 1.34992 3.59933 0.478165 1.7618e+06 inf 
1235 92078.4 -6.36167e+06 -761902 32568.4 326580 3.14109e+06 8.57445e+06 5.16615e+06 1.64343e+07 -500543 7024.47 2.8389e+07 406164 729.735 73863.9 6.7944e+06 5.06746e+07 1.83856e+07 1.7833e+08 602791 0.0523527 -3.61704 -0.433192 0.0185173 0.185683 1.78592 4.87515 2.9373 9.34398 -0.284592 0.0353988 1.74874 0.208029 0.00848597 0.0867091 0.820711 2.24607 1.35118 3.75264 0.511599 1.75881e+06 inf 
1245 105759 -7.13145e+06 -856892 33059.6 344243 3.24786e+06 8.88898e+06 5.34942e+06 1.76191e+07 -251086 9106.31 3.52802e+07 508205 745.03 81255 7.19496e+06 5.39395e+07 1.95248e+07 2.03784e+08 561957 0.0602683 -4.06397 -0.488314 0.0188396 0.196172 1.85085 5.06553 3.04845 10.0405 -0.143086 0.0394602 1.8945 0.226183 0.00834499 0.0884356 0.8213 2.25359 1.35405 3.91375 0.54751 1.7548e+06 inf 
1255 121586 -7.9956e+06 -963712 33572 363007 3.36037e+06 9.21963e+06 5.54232e+06 1.88792e+07 19461.1 11837.5 4.38718e+07 636040 761.03 89441.8 7.62676e+06 5.74576e+07 2.07528e+07 2.32512e+08 605260 0.0693839 -4.56273 -0.549947 0.019158 0.207152 1.91761 5.26123 3.16275 10.7735 0.0111056 0.0440569 2.05357 0.246003 0.00820095 0.0901584 0.821587 2.26007 1.35635 4.07625 0.587598 1.75237e+06 inf 
1265 139593 -8.95178e+06 -1.08239e+06 34071.3 382492 3.47497e+06 9.55625e+06 5.7388e+06 2.02055e+07 309291 15330.2 5.43422e+07 793034 775.963 98228.6 8.07083e+06 6.10846e+07 2.20179e+07 2.64437e+08 744954 0.0796985 -5.11089 -0.617976 0.0194525 0.218378 1.98398 5.45601 3.27649 11.536 0.176585 0.0489971 2.21465 0.266229 0.00803889 0.0916144 0.819593 2.25996 1.35479 4.23041 0.627805 1.75151e+06 inf 
1275 160193 -1.00187e+07 -1.21516e+06 34575.1 402971 3.5938e+06 9.90461e+06 5.94241e+06 2.16165e+07 618870 19798.7 6.71533e+07 986303 789.989 107695 8.53032e+06 6.48423e+07 2.33286e+07 2.99965e+08 1.00159e+06 0.0912955 -5.70977 -0.69253 0.0197047 0.229657 2.04814 5.64473 3.38663 12.3194 0.352699 0.0543007 2.38113 0.287236 0.00787073 0.0929199 0.816474 2.25639 1.35125 4.37999 0.668146 1.75467e+06 inf 
1285 183586 -1.11868e+07 -1.36104e+06 35005.3 423603 3.70891e+06 1.02427e+07 6.13998e+06 2.30659e+07 951305 25577 8.27788e+07 1.22356e+06 802.135 117790 8.99626e+06 6.86615e+07 2.46603e+07 3.39108e+08 1.40207e+06 0.104598 -6.37369 -0.775458 0.0199444 0.241349 2.11316 5.83581 3.49827 13.1419 0.542009 0.0602641 2.55726 0.309505 0.00769684 0.0941376 0.812519 2.25022 1.34625 4.52752 0.710677 1.75515e+06 inf 
1295 210130 -1.24705e+07 -1.52176e+06 35391.5 444639 3.82296e+06 1.05774e+07 6.33582e+06 2.45701e+07 1.30464e+06 32963.8 1.01713e+08 1.51264e+06 812.294 128469 9.46522e+06 7.25093e+07 2.60029e+07 3.81946e+08 1.96821e+06 0.119601 -7.09791 -0.866154 0.020144 0.253079 2.17594 6.02039 3.6062 13.9847 0.74257 0.0667667 2.74092 0.332775 0.00752052 0.0952501 0.807875 2.24177 1.33999 4.67137 0.754222 1.75692e+06 inf 
1305 240648 -1.3909e+07 -1.70231e+06 35802.8 466972 3.94343e+06 1.0929e+07 6.54228e+06 2.61828e+07 1.68263e+06 42443.7 1.24801e+08 1.86719e+06 821.435 139910 9.94786e+06 7.64627e+07 2.73853e+07 4.29408e+08 2.72477e+06 0.136456 -7.88688 -0.965267 0.0203015 0.264789 2.23606 6.19715 3.7097 14.8465 0.954112 0.0738028 2.92633 0.356398 0.00732347 0.0960225 0.800505 2.22539 1.32911 4.80309 0.796687 1.76356e+06 inf 
1315 275394 -1.54932e+07 -1.90174e+06 36180.9 489865 4.06386e+06 1.12796e+07 6.74862e+06 2.78682e+07 2.08497e+06 54540.4 1.52669e+08 2.29771e+06 828.809 151983 1.04333e+07 8.04322e+07 2.87767e+07 4.81361e+08 3.69868e+06 0.155449 -8.7453 -1.07346 0.0204227 0.27651 2.29389 6.36688 3.80933 15.7305 1.17689 0.0813721 3.11374 0.380335 0.0071234 0.0965969 0.791981 2.20537 1.31619 4.9256 0.838272 1.7716e+06 inf 
1325 314396 -1.72107e+07 -2.1186e+06 36454.9 512370 4.17631e+06 1.16065e+07 6.94158e+06 2.9579e+07 2.50751e+06 69849.6 1.85912e+08 2.81428e+06 832.075 164286 1.08917e+07 8.41816e+07 3.00946e+07 5.36959e+08 4.91023e+06 0.176683 -9.67199 -1.1906 0.0204868 0.28794 2.34699 6.52258 3.901 16.6227 1.40916 0.0896491 3.30618 0.404994 0.00692092 0.0970327 0.782631 2.18264 1.30178 5.04426 0.8796 1.77944e+06 inf 
1335 358199 -1.90681e+07 -2.35376e+06 36646 534581 4.28225e+06 1.19134e+07 7.12347e+06 3.1315e+07 2.95089e+06 89141.6 2.25373e+08 3.43079e+06 832.169 176843 1.13283e+07 8.77405e+07 3.13517e+07 5.96343e+08 6.38004e+06 0.200572 -10.6771 -1.31798 0.0205198 0.299336 2.39783 6.67083 3.98876 17.5347 1.65234 0.0984142 3.49231 0.428936 0.00670136 0.0970571 0.77048 2.15171 1.28259 5.14336 0.917748 1.78589e+06 inf 
1345 408601 -2.11578e+07 -2.61881e+06 36875.5 558312 4.39601e+06 1.22395e+07 7.31808e+06 3.31973e+07 3.42396e+06 113613 2.72917e+08 4.17738e+06 830.436 189943 1.17604e+07 9.12329e+07 3.2595e+07 6.61134e+08 8.14748e+06 0.226912 -11.7497 -1.45432 0.0204783 0.310052 2.44127 6.79703 4.06401 18.4357 1.90145 0.107726 3.67501 0.452539 0.00646602 0.0966962 0.755757 2.11317 1.259 5.22273 0.953453 1.80071e+06 inf 
1355 465354 -2.3418e+07 -2.90614e+06 37001.4 581460 4.50075e+06 1.25375e+07 7.49731e+06 3.5099e+07 3.91846e+06 144560 3.29251e+08 5.06601e+06 824.97 203114 1.21582e+07 9.44196e+07 3.37412e+07 7.29791e+08 1.02328e+07 0.256417 -12.9037 -1.60133 0.0203883 0.320393 2.47998 6.90833 4.13113 19.3401 2.15913 0.11792 3.8623 0.476648 0.00623588 0.0962652 0.740965 2.07402 1.23519 5.29968 0.988224 1.81483e+06 inf 
1365 528678 -2.58575e+07 -3.21709e+06 37028.3 603859 4.59595e+06 1.28052e+07 7.66013e+06 3.70146e+07 4.43023e+06 182975 3.95282e+08 6.11323e+06 815.182 215963 1.25037e+07 9.71464e+07 3.47384e+07 8.01295e+08 1.26223e+07 0.289003 -14.1351 -1.75863 0.0202416 0.330101 2.51239 6.99996 4.18743 20.2341 2.42179 0.128456 4.03507 0.499032 0.00599157 0.095342 0.723235 2.02627 1.20635 5.34893 1.0173 1.82932e+06 inf 
1375 601123 -2.85689e+07 -3.56319e+06 37039.3 626913 4.69211e+06 1.3071e+07 7.82396e+06 3.90358e+07 4.97163e+06 231499 4.73939e+08 7.36594e+06 802.752 228894 1.28205e+07 9.95846e+07 3.56512e+07 8.77469e+08 1.53782e+07 0.325007 -15.4462 -1.9265 0.0200259 0.338951 2.53687 7.06706 4.23016 21.1053 2.688 0.139765 4.202 0.520691 0.00574319 0.0941668 0.704202 1.97451 1.17524 5.38357 1.04363 1.84957e+06 inf 
1385 680223 -3.14106e+07 -3.92709e+06 36857.7 647376 4.76568e+06 1.32688e+07 7.94938e+06 4.09671e+07 5.51488e+06 290671 5.6384e+08 8.80539e+06 783.819 240490 1.3036e+07 1.0116e+08 3.6276e+07 9.53343e+08 1.84062e+07 0.364394 -16.8266 -2.10373 0.0197446 0.346798 2.55296 7.10807 4.25847 21.946 2.95431 0.151423 4.34905 0.53976 0.00548091 0.0925258 0.682452 1.91483 1.13948 5.39242 1.06406 1.86672e+06 inf 
1395 771124 -3.45841e+07 -4.33349e+06 36719.9 669123 4.84609e+06 1.34796e+07 8.08536e+06 4.30519e+07 6.09241e+06 364740 6.69854e+08 1.05071e+07 763.952 252076 1.32309e+07 1.02486e+08 3.68357e+07 1.03401e+09 2.18171e+07 0.407363 -18.2698 -2.28926 0.0193981 0.353479 2.56005 7.12089 4.27126 22.7431 3.21844 0.163516 4.48096 0.556703 0.00522381 0.0906486 0.660039 1.853 1.10252 5.38411 1.08025 1.89297e+06 inf 
1405 871425 -3.79578e+07 -4.76654e+06 36422.2 688613 4.90709e+06 1.36294e+07 8.18795e+06 4.50862e+07 6.67688e+06 455027 7.91032e+08 1.24613e+07 738.168 261999 1.33182e+07 1.02878e+08 3.7087e+07 1.1139e+09 2.55113e+07 0.453953 -19.7734 -2.48304 0.0189734 0.35872 2.55626 7.09995 4.26536 23.4868 3.47819 0.175968 4.59206 0.570932 0.00495409 0.0883379 0.635165 1.78408 1.06136 5.35096 1.09169 1.91964e+06 inf 
1415 984350 -4.16277e+07 -5.23805e+06 36058.8 707332 4.96019e+06 1.37491e+07 8.27621e+06 4.71715e+07 7.28258e+06 565677 9.30214e+08 1.47128e+07 708.734 270588 1.3325e+07 1.02536e+08 3.71039e+07 1.1944e+09 2.95107e+07 0.504229 -21.3236 -2.68317 0.018471 0.362328 2.54084 7.04293 4.23946 24.1634 3.73047 0.188464 4.66915 0.580667 0.00467637 0.0855916 0.608134 1.70898 1.01654 5.28751 1.0956 1.95219e+06 inf 
1425 1.10832e+06 -4.54809e+07 -5.73394e+06 35528 722993 4.99013e+06 1.37956e+07 8.32451e+06 4.91627e+07 7.88591e+06 698984 1.08609e+09 1.72436e+07 674.175 276813 1.32101e+07 1.01139e+08 3.67707e+07 1.27108e+09 3.36966e+07 0.558198 -22.9062 -2.88787 0.0178935 0.364132 2.51325 6.94807 4.19259 24.7605 3.97169 0.201133 4.72326 0.587268 0.00440083 0.0826046 0.580306 1.63162 0.970323 5.20442 1.09395 1.98553e+06 inf 
1435 1.24669e+06 -4.96516e+07 -6.27099e+06 34943.1 737564 5.01156e+06 1.38085e+07 8.35715e+06 5.11947e+07 8.50453e+06 859159 1.26162e+09 2.01017e+07 636.721 281080 1.30042e+07 9.89236e+07 3.61723e+07 1.34542e+09 3.80641e+07 0.614947 -24.4914 -3.09326 0.0172362 0.363815 2.47203 6.81123 4.12229 25.2525 4.19498 0.213619 4.74195 0.589252 0.00412126 0.0792847 0.550985 1.55008 0.921574 5.09509 1.08526 2.02731e+06 inf 
1445 1.39887e+06 -5.40482e+07 -6.83751e+06 34202.4 748877 5.0098e+06 1.37457e+07 8.34943e+06 5.31269e+07 9.11776e+06 1.04976e+06 1.45608e+09 2.32753e+07 595.161 282535 1.26748e+07 9.56429e+07 3.5218e+07 1.41306e+09 4.24871e+07 0.675105 -26.0841 -3.29984 0.0165064 0.361414 2.41777 6.63382 4.02951 25.6395 4.40031 0.225509 4.72597 0.586445 0.00384315 0.0757213 0.520911 1.46648 0.871545 4.95697 1.06861 2.07207e+06 inf 
1455 1.56714e+06 -5.87385e+07 -7.44191e+06 33373.7 757895 4.99279e+06 1.36285e+07 8.31445e+06 5.50292e+07 9.73286e+06 1.2746e+06 1.66975e+09 2.67692e+07 551.098 281268 1.22396e+07 9.14465e+07 3.39572e+07 1.47363e+09 4.68885e+07 0.737328 -27.6361 -3.50137 0.0157021 0.356585 2.34907 6.41214 3.9119 25.8909 4.57925 0.236718 4.67489 0.578922 0.00356823 0.071988 0.490413 1.38181 0.820793 4.79527 1.04463 2.12543e+06 inf 
1465 1.74982e+06 -6.35997e+07 -8.06883e+06 32384.2 762744 4.94876e+06 1.34238e+07 8.23246e+06 5.67694e+07 1.03255e+07 1.53584e+06 1.89906e+09 3.05286e+07 504.106 276638 1.16797e+07 8.62135e+07 3.23387e+07 1.52272e+09 5.10832e+07 0.801586 -29.1347 -3.69629 0.014835 0.34941 2.267 6.14936 3.77125 26.0058 4.73008 0.247022 4.59556 0.567821 0.00329396 0.0681153 0.459491 1.2959 0.769321 4.60975 1.01357 2.18295e+06 inf 
1475 1.94934e+06 -6.87048e+07 -8.72673e+06 31291.2 764249 4.8846e+06 1.31494e+07 8.11482e+06 5.84047e+07 1.09031e+07 1.83498e+06 2.14237e+09 3.45216e+07 455.666 268781 1.10148e+07 8.01234e+07 3.04191e+07 1.55914e+09 5.49501e+07 0.866149 -30.5276 -3.87754 0.0139036 0.339578 2.17037 5.84264 3.60565 25.9509 4.84458 0.255189 4.4706 0.551052 0.00302579 0.0641391 0.428598 1.21024 0.71791 4.39526 0.972645 2.25058e+06 inf 
1485 2.16727e+06 -7.41139e+07 -9.42356e+06 30107.6 762589 4.80188e+06 1.28081e+07 7.96391e+06 5.99483e+07 1.14657e+07 2.17364e+06 2.39947e+09 3.87479e+07 406.614 257877 1.02596e+07 7.33176e+07 2.82417e+07 1.58174e+09 5.83745e+07 0.9295 -31.786 -4.04158 0.0129126 0.32706 2.05943 5.49315 3.41557 25.7107 4.91742 0.26127 4.32824 0.532755 0.00276661 0.0602511 0.398614 1.12685 0.667998 4.16424 0.924511 2.33165e+06 inf 
1495 2.39781e+06 -7.94758e+07 -1.01135e+07 28743.2 754833 4.68378e+06 1.2356e+07 7.7519e+06 6.11601e+07 1.19657e+07 2.54739e+06 2.65443e+09 4.29412e+07 356.989 243354 9.40306e+06 6.57836e+07 2.57805e+07 1.58408e+09 6.10407e+07 0.991587 -32.8663 -4.18234 0.0118864 0.312152 1.93692 5.10968 3.20571 25.292 4.94828 0.264945 4.18539 0.515655 0.00251842 0.0565426 0.369934 1.04651 0.620205 3.92277 0.870132 2.41816e+06 inf 
1505 2.6467e+06 -8.5068e+07 -1.08319e+07 27305.9 743474 4.54687e+06 1.18361e+07 7.50613e+06 6.22228e+07 1.24336e+07 2.9523e+06 2.90868e+09 4.7124e+07 308.634 226146 8.4893e+06 5.78904e+07 2.31616e+07 1.56814e+09 6.2908e+07 1.04857 -33.7024 -4.29142 0.0108181 0.294551 1.80139 4.68924 2.9738 24.6516 4.92598 0.264841 4.06388 0.503394 0.00228992 0.0532425 0.343959 0.972694 0.576831 3.68381 0.811017 2.52409e+06 inf 
1515 2.90394e+06 -9.04987e+07 -1.15287e+07 25697.6 725437 4.37336e+06 1.12025e+07 7.19727e+06 6.28588e+07 1.28118e+07 3.37111e+06 3.14243e+09 5.09761e+07 261.314 205866 7.50957e+06 4.96506e+07 2.03666e+07 1.52705e+09 6.36109e+07 1.0991 -34.2526 -4.36347 0.00972622 0.274568 1.65526 4.24001 2.72407 23.7913 4.8491 0.260566 4.01586 0.50388 0.00207474 0.0502972 0.31999 0.902465 0.536573 3.4563 0.749738 2.6421e+06 inf 
1525 3.17429e+06 -9.59345e+07 -1.2224e+07 24031.9 703231 4.1802e+06 1.0502e+07 6.85364e+06 6.3229e+07 1.31262e+07 3.79376e+06 3.35092e+09 5.44123e+07 217.261 183973 6.52435e+06 4.15664e+07 1.75681e+07 1.46515e+09 6.31967e+07 1.13951 -34.4388 -4.3882 0.00862703 0.252447 1.50062 3.77003 2.46033 22.6981 4.71206 0.251791 4.10992 0.526021 0.00188866 0.0480958 0.300457 0.841697 0.503373 3.28018 0.694974 2.78566e+06 inf 
1535 3.43892e+06 -1.0086e+08 -1.28524e+07 22213.1 673726 3.94971e+06 9.69213e+06 6.44649e+06 6.30057e+07 1.33044e+07 4.17715e+06 3.50613e+09 5.69844e+07 176.099 160283 5.52823e+06 3.36778e+07 1.47579e+07 1.37576e+09 6.12792e+07 1.16607 -34.1995 -4.358 0.00753201 0.228447 1.33926 3.2864 2.18587 21.3639 4.51125 0.238064 4.3879 0.574546 0.0017264 0.0464841 0.284392 0.786767 0.47546 3.17424 0.653585 2.94916e+06 inf 
1545 3.70441e+06 -1.05444e+08 -1.34341e+07 20342.5 639461 3.69811e+06 8.81788e+06 6.003e+06 6.23548e+07 1.33776e+07 4.50765e+06 3.60418e+09 5.86195e+07 139.297 136296 4.57351e+06 2.63898e+07 1.20835e+07 1.26563e+09 5.80752e+07 1.17553 -33.4608 -4.26308 0.00645534 0.202922 1.17353 2.7982 1.90495 19.7872 4.24514 0.22035 4.90866 0.654232 0.00159127 0.0455408 0.272304 0.737837 0.453499 3.17717 0.638712 3.15127e+06 inf 
1555 3.94125e+06 -1.09053e+08 -1.38891e+07 18370 598404 3.41484e+06 7.86185e+06 5.50704e+06 6.09567e+07 1.32691e+07 4.7212e+06 3.61716e+09 5.888e+07 106.973 112513 3.67482e+06 1.98556e+07 9.59016e+06 1.13309e+09 5.34127e+07 1.16291 -32.1773 -4.09814 0.00542031 0.176566 1.00759 2.31973 1.62492 17.986 3.9152 0.20169 5.64864 0.760598 0.00147783 0.0449752 0.262794 0.690998 0.435114 3.29155 0.656696 3.38911e+06 inf 
1565 4.13506e+06 -1.11471e+08 -1.41909e+07 16349.4 551812 3.10825e+06 6.85503e+06 4.97365e+06 5.88021e+07 1.29696e+07 4.78088e+06 3.53672e+09 5.76396e+07 79.6719 90067.1 2.8647e+06 1.42941e+07 7.36774e+06 9.8516e+08 4.75715e+07 1.12426 -30.3073 -3.85828 0.00444514 0.150029 0.845082 1.86377 1.35226 15.9873 3.52624 0.189446 6.56109 0.885984 0.00137922 0.044488 0.254366 0.642407 0.417822 3.5006 0.706807 3.67804e+06 inf 
1575 4.25369e+06 -1.12037e+08 -1.42562e+07 14279.8 499258 2.77683e+06 5.80979e+06 4.4025e+06 5.56875e+07 1.24291e+07 4.64964e+06 3.35027e+09 5.46964e+07 57.3039 69614.9 2.15735e+06 9.77359e+06 5.4541e+06 8.27382e+08 4.08186e+07 1.05774 -27.8596 -3.54503 0.00355088 0.124148 0.6905 1.44469 1.09475 13.8475 3.09067 0.193343 7.54563 1.01679 0.00128091 0.0435667 0.244267 0.585848 0.397203 3.73994 0.773256 4.02148e+06 inf 
1585 4.27843e+06 -1.1062e+08 -1.40729e+07 12234.1 443043 2.43393e+06 4.77201e+06 3.81715e+06 5.17116e+07 1.16631e+07 4.32747e+06 3.07232e+09 5.03021e+07 39.7876 51941.4 1.56903e+06 6.31779e+06 3.88769e+06 6.70366e+08 3.36994e+07 0.964113 -24.9274 -3.17123 0.00275687 0.0998366 0.548468 1.07534 0.860166 11.6528 2.62819 0.213655 8.42329 1.13071 0.00116854 0.0416806 0.229681 0.517026 0.369021 3.90812 0.828579 4.43769e+06 inf 
1595 4.17455e+06 -1.06518e+08 -1.35536e+07 10225.1 383436 2.08139e+06 3.76704e+06 3.22334e+06 4.67655e+07 1.06439e+07 3.82855e+06 2.70981e+09 4.45503e+07 26.5762 37266.1 1.09797e+06 3.82931e+06 2.6577e+06 5.21148e+08 2.66271e+07 0.848598 -21.6529 -2.75515 0.00207855 0.0779444 0.423104 0.765761 0.655238 9.50644 2.16367 0.241134 9.05546 1.21048 0.00104021 0.0387309 0.210184 0.438211 0.333043 3.9454 0.855137 4.91935e+06 inf 
1605 3.94322e+06 -9.9951e+07 -1.2729e+07 8334.45 323587 1.73616e+06 2.84456e+06 2.64983e+06 4.11493e+07 9.43886e+06 3.21596e+06 2.30032e+09 3.804e+07 17.0855 25730.3 739731 2.16052e+06 1.7427e+06 3.88778e+08 2.01421e+07 0.718801 -18.2199 -2.32033 0.00151927 0.0589859 0.316481 0.518529 0.483031 7.50101 1.72059 0.263734 9.34652 1.2451 0.000897947 0.0347991 0.186236 0.353504 0.290438 3.82157 0.843344 5.48583e+06 inf 
1615 3.58725e+06 -9.09935e+07 -1.16093e+07 6602.68 265362 1.40767e+06 2.03485e+06 2.11296e+06 3.50823e+07 8.10017e+06 2.55566e+06 1.87479e+09 3.12523e+07 10.5613 17075.8 479254 1.12187e+06 1.0943e+06 2.77737e+08 1.45582e+07 0.585562 -14.8533 -1.89504 0.00107778 0.0433161 0.22978 0.332158 0.344907 5.72664 1.32223 0.272557 9.24179 1.22892 0.000749904 0.0301839 0.159473 0.269812 0.244266 3.54144 0.792539 6.12616e+06 inf 
1625 3.1348e+06 -8.01551e+07 -1.02553e+07 5072.81 211012 1.10699e+06 1.36185e+06 1.6304e+06 2.89079e+07 6.7113e+06 1.92142e+06 1.46581e+09 2.46779e+07 6.27356 10887 298424 526972 657275 1.89883e+08 1.00517e+07 0.458623 -11.7267 -1.50035 0.000742156 0.0308711 0.161953 0.199239 0.238529 4.22924 0.981867 0.266025 8.77112 1.16591 0.000605831 0.0252934 0.132025 0.193391 0.198151 3.14541 0.711697 6.83524e+06 inf 
1635 2.62861e+06 -6.83122e+07 -8.77556e+06 3779.05 162685 844180 836353 1.21678e+06 2.30178e+07 5.3679e+06 1.36731e+06 1.10269e+09 1.87944e+07 3.58971 6685.74 179034 218168 378219 1.24556e+08 6.64709e+06 0.346178 -8.99648 -1.15571 0.000497687 0.021425 0.111175 0.110145 0.160246 3.03136 0.706933 0.245421 8.01773 1.06747 0.000474404 0.0205294 0.105916 0.128841 0.155342 2.68598 0.612898 7.59322e+06 inf 
1645 2.11681e+06 -5.63475e+07 -7.2766e+06 2730.46 121637 624407 452634 878158 1.77201e+07 4.14764e+06 924459 7.99443e+08 1.38213e+07 1.98162 3959.63 103623 75870.2 208582 7.85537e+07 4.22047e+06 0.252446 -6.71986 -0.867789 0.000325628 0.0145061 0.0744652 0.05398 0.104727 2.11326 0.494638 0.215685 7.084 0.946171 0.000360957 0.0161799 0.0825397 0.0783214 0.117929 2.2141 0.508583 8.38522e+06 inf 
1655 1.63734e+06 -4.50048e+07 -5.84958e+06 1913.21 88194.9 447919 192318 612464 1.31947e+07 3.09753e+06 595972 5.60233e+08 9.84123e+06 1.05689 2265.49 57955.9 20188.5 110245 4.77566e+07 2.58047e+06 0.17831 -4.90112 -0.637032 0.000208352 0.00960461 0.0487794 0.0209439 0.0666987 1.43693 0.337328 0.181957 6.08191 0.81604 0.000267743 0.0124285 0.0627064 0.0419515 0.0869321 1.77088 0.408936 9.18256e+06 inf 
1665 1.21964e+06 -3.48758e+07 -4.56745e+06 1301.83 62098.4 312047 31054.1 413033 9.52191e+06 2.24064e+06 367591 3.8013e+08 6.79326e+06 0.545371 1253.74 31363 4101.39 55820 2.80403e+07 1.52253e+06 0.121736 -3.48106 -0.455891 0.000129939 0.00619823 0.0311464 0.0030996 0.0412261 0.950411 0.223646 0.147888 5.08174 0.685725 0.000193781 0.00931244 0.0464794 0.0199941 0.0622252 1.37678 0.319297 1.00187e+07 inf 
1675 877908 -2.62983e+07 -3.47349e+06 862.174 42556 211596 -57196.7 269654 6.67807e+06 1.57445e+06 217634 2.5032e+08 4.55595e+06 0.272603 672.019 16442.8 2745.14 27040.3 1.59266e+07 868408 0.0803396 -2.40662 -0.317868 7.88997e-05 0.0038944 0.0193637 -0.00523421 0.0246767 0.611127 0.144082 0.116025 4.1371 0.562038 0.000136826 0.00680674 0.033612 0.0149606 0.0431924 1.04116 0.242303 1.09275e+07 inf 
1685 611593 -1.93204e+07 -2.5756e+06 556.156 28405 139755 -95984.2 170318 4.55723e+06 1.07607e+06 123947 1.5997e+08 2.96647e+06 0.131999 348.868 8351.97 4834.32 12495 8.75354e+06 479079 0.0513957 -1.6236 -0.216442 4.6737e-05 0.00238704 0.0117445 -0.00806611 0.0143128 0.38297 0.0904284 0.0881731 3.28742 0.449936 9.43837e-05 0.00485999 0.0237472 0.0184714 0.0290719 0.767427 0.179116 1.18997e+07 inf 
1695 412826 -1.38324e+07 -1.86222e+06 349.331 18460.9 89883.6 -104114 103844 3.02634e+06 715484 67638.4 9.87074e+07 1.86565e+06 0.0615433 174.361 4085.51 6289.46 5449.6 4.62873e+06 254189 0.0318069 -1.06574 -0.143478 2.69148e-05 0.00142235 0.00692523 -0.00802161 0.00800084 0.23317 0.0551257 0.0648046 2.54348 0.350936 6.33822e-05 0.003378 0.0163345 0.0204997 0.0188643 0.549782 0.128629 1.29791e+07 inf 
1705 270475 -9.67283e+06 -1.3158e+06 214.038 11703.8 56392.7 -95560 61067.2 1.95963e+06 463744 35407.9 5.90303e+07 1.13769e+06 0.0277463 84.258 1932.75 6342.38 2240.24 2.36292e+06 130133 0.0190877 -0.682624 -0.0928574 1.51049e-05 0.000825954 0.0039797 -0.00674379 0.00430958 0.138293 0.032727 0.0461999 1.9235 0.267704 4.15925e-05 0.00229434 0.0109799 0.0200527 0.011812 0.384225 0.0900699 1.41701e+07 inf 
1715 172165 -6.60513e+06 -908062 127.892 7236.12 34505.6 -79542.6 34506 1.23692e+06 292945 17687.2 3.40028e+07 668254 0.0120224 39.1352 878.974 5379.2 855.825 1.15707e+06 63877.9 0.0110239 -0.422934 -0.0581442 8.18903e-06 0.000463337 0.00220943 -0.0050932 0.00220946 0.0792016 0.0187576 0.0317963 1.41364 0.198515 2.65093e-05 0.00151367 0.00716938 0.0178464 0.00706524 0.260414 0.0611418 1.56174e+07 inf 
1725 105833 -4.38274e+06 -609131 74.0978 4338.31 20473.7 -61546.1 18516.2 757022 179392 8371.72 1.87862e+07 376599 0.00497754 17.3694 382.026 4016.09 297.805 540940 29923.1 0.00612349 -0.253585 -0.0352442 4.28729e-06 0.000251014 0.00118461 -0.00356105 0.00107134 0.0438012 0.0103796 0.0211398 1.01127 0.143345 1.64201e-05 0.000970557 0.0045498 0.0148219 0.00401038 0.171406 0.0402941 1.72831e+07 inf 
1735 62968.6 -2.8328e+06 -398104 41.7117 2527.31 11804 -45029.9 9366.34 450237 106736 3763.14 9.96814e+06 203778 0.00197227 7.37708 158.926 2713.13 92.6005 241759 13395.4 0.0032804 -0.147577 -0.0207396 2.17301e-06 0.000131662 0.000614941 -0.00234587 0.000487948 0.0234555 0.00556053 0.0136119 0.705351 0.100925 9.90076e-06 0.000605789 0.00281091 0.011655 0.0021415 0.109747 0.0258249 1.91954e+07 inf 
1745 36037 -1.77269e+06 -251928 22.6606 1421.04 6568.66 -31229.8 4361.4 258543 61307.9 1589.02 5.01061e+06 104407 0.000736958 2.9536 62.3519 1663.96 24.372 101893 5654.73 0.00165455 -0.0813885 -0.0115666 1.04041e-06 6.52437e-05 0.000301584 -0.00143384 0.000200243 0.0118704 0.0028148 0.00837963 0.472679 0.0682628 5.72303e-06 0.000362423 0.00166487 0.00862211 0.00103869 0.0673592 0.0158651 2.17806e+07 inf 
1755 19747.7 -1.07006e+06 -153803 11.8263 767.664 3511.89 -20568.7 1795.19 142755 33855.6 624.557 2.35239e+06 49921.8 0.000256582 1.10081 22.7885 921.966 5.00433 39962.5 2221.68 0.000787731 -0.0426844 -0.00613519 4.71748e-07 3.0622e-05 0.000140089 -0.00082048 7.16099e-05 0.00569446 0.00135049 0.00492879 0.303339 0.044201 3.16425e-06 0.0002073 0.000943082 0.00600865 0.000441015 0.039518 0.00931657 2.50691e+07 inf 
1765 10276.8 -618563 -89926.8 5.87922 395.099 1788.89 -12818.6 588.266 75185.6 17831.3 222.807 1.00609e+06 21726.8 8.1196e-05 0.372502 7.56805 453.456 0.678389 14208.4 791.402 0.00035446 -0.0213351 -0.0031017 2.02782e-07 1.36275e-05 6.17011e-05 -0.000442129 2.02901e-05 0.00259325 0.000615026 0.00274941 0.185058 0.0271986 1.66116e-06 0.000112527 0.000507174 0.00392999 0.000151614 0.021985 0.00518828 2.89928e+07 inf 
1775 5010.14 -338210 -49737.1 2.74562 191.071 856.227 -7485.42 92.4745 37268.3 8838.22 68.3214 371436 8160.71 2.21219e-05 0.108412 2.1632 188.677 0.0695187 4333.5 241.886 0.000144291 -0.00974041 -0.00143242 7.90734e-08 5.50283e-06 2.46592e-05 -0.000215579 2.66325e-06 0.00107332 0.000254539 0.00139529 0.102968 0.0152635 7.94263e-07 5.56055e-05 0.000248378 0.00232108 4.46658e-05 0.0111199 0.00262707 3.47224e+07 inf 
1785 2216.97 -169709 -25246.8 1.167 84.1243 373.125 -3980.6 -60.8872 16848 3995.19 16.022 106069 2372.19 4.64277e-06 0.024286 0.476125 59.7668 0.045516 1013.71 56.7082 5.01846e-05 -0.00384162 -0.0005715 2.64169e-08 1.90428e-06 8.44625e-06 -9.01069e-05 -1.37828e-06 0.00038138 9.04373e-05 0.000600137 0.0488495 0.00730558 3.23107e-07 2.33693e-05 0.000103472 0.00115965 3.20691e-05 0.00477509 0.00112938 4.41764e+07 inf 
1795 839.171 -74168.4 -11166.7 0.426297 31.849 139.814 -1832.97 -71.1712 6573.56 1558.56 2.47673 20697.3 472.492 6.54454e-07 0.00365654 0.0704016 12.8043 0.0262535 159.855 8.95722 1.41632e-05 -0.00125179 -0.000188468 7.19487e-09 5.37536e-07 2.35974e-06 -3.09362e-05 -1.2012e-06 0.000110946 2.63047e-05 0.000203963 0.0186482 0.00281763 1.04852e-07 7.83739e-06 3.43896e-05 0.000463842 2.10156e-05 0.0016388 0.000387923 5.92501e+07 inf 
1805 235.164 -24701.7 -3768.44 0.116 8.99794 39.0836 -640.655 -38.2114 1930.32 457.508 0.212833 2383.85 55.8373 5.22535e-08 0.000313296 0.00591508 1.61247 0.00653854 14.5446 0.815504 2.6754e-06 -0.000281025 -4.28726e-05 1.31971e-09 1.02367e-07 4.44644e-07 -7.28857e-06 -4.34721e-07 2.19607e-05 5.20495e-06 4.91344e-05 0.00520014 0.00079587 2.43461e-08 1.88516e-06 8.19125e-06 0.000135246 8.61384e-06 0.000406187 9.61805e-05 8.78986e+07 inf 
1815 49.3238 -6395.79 -989.523 0.0236345 1.91173 8.21364 -173.633 -13.6302 431.964 102.324 0.0126741 196.82 4.72869 2.90806e-09 1.88355e-05 0.000348363 0.144577 0.000938467 0.928092 0.0520085 3.51246e-07 -4.55459e-05 -7.04661e-06 1.68307e-10 1.36138e-08 5.84912e-08 -1.23648e-06 -9.7064e-08 3.07611e-06 7.28672e-07 9.49377e-06 0.00118302 0.000183369 4.54759e-09 3.65987e-07 1.57396e-06 3.2063e-05 2.58333e-06 8.12385e-05 1.9231e-05 1.40425e+08 inf 
1825 7.34921 -1226.9 -192.171 0.00350765 0.298415 1.26547 -34.6105 -3.22888 69.2148 16.3302 0.000438613 8.38208 0.204571 1.2242e-10 8.76573e-07 1.53279e-05 0.00659099 6.71096e-05 0.0317744 0.00178247 2.48988e-08 -4.15668e-06 -6.51066e-07 1.18837e-11 1.01102e-09 4.28737e-09 -1.17259e-07 -1.09393e-08 2.34496e-07 5.5326e-08 1.21876e-06 0.000168466 2.63183e-05 6.43904e-10 5.44864e-08 2.27842e-07 4.72401e-06 4.76701e-07 1.03728e-05 2.4568e-06 2.95164e+08 inf 
1835 0.569982 -139.459 -17.6257 0.00066831 0.060199 0.242502 -3.64118 -0.0796625 5.23283 1.0705 8.2591e-06 0.139798 0.00348026 6.53382e-11 5.32281e-07 8.19225e-06 0.000196722 2.50398e-05 0.000530075 4.08023e-05 4.19104e-10 -1.02544e-07 -1.29601e-08 4.91404e-13 4.42639e-11 1.7831e-10 -2.67733e-09 -5.85753e-11 3.84766e-09 7.87129e-10 7.79275e-08 1.01382e-05 1.59964e-06 2.19186e-10 1.97834e-08 7.76123e-08 3.80317e-07 1.35689e-07 6.24296e-07 1.73208e-07 1.36e+09 inf 
1845 0.0185529 -17.568 -0.726369 -0.000110804 -0.00998233 -0.0385464 -0.689883 -0.0875879 0.157872 0.114663 2.59151e-08 0.000998577 5.17691e-05 9.56953e-12 8.16749e-08 1.23235e-06 1.46506e-05 3.69418e-06 1.88673e-06 4.83842e-06 1.72862e-11 -1.63686e-08 -6.76778e-10 -1.03239e-13 -9.30082e-12 -3.59148e-11 -6.42783e-10 -8.16081e-11 1.47094e-10 1.06834e-10 4.91381e-09 9.64435e-07 2.19623e-07 9.44256e-11 8.72346e-09 3.38854e-08 1.16833e-07 5.86682e-08 4.19273e-08 6.71422e-08 1.07327e+09 inf 
1855 3.53116e-07 -0.000561023 -8.93862e-05 9.16622e-11 8.97104e-09 3.85317e-08 -1.79701e-05 -2.46546e-06 6.36969e-07 1.12985e-07 4.39639e-17 1.11759e-10 2.85092e-12 2.94658e-24 2.82175e-20 5.20476e-19 1.14662e-13 2.16988e-15 1.40593e-16 4.40307e-18 1.67107e-12 -2.65495e-09 -4.23006e-10 4.33776e-16 4.2454e-14 1.82345e-13 -8.50404e-11 -1.16674e-11 3.01435e-12 5.34686e-13 1.43269e-11 2.28437e-08 3.64864e-09 3.70891e-15 3.62949e-13 1.55879e-12 7.317e-10 1.0066e-10 2.56173e-11 4.53331e-12 211312 inf 
1865 0 0 0 0 0 0 0 0 0 0 0 0 0 0 0 0 0 0 0 0 0.0 0.0 0.0 0.0 0.0 0.0 0.0 0.0 0.0 0.0 0.0 0.0 0.0 0.0 0.0 0.0 0.0 0.0 0.0 0.0 0 -nan 
1875 0 0 0 0 0 0 0 0 0 0 0 0 0 0 0 0 0 0 0 0 0.0 0.0 0.0 0.0 0.0 0.0 0.0 0.0 0.0 0.0 0.0 0.0 0.0 0.0 0.0 0.0 0.0 0.0 0.0 0.0 0 -nan 
1885 0 0 0 0 0 0 0 0 0 0 0 0 0 0 0 0 0 0 0 0 0.0 0.0 0.0 0.0 0.0 0.0 0.0 0.0 0.0 0.0 0.0 0.0 0.0 0.0 0.0 0.0 0.0 0.0 0.0 0.0 0 -nan 
1895 0 0 0 0 0 0 0 0 0 0 0 0 0 0 0 0 0 0 0 0 0.0 0.0 0.0 0.0 0.0 0.0 0.0 0.0 0.0 0.0 0.0 0.0 0.0 0.0 0.0 0.0 0.0 0.0 0.0 0.0 0 -nan 
