255 0 0 0 0 0 0 0 0 0 0 0 0 0 0 0 0 0 0 0 0 0.0 0.0 0.0 0.0 0.0 0.0 0.0 0.0 0.0 0.0 0.0 0.0 0.0 0.0 0.0 0.0 0.0 0.0 0.0 0.0 0 -nan 
265 0 0 0 0 0 0 0 0 0 0 0 0 0 0 0 0 0 0 0 0 0.0 0.0 0.0 0.0 0.0 0.0 0.0 0.0 0.0 0.0 0.0 0.0 0.0 0.0 0.0 0.0 0.0 0.0 0.0 0.0 0 -nan 
275 0 0 0 0 0 0 0 0 0 0 0 0 0 0 0 0 0 0 0 0 0.0 0.0 0.0 0.0 0.0 0.0 0.0 0.0 0.0 0.0 0.0 0.0 0.0 0.0 0.0 0.0 0.0 0.0 0.0 0.0 0 -nan 
285 0 0 0 0 0 0 0 0 0 0 0 0 0 0 0 0 0 0 0 0 0.0 0.0 0.0 0.0 0.0 0.0 0.0 0.0 0.0 0.0 0.0 0.0 0.0 0.0 0.0 0.0 0.0 0.0 0.0 0.0 0 -nan 
295 19.1572 1.74778e-05 0.00838133 -1.54404e-28 32.4516 1.45775 6.20668e-12 0.0430151 5.64065 0.0260401 0.00564292 5.45611e-15 3.09586e-07 1.99629e-64 0.000176903 9.05246e-06 2.87358e-28 1.04607e-06 3.91836e-07 2.30644e-10 0.0 0.0 0.0 0.0 0.0 0.0 0.0 0.0 0.0 0.0 0.0 0.0 0.0 0.0 0.0 0.0 0.0 0.0 0.0 0.0 -1.35736e+08 -inf 
305 253.137 0.000835588 0.380314 -3.90834e-26 239.661 18.0554 9.16028e-11 11.5123 140.248 0.322851 0.128815 2.13117e-12 4.77267e-06 4.38961e-59 0.00415023 0.000139871 2.12336e-24 0.00990724 0.000128743 8.37069e-07 7.59323e-07 2.50647e-12 1.14081e-09 -1.17236e-34 7.18899e-07 5.41597e-08 2.74776e-19 3.45329e-08 4.20695e-07 9.6844e-10 1.96424e-05 7.99154e-11 1.19645e-07 3.43407e-34 3.45433e-06 6.45468e-07 7.98076e-17 5.45133e-06 4.57384e-07 5.00996e-08 3.33373e+08 inf 
315 188.035 0.00156638 0.663502 -8.43137e-25 195.9 20.636 9.5167e-11 56.6438 129.586 0.581912 0.227059 1.64903e-11 1.20475e-06 5.27489e-54 0.0367655 0.000175125 1.01104e-24 0.128321 0.000242265 1.87505e-05 1.79724e-06 1.49714e-11 6.34175e-09 -8.05871e-33 1.87242e-06 1.97239e-07 9.09607e-19 5.41402e-07 1.23858e-06 5.56192e-09 4.65511e-05 3.96725e-10 1.0712e-07 2.24394e-31 1.86521e-05 1.27865e-06 9.82993e-17 3.50171e-05 8.84016e-07 4.23304e-07 1.04624e+08 inf 
325 71.59 0.00115108 1.63611 -1.25332e-23 264.836 26.6626 1.89543e-10 138.978 106.396 1.49413 0.144109 4.74384e-11 7.89793e-06 9.80271e-51 0.207496 0.00053708 2.23189e-24 0.645425 0.000398463 0.000145375 1.10669e-06 1.77942e-11 2.52922e-08 -1.93746e-31 4.09402e-06 4.12169e-07 2.93008e-18 2.14842e-06 1.64474e-06 2.30973e-08 4.71859e-05 8.56165e-10 3.485e-07 1.23085e-29 5.64877e-05 2.85179e-06 1.85724e-16 9.9864e-05 1.85864e-06 1.49892e-06 6.46885e+07 inf 
335 28.7254 0.000750133 3.7778 -1.42858e-22 460.66 39.6505 5.38516e-10 259.657 95.9471 3.12935 0.013788 9.74995e-12 3.83198e-05 3.03611e-48 0.757205 0.00184887 1.63926e-23 1.93879 0.000847915 0.000597528 6.08734e-07 1.58965e-11 8.00572e-08 -3.02739e-30 9.76209e-06 8.40253e-07 1.1412e-17 5.50253e-06 2.03327e-06 6.63156e-08 1.70827e-05 4.54273e-10 8.97578e-07 2.53635e-28 0.000126297 6.20276e-06 5.89283e-16 0.000202622 3.71947e-06 3.55783e-06 4.71887e+07 inf 
345 11.8392 0.000436272 7.50324 -1.55712e-21 796.813 61.7076 1.49102e-09 417.828 90.3324 5.60815 0.00543781 7.28129e-12 0.000134476 2.31607e-45 2.14263 0.00537467 1.12574e-22 4.4653 0.00183114 0.00170632 3.16593e-07 1.16664e-11 2.00645e-07 -4.16392e-29 2.13077e-05 1.65013e-06 3.98717e-17 1.11732e-05 2.41559e-06 1.49968e-07 1.20546e-05 4.41105e-10 1.88568e-06 7.86972e-27 0.000238416 1.18744e-05 1.73458e-15 0.000345373 6.56747e-06 6.75326e-06 3.73956e+07 inf 
355 3.61528 0.000202217 13.4145 -1.05032e-20 1295.91 94.5154 3.58333e-09 618.435 88.9226 9.11019 0.00102768 4.01319e-12 0.000385988 3.9953e-44 5.16059 0.0131718 5.01084e-22 8.79723 0.00375993 0.0039216 1.28166e-07 7.16887e-12 4.75561e-07 -3.72351e-28 4.59415e-05 3.35069e-06 1.27034e-16 2.19243e-05 3.15242e-06 3.22968e-07 6.03458e-06 3.77123e-10 3.66846e-06 3.76331e-26 0.000425251 2.13478e-05 4.21283e-15 0.000558026 1.11066e-05 1.17865e-05 2.82077e+07 inf 
365 2.04004 0.000182296 22.0547 -7.98351e-20 1978.64 139.157 7.76258e-09 858.796 94.8181 13.6874 0.000588364 5.88947e-12 0.000988858 6.25159e-42 11.1892 0.028666 2.62747e-21 16.2198 0.00720342 0.00829799 8.67598e-08 7.75278e-12 9.37954e-07 -3.39527e-27 8.41485e-05 5.91814e-06 3.30131e-16 3.65234e-05 4.03248e-06 5.82104e-07 5.00147e-06 5.0041e-10 6.41677e-06 5.15616e-25 0.000684674 3.44108e-05 1.05657e-14 0.000829741 1.7032e-05 1.87767e-05 2.35136e+07 inf 
375 1.58136 0.000177538 33.9967 -4.37118e-19 2870.55 195.931 1.50018e-08 1130.03 104.968 19.2002 0.00047341 8.70565e-12 0.00222756 7.61475e-41 21.9068 0.0555741 8.06802e-21 25.8255 0.0125771 0.0145626 7.60215e-08 8.53488e-12 1.63435e-06 -2.10139e-26 0.000137998 9.4191e-06 7.2119e-16 5.43247e-05 5.0462e-06 9.23022e-07 4.76999e-06 6.46869e-10 1.02184e-05 1.91318e-24 0.00101691 5.08225e-05 1.96809e-14 0.00111291 2.40658e-05 2.64428e-05 2.08014e+07 inf 
385 0.917117 0.000125885 50.1984 -2.25377e-18 4012.59 267.932 2.72693e-08 1453.93 119.553 26.2207 0.000340418 1.57129e-11 0.0045817 1.38899e-39 40.3443 0.101006 2.61221e-20 41.4482 0.0210392 0.0255562 5.15562e-08 7.07666e-12 2.82193e-06 -1.26697e-25 0.000225569 1.50619e-05 1.53296e-15 8.17332e-05 6.72074e-06 1.47401e-06 4.37425e-06 9.39818e-10 1.57987e-05 8.83554e-24 0.00148899 7.38325e-05 3.82899e-14 0.00152425 3.37277e-05 3.78745e-05 1.77887e+07 inf 
395 0.563815 8.69397e-05 71.5779 -1.06525e-17 5459.19 356.034 4.68828e-08 1842.38 139.612 34.9572 0.000586907 7.90218e-11 0.00890314 2.52086e-38 70.7921 0.173452 5.94975e-20 62.2131 0.0336067 0.0409401 3.44498e-08 5.31213e-12 4.3735e-06 -6.50884e-25 0.000333564 2.17542e-05 2.8646e-15 0.000112572 8.53049e-06 2.13593e-06 5.98829e-06 2.19734e-09 2.291e-05 3.9241e-23 0.00205286 0.000100623 6.0226e-14 0.00194644 4.45044e-05 4.99693e-05 1.63663e+07 inf 
405 0.218325 1.44487e-05 98.4425 -4.58619e-17 7175.91 458.519 7.77236e-08 2280.24 164.654 45.2986 0.00242997 3.86555e-10 0.0166374 3.43397e-37 118.151 0.286197 1.71877e-19 95.045 0.0526128 0.0674748 1.39773e-08 9.25016e-13 6.30236e-06 -2.93611e-24 0.000459407 2.93547e-05 4.97592e-15 0.000145982 1.05412e-05 2.90005e-06 1.24727e-05 4.97469e-09 3.20221e-05 1.48243e-22 0.00271165 0.000132139 1.0478e-13 0.00246242 5.70718e-05 6.5661e-05 1.56199e+07 inf 
415 0.101091 4.80749e-05 133.656 -1.83554e-16 9343.26 584.798 1.25529e-07 2812.06 196.08 58.0324 0.0161091 5.91932e-09 0.0300218 6.43248e-36 192.252 0.459058 4.20109e-19 136.56 0.0809899 0.101839 7.37126e-09 3.5055e-12 9.74588e-06 -1.33843e-23 0.000681287 4.2642e-05 9.15321e-15 0.000205048 1.42977e-05 4.23157e-06 3.4273e-05 2.07755e-08 4.57616e-05 6.84734e-22 0.00368162 0.000177919 1.74784e-13 0.0031489 7.5506e-05 8.60695e-05 1.37141e+07 inf 
425 0.456449 0.000366786 176.454 -6.32768e-16 11879.1 727.928 1.91866e-07 3385.07 230.24 71.987 0.0382891 2.11412e-08 0.050641 4.98465e-35 296.792 0.697589 8.67213e-19 183.343 0.118207 0.141837 3.68365e-08 2.96005e-11 1.42403e-05 -5.1066e-23 0.000958672 5.87456e-05 1.54841e-14 0.000273184 1.85809e-05 5.80953e-06 5.5588e-05 4.13055e-08 6.23223e-05 2.00503e-21 0.00479925 0.000229883 2.64096e-13 0.00383688 9.58873e-05 0.000106831 1.23912e+07 inf 
435 0.853457 0.00065346 229.364 -2.11396e-15 14906.3 893.404 2.91596e-07 4073.06 270.901 89.5592 0.045534 2.76859e-08 0.0852937 4.66323e-34 456.201 1.04989 1.97106e-18 257.863 0.172231 0.209316 7.67595e-08 5.87718e-11 2.06288e-05 -1.90128e-22 0.00134066 8.03522e-05 2.6226e-14 0.000366328 2.43647e-05 8.0549e-06 6.39945e-05 4.99004e-08 8.51217e-05 6.47338e-21 0.00626363 0.000296598 4.20224e-13 0.00480186 0.000122052 0.00013697 1.11186e+07 inf 
445 1.09399 0.000923516 293.844 -6.53165e-15 18468.8 1083.64 4.32085e-07 4873.22 319.119 110.459 0.101427 5.6855e-08 0.13834 2.82843e-33 681.066 1.54192 3.95995e-18 350.217 0.246246 0.294162 1.06969e-07 9.03004e-11 2.87318e-05 -6.38657e-22 0.00180586 0.000105957 4.22488e-14 0.000476498 3.12031e-05 1.08005e-05 9.95862e-05 7.45601e-08 0.0001127 1.66178e-20 0.00795819 0.00037355 6.20818e-13 0.00583239 0.000152 0.000169252 1.02272e+07 inf 
455 2.12951 0.00170261 371.869 -1.94952e-14 22661 1300.4 6.27304e-07 5791.21 375.043 135.07 0.225603 1.22704e-07 0.219525 1.56992e-32 1001.49 2.21597 7.48502e-18 466.686 0.346093 0.404033 2.21713e-07 1.77267e-10 3.87169e-05 -2.02973e-21 0.00235933 0.00013539 6.53113e-14 0.000602949 3.90474e-05 1.40627e-05 0.000153259 1.13028e-07 0.000146139 4.03781e-20 0.00993492 0.000460851 8.80359e-13 0.00694444 0.000185765 0.000204616 9.60482e+06 inf 
465 2.61278 0.00252053 467.051 -5.53637e-14 27602.3 1552.48 8.94735e-07 6855.08 441.602 164.194 0.326868 2.3274e-07 0.340681 9.41438e-32 1440.81 3.126 1.44454e-17 644.839 0.480652 0.57703 2.91482e-07 2.81191e-10 5.21044e-05 -6.17639e-21 0.00307932 0.000173196 9.9817e-14 0.000764755 4.92653e-05 1.83175e-05 0.000190959 1.61135e-07 0.000187861 1.02296e-19 0.0122986 0.000564572 1.26553e-12 0.00844711 0.000226262 0.000253058 8.96376e+06 inf 
475 2.39991 0.00283223 579.274 -1.48024e-13 33278.9 1831.95 1.2647e-06 8067.98 516.075 198.11 0.261256 3.29819e-07 0.521207 4.97679e-31 2049.98 4.36014 2.6757e-17 827.445 0.66284 0.758314 2.92509e-07 3.45201e-10 7.06038e-05 -1.80417e-20 0.00405615 0.000223284 1.54146e-13 0.000983352 6.29009e-05 2.41463e-05 0.000178445 2.00498e-07 0.000241954 2.45628e-19 0.0152776 0.000693955 1.7993e-12 0.00999424 0.000277187 0.000303056 8.20457e+06 inf 
485 4.18369 0.00522988 711.008 -3.83552e-13 39745.9 2143.79 1.75345e-06 9426.19 601.162 236.94 0.649402 9.23621e-07 0.778569 2.44824e-30 2856.12 5.96926 4.92255e-17 1097.44 0.900486 1.03294 5.46067e-07 6.82619e-10 9.28027e-05 -5.00623e-20 0.00518775 0.000279814 2.28865e-13 0.00123033 7.84654e-05 3.09261e-05 0.000291138 3.47208e-07 0.000304973 5.63067e-19 0.0185978 0.000837155 2.52442e-12 0.0119049 0.000333732 0.000365877 7.6615e+06 inf 
495 6.28433 0.00845238 870.17 -9.57435e-13 47381.3 2505 2.39507e-06 10983.4 702.003 282.149 1.07197 1.66717e-06 1.14398 1.29489e-29 3936.84 8.04074 8.6962e-17 1435.11 1.20664 1.38574 8.72384e-07 1.17335e-09 0.000120796 -1.3291e-19 0.00657742 0.000347741 3.32481e-13 0.00152471 9.74514e-05 3.91677e-05 0.000385758 4.81076e-07 0.000379756 1.33413e-18 0.0224331 0.000997639 3.45853e-12 0.0140319 0.000397502 0.000436844 7.20362e+06 inf 
505 4.38641 0.00648273 1060.98 -2.30275e-12 56336.9 2920.7 3.30413e-06 12927 822.879 339.942 0.547697 1.0651e-06 1.68731 5.36966e-29 5437.53 10.9211 1.58857e-16 1871.12 1.64498 1.85002 6.47299e-07 9.56653e-10 0.000156568 -3.39815e-19 0.00831361 0.000431006 4.87588e-13 0.00190763 0.000121432 5.0165e-05 0.000284294 3.96454e-07 0.000473794 2.79437e-18 0.0270795 0.00119409 4.81713e-12 0.016507 0.000477497 0.000520086 6.77647e+06 inf 
515 4.87501 0.00791705 1280.86 -5.29178e-12 66370.1 3376.18 4.43125e-06 14987.1 956.626 401.829 0.624839 1.47015e-06 2.41306 1.99251e-28 7319.5 14.4321 2.66222e-16 2397.71 2.18122 2.4142 7.69385e-07 1.24949e-09 0.000202148 -8.3516e-19 0.0104747 0.000532837 6.9935e-13 0.00236529 0.000150977 6.34176e-05 0.000314027 4.81686e-07 0.00058307 5.54515e-18 0.0323336 0.00141202 6.44412e-12 0.0193085 0.000566966 0.000613997 6.33624e+06 inf 
525 5.52977 0.00981265 1532.53 -1.18485e-11 77596.6 3874.2 5.88191e-06 17299 1106.43 472.729 0.492115 1.47445e-06 3.40176 7.58887e-28 9735.15 18.8593 4.40427e-16 3064.95 2.86736 3.14912 9.23126e-07 1.6381e-09 0.000255837 -1.97796e-18 0.0129538 0.000646749 9.81911e-13 0.00288785 0.000184705 7.89162e-05 0.000286621 4.96123e-07 0.000708822 1.10804e-17 0.0381754 0.00165228 8.51819e-12 0.0224347 0.000666749 0.000720748 5.99027e+06 inf 
535 5.23269 0.00971028 1834.57 -2.60341e-11 90813.5 4453.68 7.84631e-06 20105.1 1284.86 560.162 0.416432 1.33548e-06 4.80357 2.75458e-27 12958.9 24.7424 7.43835e-16 3953.3 3.79992 4.15631 9.07838e-07 1.68467e-09 0.000318285 -4.51675e-18 0.0157555 0.000772684 1.36128e-12 0.00348809 0.000222914 9.71844e-05 0.000268789 4.81347e-07 0.000855618 2.13893e-17 0.0447218 0.0019224 1.12782e-11 0.0259558 0.00078075 0.000843592 5.76391e+06 inf 
545 4.25569 0.00848382 2184.85 -5.56986e-11 105928 5099.11 1.03336e-05 23337.9 1489.4 662.416 0.414769 1.53307e-06 6.67507 9.10247e-27 17119.7 32.0541 1.19706e-15 5017.76 4.98111 5.3764 7.6156e-07 1.51819e-09 0.000390981 -9.96733e-18 0.018956 0.000912492 1.84921e-12 0.00417634 0.00026653 0.00011854 0.000272439 5.23777e-07 0.00102061 3.91095e-17 0.0520026 0.00221438 1.45188e-11 0.0296731 0.000905725 0.000973684 5.58812e+06 inf 
555 2.85261 0.00629187 2588.04 -1.15687e-10 122870 5814.48 1.35079e-05 26862.6 1721.92 775.751 0.245118 1.06847e-06 9.18477 3.27234e-26 22298.7 41.1681 1.94827e-15 6362.8 6.4933 6.9487 5.28386e-07 1.16544e-09 0.00047938 -2.14286e-17 0.0227591 0.00107701 2.50205e-12 0.00497573 0.000318949 0.000143692 0.000213079 4.44871e-07 0.00121305 7.48475e-17 0.0601032 0.00254275 1.88312e-11 0.0339679 0.00104929 0.00112537 5.39872e+06 inf 
565 2.9107 0.00680728 3060.15 -2.33261e-10 142410 6627.42 1.76187e-05 31100.9 1994.15 914.014 0.220122 1.12307e-06 12.562 1.04262e-25 29020.5 52.7629 3.08783e-15 8038.03 8.46544 8.96429 5.60108e-07 1.30993e-09 0.000588865 -4.48866e-17 0.0274041 0.00127532 3.39038e-12 0.00598475 0.000383735 0.000175884 0.00020581 4.64877e-07 0.00143894 1.34344e-16 0.069523 0.00292006 2.41391e-11 0.0388709 0.00121727 0.00130156 5.19668e+06 inf 
575 2.93327 0.00709553 3610.54 -4.59576e-10 164781 7549.27 2.28753e-05 35999.6 2309.18 1075.52 0.209975 1.16096e-06 17.047 3.12307e-25 37479.6 67.292 4.88889e-15 10256.6 11.0041 11.6432 5.82787e-07 1.40975e-09 0.000717348 -9.13094e-17 0.0327391 0.0014999 4.54491e-12 0.00715247 0.000458793 0.000213686 0.000204249 4.8027e-07 0.0016948 2.31759e-16 0.0798416 0.00333467 3.0833e-11 0.0445717 0.00140564 0.00150587 5.03317e+06 inf 
585 2.83625 0.00743044 4230.45 -8.78562e-10 189424 8549.37 2.94114e-05 41384.4 2663.9 1256.46 0.198906 1.26282e-06 22.858 9.9262e-25 47917.3 84.9271 7.6943e-15 12689.3 14.1949 14.7195 5.86361e-07 1.53615e-09 0.000874593 -1.81632e-16 0.039161 0.00176748 6.08045e-12 0.00855571 0.000550729 0.000259758 0.000202783 5.1095e-07 0.00199015 4.14996e-16 0.0915026 0.00379917 3.94174e-11 0.0504991 0.00162213 0.001725 4.83705e+06 inf 
595 2.31904 0.00675981 4954.25 -1.64529e-09 217861 9685.71 3.79559e-05 48036.8 3079.64 1482.74 0.112811 9.04319e-07 30.6806 2.96165e-24 61414.8 107.543 1.20443e-14 16604.6 18.4257 19.579 4.9825e-07 1.45236e-09 0.00106443 -3.53494e-16 0.046808 0.002081 8.15492e-12 0.0103208 0.000661667 0.000318571 0.000155684 4.40787e-07 0.0023364 7.15094e-16 0.104901 0.00433305 5.0212e-11 0.0588303 0.00187643 0.00202611 4.65436e+06 inf 
605 2.81969 0.00887803 5788.42 -3.04288e-09 250024 10966.1 4.84612e-05 55195.7 3560.75 1729.72 0.156291 1.55349e-06 40.5874 9.21785e-24 77796.1 134.715 1.83732e-14 20245 23.6422 24.3927 6.23196e-07 1.96219e-09 0.00127933 -6.72525e-16 0.0552594 0.00242368 1.07107e-11 0.0121991 0.000786983 0.000382296 0.000185856 5.85955e-07 0.0027081 1.25897e-15 0.118914 0.00488875 6.28175e-11 0.0657697 0.00214615 0.0022902 4.52456e+06 inf 
615 2.23068 0.00764925 6716.21 -5.49471e-09 285065 12342.3 6.16096e-05 63324.9 4096.44 2014.44 0.0889455 1.1451e-06 53.342 2.59626e-23 97796.8 167.921 2.86603e-14 25516.9 30.3137 31.3297 5.06589e-07 1.73715e-09 0.00152525 -1.24785e-15 0.0647383 0.00280294 1.39916e-11 0.0143811 0.000930304 0.000457481 0.000142124 5.09952e-07 0.00312852 2.08302e-15 0.134234 0.00550259 7.94545e-11 0.0747535 0.00245332 0.00262787 4.40334e+06 inf 
625 2.18443 0.00790634 7829.67 -9.72231e-09 326807 13970.9 7.86465e-05 73453.8 4754.39 2371.5 0.0594433 7.6783e-07 70.2858 7.14073e-23 123573 210.235 4.38408e-14 32588.8 39.1251 40.7075 5.10242e-07 1.84677e-09 0.00182886 -2.27095e-15 0.0763359 0.00326333 1.83703e-11 0.0171574 0.00111054 0.000553938 0.000117833 4.23494e-07 0.00361562 3.39443e-15 0.15178 0.00620141 9.95134e-11 0.0855438 0.00281169 0.00303342 4.28117e+06 inf 
635 2.33976 0.009172 9054.87 -1.68575e-08 371732 15709.1 9.96619e-05 84644.7 5481.07 2774.37 0.0349748 5.0866e-07 91.6359 1.94698e-22 154627 261.071 6.61628e-14 40731.4 50.1474 51.9727 5.64251e-07 2.21189e-09 0.00218365 -4.0653e-15 0.0896458 0.00378835 2.40342e-11 0.0204127 0.0013218 0.00066906 9.18375e-05 3.50232e-07 0.00416297 5.51599e-15 0.171035 0.00697191 1.24008e-10 0.0969845 0.00321656 0.00347649 4.14667e+06 inf 
645 2.45123 0.0103283 10441.8 -2.86551e-08 421969 17636.9 0.000125572 97271.3 6316.78 3233.77 0.0243544 4.29389e-07 118.453 5.26152e-22 192303 322.407 9.90934e-14 50625 63.952 65.8424 6.09667e-07 2.56883e-09 0.00259707 -7.12705e-15 0.104952 0.00438663 3.12322e-11 0.0241932 0.0015711 0.000804298 7.78269e-05 3.26788e-07 0.0047662 8.94812e-15 0.191871 0.00780679 1.53854e-10 0.109572 0.00366575 0.00396602 4.02061e+06 inf 
655 2.81915 0.0125214 12003.9 -4.78451e-08 477530 19764.8 0.000157806 111777 7271.29 3768.7 0.0241603 4.39577e-07 152.373 1.37109e-21 238003 397.051 1.47229e-13 63071.5 81.5098 83.6126 7.24257e-07 3.21682e-09 0.00308388 -1.22917e-14 0.12268 0.00507769 4.05412e-11 0.0287162 0.00186804 0.0009682 7.87807e-05 3.36035e-07 0.00544381 1.41829e-14 0.214695 0.00873051 1.90212e-10 0.124011 0.00417741 0.00453245 3.89248e+06 inf 
665 2.991 0.0145261 13808.2 -7.90854e-08 541066 22183.7 0.000199484 129514 8399.57 4431.92 0.0182175 4.07452e-07 196.701 3.58525e-21 295835 491.43 2.2522e-13 80538.3 104.736 108.931 7.88546e-07 3.82966e-09 0.00364039 -2.085e-14 0.142646 0.00584849 5.25917e-11 0.034145 0.00221445 0.00116843 6.92981e-05 3.27728e-07 0.00621334 2.2594e-14 0.240095 0.009765 2.37931e-10 0.141659 0.00476536 0.00523004 3.79306e+06 inf 
675 3.68645 0.0190291 15810.7 -1.28272e-07 610407 24819 0.000249331 148828 9674.47 5164.37 0.0209876 5.25482e-07 250.687 8.93058e-21 364040 601.766 3.25185e-13 99071.8 133.1 136.771 9.97273e-07 5.14783e-09 0.00427719 -3.47006e-14 0.16513 0.00671415 6.74501e-11 0.0402614 0.00261718 0.00139709 7.53436e-05 3.77e-07 0.00703723 3.4811e-14 0.266859 0.0108495 2.88827e-10 0.158683 0.00539974 0.00592013 3.69653e+06 inf 
685 4.36554 0.0241051 18057.7 -2.0501e-07 686870 27731 0.000312386 171552 11140.8 6039.84 0.0293435 8.83087e-07 319.157 2.19053e-20 447183 738.295 4.83664e-13 124034 169.818 174.826 1.21196e-06 6.69204e-09 0.00501317 -5.69146e-14 0.190688 0.00769866 8.67243e-11 0.0476261 0.0030929 0.00167677 9.02487e-05 4.95093e-07 0.00796694 5.33109e-14 0.296285 0.0120704 3.56024e-10 0.179348 0.00613015 0.00676191 3.60206e+06 inf 
695 4.87349 0.0285469 20593.8 -3.23792e-07 771958 30975.5 0.00039095 197751 12839 7061.16 0.0270282 9.31202e-07 405.028 5.30543e-20 547586 904 7.23686e-13 155786 216.828 224.221 1.38604e-06 8.11884e-09 0.00585694 -9.20876e-14 0.219548 0.00880954 1.11188e-10 0.0562412 0.00365146 0.00200822 8.76641e-05 5.14559e-07 0.00899375 8.1294e-14 0.327924 0.0133975 4.39837e-10 0.202837 0.00695223 0.00772894 3.51613e+06 inf 
705 5.34278 0.0331258 23401.9 -5.03719e-07 864890 34513.9 0.000486411 227550 14759.7 8237.31 0.0145564 4.43826e-07 510.077 1.24838e-19 667216 1100.84 1.06221e-12 195273 275.224 286.501 1.55448e-06 9.63791e-09 0.00680877 -1.46557e-13 0.251639 0.0100418 1.41521e-10 0.0662056 0.00429433 0.00239664 6.50596e-05 3.59218e-07 0.0101018 1.2183e-13 0.361668 0.0148139 5.37606e-10 0.228979 0.00785079 0.00880984 3.43703e+06 inf 
715 6.30698 0.0412847 26589.5 -7.73841e-07 968656 38500.9 0.000608376 263125 17011.8 9665.3 0.0125528 4.33342e-07 644.096 2.86662e-19 814239 1347.17 1.57866e-12 245821 351.951 368.814 1.87581e-06 1.22788e-08 0.00790819 -2.30154e-13 0.288096 0.0114509 1.80942e-10 0.078258 0.00505962 0.00287464 6.1073e-05 3.58794e-07 0.011359 1.79687e-13 0.398961 0.016418 6.60895e-10 0.258819 0.00889252 0.0100712 3.36227e+06 inf 
725 7.23574 0.0500863 30081.2 -1.17526e-06 1.08067e+06 42814.3 0.000753392 301990 19534.7 11246.2 0.00955809 3.84761e-07 804.1 6.42432e-19 984453 1632.71 2.27522e-12 306113 445.43 467.98 2.19107e-06 1.51667e-08 0.00910897 -3.55884e-13 0.327239 0.0129647 2.28136e-10 0.0914462 0.00591534 0.00340549 5.37541e-05 3.40999e-07 0.0126696 2.60543e-13 0.437057 0.0180643 7.98072e-10 0.290401 0.00999452 0.0114067 3.30238e+06 inf 
735 8.59629 0.0627237 34024.1 -1.76466e-06 1.20526e+06 47649.2 0.000937339 348431 22479.1 13163.9 0.0113059 5.07305e-07 1005.9 1.41511e-18 1.19238e+06 1986.99 3.3662e-12 382102 567.202 598.601 2.64931e-06 1.93309e-08 0.010486 -5.43855e-13 0.371453 0.0146851 2.8888e-10 0.107384 0.00692789 0.004057 5.89691e-05 3.94935e-07 0.0141441 3.74632e-13 0.479066 0.0199179 9.76721e-10 0.325929 0.0112611 0.0129624 3.24473e+06 inf 
745 10.2199 0.0781581 38422.4 -2.61314e-06 1.34216e+06 53008.2 0.0011641 401150 25848 15375.2 0.0119203 5.41398e-07 1253.57 3.03266e-18 1.43848e+06 2412.91 4.91254e-12 478312 721.331 766.019 3.20118e-06 2.44814e-08 0.012035 -8.18511e-13 0.420404 0.0166037 3.6463e-10 0.125652 0.00809635 0.00481595 6.10208e-05 4.11074e-07 0.015742 5.29109e-13 0.523292 0.0219114 1.18566e-09 0.366105 0.0126645 0.0147223 3.19255e+06 inf 
755 12.2238 0.0980752 43264.6 -3.81322e-06 1.49044e+06 58861.5 0.00144412 462334 29674.9 17976.1 0.0070272 3.9317e-07 1557.26 6.34671e-18 1.73091e+06 2926.83 7.22349e-12 602492 916.841 985.926 3.89943e-06 3.12864e-08 0.0138016 -1.21643e-12 0.475458 0.018777 4.60679e-10 0.147486 0.0094664 0.00573444 4.71858e-05 3.52766e-07 0.0175011 7.38185e-13 0.571057 0.0241059 1.44641e-09 0.41285 0.014243 0.0167818 3.13476e+06 inf 
765 14.6008 0.122578 48554.7 -5.45952e-06 1.64981e+06 65203.1 0.00178244 530847 33984.5 20936.2 0.00591318 3.53713e-07 1922.12 1.28546e-17 2.07184e+06 3532.15 1.04801e-11 749789 1159.42 1256.24 4.76269e-06 3.99842e-08 0.0158382 -1.78086e-12 0.538158 0.0212688 5.81422e-10 0.173159 0.0110855 0.00682925 4.36596e-05 3.37313e-07 0.0193942 1.01075e-12 0.621455 0.0264538 1.75513e-09 0.463241 0.0159783 0.0190562 3.06567e+06 inf 
775 17.5899 0.154345 54654.4 -7.71643e-06 1.83147e+06 72523.4 0.00221747 614515 39085.6 24590.1 0.00643694 4.45981e-07 2385.63 2.54641e-17 2.49139e+06 4295.2 1.54421e-11 953330 1478.53 1632.63 5.86809e-06 5.14906e-08 0.018233 -2.57425e-12 0.61099 0.0241943 7.39762e-10 0.205006 0.0130392 0.0082034 4.5967e-05 3.8227e-07 0.0215271 1.36684e-12 0.676634 0.0291126 2.14577e-09 0.525366 0.0179785 0.0218486 2.99755e+06 inf 
785 21.0737 0.192559 61120.1 -1.07535e-05 2.0203e+06 80209.8 0.00273013 704377 44661.9 28598 0.00685853 5.09859e-07 2927.5 4.90837e-17 2.96622e+06 5169.53 2.22557e-11 1.18381e+06 1864.98 2076.98 7.16842e-06 6.55007e-08 0.0207906 -3.6579e-12 0.687226 0.0272841 9.28679e-10 0.239601 0.0151922 0.00972789 4.77662e-05 4.1127e-07 0.0237396 1.821e-12 0.732603 0.031844 2.58999e-09 0.587601 0.0200895 0.0247361 2.9398e+06 inf 
795 25.4088 0.241192 68477.9 -1.47118e-05 2.23212e+06 88948.5 0.00337685 810512 51176.3 33404.8 0.00905311 7.0193e-07 3603.55 9.19389e-17 3.5408e+06 6249.68 3.22297e-11 1.47474e+06 2364.05 2652.8 8.82454e-06 8.37665e-08 0.0237825 -5.10946e-12 0.77522 0.030892 1.17279e-09 0.281493 0.0177737 0.0116016 5.53741e-05 4.86585e-07 0.0261899 2.41331e-12 0.792944 0.0348742 3.13337e-09 0.657983 0.0224752 0.0280487 2.87934e+06 inf 
805 30.6888 0.302643 76454 -1.97048e-05 2.45685e+06 98399.3 0.00417884 933938 58457.3 39073 0.0113411 9.77678e-07 4427.08 1.67861e-16 4.21433e+06 7556.98 4.73305e-11 1.86069e+06 2996.89 3429.69 1.08735e-05 1.07231e-07 0.0270887 -6.9817e-12 0.870497 0.0348642 1.48062e-09 0.330907 0.0207122 0.0138441 6.24507e-05 5.78711e-07 0.0288925 3.27588e-12 0.857573 0.0382365 3.81806e-09 0.741463 0.0251564 0.0319926 2.82236e+06 inf 
815 36.9377 0.377981 85276.3 -2.57942e-05 2.70145e+06 108830 0.00516041 1.07318e+06 66698.9 45581.5 0.00345408 3.40933e-07 5420.81 3.02376e-16 4.99948e+06 9117.67 6.87962e-11 2.33539e+06 3787.87 4413.72 1.33095e-05 1.36195e-07 0.030727 -9.29425e-12 0.973396 0.0392141 1.85941e-09 0.386691 0.0240331 0.0164241 3.26717e-05 3.2295e-07 0.0317663 4.75076e-12 0.924083 0.0418039 4.6186e-09 0.831845 0.0280583 0.0363403 2.77529e+06 inf 
825 44.752 0.473916 94940.4 -3.26348e-05 2.96417e+06 120250 0.00637466 1.23332e+06 75972 53192.3 0.00564577 6.0332e-07 6628.12 5.45919e-16 5.9218e+06 11001.9 1.00836e-10 2.93683e+06 4784.04 5690.94 1.64006e-05 1.7368e-07 0.0347935 -1.19599e-11 1.0863 0.0440688 2.33617e-09 0.451983 0.027842 0.0194938 4.24272e-05 4.36965e-07 0.0349065 7.55163e-12 0.995063 0.0457155 5.61217e-09 0.933806 0.031274 0.0412988 2.72868e+06 inf 
835 54.029 0.591524 105768 -3.95797e-05 3.25391e+06 133024 0.00787358 1.41741e+06 86573.2 62084 0.00751268 8.91737e-07 8099.18 1.02261e-15 7.00796e+06 13274.5 1.47261e-10 3.68493e+06 6039.61 7327.03 2.00786e-05 2.19826e-07 0.0393062 -1.47089e-11 1.20924 0.0494354 2.92603e-09 0.526748 0.0321729 0.0230721 4.8875e-05 5.32043e-07 0.0382739 1.27937e-11 1.06868 0.0498929 6.79444e-09 1.04497 0.0347762 0.0468038 2.69087e+06 inf 
845 64.579 0.729586 117317 -4.46457e-05 3.5555e+06 146611 0.0096945 1.62238e+06 98177.4 72190.3 0.00584052 7.36482e-07 9851.49 2.02394e-15 8.25289e+06 15962.7 2.13771e-10 4.60767e+06 7590.04 9408.31 2.44006e-05 2.75668e-07 0.044327 -1.6869e-11 1.34341 0.0553956 3.66298e-09 0.613001 0.0370954 0.0272765 4.01422e-05 4.49756e-07 0.0419215 2.19126e-11 1.14609 0.0544307 8.20694e-09 1.16842 0.0386233 0.0530174 2.64662e+06 inf 
855 77.3322 0.900635 130143 -4.43113e-05 3.88285e+06 161705 0.0119482 1.85693e+06 111323 83963.1 0.00787744 1.06765e-06 11984.5 4.64964e-15 9.70952e+06 19213.1 3.1041e-10 5.74606e+06 9539.37 12057.7 2.9736e-05 3.46315e-07 0.0500429 -1.70387e-11 1.49304 0.0621794 4.59435e-09 0.714032 0.0428062 0.0322857 4.63123e-05 5.39076e-07 0.0458696 3.86985e-11 1.22652 0.059343 9.91219e-09 1.30371 0.0428455 0.0599509 2.60062e+06 inf 
865 92.2312 1.10539 144181 -3.23624e-05 4.23385e+06 178205 0.0146997 2.12285e+06 125970 97534.1 0.00936293 1.35312e-06 14546.7 1.175e-14 1.13948e+07 23087.7 4.48168e-10 7.16081e+06 11954.6 15448.9 3.60489e-05 4.32045e-07 0.0563537 -1.2649e-11 1.65482 0.0696519 5.74543e-09 0.829724 0.0492359 0.0381215 4.85799e-05 5.84987e-07 0.0500987 6.65774e-11 1.30968 0.0645951 1.1923e-08 1.45272 0.0474164 0.0677127 2.5585e+06 inf 
875 110.226 1.35719 160006 2.69609e-06 4.61961e+06 196864 0.0182129 2.43738e+06 142709 113817 0.0131613 2.01466e-06 17735.1 3.2991e-14 1.33975e+07 27924.6 6.63969e-10 9.04555e+06 15045.8 20061.1 4.3741e-05 5.38576e-07 0.0634953 1.06989e-12 1.83321 0.0781216 7.22746e-09 0.967228 0.0566315 0.0451663 5.75286e-05 7.13734e-07 0.0548287 1.14415e-10 1.39853 0.0705575 1.45343e-08 1.62912 0.0525691 0.0769473 2.51996e+06 inf 
885 130.771 1.65198 176973 8.01742e-05 5.02343e+06 216807 0.0224214 2.78087e+06 160964 131986 0.0156011 2.46817e-06 21486.5 9.50402e-14 1.56622e+07 33558.3 9.6595e-10 1.12768e+07 18792.9 25710.6 5.27313e-05 6.66131e-07 0.0713613 3.23288e-11 2.02561 0.0874238 9.04104e-09 1.12134 0.0649057 0.053221 5.92476e-05 7.42642e-07 0.0597629 1.93075e-10 1.48742 0.0767389 1.75431e-08 1.81378 0.05801 0.0868037 2.47996e+06 inf 
895 155.014 2.00662 195695 0.000231833 5.45582e+06 238836 0.0276452 3.17391e+06 181384 153136 0.0209453 3.45393e-06 26055.5 2.73734e-13 1.82888e+07 40391 1.41061e-09 1.41071e+07 23474.3 33090.2 6.35909e-05 8.23173e-07 0.0802793 9.51045e-11 2.23813 0.0979772 1.13408e-08 1.30203 0.0744089 0.0628206 6.7443e-05 8.59817e-07 0.0651453 3.21323e-10 1.57904 0.0834864 2.12145e-08 2.02283 0.0639774 0.0981229 2.43767e+06 inf 
905 183.531 2.43055 216478 0.000507137 5.92254e+06 263326 0.0341554 3.62719e+06 204243 177913 0.028551 4.90437e-06 31630.5 7.66435e-13 2.13477e+07 48717.3 2.06747e-09 1.77359e+07 29309.2 42766.4 7.64961e-05 1.01306e-06 0.0902286 2.11376e-10 2.46853 0.109755 1.4236e-08 1.51182 0.085129 0.0741544 7.7772e-05 1.00889e-06 0.0710104 5.24187e-10 1.67455 0.0908809 2.56722e-08 2.25981 0.0704924 0.111024 2.39922e+06 inf 
915 216.427 2.93038 238898 0.00098684 6.40986e+06 289658 0.0420571 4.1261e+06 229216 205785 0.0389799 6.97687e-06 38264 2.10274e-12 2.48077e+07 58547.1 3.01774e-09 2.20704e+07 36423.9 54808.2 9.1898e-05 1.24428e-06 0.10144 4.19027e-10 2.72172 0.122993 1.78581e-08 1.752 0.0973287 0.0873792 9.00344e-05 1.18922e-06 0.0771846 8.46919e-10 1.76804 0.0986541 3.10237e-08 2.51036 0.0774161 0.125049 2.35508e+06 inf 
925 255.23 3.52702 263882 0.00180652 6.93422e+06 319097 0.0519783 4.69781e+06 257215 238265 0.0534931 9.9475e-06 46404.1 5.68795e-12 2.88219e+07 70598.5 4.44454e-09 2.75931e+07 45313.7 70562 0.000110178 1.52255e-06 0.113913 7.79839e-10 2.99337 0.137748 2.24381e-08 2.02796 0.111035 0.102855 0.000104655 1.4057e-06 0.0839979 1.35913e-09 1.8659 0.107245 3.76186e-08 2.79264 0.0850431 0.141001 2.31652e+06 inf 
935 300.34 4.23039 291381 0.00314979 7.4941e+06 351512 0.0641963 5.34786e+06 288167 275751 0.07312 1.41024e-05 56230.3 1.4767e-11 3.34219e+07 85094.2 6.51552e-09 3.45466e+07 56218.8 90891.8 0.000131574 1.85326e-06 0.127649 1.37987e-09 3.28303 0.153991 2.81233e-08 2.3428 0.126241 0.120802 0.00012133 1.65633e-06 0.0913196 2.13662e-09 1.96551 0.116469 4.54249e-08 3.10572 0.0932292 0.158824 2.28268e+06 inf 
945 352.207 5.05501 321242 0.00533376 8.07801e+06 386596 0.0790538 6.0597e+06 321981 317718 0.0993097 1.98586e-05 67944.9 3.75904e-11 3.85796e+07 102253 9.51826e-09 4.2839e+07 69439.5 116139 0.000156378 2.2444e-06 0.14263 2.36816e-09 3.58659 0.171647 3.50994e-08 2.69047 0.142958 0.141065 0.000140139 1.94417e-06 0.0991157 3.32893e-09 2.06531 0.126242 5.47182e-08 3.43243 0.10195 0.177948 2.25228e+06 inf 
955 413.148 6.03288 354679 0.00881954 8.71112e+06 425927 0.097611 6.87434e+06 359851 366426 0.134986 2.78924e-05 82253.6 9.38358e-11 4.45217e+07 123188 1.40009e-08 5.32854e+07 85769.7 148796 0.000185442 2.70786e-06 0.159198 3.95866e-09 3.90999 0.191177 4.38127e-08 3.08555 0.161519 0.164471 0.000161864 2.2775e-06 0.10759 5.14269e-09 2.16693 0.13691 6.60664e-08 3.79428 0.111397 0.199341 2.22791e+06 inf 
965 483.229 7.16857 390826 0.0142569 9.36208e+06 468529 0.120484 7.78758e+06 400924 421921 0.182847 3.89559e-05 99495.3 2.2632e-10 5.12087e+07 148347 2.05906e-08 6.64639e+07 105660 190981 0.00021986 3.26157e-06 0.177819 6.48665e-09 4.25958 0.213172 5.4818e-08 3.54321 0.182413 0.191966 0.000186691 2.66203e-06 0.116829 7.80352e-09 2.27047 0.148503 7.97705e-08 4.20541 0.121651 0.2237 2.19789e+06 inf 
975 564.159 8.50413 430548 0.0227009 1.00459e+07 515115 0.148646 8.79732e+06 446075 484574 0.247147 5.43179e-05 120295 5.45873e-10 5.87244e+07 178489 3.03596e-08 8.24691e+07 129878 244094 0.000260107 3.92085e-06 0.198505 1.04663e-08 4.63166 0.237495 6.85336e-08 4.05602 0.205664 0.223414 0.000215157 3.10972e-06 0.126721 1.19219e-08 2.37122 0.160901 9.6439e-08 4.64448 0.1326 0.250253 2.16895e+06 inf 
985 659.868 10.0953 475910 0.0355973 1.08057e+07 568368 0.18375 9.96568e+06 497382 557826 0.33314 7.53751e-05 145789 1.26115e-09 6.74306e+07 215331 4.45118e-08 1.02272e+08 159700 311731 0.000307036 4.69733e-06 0.22144 1.65634e-08 5.02788 0.264461 8.54987e-08 4.63702 0.231431 0.259556 0.000246452 3.60652e-06 0.137112 1.76768e-08 2.46897 0.173936 1.15764e-07 5.10737 0.144042 0.278709 2.14916e+06 inf 
995 769.031 11.9237 524170 0.0550689 1.15602e+07 625210 0.227175 1.1251e+07 552028 639816 0.449379 0.000104442 176439 2.91752e-09 7.69998e+07 259582 6.59205e-08 1.27169e+08 195770 398938 0.000362829 5.62563e-06 0.247304 2.59815e-08 5.45411 0.294975 1.07181e-07 5.30823 0.260447 0.301866 0.0002835 4.19859e-06 0.148609 2.64849e-08 2.56539 0.18831 1.40048e-07 5.64103 0.156627 0.311603 2.11954e+06 inf 
1005 895.429 14.0653 577501 0.0842261 1.23534e+07 687860 0.28085 1.26926e+07 612179 733177 0.604561 0.000144248 213580 6.63587e-09 8.77405e+07 312918 9.75544e-08 1.57686e+08 239597 509108 0.000428062 6.72394e-06 0.276076 4.02645e-08 5.90559 0.328833 1.34261e-07 6.06772 0.292654 0.350497 0.000325231 4.87305e-06 0.160888 3.93836e-08 2.65869 0.203617 1.69145e-07 6.21006 0.169982 0.347178 2.09182e+06 inf 
1015 1039.2 16.5249 635280 0.126867 1.31665e+07 755753 0.346235 1.42772e+07 677136 837289 0.807397 0.00019762 257847 1.45425e-08 9.95434e+07 376305 1.43598e-07 1.94776e+08 291942 646575 0.000503381 8.00458e-06 0.307726 6.14538e-08 6.37779 0.366082 1.67714e-07 6.91579 0.328 0.405577 0.000371087 5.62606e-06 0.173794 5.71639e-08 2.74627 0.21969 2.03544e-07 6.82056 0.183931 0.385621 2.06444e+06 inf 
1025 1206.14 19.4015 699091 0.189706 1.40129e+07 830694 0.427588 1.6055e+07 748520 955568 1.08061 0.000270828 311686 3.17644e-08 1.12671e+08 453139 2.12289e-07 2.40881e+08 355584 821757 0.000591556 9.51557e-06 0.342872 9.30423e-08 6.87269 0.407418 2.09713e-07 7.87424 0.367115 0.468663 0.000424327 6.5025e-06 0.1879 8.31992e-08 2.83303 0.237181 2.45232e-07 7.49251 0.199059 0.42824 2.03892e+06 inf 
1035 1398.78 22.7527 769262 0.281333 1.48911e+07 913037 0.528324 1.80381e+07 826616 1.08924e+06 1.44437 0.00037043 376815 6.85997e-08 1.27191e+08 545796 3.14868e-07 2.97681e+08 432475 1.04319e+06 0.000694269 1.1293e-05 0.381814 1.39636e-07 7.39101 0.453175 2.62227e-07 8.95299 0.410281 0.540632 0.000484652 7.50503e-06 0.203091 1.20625e-07 2.91591 0.255992 2.95834e-07 8.22159 0.215229 0.47486 2.01476e+06 inf 
1045 1621.09 26.6428 847055 0.412473 1.58157e+07 1.00448e+06 0.652298 2.02625e+07 912646 1.24041e+06 1.92225 0.000504516 455346 1.43954e-07 1.4323e+08 657200 4.64404e-07 3.67308e+08 524954 1.32084e+06 0.000812848 1.33592e-05 0.424729 2.06822e-07 7.93029 0.503665 3.27075e-07 10.16 0.457618 0.621964 0.000550574 8.63169e-06 0.218916 1.71482e-07 2.98811 0.275417 3.548e-07 8.99721 0.231965 0.524836 1.99434e+06 inf 
1055 1876.21 31.145 931742 0.600325 1.67471e+07 1.10392e+06 0.805905 2.27117e+07 1.00581e+06 1.40918e+06 2.55897 0.000685974 550149 3.00483e-07 1.60663e+08 791445 6.89328e-07 4.52167e+08 636265 1.66824e+06 0.000951683 1.57979e-05 0.472615 3.04508e-07 8.49477 0.55995 4.08785e-07 11.5202 0.510186 0.714791 0.000626343 9.91855e-06 0.23599 2.44319e-07 3.05503 0.296491 4.27256e-07 9.8306 0.249896 0.579021 1.97146e+06 inf 
1065 2168.07 36.35 1.02439e+06 0.867133 1.77047e+07 1.21265e+06 0.993791 2.542e+07 1.10714e+06 1.59728e+06 3.39219 0.000929954 663623 6.16409e-07 1.79512e+08 951430 1.01877e-06 5.55645e+08 768988 2.10034e+06 0.00110978 1.86066e-05 0.524356 4.43863e-07 9.06257 0.620723 5.08696e-07 13.0118 0.566717 0.817606 0.00071047 1.13936e-05 0.254445 3.44252e-07 3.12371 0.318928 5.12551e-07 10.729 0.269177 0.637673 1.95361e+06 inf 
1075 2501.4 42.3264 1.12457e+06 1.23996 1.86556e+07 1.33017e+06 1.22475 2.84093e+07 1.21596e+06 1.80664e+06 4.49362 0.00125733 799825 1.24486e-06 1.99728e+08 1.143e+06 1.50878e-06 6.82247e+08 927401 2.63948e+06 0.00129465 2.19069e-05 0.582046 6.41763e-07 9.65557 0.688455 6.33894e-07 14.7038 0.629343 0.935064 0.000806003 1.30707e-05 0.274204 4.82121e-07 3.18485 0.342944 6.15692e-07 11.7008 0.289694 0.701262 1.93211e+06 inf 
1085 2887.72 49.2868 1.23581e+06 1.76459 1.96482e+07 1.46122e+06 1.51156 3.17438e+07 1.33608e+06 2.04131e+06 5.95057 0.00169963 964333 2.4831e-06 2.21616e+08 1.37474e+06 2.24028e-06 8.37498e+08 1.11779e+06 3.31123e+06 0.00150716 2.57237e-05 0.644994 9.20972e-07 10.2548 0.762641 7.88913e-07 16.5677 0.697325 1.0654 0.000913341 1.5012e-05 0.295443 6.69169e-07 3.2411 0.368619 7.39502e-07 12.7522 0.311662 0.770144 1.91601e+06 inf 
1095 3325.91 57.2812 1.35598e+06 2.48748 2.06291e+07 1.60227e+06 1.86128 3.53991e+07 1.4651e+06 2.30038e+06 7.8546 0.00229015 1.16059e+06 4.88668e-06 2.44752e+08 1.64972e+06 3.31784e-06 1.02543e+09 1.34367e+06 4.13888e+06 0.00175278 3.01877e-05 0.714613 1.31092e-06 10.8717 0.844411 9.80911e-07 18.6556 0.772119 1.21232 0.00103305 1.7194e-05 0.317757 9.25638e-07 3.28512 0.395459 8.86761e-07 13.87 0.334602 0.843507 1.8975e+06 inf 
1105 3837.31 66.6075 1.49019e+06 3.49136 2.16576e+07 1.76047e+06 2.29727 3.95417e+07 1.60828e+06 2.59394e+06 10.3825 0.00308372 1.39858e+06 9.51467e-06 2.69808e+08 1.98396e+06 4.92748e-06 1.25808e+09 1.61584e+06 5.17431e+06 0.00203679 3.53544e-05 0.790972 1.85317e-06 11.4956 0.934434 1.21936e-06 20.9882 0.853655 1.37683 0.00116721 1.96689e-05 0.341635 1.27123e-06 3.32598 0.424141 1.06236e-06 15.0754 0.359085 0.922385 1.88399e+06 inf 
1115 4419.14 77.3242 1.6356e+06 4.85867 2.26742e+07 1.93199e+06 2.83075 4.40556e+07 1.76266e+06 2.91545e+06 13.6879 0.00414276 1.68218e+06 1.82242e-05 2.95958e+08 2.38197e+06 7.31142e-06 1.53812e+09 1.93841e+06 6.43885e+06 0.00236337 4.13531e-05 0.87472 2.59843e-06 12.1262 1.03323 1.51389e-06 23.561 0.942671 1.55919 0.00131712 2.24827e-05 0.366741 1.73047e-06 3.35168 0.454219 1.27212e-06 16.3544 0.384752 1.0062 1.86985e+06 inf 
1125 5069.05 89.4311 1.78899e+06 6.69712 2.36198e+07 2.11276e+06 3.47391 4.89037e+07 1.92465e+06 3.26181e+06 17.9501 0.0055422 2.01534e+06 3.43945e-05 3.22404e+08 2.84803e+06 1.07979e-05 1.87303e+09 2.31525e+06 7.96849e+06 0.00273833 4.83112e-05 0.966424 3.61782e-06 12.7596 1.14133 1.87663e-06 26.4181 1.03971 1.76205 0.00148267 2.56896e-05 0.393352 2.34339e-06 3.37007 0.48569 1.52031e-06 17.7174 0.411978 1.09536 1.85114e+06 inf 
1135 5840.16 103.854 1.96572e+06 9.21546 2.46849e+07 2.32169e+06 4.28163 5.45093e+07 2.11071e+06 3.66086e+06 23.6117 0.00743246 2.42313e+06 6.43488e-05 3.51578e+08 3.41983e+06 1.60123e-05 2.28793e+09 2.77438e+06 9.87491e+06 0.00316803 5.63365e-05 1.06632 4.99898e-06 13.3905 1.25942 2.3226e-06 29.5689 1.14497 1.98585 0.0016649 2.92914e-05 0.421197 3.14905e-06 3.37806 0.518635 1.81426e-06 19.1515 0.440491 1.18873 1.84347e+06 inf 
1145 6696.01 119.998 2.14912e+06 12.5631 2.56282e+07 2.53865e+06 5.25168 6.04447e+07 2.30281e+06 4.08352e+06 30.9256 0.00991911 2.89783e+06 0.000118711 3.80055e+08 4.08548e+06 2.36734e-05 2.78208e+09 3.30586e+06 1.2159e+07 0.00366073 6.56033e-05 1.17493 6.8683e-06 14.0111 1.38789 2.87111e-06 33.0453 1.25895 2.23248 0.00187248 3.34518e-05 0.451425 4.21022e-06 3.3864 0.55436 2.16773e-06 20.7118 0.471548 1.28974 1.82914e+06 inf 
1155 7692.3 138.874 2.35406e+06 17.0414 2.66099e+07 2.78221e+06 6.4564 6.71227e+07 2.51693e+06 4.5575e+06 40.5655 0.0132531 3.47092e+06 0.000216551 4.10098e+08 4.89162e+06 3.51e-05 3.38508e+09 3.94502e+06 1.49593e+07 0.00423005 7.63678e-05 1.29451 9.3712e-06 14.633 1.52995 3.55041e-06 36.9112 1.38407 2.5062 0.00210094 3.81564e-05 0.482614 5.59135e-06 3.37521 0.590912 2.58771e-06 22.3392 0.503712 1.3947 1.81849e+06 inf 
1165 8810.96 160.213 2.57175e+06 22.9363 2.7532e+07 3.04125e+06 7.90283 7.43217e+07 2.74382e+06 5.06608e+06 52.9342 0.0176091 4.13881e+06 0.000388976 4.39783e+08 5.83164e+06 5.16659e-05 4.1016e+09 4.68744e+06 1.82866e+07 0.00487442 8.86333e-05 1.42275 1.26889e-05 15.2313 1.68249 4.37203e-06 41.1165 1.51794 2.80267 0.00235041 4.34269e-05 0.515237 7.36091e-06 3.36231 0.628837 3.07703e-06 24.0527 0.537625 1.50387 1.80759e+06 inf 
1175 10084.6 184.71 2.80547e+06 30.6723 2.83821e+07 3.3212e+06 9.6775 8.22144e+07 2.98703e+06 5.62024e+06 69.113 0.0234209 4.92988e+06 0.000693271 4.69045e+08 6.95198e+06 7.63572e-05 4.96867e+09 5.56476e+06 2.23117e+07 0.00562206 0.000102974 1.56402 1.70995e-05 15.8227 1.85154 5.39512e-06 45.8338 1.66524 3.13323 0.00263103 4.95302e-05 0.549721 9.70041e-06 3.33603 0.668934 3.66894e-06 25.87 0.573829 1.61908 1.79375e+06 inf 
1185 11575.6 213.577 3.07021e+06 40.9132 2.93201e+07 3.63877e+06 11.8707 9.11971e+07 3.2628e+06 6.24622e+06 90.3168 0.0311806 5.88241e+06 0.00122108 5.00041e+08 8.30328e+06 0.000112707 6.02767e+09 6.62056e+06 2.72128e+07 0.00647072 0.000119389 1.71623 2.28703e-05 16.3898 2.03406 6.63567e-06 50.9787 1.82389 3.49161 0.00293537 5.63571e-05 0.585478 1.26305e-05 3.30073 0.710004 4.35554e-06 27.7598 0.611801 1.73796 1.78892e+06 inf 
1195 13219 245.579 3.34204e+06 54.0444 3.01056e+07 3.96692e+06 14.4669 1.00587e+08 3.5459e+06 6.8947e+06 117.223 0.0411981 6.96692e+06 0.00211685 5.28302e+08 9.85214e+06 0.000165004 7.25971e+09 7.82219e+06 3.28755e+07 0.00742839 0.000138002 1.87805 3.03701e-05 16.9178 2.2292 8.12961e-06 56.5247 1.99261 3.87446 0.00326986 6.4082e-05 0.622866 1.63467e-05 3.26604 0.753032 5.16073e-06 29.7412 0.652041 1.86088 1.77952e+06 inf 
1205 15111.1 282.603 3.6379e+06 71.0736 3.08508e+07 4.32586e+06 17.6466 1.11089e+08 3.85457e+06 7.60957e+06 152.513 0.0544986 8.24949e+06 0.00363699 5.5586e+08 1.16967e+07 0.000242145 8.77178e+09 9.24494e+06 3.97201e+07 0.00853287 0.000159579 2.05424 4.01336e-05 17.4207 2.44271 9.96461e-06 62.7293 2.17659 4.29695 0.00364838 7.28596e-05 0.662118 2.10479e-05 3.22477 0.79874 6.11886e-06 31.9101 0.694896 1.9913 1.77092e+06 inf 
1215 17314.9 326.125 3.9682e+06 93.3367 3.16281e+07 4.72884e+06 21.5749 1.22865e+08 4.20065e+06 8.40405e+06 198.705 0.0723376 9.78272e+06 0.00621011 5.83649e+08 1.3916e+07 0.000356265 1.05971e+10 1.09529e+07 4.79344e+07 0.00979228 0.000184437 2.24418 5.27858e-05 17.887 2.67435 1.22015e-05 69.4853 2.37564 4.75284 0.00406044 8.30235e-05 0.704411 2.69394e-05 3.18334 0.847307 7.253e-06 34.1304 0.742052 2.12589 1.76822e+06 inf 
1225 19743.1 374.3 4.30623e+06 121.303 3.22483e+07 5.14502e+06 26.1968 1.35203e+08 4.55642e+06 9.2227e+06 257.109 0.0952112 1.1509e+07 0.0104214 6.07564e+08 1.64427e+07 0.000519349 1.27155e+10 1.28857e+07 5.72911e+07 0.0112062 0.000212453 2.44422 6.88517e-05 18.3042 2.92032 1.48693e-05 76.7411 2.58623 5.23481 0.00451185 9.43699e-05 0.747191 3.42728e-05 3.13228 0.897027 8.58403e-06 36.4432 0.790802 2.26168 1.7618e+06 inf 
1235 22563.9 430.506 4.67967e+06 157.113 3.28726e+07 5.60791e+06 31.856 1.4911e+08 4.95176e+06 1.01311e+07 333.459 0.125559 1.35461e+07 0.0173563 6.30845e+08 1.94531e+07 0.000757415 1.52845e+10 1.51819e+07 6.84367e+07 0.0128291 0.000244771 2.66071 8.93292e-05 18.6903 3.18847 1.81123e-05 84.7791 2.81541 5.76021 0.0050008 0.000107124 0.789 4.34572e-05 3.0579 0.945553 1.01285e-05 38.7654 0.839887 2.39392 1.75881e+06 inf 
1245 25726.2 494.311 5.0716e+06 202.347 3.33735e+07 6.0975e+06 38.6042 1.63952e+08 5.37027e+06 1.10838e+07 430.898 0.165184 1.58775e+07 0.0285444 6.5045e+08 2.29351e+07 0.00109858 1.83004e+10 1.78365e+07 8.12603e+07 0.0146605 0.000281691 2.89013 0.000115311 19.0185 3.47476 2.19992e-05 93.4307 3.06034 6.31631 0.00553384 0.000121584 0.833782 5.44976e-05 2.99459 0.998 1.19196e-05 41.2248 0.893735 2.53214 1.7548e+06 inf 
1255 29340.6 567.243 5.48998e+06 259.193 3.38002e+07 6.62664e+06 46.7432 1.80328e+08 5.82113e+06 1.21077e+07 557.23 0.217107 1.856e+07 0.046484 6.66891e+08 2.70068e+07 0.00159408 2.19279e+10 2.09261e+07 9.61868e+07 0.0167434 0.0003237 3.13288 0.00014791 19.2883 3.78153 2.66743e-05 102.905 3.32186 6.90931 0.00613564 0.000138244 0.881148 6.81835e-05 2.92011 1.05433 1.40767e-05 43.8612 0.952292 2.67412 1.75237e+06 inf 
1265 33442.3 650.56 5.93638e+06 330.244 3.41519e+07 7.19751e+06 56.4732 1.9814e+08 6.30787e+06 1.3198e+07 718.784 0.28462 2.16263e+07 0.0747911 6.80096e+08 3.17339e+07 0.00229844 2.61982e+10 2.45102e+07 1.13286e+08 0.0190934 0.000371428 3.38929 0.000188548 19.4986 4.10932 3.22426e-05 113.125 3.60139 7.53521 0.00676919 0.000156656 0.927327 8.45604e-05 2.84552 1.10973 1.65129e-05 46.4771 1.01179 2.81061 1.75151e+06 inf 
1275 38138.7 746.444 6.41656e+06 419.465 3.44632e+07 7.8182e+06 68.1405 2.17699e+08 6.8381e+06 1.43673e+07 926.751 0.372935 2.5136e+07 0.119415 6.90383e+08 3.72294e+07 0.00330335 3.12442e+10 2.86813e+07 1.32879e+08 0.0217356 0.000425405 3.65686 0.000239057 19.6409 4.45566 3.88339e-05 124.069 3.89709 8.18806 0.0074651 0.000177678 0.976018 0.000104438 2.77337 1.16811 1.9353e-05 49.1254 1.0763 2.94697 1.75467e+06 inf 
1285 43416.3 854.914 6.91437e+06 529.2 3.4616e+07 8.47139e+06 81.9705 2.38706e+08 7.39703e+06 1.55866e+07 1192.7 0.487492 2.90832e+07 0.188322 6.95476e+08 4.35401e+07 0.00473031 3.71927e+10 3.34722e+07 1.55103e+08 0.0247366 0.00048709 3.93948 0.000301513 19.7226 4.8266 4.67029e-05 136.003 4.21448 8.88051 0.00822499 0.000201231 1.02504 0.00012801 2.69606 1.22925 2.26704e-05 51.9012 1.14414 3.08331 1.75515e+06 inf 
1295 49372.9 977.939 7.43525e+06 664.068 3.4668e+07 9.16577e+06 98.3329 2.6143e+08 7.99287e+06 1.6866e+07 1531.75 0.635778 3.35004e+07 0.293847 6.96125e+08 5.07622e+07 0.00674381 4.4172e+10 3.89667e+07 1.80128e+08 0.0281019 0.00055662 4.23197 0.000377972 19.7322 5.21695 5.59689e-05 148.8 4.54936 9.59974 0.00906189 0.000228132 1.07613 0.000156166 2.61876 1.29465 2.6569e-05 54.7743 1.2175 3.22021 1.75692e+06 inf 
1305 56234.2 1119.63 7.99629e+06 830.735 3.46972e+07 9.92589e+06 117.88 2.86594e+08 8.64635e+06 1.8246e+07 1968 0.828214 3.8493e+07 0.454331 6.94067e+08 5.91323e+07 0.00957254 5.24316e+10 4.534e+07 2.08573e+08 0.0318868 0.000634869 4.53417 0.000471056 19.6745 5.62832 6.6842e-05 162.509 4.90278 10.3461 0.00995796 0.000258007 1.12611 0.000189018 2.54443 1.36089 3.09856e-05 57.632 1.2931 3.3506 1.76356e+06 inf 
1315 64027.6 1281.44 8.5878e+06 1034.61 3.46364e+07 1.07407e+07 141.05 3.13928e+08 9.35099e+06 1.97019e+07 2525.7 1.07758 4.40839e+07 0.695891 6.87999e+08 6.87429e+07 0.0135403 6.21112e+10 5.26996e+07 2.40503e+08 0.036141 0.000723323 4.84747 0.000583998 19.5509 6.06268 7.96169e-05 177.2 5.27827 11.1209 0.0109307 0.000291641 1.17711 0.000227483 2.47216 1.43059 3.61121e-05 60.4934 1.37359 3.47556 1.7716e+06 inf 
1325 72761.1 1463.89 9.192e+06 1281.14 3.44333e+07 1.15927e+07 168.051 3.43112e+08 1.00911e+07 2.1196e+07 3231.16 1.39762 5.01694e+07 1.05415 6.76586e+08 7.95516e+07 0.0190121 7.33203e+10 6.10132e+07 2.75509e+08 0.04089 0.00082267 5.16568 0.000719972 19.3507 6.51483 9.44407e-05 192.821 5.67095 11.9116 0.0119935 0.00032961 1.22871 0.000272118 2.40343 1.50438 4.20156e-05 63.4384 1.45889 3.59753 1.77944e+06 inf 
1335 82538 1668.46 9.80672e+06 1574.9 3.40806e+07 1.24823e+07 199.469 3.74253e+08 1.08677e+07 2.27245e+07 4122.4 1.80625 5.67725e+07 1.57484 6.60105e+08 9.17075e+07 0.0265313 8.62733e+10 7.04103e+07 3.13655e+08 0.0462168 0.000934249 5.49123 0.000881858 19.0833 6.98942 0.000111692 209.561 6.0853 12.7245 0.0131274 0.000372261 1.27901 0.000322728 2.33492 1.58089 4.87963e-05 66.2749 1.5476 3.70374 1.78589e+06 inf 
1345 93876.4 1905.82 1.04744e+07 1934.6 3.37406e+07 1.34683e+07 236.799 4.09064e+08 1.17324e+07 2.43712e+07 5264.9 2.33372 6.40962e+07 2.33983 6.41447e+08 1.0569e+08 0.036896 1.0151e+11 8.1271e+07 3.55753e+08 0.0521331 0.00105838 5.81683 0.00107436 18.7374 7.47946 0.000131503 227.168 6.51542 13.5343 0.0143505 0.000419335 1.32647 0.000380996 2.26452 1.65873 5.65387e-05 69.044 1.63774 3.79305 1.80071e+06 inf 
1355 106594 2172.38 1.11495e+07 2361.63 3.32362e+07 1.44983e+07 280.089 4.46305e+08 1.26409e+07 2.60373e+07 6707.01 3.00466 7.19315e+07 3.43363 6.17493e+08 1.21344e+08 0.0509937 1.19155e+11 9.3509e+07 4.00849e+08 0.0587351 0.00119701 6.14354 0.00130129 18.3137 7.98878 0.000154333 245.921 6.96533 14.347 0.0156795 0.000471989 1.37558 0.000445667 2.20404 1.74408 6.54178e-05 71.9677 1.73464 3.87791 1.81483e+06 inf 
1365 120825 2470.26 1.1828e+07 2865.61 3.25932e+07 1.55701e+07 329.816 4.86072e+08 1.35924e+07 2.77118e+07 8515.53 3.84914 8.01728e+07 4.98012 5.89165e+08 1.38658e+08 0.0698831 1.39351e+11 1.07141e+08 4.48175e+08 0.0660494 0.00135037 6.46578 0.00156649 17.8172 8.5114 0.000180295 265.712 7.4303 15.1487 0.017103 0.000529752 1.42138 0.000518167 2.14877 1.83131 7.54691e-05 74.6557 1.83284 3.93847 1.82932e+06 inf 
1375 137153 2810.41 1.25381e+07 3468.58 3.18926e+07 1.67309e+07 387.913 5.30066e+08 1.4627e+07 2.94587e+07 10813.8 4.92417 8.89569e+07 7.16743 5.58024e+08 1.58184e+08 0.0953504 1.62977e+11 1.22591e+08 4.98559e+08 0.074154 0.00151949 6.77892 0.00187535 17.2432 9.04586 0.000209731 286.589 7.90836 15.9273 0.0186512 0.000594535 1.46364 0.000598553 2.09164 1.92286 8.698e-05 77.3497 1.93361 3.98419 1.84957e+06 inf 
1385 155060 3183.45 1.32185e+07 4164.01 3.09969e+07 1.79012e+07 453.237 5.75688e+08 1.56785e+07 3.11256e+07 13647.7 6.2534 9.78094e+07 10.1628 5.22499e+08 1.79251e+08 0.128629 1.8943e+11 1.39402e+08 5.48932e+08 0.0830652 0.00170537 7.08114 0.00223065 16.605 9.58964 0.000242798 308.395 8.39895 16.6739 0.0202785 0.000664576 1.50126 0.000684402 2.04352 2.01573 9.97774e-05 79.8104 2.03353 4.00527 1.86672e+06 inf 
1395 175645 3610 1.39399e+07 4987.75 3.0101e+07 1.91836e+07 529.103 6.26699e+08 1.68376e+07 3.28848e+07 17218.6 7.92522 1.07115e+08 14.2868 4.86266e+08 2.02872e+08 0.172615 2.20257e+11 1.58398e+08 6.01696e+08 0.0927881 0.00190706 7.36403 0.00263488 15.9015 10.1341 0.00027951 331.067 8.89481 17.3721 0.0220562 0.000741471 1.53525 0.000777614 2.00571 2.1144 0.000114288 82.1583 2.13528 4.00847 1.89297e+06 inf 
1405 198524 4078.9 1.4638e+07 5939.7 2.90663e+07 2.04977e+07 614.293 6.80542e+08 1.80345e+07 3.4575e+07 21633.9 9.972 1.1632e+08 19.8553 4.4757e+08 2.28298e+08 0.229265 2.54895e+11 1.79036e+08 6.53263e+08 0.103417 0.00212483 7.62537 0.00309418 15.1416 10.6779 0.000320005 354.515 9.39473 18.0112 0.023972 0.000824526 1.56468 0.000877096 1.97136 2.21599 0.000130493 84.2699 2.23713 3.98764 1.91964e+06 inf 
1415 224397 4603.89 1.53403e+07 7045.32 2.7965e+07 2.18916e+07 710.857 7.39141e+08 1.93122e+07 3.62631e+07 27111.2 12.4784 1.25435e+08 27.2979 4.07959e+08 2.55934e+08 0.301629 2.94299e+11 2.01645e+08 7.03845e+08 0.114946 0.00235833 7.85799 0.00360894 14.3249 11.2139 0.000364134 378.622 9.89261 18.5756 0.02598 0.000911208 1.58285 0.0009792 1.94195 2.31304 0.000148036 86.0181 2.32978 3.93557 1.95219e+06 inf 
1425 252973 5176.92 1.60001e+07 8300.81 2.67244e+07 2.33092e+07 817.988 8.00585e+08 2.06218e+07 3.78238e+07 33807.6 15.501 1.33994e+08 37.0406 3.6702e+08 2.85214e+08 0.392695 3.38022e+11 2.25817e+08 7.50162e+08 0.127408 0.00260732 8.05837 0.00418066 13.4596 11.7396 0.000411975 403.21 10.386 19.0498 0.0281812 0.00100442 1.59632 0.00108507 1.92024 2.41437 0.000167497 87.5464 2.42108 3.86282 1.98553e+06 inf 
1435 285229 5810.78 1.66574e+07 9742.16 2.5462e+07 2.48137e+07 937.689 8.67245e+08 2.20154e+07 3.93431e+07 42018.8 19.116 1.42062e+08 49.6973 3.27127e+08 3.16543e+08 0.505889 3.86934e+11 2.51809e+08 7.92222e+08 0.140693 0.00286625 8.2165 0.00480547 12.5595 12.2397 0.000462529 427.781 10.8594 19.4066 0.0305247 0.00110175 1.60112 0.00119223 1.90242 2.51556 0.00018869 88.6796 2.50628 3.763 2.02731e+06 inf 
1445 320813 6491.92 1.72526e+07 11362.9 2.40833e+07 2.63328e+07 1067.68 9.37656e+08 2.34306e+07 4.06927e+07 51921.9 23.3165 1.48899e+08 65.8177 2.87296e+08 3.48734e+08 0.642179 4.40866e+11 2.78682e+08 8.26536e+08 0.154827 0.00313306 8.32624 0.00548384 11.6228 12.7084 0.000515273 452.521 11.3078 19.6386 0.0329609 0.00119861 1.59168 0.00130066 1.88736 2.60735 0.000210748 89.3895 2.57443 3.63553 2.07207e+06 inf 
1455 360481 7225.74 1.78134e+07 13189 2.26657e+07 2.79175e+07 1209.57 1.01322e+09 2.49076e+07 4.19099e+07 63815.7 28.1114 1.54549e+08 86.0571 2.49156e+08 3.82091e+08 0.804116 5.00095e+11 3.06565e+08 8.52286e+08 0.169604 0.00339966 8.38109 0.00620534 10.6641 13.135 0.000569096 476.716 11.7189 19.7183 0.0354866 0.00129172 1.57222 0.00140823 1.87186 2.69117 0.000233369 89.632 2.62778 3.49041 2.12543e+06 inf 
1465 403884 7999.75 1.82935e+07 15203.8 2.11604e+07 2.95109e+07 1361.1 1.09202e+09 2.63915e+07 4.28697e+07 77899.2 33.4801 1.58489e+08 110.92 2.12616e+08 4.15673e+08 0.992567 5.63724e+11 3.34573e+08 8.661e+08 0.185017 0.00366465 8.38015 0.0069648 9.69347 13.5188 0.000623514 500.25 12.0898 19.6384 0.0381285 0.0013811 1.54147 0.00151775 1.85332 2.76765 0.000256749 89.3827 2.66513 3.33004 2.18295e+06 inf 
1475 451373 8802.33 1.86998e+07 17416.2 1.96181e+07 3.11281e+07 1519.83 1.17569e+09 2.78921e+07 4.35912e+07 94239.5 39.1866 1.6041e+08 140.755 1.78561e+08 4.48424e+08 1.20024 6.31726e+11 3.61726e+08 8.66823e+08 0.200558 0.00391114 8.30886 0.00773853 8.7169 13.8311 0.000675307 522.392 12.3933 19.3689 0.0406163 0.00145423 1.49591 0.00162992 1.83183 2.81911 0.000277959 88.3209 2.67062 3.16265 2.25058e+06 inf 
1485 503773 9618.21 1.90409e+07 19867 1.80751e+07 3.27867e+07 1685.09 1.26488e+09 2.94134e+07 4.4064e+07 113160 44.9867 1.60329e+08 176.486 1.47708e+08 4.7999e+08 1.42385 7.03647e+11 3.87392e+08 8.53796e+08 0.216059 0.00412506 8.16627 0.00852058 7.75207 14.0616 0.000722703 542.484 12.6148 18.8982 0.0430224 0.00150922 1.44014 0.00175814 1.80397 2.85132 0.000297254 86.5553 2.64786 3.00593 2.33165e+06 inf 
1495 559029 10405.7 1.92359e+07 22424.7 1.64524e+07 3.43627e+07 1848.38 1.35489e+09 3.08411e+07 4.40765e+07 134193 50.5125 1.57605e+08 216.71 1.19471e+08 5.08117e+08 1.65079 7.7622e+11 4.09625e+08 8.23455e+08 0.23118 0.00430314 7.95477 0.00927348 6.80371 14.2103 0.000764374 560.299 12.754 18.2273 0.0452748 0.00154007 1.37742 0.00190268 1.76504 2.86237 0.000313679 84.033 2.59462 2.88017 2.41816e+06 inf 
1505 618730 11141.9 1.93352e+07 25171.3 1.48544e+07 3.59412e+07 2007.66 1.45e+09 3.22317e+07 4.37474e+07 157258 55.1144 1.52435e+08 262.002 9.48463e+07 5.32109e+08 1.86152 8.49375e+11 4.27357e+08 7.78179e+08 0.24513 0.00441421 7.66025 0.00997242 5.88504 14.2393 0.000795398 574.465 12.7696 17.332 0.0470545 0.001533 1.30869 0.00208596 1.71542 2.83826 0.000323794 80.6076 2.4995 2.8114 2.52409e+06 inf 
1515 680065 11736.5 1.92477e+07 27957 1.32277e+07 3.73662e+07 2149.6 1.54402e+09 3.34277e+07 4.28614e+07 181210 57.945 1.44285e+08 310.029 7.34125e+07 5.48879e+08 2.03027 9.17737e+11 4.37703e+08 7.16162e+08 0.257396 0.00444211 7.28502 0.0105814 5.00651 14.1426 0.000813597 584.39 12.6519 16.2225 0.0482995 0.00148292 1.24037 0.0023188 1.6494 2.78021 0.000326332 76.4213 2.36495 2.80882 2.6421e+06 inf 
1525 743825 12157.8 1.90221e+07 30798 1.16518e+07 3.87166e+07 2270.72 1.64002e+09 3.44774e+07 4.15277e+07 205249 58.4196 1.33782e+08 359.611 5.56056e+07 5.58081e+08 2.13268 9.79981e+11 4.4013e+08 6.42355e+08 0.26702 0.00436444 6.82861 0.0110559 4.18279 13.8986 0.000815148 588.739 12.3768 14.9077 0.0487948 0.00138681 1.18122 0.00261922 1.57026 2.67784 0.000318008 71.9828 2.19418 2.89038 2.78566e+06 inf 
1535 805346 12270.5 1.85624e+07 33500.1 1.00953e+07 3.97791e+07 2350.95 1.72905e+09 3.51646e+07 3.95424e+07 226891 55.7265 1.20704e+08 407.148 4.09716e+07 5.55578e+08 2.13743 1.02734e+12 4.31163e+08 5.57246e+08 0.273076 0.00416067 6.29415 0.0113592 3.42313 13.4883 0.000797158 586.284 11.9236 13.408 0.0486129 0.00125879 1.14548 0.00300399 1.47474 2.53998 0.000298828 67.982 2.00661 3.02917 2.94916e+06 inf 
1545 864642 12026.2 1.79127e+07 36017 8.60311e+06 4.06156e+07 2385.45 1.81452e+09 3.55277e+07 3.7031e+07 244579 50.0164 1.05946e+08 449.26 2.93085e+07 5.41406e+08 2.03628 1.05863e+12 4.11296e+08 4.6735e+08 0.274379 0.00381631 5.68428 0.0114294 2.73005 12.8886 0.000756979 575.805 11.2741 11.7511 0.0482604 0.00114349 1.14416 0.00345463 1.35918 2.38506 0.000270481 66.2155 1.84739 3.19624 3.15127e+06 inf 
1555 914333 11269.8 1.69953e+07 38103.1 7.18629e+06 4.09531e+07 2351.42 1.88416e+09 3.53102e+07 3.39019e+07 254765 41.6291 8.99217e+07 482.094 2.03569e+07 5.11949e+08 1.82479 1.06352e+12 3.78611e+08 3.76837e+08 0.269785 0.00332529 5.01468 0.0112428 2.1204 12.0837 0.000693816 555.945 10.4187 10.0032 0.0488625 0.00110707 1.17707 0.00398086 1.22901 2.24512 0.000238847 68.7657 1.77889 3.33572 3.38911e+06 inf 
1565 950014 9981.48 1.58291e+07 39622.6 5.87771e+06 4.06967e+07 2244.07 1.93311e+09 3.44409e+07 3.02822e+07 255640 32.208 7.3732e+07 502.565 1.37219e+07 4.6808e+08 1.54261 1.03807e+12 3.35357e+08 2.91735e+08 0.258293 0.0027138 4.30367 0.0107727 1.59805 11.0648 0.000610125 525.582 9.36393 8.23324 0.05281 0.00117988 1.23488 0.00453733 1.08489 2.19863 0.00021716 77.4468 1.8695 3.39584 3.67804e+06 inf 
1575 964019 8160.62 1.43954e+07 40282.6 4.68358e+06 3.96345e+07 2063.45 1.94849e+09 3.27678e+07 2.62426e+07 246196 23.0957 5.81934e+07 506.635 8.94099e+06 4.12112e+08 1.24207 9.77908e+11 2.84551e+08 2.15874e+08 0.239718 0.00202926 3.57963 0.0100169 1.16464 9.85571 0.000513107 484.522 8.14819 6.5256 0.0612836 0.00127483 1.28721 0.00506407 0.931085 2.31146 0.000213496 91.7036 2.0892 3.33118 4.02148e+06 inf 
1585 954548 5985.81 1.27758e+07 40079.1 3.63922e+06 3.77805e+07 1831.53 1.92524e+09 3.03566e+07 2.20439e+07 228287 15.37 4.42854e+07 496.096 5.65026e+06 3.501e+08 0.965388 8.8654e+11 2.3141e+08 1.52797e+08 0.2151 0.00134886 2.87893 0.00903153 0.820071 8.51355 0.000412722 433.838 6.84062 4.96743 0.0719354 0.00128223 1.30044 0.00549755 0.775067 2.53218 0.000217264 107.515 2.31354 3.12352 4.43769e+06 inf 
1595 916236 3654.25 1.09986e+07 38765.2 2.74272e+06 3.50197e+07 1563.74 1.85002e+09 2.71999e+07 1.78387e+07 203135 9.54564 3.2392e+07 468.941 3.45249e+06 2.86169e+08 0.724587 7.68001e+11 1.79763e+08 1.03126e+08 0.186251 0.000742833 2.23578 0.00788016 0.557538 7.11876 0.000317875 376.07 5.52917 3.62624 0.0812621 0.0011784 1.25932 0.00576446 0.625275 2.73777 0.000215055 121.202 2.44345 2.79532 4.91935e+06 inf 
1605 852575 1422.01 9.18565e+06 36481.6 2.00777e+06 3.15594e+07 1286.94 1.72593e+09 2.35598e+07 1.39122e+07 173868 5.75521 2.28201e+07 429.411 2.04628e+06 2.25605e+08 0.52618 6.35351e+11 1.3363e+08 6.6572e+07 0.155414 0.000259215 1.67443 0.00665016 0.365993 5.75289 0.000234594 314.615 4.29467 2.53602 0.0868358 0.000990915 1.16452 0.00583539 0.488939 2.83362 0.000202193 129.746 2.43207 2.38827 5.48583e+06 inf 
1615 767250 -484.59 7.42652e+06 33340.1 1.42662e+06 2.75848e+07 1021.66 1.55545e+09 1.96746e+07 1.04353e+07 143292 3.7067 1.55104e+07 381.593 1.18035e+06 1.71756e+08 0.371168 5.00357e+11 9.5136e+07 4.11813e+07 0.125242 -7.91017e-05 1.21226 0.00544224 0.232873 4.50279 0.00016677 253.902 3.21157 1.7034 0.0877761 0.000773824 1.03066 0.00571585 0.37208 2.78591 0.000181039 131.183 2.2837 1.95464 6.12616e+06 inf 
1625 666295 -1904.46 5.8002e+06 29508.8 981558 2.3332e+07 781.239 1.35053e+09 1.58108e+07 7.52051e+06 113553 2.76243 1.01528e+07 327.727 658111 1.26089e+08 0.253142 3.75019e+11 6.48555e+07 2.43993e+07 0.0974795 -0.000278624 0.848573 0.00431716 0.143603 3.41349 0.000114296 197.583 2.31313 1.10026 0.0843245 0.000571413 0.874808 0.00541376 0.275064 2.60671 0.000154827 125.803 2.03417 1.53593 6.83524e+06 inf 
1635 559349 -2759.65 4.38533e+06 25368.2 657182 1.91268e+07 578.479 1.12903e+09 1.22452e+07 5.22391e+06 87071.1 2.36808 6.44416e+06 274.127 358127 8.97627e+07 0.168409 2.67999e+11 4.25851e+07 1.39455e+07 0.0736643 -0.000363436 0.577533 0.0033409 0.0865486 2.51893 7.61837e-05 148.689 1.61265 0.68797 0.0777208 0.000424007 0.717725 0.00499398 0.199182 2.34018 0.000127965 114.83 1.73426 1.16759 7.59322e+06 inf 
1645 454374 -3096.98 3.21241e+06 21181.5 427914 1.52089e+07 415.291 9.09495e+08 9.15289e+06 3.50289e+06 64666.5 2.11894 3.96511e+06 222.653 188894 6.20418e+07 0.108805 1.83201e+11 2.6984e+07 7.67875e+06 0.0541875 -0.000369338 0.383104 0.00252605 0.0510319 1.81377 4.95266e-05 108.464 1.09155 0.417746 0.0691063 0.000341011 0.571052 0.00449134 0.141148 2.02711 0.000102582 100.417 1.42357 0.860951 8.38522e+06 inf 
1655 357909 -3029.86 2.28481e+06 17209.5 271511 1.17494e+07 289.935 7.06314e+08 6.61857e+06 2.27382e+06 46643.5 1.85475 2.36859e+06 175.679 96686.9 4.17548e+07 0.0680398 1.20243e+11 1.65494e+07 4.07136e+06 0.0389771 -0.000329958 0.248821 0.00187415 0.0295681 1.27953 3.15746e-05 76.9191 0.720777 0.247624 0.0596687 0.000305146 0.442756 0.00395213 0.0982606 1.70587 8.00795e-05 84.7238 1.13258 0.618112 9.18256e+06 inf 
1665 274136 -2707.25 1.58139e+06 13628.4 167915 8.84105e+06 197.266 5.30146e+08 4.643e+06 1.43121e+06 32724.8 1.55069 1.37418e+06 134.39 47718.5 2.74179e+07 0.0411566 7.60037e+10 9.83719e+06 2.07493e+06 0.0273624 -0.000270219 0.157843 0.00136029 0.0167601 0.882453 1.96897e-05 52.9155 0.463432 0.142853 0.0501764 0.000285939 0.335033 0.00340051 0.0669479 1.39926 6.09941e-05 69.1817 0.875849 0.432086 1.00187e+07 inf 
1675 204729 -2266.61 1.06752e+06 10542.8 101433 6.49727e+06 130.783 3.85881e+08 3.16841e+06 874968 22331.6 1.23865 774217 100.144 22991.7 1.75617e+07 0.0239494 4.6397e+10 5.66336e+06 1.01793e+06 0.0187353 -0.000207423 0.0976913 0.000964799 0.0092824 0.594582 1.19683e-05 35.3129 0.289949 0.0800706 0.0411414 0.000265194 0.247603 0.00286942 0.0449207 1.11964 4.52596e-05 54.7622 0.658937 0.29452 1.09275e+07 inf 
1685 149317 -1801.96 703659 7967.02 59715.5 4.67068e+06 84.4254 2.72836e+08 2.10694e+06 519531 14787 0.948031 422049 71.9873 10667.8 1.09618e+07 0.0133128 2.73988e+10 3.15173e+06 478021 0.012548 -0.000151429 0.0591325 0.000669514 0.00501823 0.392504 7.09475e-06 22.928 0.177058 0.0436592 0.0329421 0.000238197 0.178803 0.0023667 0.0295177 0.875856 3.26866e-05 42.1519 0.483227 0.195614 1.18997e+07 inf 
1695 106278 -1372.62 452035 5868.81 34056.6 3.28428e+06 52.7678 1.87552e+08 1.36346e+06 297921 9440.22 0.694586 220934 49.6915 4730.09 6.63017e+06 0.0070063 1.55809e+10 1.68162e+06 212963 0.00818836 -0.000105756 0.0348278 0.000452173 0.00262395 0.253043 4.06558e-06 14.4503 0.10505 0.0229538 0.0256961 0.000205746 0.125735 0.00190371 0.0189091 0.668432 2.28754e-05 31.4904 0.344278 0.126021 1.29791e+07 inf 
1705 74013.8 -1007.56 283818 4228.14 18935.1 2.26411e+06 32.0049 1.25613e+08 860778 165659 5831.81 0.485598 111802 33.1409 2032.55 3.89515e+06 0.00351491 8.5535e+09 864148 91406.4 0.00522325 -7.11049e-05 0.0200294 0.000298385 0.00133627 0.159781 2.25862e-06 8.86467 0.0607462 0.0116908 0.019603 0.000170919 0.0865379 0.00149992 0.0119019 0.499356 1.55869e-05 22.9139 0.239361 0.0794606 1.41701e+07 inf 
1715 50277.8 -714.389 173442 2965.08 10182.2 1.52729e+06 18.662 8.20032e+07 528214 88714.8 3451.99 0.321196 54142.3 21.141 839.081 2.20176e+06 0.0016558 4.5077e+09 423727 37569 0.00321934 -4.57431e-05 0.0111057 0.000189857 0.00065198 0.0977942 1.19495e-06 5.25076 0.0338221 0.0056805 0.0145145 0.00013592 0.0578226 0.00114788 0.00730083 0.362516 1.02272e-05 16.1574 0.161207 0.0487167 1.56174e+07 inf 
1725 33165.8 -486.456 102714 2016.42 5279.65 1.00373e+06 10.4385 5.19065e+07 313503 45604.7 1956.5 0.198409 25054.2 12.8171 320.881 1.19518e+06 0.00073008 2.26905e+09 198124 14586.5 0.00191897 -2.81463e-05 0.00594301 0.00011667 0.00030548 0.0580754 6.03973e-07 3.0033 0.0181392 0.00263868 0.0104652 0.000103381 0.0376074 0.00085322 0.004298 0.256476 6.47128e-06 11.0574 0.10552 0.0289311 1.72831e+07 inf 
1735 21277.1 -318.982 59027.8 1331.36 2643.77 643622 5.58232 3.19359e+07 180226 22547.8 1057.26 0.114756 11036.9 7.35731 115.199 620723 0.000294857 1.09333e+09 88089 5341.72 0.00110845 -1.66176e-05 0.0030751 6.93586e-05 0.000137729 0.03353 2.90816e-07 1.66373 0.00938903 0.00117465 0.00733827 7.55126e-05 0.0237807 0.000615203 0.00244589 0.176672 3.90849e-06 7.3614 0.0670889 0.0166404 1.91954e+07 inf 
1745 13178.4 -199.97 32645.5 846.112 1257.93 399963 2.8201 1.89839e+07 99534.1 10589.2 536.537 0.0615523 4523.05 3.88376 35.6864 304717 0.00010483 4.98605e+08 36542.4 1729.36 0.000605055 -9.1811e-06 0.00149884 3.88471e-05 5.77545e-05 0.0183633 1.29478e-07 0.871597 0.00456986 0.000486178 0.00492622 5.23615e-05 0.0143324 0.000420481 0.00127872 0.116846 2.19003e-06 4.70452 0.0407047 0.00889735 2.17806e+07 inf 
1755 7850.27 -119.412 17291 514.776 560.23 239951 1.3269 1.08614e+07 52558.4 4663.52 250.622 0.0305022 1677.97 1.83305 9.10846 139383 3.11108e-05 2.12791e+08 13772 466.734 0.000313146 -4.76332e-06 0.000689736 2.05343e-05 2.23475e-05 0.00957161 5.29299e-08 0.433258 0.00209654 0.000186027 0.0031463 3.45549e-05 0.0081522 0.000269626 0.000602358 0.0739483 1.11274e-06 2.88105 0.0233446 0.00431084 2.50691e+07 inf 
1765 4455.34 -67.4206 8671.3 296.371 228.402 137822 0.564003 5.93673e+06 26231.6 1880.27 103.899 0.0136029 541.695 0.746984 1.85518 57638.3 7.14128e-06 8.28829e+07 4516.29 99.7343 0.000153671 -2.32543e-06 0.000299085 1.02222e-05 7.8779e-06 0.00475365 1.94532e-08 0.204766 0.000904762 6.48529e-05 0.0018868 2.15354e-05 0.00431211 0.000160187 0.000252835 0.0443331 4.95917e-07 1.67834 0.0124481 0.00185358 2.89928e+07 inf 
1775 2371.25 -35.4884 4033.17 158.182 80.8129 74795.4 0.206196 3.06108e+06 12117.3 657.786 35.9132 0.00513978 140.501 0.243175 0.254011 20530.8 1.11338e-06 2.79078e+07 1187.41 14.285 6.82917e-05 -1.02206e-06 0.000116155 4.55562e-06 2.3274e-06 0.0021541 5.9384e-09 0.0881586 0.000348976 1.89441e-05 0.00101471 1.21235e-05 0.00200821 8.35622e-05 8.54988e-05 0.0242207 1.78969e-07 0.892171 0.00583743 0.00064113 3.47224e+07 inf 
1785 1133.97 -16.7461 1651.93 74.3386 22.3643 37087.2 0.0580219 1.44417e+06 4914.19 179.085 9.03892 0.00143181 25.1139 0.0545814 0.0183275 5646.26 9.07024e-08 7.252e+06 213.423 1.06045 2.56691e-05 -3.79073e-07 3.73939e-05 1.68277e-06 5.0625e-07 0.000839527 1.31342e-09 0.0326911 0.00011124 4.05387e-06 0.000451609 5.68046e-06 0.000753056 3.51099e-05 2.03621e-05 0.0112742 4.52931e-08 0.403846 0.00219517 0.000154883 4.41764e+07 inf 
1795 455.045 -6.54946 551.401 28.6206 4.34895 15901.5 0.0112092 590063 1612.46 33.6235 1.45222 0.000244657 2.70023 0.00750818 0.000584418 1072.39 3.27625e-09 1.26875e+06 22.5834 0.0332497 7.68008e-06 -1.10539e-07 9.30633e-06 4.83047e-07 7.33999e-08 0.000268379 1.89185e-10 0.00995886 2.72145e-05 5.67484e-07 0.000156368 2.02904e-06 0.000213276 1.12466e-05 3.13978e-06 0.00424586 7.43367e-09 0.145994 0.000616777 2.36824e-05 5.92501e+07 inf 
1805 133.397 -1.81117 130.211 7.92265 0.553721 5229.86 0.00133063 181748 369.606 4.0206 0.130039 2.11206e-05 0.151282 0.000567317 7.58236e-06 126.284 4.79557e-11 127161 1.2012 0.000399975 1.51763e-06 -2.06052e-08 1.48137e-06 9.01339e-08 6.29954e-09 5.94988e-05 1.51382e-11 0.00206769 4.20491e-06 4.57413e-08 3.84333e-05 4.89754e-07 4.14596e-05 2.53892e-06 2.93637e-07 0.00119714 7.38478e-10 0.037979 0.000116825 2.13268e-06 8.78986e+07 inf 
1815 30.5836 -0.371678 23.5722 1.72634 0.0331121 1359.39 0.000110234 42865.6 63.994 0.354419 0.00815214 1.13547e-06 0.00584461 3.07762e-05 4.27713e-06 10.3966 3.83663e-13 8930.52 0.043023 4.31865e-05 2.17793e-07 -2.6468e-09 1.67863e-07 1.22936e-08 2.35799e-10 9.68053e-06 7.85e-13 0.000305256 4.55716e-07 2.5239e-09 7.61615e-06 8.98829e-08 6.44923e-06 4.67989e-07 1.74523e-07 0.000271924 5.22641e-11 0.00796888 1.74977e-05 5.54558e-07 1.40425e+08 inf 
1825 5.2874 -0.0528638 3.21785 0.31546 0.838645 257.834 4.17303e-06 7353.42 7.99862 1.92435 0.000213728 2.52377e-08 8.79252e-05 6.54555e-07 2.90024e-05 0.386211 5.30511e-16 331.642 0.000610713 0.000159193 1.79135e-08 -1.791e-10 1.09019e-08 1.06876e-09 2.84129e-09 8.7353e-07 1.4138e-14 2.4913e-05 2.70989e-08 6.5196e-09 8.50751e-07 9.24512e-09 5.45681e-07 4.70793e-08 3.13449e-07 3.61621e-05 1.34058e-12 0.0010597 1.43817e-06 7.34368e-07 2.95164e+08 inf 
1835 1.04242 -0.0050179 0.398763 0.219051 -0.587305 35.1951 6.44542e-08 678.999 1.40327 -0.230042 1.57381e-06 2.26092e-10 1.6565e-06 1.97966e-08 7.52101e-05 0.00532885 3.767e-19 5.58919 3.99552e-06 0.000190327 7.66484e-10 -3.68963e-12 2.93208e-10 1.61066e-10 -4.31841e-10 2.58787e-08 4.73928e-17 4.99264e-07 1.03181e-09 -1.69148e-10 3.40091e-08 4.07714e-10 3.48988e-08 3.81187e-09 2.35162e-07 1.97929e-06 1.66428e-14 6.41049e-05 5.41924e-08 3.74094e-07 1.36e+09 inf 
1845 0.644738 -0.000925912 0.120776 0.132032 -1.72829 10.7919 1.69631e-09 45.2204 0.311495 -0.811986 3.26901e-08 7.89593e-13 3.42143e-07 8.06179e-09 1.79194e-05 0.000129564 3.89462e-23 0.023335 5.89269e-08 4.79971e-06 6.00721e-10 -8.62698e-13 1.1253e-10 1.23018e-10 -1.61029e-09 1.00551e-08 1.5805e-18 4.21331e-08 2.90229e-10 -7.56549e-10 5.48611e-09 2.71098e-11 1.78542e-08 2.73793e-09 1.29203e-07 3.473e-07 1.90486e-16 4.66263e-06 7.40403e-09 6.68689e-08 1.07327e+09 inf 
1855 1.18651e-05 -3.5492e-08 7.80374e-06 2.09904e-06 9.52912e-08 2.04254e-05 2.01544e-18 0.0016469 1.33692e-05 1.44615e-07 6.42705e-14 5.83419e-19 2.13199e-14 1.50795e-15 1.3698e-17 1.4329e-13 3.26011e-39 9.57124e-10 5.99509e-14 3.1378e-17 5.61495e-11 -1.6796e-13 3.69299e-11 9.93335e-12 4.5095e-13 9.66599e-11 9.53774e-24 7.79369e-09 6.32677e-11 6.84366e-13 5.48632e-10 1.6531e-12 3.15483e-10 8.38895e-11 8.03868e-12 8.17774e-10 1.23843e-22 6.68483e-08 5.28871e-10 1.21665e-11 211312 inf 
1865 0 0 0 0 0 0 0 0 0 0 0 0 0 0 0 0 0 0 0 0 0.0 0.0 0.0 0.0 0.0 0.0 0.0 0.0 0.0 0.0 0.0 0.0 0.0 0.0 0.0 0.0 0.0 0.0 0.0 0.0 0 -nan 
1875 0 0 0 0 0 0 0 0 0 0 0 0 0 0 0 0 0 0 0 0 0.0 0.0 0.0 0.0 0.0 0.0 0.0 0.0 0.0 0.0 0.0 0.0 0.0 0.0 0.0 0.0 0.0 0.0 0.0 0.0 0 -nan 
1885 0 0 0 0 0 0 0 0 0 0 0 0 0 0 0 0 0 0 0 0 0.0 0.0 0.0 0.0 0.0 0.0 0.0 0.0 0.0 0.0 0.0 0.0 0.0 0.0 0.0 0.0 0.0 0.0 0.0 0.0 0 -nan 
1895 0 0 0 0 0 0 0 0 0 0 0 0 0 0 0 0 0 0 0 0 0.0 0.0 0.0 0.0 0.0 0.0 0.0 0.0 0.0 0.0 0.0 0.0 0.0 0.0 0.0 0.0 0.0 0.0 0.0 0.0 0 -nan 
