255 0 0 0 0 0 0 0 0 0 0 0 0 0 0 0 0 0 0 0 0 0.0 0.0 0.0 0.0 0.0 0.0 0.0 0.0 0.0 0.0 0.0 0.0 0.0 0.0 0.0 0.0 0.0 0.0 0.0 0.0 0 -nan 
265 0 0 0 0 0 0 0 0 0 0 0 0 0 0 0 0 0 0 0 0 0.0 0.0 0.0 0.0 0.0 0.0 0.0 0.0 0.0 0.0 0.0 0.0 0.0 0.0 0.0 0.0 0.0 0.0 0.0 0.0 0 -nan 
275 0 0 0 0 0 0 0 0 0 0 0 0 0 0 0 0 0 0 0 0 0.0 0.0 0.0 0.0 0.0 0.0 0.0 0.0 0.0 0.0 0.0 0.0 0.0 0.0 0.0 0.0 0.0 0.0 0.0 0.0 0 -nan 
285 0 0 0 0 0 0 0 0 0 0 0 0 0 0 0 0 0 0 0 0 0.0 0.0 0.0 0.0 0.0 0.0 0.0 0.0 0.0 0.0 0.0 0.0 0.0 0.0 0.0 0.0 0.0 0.0 0.0 0.0 0 -nan 
295 1.39555e-08 3.8111e-08 0.000125041 4.081e-08 1.40432e-06 0.323319 2.98856e-07 -0.228065 2387.07 7.27252 1.31646e-20 1.86994e-20 1.48706e-14 1.62297e-21 3.40267e-18 7.95034e-05 6.84735e-17 1.65004e-05 1.65485 2.01524e-05 0.0 0.0 0.0 0.0 0.0 0.0 0.0 0.0 0.0 0.0 0.0 0.0 0.0 0.0 0.0 0.0 0.0 0.0 0.0 0.0 -1.35736e+08 -inf 
305 1.04337e-07 1.29027e-06 0.000998995 3.87149e-07 3.61468e-05 127.083 0.00016322 47.2495 19440.8 296.42 2.86885e-19 4.06302e-17 4.1808e-11 7.76524e-18 2.61115e-13 1.57631 2.85141e-12 0.345389 274.18 0.0668734 3.12973e-16 3.87037e-15 2.99663e-12 1.16131e-15 1.08428e-13 3.81204e-07 4.89602e-13 1.41732e-07 5.83155e-05 8.89157e-07 2.93335e-14 3.49087e-13 3.54119e-10 1.52616e-13 2.79864e-11 6.87622e-05 9.24823e-11 3.21874e-05 0.00090501 1.41353e-05 3.33373e+08 inf 
315 1.84093e-07 3.42502e-06 0.00334583 1.77167e-06 0.000267612 713.804 0.00129121 326.087 24110.6 732.385 4.96447e-18 6.75639e-16 1.93881e-09 5.88929e-16 1.32763e-11 23.4751 8.84973e-11 5.4463 1974.47 1.49306 1.75956e-15 3.27363e-14 3.19794e-11 1.69336e-14 2.55784e-12 6.82254e-06 1.23414e-11 3.11674e-06 0.000230449 7.00014e-06 2.17824e-13 2.541e-12 4.30467e-09 2.37249e-12 3.56214e-10 0.000473634 9.19622e-10 0.000228136 0.00433808 0.000119255 1.04624e+08 inf 
325 4.67324e-07 4.22807e-06 0.0121365 8.34479e-06 0.00105567 1911.8 0.00488651 925.834 41075.7 1659 4.97845e-17 5.64318e-16 2.64904e-08 1.50776e-14 1.9794e-10 127.42 1.11147e-09 31.6196 7178.68 9.48858 7.22422e-15 6.53605e-14 1.87614e-10 1.29e-13 1.63193e-11 2.95539e-05 7.55391e-11 1.43122e-05 0.000634977 2.5646e-05 8.77241e-13 2.95285e-12 2.02354e-08 1.52664e-11 1.74918e-09 0.00140317 4.14441e-09 0.000698995 0.0105152 0.00038213 6.46885e+07 inf 
335 1.10114e-06 5.72989e-06 0.0297886 2.59531e-05 0.00268685 3739.55 0.0132197 1883.35 70546.7 3349.1 1.29915e-16 1.6463e-15 1.64183e-07 1.75238e-13 1.33976e-09 399.602 7.9612e-09 106.26 18686.6 33.9391 2.33349e-14 1.21425e-13 6.31266e-10 5.49986e-13 5.69384e-11 7.92468e-05 2.80146e-10 3.99109e-05 0.00149499 7.09726e-05 1.65908e-12 5.90532e-12 5.8982e-08 6.09366e-11 5.32807e-09 0.00290893 1.29858e-08 0.00150007 0.0198435 0.000845094 4.71887e+07 inf 
345 1.77152e-06 7.59969e-06 0.0592822 6.31888e-05 0.00549585 6253.14 0.0298284 3254.02 111265 5829.81 2.68226e-16 9.49706e-16 6.20464e-07 1.03417e-12 5.39136e-09 936.454 3.65084e-08 265.438 40762.9 89.486 4.73725e-14 2.03224e-13 1.58527e-09 1.68974e-12 1.46965e-10 0.000167216 7.97646e-10 8.70161e-05 0.00297535 0.000155896 2.67776e-12 5.03537e-12 1.288e-07 1.66289e-10 1.20062e-08 0.00500139 3.12352e-08 0.00266281 0.0328815 0.00153904 3.73956e+07 inf 
355 2.45119e-06 9.0891e-06 0.104757 0.000132996 0.00994735 9523.94 0.0601078 5112.03 164554 9187.6 4.5794e-16 2.15767e-15 1.79458e-06 3.99354e-12 1.62875e-08 1851.93 1.22642e-07 556.283 79935.3 198.994 8.68977e-14 3.2222e-13 3.71377e-09 4.71488e-12 3.52646e-10 0.000337636 2.1309e-09 0.000181228 0.00583364 0.000325712 4.02828e-12 8.74004e-12 2.52203e-07 3.76236e-10 2.40269e-08 0.00809563 6.59034e-08 0.00443713 0.0529129 0.002636 2.82077e+07 inf 
365 3.47829e-06 1.14712e-05 0.172446 0.000265755 0.0167819 13434.3 0.112131 7440.39 230369 13402.7 7.64619e-16 3.84964e-15 4.84876e-06 1.82491e-11 4.69443e-08 3361.26 4.50255e-07 1083.23 145558 391.394 1.47927e-13 4.87854e-13 7.3339e-09 1.13022e-11 7.1371e-10 0.000571343 4.76875e-09 0.000316429 0.00979725 0.000569998 5.70055e-12 1.2786e-11 4.54045e-07 8.80897e-10 4.46762e-08 0.0119425 1.38297e-07 0.00677997 0.0780665 0.00403987 2.35136e+07 inf 
375 4.57608e-06 1.35961e-05 0.256538 0.00046549 0.0255169 17890.8 0.19372 10219.1 309035 18457.4 1.28474e-15 5.83729e-15 1.00062e-05 5.01051e-11 1.01176e-07 5296.49 1.16533e-06 1817.44 243796 693.663 2.19989e-13 6.53615e-13 1.23327e-08 2.23778e-11 1.22669e-09 0.000860075 9.31281e-09 0.000491271 0.0148564 0.000887315 7.85581e-12 1.6739e-11 6.93457e-07 1.55185e-09 6.97307e-08 0.0159337 2.36506e-07 0.00933433 0.107235 0.0057061 2.08014e+07 inf 
385 5.70012e-06 1.61464e-05 0.379048 0.000807081 0.0384723 23076.2 0.321271 13597.6 403701 24479.9 1.79514e-15 3.09563e-14 2.11579e-05 1.53363e-10 2.24127e-07 8264.95 3.11627e-06 3027.28 396458 1159.91 3.20435e-13 9.07678e-13 2.13083e-08 4.53704e-11 2.16274e-09 0.00129724 1.80604e-08 0.000764396 0.0226942 0.00137615 1.00405e-11 4.17061e-11 1.09039e-06 2.93587e-09 1.12226e-07 0.0215159 4.18158e-07 0.0130229 0.147553 0.00795682 1.77887e+07 inf 
395 6.81884e-06 1.85024e-05 0.53771 0.00130968 0.0555523 29185.3 0.514437 17737 516649 31540.6 2.26198e-15 1.72938e-14 3.88146e-05 3.20511e-10 4.21465e-07 12134.8 6.63928e-06 4704.9 619885 1846.58 4.1664e-13 1.13052e-12 3.28548e-08 8.00231e-11 3.39432e-09 0.00178326 3.14328e-08 0.00108375 0.0315679 0.00192717 1.17489e-11 3.24869e-11 1.53966e-06 4.42461e-09 1.60439e-07 0.0271712 6.36146e-07 0.0169204 0.19204 0.0104458 1.63663e+07 inf 
405 7.93772e-06 2.1703e-05 0.751244 0.00212789 0.0790856 35723.3 0.796051 22411.8 643419 39371.9 3.07545e-15 7.14482e-14 7.63056e-05 8.95734e-10 8.6582e-07 17598.6 1.60374e-05 7310.93 942989 2828.1 5.08178e-13 1.38944e-12 4.80952e-08 1.36229e-10 5.06311e-09 0.00228703 5.09637e-08 0.00143482 0.0411921 0.00252061 1.40226e-11 6.76183e-11 2.20971e-06 7.57146e-09 2.35382e-07 0.033488 1.01199e-06 0.0215869 0.242227 0.0132176 1.56199e+07 inf 
415 9.31838e-06 2.52039e-05 1.01598 0.00330737 0.108823 43345.2 1.21122 28080.4 797115 48702.2 4.27146e-15 2.23068e-13 0.000133086 2.02386e-09 1.56367e-06 24167.2 3.46841e-05 10728.6 1.39857e+06 4207.78 6.79472e-13 1.8378e-12 7.40828e-08 2.41165e-10 7.93506e-09 0.00316062 8.83191e-08 0.00204755 0.0581235 0.00355124 1.76352e-11 1.27523e-10 3.11428e-06 1.21456e-08 3.37573e-07 0.0418596 1.58785e-06 0.0278946 0.31401 0.0171525 1.37141e+07 inf 
425 1.03489e-05 2.92648e-05 1.30894 0.00480993 0.142315 51301.2 1.76901 34293.4 967473 58877.4 5.0812e-15 4.62756e-13 0.000202401 3.88738e-09 2.44854e-06 31087.9 6.62916e-05 14659.5 1.97843e+06 5965 8.35185e-13 2.36174e-12 1.05635e-07 3.88173e-10 1.14851e-08 0.00414014 1.42763e-07 0.00276756 0.0780775 0.00475155 2.02328e-11 1.93236e-10 4.04019e-06 1.77079e-08 4.44377e-07 0.0499172 2.30857e-06 0.0342841 0.391877 0.0214199 1.23912e+07 inf 
435 1.08634e-05 3.61804e-05 1.72163 0.00723796 0.190193 60376.4 2.58168 41712.6 1.16361e+06 70341.9 5.30084e-15 1.28494e-12 0.000350654 8.9237e-09 4.39446e-06 40991.6 0.000137895 20749.5 2.82076e+06 8430.8 9.77048e-13 3.25404e-12 1.54842e-07 6.50978e-10 1.71058e-08 0.00543022 2.32194e-07 0.0037516 0.104655 0.00632651 2.18128e-11 3.39936e-10 5.6137e-06 2.83226e-08 6.28445e-07 0.0604754 3.51402e-06 0.0430363 0.492692 0.0267999 1.11186e+07 inf 
445 1.20938e-05 4.92935e-05 2.22437 0.0104815 0.249049 70458.1 3.68053 50265 1.3861e+06 83147.4 6.95068e-15 1.98769e-12 0.000536257 1.67347e-08 6.89554e-06 52643.8 0.000255084 28352.3 3.92436e+06 11628.6 1.18252e-12 4.81987e-12 2.17496e-07 1.02487e-09 2.43517e-08 0.00688932 3.59878e-07 0.00491485 0.135531 0.00813006 2.60429e-11 4.4083e-10 7.23791e-06 4.04382e-08 8.20759e-07 0.0714142 4.98119e-06 0.0524223 0.604442 0.0327252 1.02272e+07 inf 
455 1.32115e-05 6.15154e-05 2.83606 0.0149484 0.321686 81527.3 5.18708 60091.5 1.63854e+06 97444.4 8.4885e-15 4.17281e-12 0.000788609 2.97134e-08 1.04036e-05 66141.8 0.000457856 37977 5.39055e+06 15830.9 1.3755e-12 6.40463e-12 2.95274e-07 1.55634e-09 3.34922e-08 0.00848817 5.40049e-07 0.00625639 0.170595 0.0101454 2.96965e-11 6.59096e-10 9.0564e-06 5.55983e-08 1.04021e-06 0.0825486 6.88315e-06 0.0625685 0.729473 0.0393102 9.60482e+06 inf 
465 1.48542e-05 9.30804e-05 3.65274 0.0214673 0.419405 93664.7 7.2083 71314.3 1.92815e+06 113643 1.13994e-14 8.41455e-12 0.00132215 6.00357e-08 1.78405e-05 84973.2 0.00084133 52024.3 7.33839e+06 21213.7 1.65714e-12 1.03841e-11 4.07501e-07 2.3949e-09 4.6789e-08 0.0104493 8.0416e-07 0.00795585 0.215105 0.0126781 3.56227e-11 9.68825e-10 1.21381e-05 8.18039e-08 1.41e-06 0.0968011 9.65466e-06 0.0757665 0.878865 0.0469667 8.96376e+06 inf 
475 1.47172e-05 0.000123978 4.53661 0.0296286 0.526782 106776 9.90174 83984.4 2.24729e+06 131266 1.15365e-14 1.37592e-11 0.00177576 9.94032e-08 2.45221e-05 102307 0.00145021 66736 9.78166e+06 28045 1.79378e-12 1.51109e-11 5.52937e-07 3.61123e-09 6.42059e-08 0.0130142 1.20686e-06 0.0102363 0.273908 0.0159992 3.74552e-11 1.29491e-09 1.47013e-05 1.10012e-07 1.72763e-06 0.110906 1.32401e-05 0.0896059 1.05697 0.0562338 8.20457e+06 inf 
485 1.52112e-05 0.000178346 5.6534 0.0408421 0.663503 120600 13.3847 97982.3 2.59867e+06 150451 1.26726e-14 2.80969e-11 0.00265984 1.80468e-07 3.75408e-05 125246 0.00249651 87155.1 1.28884e+07 36556.5 1.98541e-12 2.32782e-11 7.37898e-07 5.33083e-09 8.66023e-08 0.015741 1.74701e-06 0.0127889 0.339186 0.0196373 4.06218e-11 1.91487e-09 1.86179e-05 1.53385e-07 2.21189e-06 0.126885 1.79666e-05 0.105888 1.25187 0.0662256 7.6615e+06 inf 
495 1.63114e-05 0.000248282 7.00225 0.0559023 0.830244 135766 17.9748 113945 3.00465e+06 172414 1.53719e-14 4.90473e-11 0.0038576 3.22216e-07 5.56084e-05 151439 0.00428932 112446 1.68623e+07 47120.1 2.26433e-12 3.44663e-11 9.72046e-07 7.7603e-09 1.15254e-07 0.018847 2.49524e-06 0.0158177 0.417103 0.0239343 4.61388e-11 2.60912e-09 2.31206e-05 2.11352e-07 2.77601e-06 0.143762 2.42737e-05 0.123933 1.47202 0.0772549 7.20362e+06 inf 
505 1.73205e-05 0.000340804 8.70562 0.0766304 1.04201 153603 24.1747 133155 3.46896e+06 197380 1.70173e-14 7.66523e-11 0.00509171 5.15314e-07 7.47486e-05 182030 0.00725892 144254 2.20832e+07 61129 2.55598e-12 5.02923e-11 1.28468e-06 1.13083e-08 1.53769e-07 0.0226671 3.56745e-06 0.0196496 0.511913 0.0291273 5.0047e-11 3.36289e-09 2.73812e-05 2.7553e-07 3.31767e-06 0.162322 3.25341e-05 0.144573 1.73111 0.0904012 6.77647e+06 inf 
515 1.79851e-05 0.000467733 10.6038 0.101979 1.28004 171356 31.8071 153353 3.97061e+06 224118 1.78717e-14 1.48756e-10 0.00725164 8.6932e-07 0.000108234 215515 0.0116252 181431 2.82597e+07 77399.6 2.83844e-12 7.38186e-11 1.67351e-06 1.60946e-08 2.02018e-07 0.0270438 5.01986e-06 0.0242024 0.62665 0.0353708 5.30329e-11 4.84474e-09 3.37886e-05 3.70053e-07 4.12807e-06 0.182433 4.25383e-05 0.167476 2.01676 0.10471 6.33624e+06 inf 
525 1.90565e-05 0.000637937 12.8576 0.135171 1.56506 190039 41.4682 175553 4.5141e+06 252895 2.02533e-14 2.46651e-10 0.00993247 1.40445e-06 0.000150743 252953 0.0186294 227012 3.58698e+07 97263.4 3.18124e-12 1.06496e-10 2.14641e-06 2.25651e-08 2.61267e-07 0.0317246 6.92259e-06 0.0293063 0.753573 0.0422176 5.80596e-11 6.41591e-09 4.06632e-05 4.83679e-07 5.00962e-06 0.203029 5.53355e-05 0.192452 2.32812 0.120227 5.99027e+06 inf 
535 1.9647e-05 0.000865892 15.7012 0.179915 1.92574 211643 54.1486 201819 5.14052e+06 285944 2.24375e-14 3.87488e-10 0.0132719 2.18522e-06 0.00020406 299605 0.0296611 285871 4.55828e+07 122522 3.40862e-12 1.50227e-10 2.72406e-06 3.12141e-08 3.34104e-07 0.0367187 9.39442e-06 0.0350143 0.891847 0.0496094 6.22988e-11 8.1978e-09 4.7908e-05 6.14937e-07 5.94065e-06 0.225014 7.11179e-05 0.219933 2.66701 0.137097 5.76391e+06 inf 
545 1.99092e-05 0.00114301 18.9713 0.2361 2.34342 235364 70.2063 231549 5.83861e+06 322455 2.3086e-14 5.98874e-10 0.017452 3.40459e-06 0.000272344 348775 0.0463141 354116 5.74526e+07 152810 3.56277e-12 2.04542e-10 3.39494e-06 4.22504e-08 4.19358e-07 0.0421186 1.25635e-05 0.041436 1.04483 0.0577037 6.41762e-11 1.03502e-08 5.57811e-05 7.79404e-07 6.96853e-06 0.246251 9.01672e-05 0.248299 3.03143 0.15497 5.58812e+06 inf 
555 2.02442e-05 0.00155425 22.7264 0.306904 2.8258 259323 89.957 263170 6.59675e+06 362261 2.30294e-14 1.06758e-09 0.0238398 5.44697e-06 0.000376634 403795 0.0718282 435557 7.15188e+07 189163 3.74981e-12 2.87893e-10 4.20958e-06 5.68474e-08 5.2342e-07 0.0480341 1.66626e-05 0.0487467 1.22191 0.0671013 6.52047e-11 1.40593e-08 6.63181e-05 1.00285e-06 8.33604e-06 0.269235 0.000114136 0.279824 3.42846 0.174745 5.39872e+06 inf 
565 2.08583e-05 0.00204814 27.304 0.398435 3.41578 286849 115.262 300223 7.45307e+06 406974 2.46956e-14 1.51692e-09 0.0303211 7.99401e-06 0.000484394 467290 0.109214 535382 8.90644e+07 233925 4.01377e-12 3.94124e-10 5.25412e-06 7.6671e-08 6.573e-07 0.0551985 2.218e-05 0.057772 1.4342 0.0783142 6.88192e-11 1.70806e-08 7.62044e-05 1.23791e-06 9.63225e-06 0.294744 0.000143262 0.315731 3.88353 0.197183 5.19668e+06 inf 
575 2.17676e-05 0.00275415 32.8081 0.516415 4.12782 317033 146.888 342005 8.41328e+06 457126 2.8457e-14 2.47248e-09 0.0405699 1.23123e-05 0.000655211 543230 0.166245 660446 1.10399e+08 288321 4.32483e-12 5.472e-10 6.51838e-06 1.02602e-07 8.20123e-07 0.0629887 2.9184e-05 0.0679502 1.67157 0.0908226 7.50678e-11 2.21571e-08 8.95433e-05 1.56068e-06 1.13801e-05 0.322432 0.000179382 0.355811 4.37494 0.221439 5.03317e+06 inf 
585 2.3178e-05 0.00349983 38.7128 0.656296 4.89629 347686 185.296 386521 9.43575e+06 510375 3.19317e-14 3.39837e-09 0.0494057 1.74028e-05 0.000805277 614137 0.246339 791958 1.34996e+08 350809 4.79177e-12 7.23547e-10 8.0034e-06 1.35681e-07 1.01225e-06 0.0718798 3.83077e-05 0.0799084 1.95073 0.105514 8.11081e-11 2.64962e-08 0.000100747 1.89193e-06 1.2863e-05 0.348996 0.000222396 0.396664 4.90952 0.247775 4.83705e+06 inf 
595 2.53434e-05 0.00481457 46.8374 0.85555 5.95445 383861 235.011 439819 1.05974e+07 570930 3.85527e-14 5.96522e-09 0.0700328 2.84048e-05 0.00115363 722539 0.379824 990967 1.66927e+08 431396 5.44509e-12 1.03442e-09 1.00631e-05 1.83817e-07 1.27933e-06 0.0824734 5.04926e-05 0.0944961 2.27688 0.122666 9.08487e-11 3.57851e-08 0.000122252 2.46354e-06 1.56915e-05 0.385276 0.00028117 0.451644 5.53899 0.278639 4.65436e+06 inf 
605 2.69623e-05 0.00595067 54.7034 1.06974 6.98447 420449 293.754 495996 1.18671e+07 637588 4.57905e-14 7.42152e-09 0.0815215 3.77269e-05 0.00135249 807562 0.544323 1.17107e+06 2.01762e+08 521273 5.9591e-12 1.31519e-09 1.20903e-05 2.3643e-07 1.54368e-06 0.0929259 6.49243e-05 0.109623 2.62282 0.140917 1.00424e-10 4.04789e-08 0.000133684 2.87791e-06 1.72203e-05 0.412127 0.000340718 0.496797 6.14113 0.308791 4.52456e+06 inf 
615 2.81785e-05 0.00776105 64.3431 1.34923 8.25029 458584 365.449 557125 1.32145e+07 708090 5.49385e-14 1.1931e-08 0.107373 5.72238e-05 0.00179656 916861 0.800287 1.41056e+06 2.43528e+08 628206 6.39935e-12 1.76254e-09 1.46123e-05 3.0641e-07 1.87364e-06 0.104145 8.29936e-05 0.126523 3.00101 0.160808 1.11515e-10 5.20234e-08 0.00015547 3.59189e-06 2.01119e-05 0.444268 0.00041816 0.551661 6.80436 0.34177 4.40334e+06 inf 
625 2.88017e-05 0.0101869 76.5207 1.71721 9.85087 504989 457.485 631575 1.48032e+07 791611 5.93563e-14 1.84348e-08 0.141495 8.62891e-05 0.00238593 1.05395e+06 1.18191 1.71987e+06 2.96189e+08 763015 6.72752e-12 2.37945e-09 1.78738e-05 4.01109e-07 2.30097e-06 0.117956 0.00010686 0.147524 3.45775 0.184905 1.17555e-10 6.5577e-08 0.000180917 4.47153e-06 2.3495e-05 0.481942 0.000514444 0.616413 7.56493 0.379521 4.28117e+06 inf 
635 3.10104e-05 0.0129069 89.9537 2.1551 11.6212 552078 567.27 710601 1.64598e+07 878668 7.47131e-14 2.43976e-08 0.172372 0.000118513 0.00292327 1.19345e+06 1.69945 2.06063e+06 3.56194e+08 917198 7.47838e-12 3.11258e-09 2.1693e-05 5.19719e-07 2.80253e-06 0.133138 0.000136801 0.171367 3.9694 0.211897 1.34021e-10 7.66418e-08 0.000202727 5.32072e-06 2.64029e-05 0.519696 0.000625397 0.683791 8.37512 0.419867 4.14667e+06 inf 
645 3.35727e-05 0.0163085 104.837 2.67547 13.5878 601782 698.611 796837 1.82534e+07 973834 9.67954e-14 3.52979e-08 0.216388 0.000167918 0.0036924 1.34011e+06 2.41229 2.44762e+06 4.24921e+08 1.09743e+06 8.35016e-12 4.05622e-09 2.60749e-05 6.6544e-07 3.37953e-06 0.149674 0.000173758 0.198188 4.53997 0.242211 1.54936e-10 9.36098e-08 0.000230521 6.42819e-06 3.01156e-05 0.557592 0.000754844 0.754645 9.22358 0.46291 4.02061e+06 inf 
655 3.67254e-05 0.0205528 122.165 3.3146 15.8801 655141 857.234 892180 2.0191e+07 1.07663e+06 1.34261e-13 4.86209e-08 0.268383 0.000233346 0.00460259 1.50832e+06 3.40273 2.90948e+06 5.05214e+08 1.30618e+06 9.43497e-12 5.28012e-09 3.13849e-05 8.51539e-07 4.07968e-06 0.16831 0.000220229 0.229206 5.18718 0.276593 1.85482e-10 1.11638e-07 0.0002607 7.69564e-06 3.41437e-05 0.599307 0.00090867 0.833623 10.1432 0.508982 3.89248e+06 inf 
665 4.20523e-05 0.0266187 144.15 4.1626 18.7901 717431 1057.48 1.00494e+06 2.23786e+07 1.19321e+06 2.11661e-13 7.64665e-08 0.351017 0.000345501 0.00605279 1.72378e+06 4.91803 3.52009e+06 6.05131e+08 1.56873e+06 1.10866e-11 7.01774e-09 3.80037e-05 1.09742e-06 4.95381e-06 0.189143 0.000278794 0.264942 5.89988 0.314575 2.35965e-10 1.41811e-07 0.000301824 9.48068e-06 3.96385e-05 0.647055 0.00110402 0.926196 11.1682 0.560911 3.79306e+06 inf 
675 4.68545e-05 0.0327597 166.537 5.09885 21.7596 779884 1289.48 1.12307e+06 2.4681e+07 1.31721e+06 2.70166e-13 9.66902e-08 0.418973 0.000459726 0.00725176 1.91578e+06 6.79468 4.13109e+06 7.13748e+08 1.8602e+06 1.26753e-11 8.8623e-09 4.50523e-05 1.37936e-06 5.8865e-06 0.210977 0.000348834 0.303818 6.67679 0.356337 2.70048e-10 1.61488e-07 0.000333636 1.10664e-05 4.3899e-05 0.688297 0.00131013 1.01255 12.1863 0.613394 3.69653e+06 inf 
685 5.26e-05 0.0409792 193.787 6.28299 25.3736 848825 1571.17 1.2564e+06 2.7172e+07 1.45148e+06 3.8961e-13 1.32931e-07 0.515892 0.00063193 0.00896126 2.15667e+06 9.48389 4.90808e+06 8.43e+08 2.2061e+06 1.46028e-11 1.13766e-08 5.3799e-05 1.74428e-06 7.0442e-06 0.23565 0.000436188 0.348801 7.54345 0.402959 3.28557e-10 1.91768e-07 0.000374603 1.31299e-05 4.93781e-05 0.737022 0.0015629 1.11396 13.309 0.670878 3.60206e+06 inf 
695 6.1144e-05 0.0515144 224.922 7.73052 29.5076 922467 1910.38 1.40367e+06 2.98748e+07 1.59918e+06 5.87939e-13 1.87782e-07 0.644891 0.000887418 0.0112414 2.41915e+06 13.2866 5.82181e+06 9.92548e+08 2.6165e+06 1.73896e-11 1.46509e-08 6.39685e-05 2.19859e-06 8.39206e-06 0.262353 0.000543318 0.399209 8.4965 0.454812 4.08546e-10 2.30632e-07 0.000423459 1.57338e-05 5.59166e-05 0.786884 0.00186643 1.22326 14.4946 0.733 3.51613e+06 inf 
705 7.18986e-05 0.0641574 260.109 9.45746 34.1836 1.00017e+06 2311.97 1.56437e+06 3.27507e+07 1.75648e+06 8.05808e-13 2.52452e-07 0.797417 0.0012219 0.0139401 2.70908e+06 18.4237 6.8907e+06 1.16282e+09 3.08094e+06 2.09188e-11 1.86665e-08 7.56784e-05 2.75164e-06 9.9457e-06 0.290998 0.000672667 0.455153 9.52879 0.511047 4.83747e-10 2.70374e-07 0.00047569 1.86531e-05 6.29042e-05 0.838764 0.00221537 1.34077 15.7329 0.797011 3.43703e+06 inf 
715 8.70889e-05 0.0801504 302.192 11.6048 39.7722 1.08824e+06 2801.56 1.74918e+06 3.59138e+07 1.93079e+06 1.22859e-12 3.51744e-07 0.985605 0.00167893 0.017271 3.04905e+06 25.5223 8.18594e+06 1.36542e+09 3.64338e+06 2.59018e-11 2.38382e-08 8.98773e-05 3.45147e-06 1.1829e-05 0.323661 0.000833233 0.520236 10.6814 0.574251 6.03931e-10 3.22563e-07 0.000533909 2.20778e-05 7.06879e-05 0.895592 0.00262612 1.47105 17.0883 0.868242 3.36227e+06 inf 
725 0.000106625 0.0987582 346.673 14.0426 45.6828 1.17563e+06 3362.24 1.94155e+06 3.91989e+07 2.1152e+06 1.99289e-12 5.09948e-07 1.2255 0.00231511 0.0215314 3.38829e+06 34.7736 9.60484e+06 1.58491e+09 4.26975e+06 3.22875e-11 2.99052e-08 0.000104977 4.25226e-06 1.38333e-05 0.355996 0.00101813 0.587926 11.8699 0.640508 7.76163e-10 3.91822e-07 0.000600063 2.61335e-05 7.95526e-05 0.948306 0.00308112 1.60088 18.413 0.939512 3.30238e+06 inf 
735 0.000128861 0.121236 399.78 17.0616 52.734 1.2747e+06 4044.99 2.163e+06 4.28109e+07 2.31803e+06 2.23662e-12 6.02028e-07 1.45374 0.00303354 0.0255583 3.78355e+06 47.3985 1.13121e+07 1.84548e+09 5.0163e+06 3.97138e-11 3.73639e-08 0.000123209 5.25824e-06 1.62522e-05 0.392854 0.00124663 0.666619 13.194 0.714397 8.29296e-10 4.2912e-07 0.000657914 3.01208e-05 8.72509e-05 1.00585 0.003613 1.74411 19.8666 1.01765 3.24473e+06 inf 
745 0.000162848 0.149472 459.11 20.6425 60.6064 1.37836e+06 4845.62 2.40306e+06 4.66598e+07 2.53799e+06 3.97644e-12 8.85904e-07 1.80331 0.00417991 0.0317569 4.21026e+06 64.5417 1.32936e+07 2.1377e+09 5.87893e+06 5.10087e-11 4.68191e-08 0.000143806 6.46581e-06 1.89837e-05 0.431743 0.00151779 0.752706 14.6152 0.794972 1.11487e-09 5.24689e-07 0.000737678 3.56014e-05 9.79122e-05 1.06413 0.00423233 1.89667 21.3538 1.09976 3.19255e+06 inf 
755 0.00020854 0.185177 528.926 25.0141 69.8676 1.49034e+06 5795.91 2.66967e+06 5.07441e+07 2.77316e+06 6.29576e-12 1.26144e-06 2.25464 0.00575308 0.0397523 4.71949e+06 87.8344 1.57198e+07 2.47535e+09 6.88361e+06 6.65251e-11 5.90722e-08 0.000168729 7.97959e-06 2.2288e-05 0.475425 0.00184892 0.851636 16.1876 0.884649 1.41561e-09 6.31598e-07 0.000831125 4.20902e-05 0.000110383 1.13115 0.00495994 2.07108 22.9697 1.18882 3.13476e+06 inf 
765 0.000258949 0.224844 603.819 30.0164 79.7894 1.60537e+06 6893.24 2.95432e+06 5.50037e+07 3.02089e+06 8.05516e-12 1.58498e-06 2.68848 0.00757868 0.0473996 5.22107e+06 118.058 1.8359e+07 2.84525e+09 8.00295e+06 8.44674e-11 7.33426e-08 0.000196962 9.79115e-06 2.60268e-05 0.52366 0.00224853 0.963681 17.9419 0.985394 1.61877e-09 7.15283e-07 0.000915516 4.87468e-05 0.00012159 1.19535 0.00578392 2.24942 24.621 1.28043 3.06567e+06 inf 
775 0.000338154 0.279932 698.378 36.4717 92.3067 1.74093e+06 8246.53 3.29187e+06 5.98307e+07 3.30349e+06 1.25126e-11 2.24521e-06 3.39158 0.0105157 0.0598079 5.88199e+06 161.094 2.18413e+07 3.29598e+09 9.38273e+06 1.1281e-10 9.3387e-08 0.000232983 1.21672e-05 3.07941e-05 0.580783 0.00275109 1.09819 19.9599 1.10207 2.03999e-09 8.60405e-07 0.00103787 5.7966e-05 0.000137855 1.27474 0.0067951 2.46584 26.4795 1.38405 2.99755e+06 inf 
785 0.000424517 0.33878 794.65 43.5357 105.034 1.87067e+06 9754.75 3.63376e+06 6.46265e+07 3.59005e+06 1.75448e-11 2.9756e-06 4.09064 0.0139184 0.0721275 6.4939e+06 214.395 2.54412e+07 3.76651e+09 1.08669e+07 1.44404e-10 1.15239e-07 0.000270308 1.48091e-05 3.57284e-05 0.636326 0.00331817 1.23606 21.9833 1.22119 2.43869e-09 9.9945e-07 0.00114822 6.7195e-05 0.000152507 1.34315 0.00786883 2.6695 28.248 1.48498 2.9398e+06 inf 
795 0.000534833 0.410371 907.039 52.0762 119.867 2.0165e+06 11562.9 4.02419e+06 6.99253e+07 3.91105e+06 2.60337e-11 3.96867e-06 4.93847 0.0183755 0.087031 7.19225e+06 284.992 2.97168e+07 4.31261e+09 1.26404e+07 1.85749e-10 1.42523e-07 0.000315017 1.80862e-05 4.16301e-05 0.700335 0.00401582 1.39761 24.2852 1.35832 3.00118e-09 1.16534e-06 0.00127118 7.78123e-05 0.000168799 1.41683 0.00910229 2.89264 30.1331 1.59531 2.87934e+06 inf 
805 0.000687771 0.503562 1041.99 62.6762 137.659 2.17473e+06 13699 4.45888e+06 7.54662e+07 4.24869e+06 3.76576e-11 5.3667e-06 6.088 0.0247998 0.107178 8.04135e+06 382.711 3.50689e+07 4.94551e+09 1.47037e+07 2.43687e-10 1.78419e-07 0.00036919 2.2207e-05 4.87743e-05 0.770535 0.00485375 1.57984 26.7387 1.50537 3.64462e-09 1.36736e-06 0.00142154 9.107e-05 0.000188668 1.50181 0.0105849 3.15111 32.2072 1.71569 2.82236e+06 inf 
815 0.000880348 0.613903 1191.76 75.0241 157.369 2.33993e+06 16165.4 4.92851e+06 8.1321e+07 4.61246e+06 5.51298e-11 7.24446e-06 7.47129 0.0332547 0.131383 8.95104e+06 509.906 4.1179e+07 5.64334e+09 1.70555e+07 3.1721e-10 2.21204e-07 0.00042942 2.70329e-05 5.67036e-05 0.843132 0.00582477 1.77586 29.3018 1.66198 4.44566e-09 1.60044e-06 0.00158357 0.000106074 0.00021006 1.58568 0.0122394 3.4182 34.2758 1.83938 2.77529e+06 inf 
825 0.00112789 0.748634 1364.14 89.8411 180.015 2.51753e+06 19054.8 5.44732e+06 8.74937e+07 5.00084e+06 7.83528e-11 9.76211e-06 9.1926 0.0448068 0.161401 9.96666e+06 679.834 4.84013e+07 6.43419e+09 1.97711e+07 4.13347e-10 2.74358e-07 0.000499928 3.29247e-05 6.59713e-05 0.922617 0.00698317 1.99632 32.0645 1.83269 5.34263e-09 1.87145e-06 0.00176606 0.000123841 0.000234089 1.67372 0.0141555 3.70846 36.4672 1.97152 2.72868e+06 inf 
835 0.00144454 0.911212 1560.64 107.423 205.783 2.70943e+06 22438.3 6.02229e+06 9.41747e+07 5.42655e+06 1.14752e-10 1.33108e-05 11.3229 0.0602508 0.198456 1.10852e+07 902.042 5.68017e+07 7.32629e+09 2.29144e+07 5.36828e-10 3.38631e-07 0.000579977 3.99214e-05 7.64743e-05 1.0069 0.00833868 2.23805 34.9978 2.01665 6.50821e-09 2.19817e-06 0.00196762 0.000144212 0.000260583 1.76231 0.0163 4.0125 38.7014 2.1092 2.69087e+06 inf 
845 0.00183087 1.10303 1779.47 127.958 234.415 2.90362e+06 26298.6 6.63111e+06 1.00903e+08 5.86415e+06 1.61704e-10 1.76929e-05 13.833 0.0802115 0.241903 1.22843e+07 1190.55 6.64437e+07 8.30062e+09 2.64457e+07 6.91777e-10 4.1677e-07 0.000672358 4.83477e-05 8.85717e-05 1.09711 0.00993669 2.50551 38.1252 2.21572 7.78588e-09 2.55175e-06 0.00218508 0.000167241 0.00028906 1.85415 0.0187377 4.33908 41.0217 2.25453 2.64662e+06 inf 
855 0.00232219 1.33357 2029.12 152.258 267.021 3.11384e+06 30791.8 7.30471e+06 1.0811e+08 6.34183e+06 2.43975e-10 2.42281e-05 16.9831 0.10684 0.296402 1.36051e+07 1563.99 7.76052e+07 9.39691e+09 3.05594e+07 8.92934e-10 5.12787e-07 0.000780242 5.85466e-05 0.000102676 1.19734 0.0118402 2.80883 41.5709 2.43858 9.64451e-09 3.00887e-06 0.00243344 0.000194048 0.000321607 1.9488 0.0214756 4.68524 43.4187 2.40917 2.60062e+06 inf 
865 0.00292037 1.60888 2314.32 181.059 304.206 3.33705e+06 35986.7 8.04099e+06 1.15688e+08 6.8492e+06 3.17744e-10 3.10901e-05 20.6149 0.140614 0.358868 1.50737e+07 2049.94 9.0666e+07 1.06211e+10 3.52257e+07 1.14144e-09 6.28837e-07 0.000904561 7.07676e-05 0.0001189 1.3043 0.0140655 3.14285 45.2172 2.67703 1.10855e-08 3.42873e-06 0.00269057 0.000223498 0.000355145 2.04705 0.0245639 5.05565 45.8989 2.56935 2.5585e+06 inf 
875 0.00375868 1.97176 2665.49 217.417 349.942 3.59118e+06 42221.2 8.89e+06 1.24053e+08 7.41586e+06 4.61557e-10 4.25018e-05 25.7726 0.190911 0.44752 1.6894e+07 2721.64 1.07242e+08 1.20727e+10 4.08678e+07 1.49156e-09 7.82456e-07 0.00105775 8.62778e-05 0.000138868 1.42509 0.0167547 3.52783 49.2281 2.94284 1.34512e-08 4.0316e-06 0.00301804 0.000261372 0.000397876 2.16175 0.0282721 5.48737 48.6562 2.74905 2.51996e+06 inf 
885 0.00476596 2.38337 3042.81 258.549 398.932 3.84475e+06 49214.8 9.77656e+06 1.32525e+08 8.00378e+06 6.97072e-10 5.83904e-05 31.8537 0.255726 0.551595 1.87184e+07 3563.15 1.25359e+08 1.36117e+10 4.70996e+07 1.92179e-09 9.61054e-07 0.00122696 0.000104255 0.000160862 1.55033 0.019845 3.94223 53.4385 3.22739 1.6655e-08 4.75618e-06 0.00336734 0.000303723 0.000443333 2.26812 0.0322948 5.91671 51.313 2.92849 2.47996e+06 inf 
895 0.00607294 2.89635 3487.53 308.496 456.608 4.1195e+06 57371.6 1.07606e+07 1.41518e+08 8.63802e+06 1.0176e-09 7.94241e-05 39.6147 0.34402 0.684098 2.0842e+07 4677.02 1.47224e+08 1.53672e+10 5.43728e+07 2.49129e-09 1.18816e-06 0.00143068 0.000126554 0.000187313 1.68993 0.0235354 4.4143 58.0548 3.54355 2.02791e-08 5.58303e-06 0.00376885 0.00035371 0.00049553 2.38623 0.0369422 6.39602 54.1637 3.12225 2.43767e+06 inf 
905 0.00784118 3.54735 4018.26 369.73 525.352 4.42529e+06 66946.2 1.18711e+07 1.5128e+08 9.3339e+06 1.58594e-09 0.000112741 50.2218 0.471548 0.864923 2.33483e+07 6164.34 1.7394e+08 1.73944e+10 6.29541e+07 3.26822e-09 1.47854e-06 0.00167482 0.000154104 0.000218968 1.84447 0.0279033 4.9479 63.0539 3.89039 2.55018e-08 6.69362e-06 0.00425765 0.000415685 0.000559066 2.51586 0.0423169 6.92941 57.2209 3.33231 2.39922e+06 inf 
915 0.00989958 4.29164 4601.93 440.271 600.736 4.73405e+06 77773.8 1.30439e+07 1.6122e+08 1.00612e+07 2.20402e-09 0.000149323 62.0408 0.628555 1.06506 2.59229e+07 8041.09 2.03661e+08 1.95758e+10 7.25901e+07 4.20351e-09 1.82229e-06 0.00195405 0.000186946 0.000255081 2.01015 0.0330239 5.53865 68.4564 4.27214 3.03016e-08 7.75138e-06 0.00474606 0.000481607 0.000622233 2.63942 0.0482057 7.46998 60.2153 3.54565 2.35508e+06 inf 
925 0.0126575 5.23054 5294.41 526.548 690.05 5.07158e+06 90453.4 1.43551e+07 1.71908e+08 1.08561e+07 3.19595e-09 0.000204434 77.933 0.852562 1.3335 2.89175e+07 10541.1 2.39714e+08 2.20739e+10 8.39242e+07 5.46402e-09 2.25793e-06 0.0022855 0.000227301 0.000297882 2.1893 0.039047 6.19684 74.2095 4.68637 3.67393e-08 9.11878e-06 0.00533092 0.000562467 0.000697791 2.7731 0.0550064 8.06718 63.4179 3.7771 2.31652e+06 inf 
935 0.016291 6.40192 6111.29 631.18 795.265 5.44073e+06 105177 1.58157e+07 1.83393e+08 1.1721e+07 5.08156e-09 0.000290065 99.0977 1.1674 1.69045 3.23888e+07 13825 2.83106e+08 2.49199e+10 9.71742e+07 7.1368e-09 2.80457e-06 0.00267725 0.000276509 0.000348392 2.38349 0.0460761 6.92857 80.3414 5.13475 4.66391e-08 1.09182e-05 0.00602041 0.000659514 0.000786879 2.91684 0.0627176 8.71886 66.7999 4.0255 2.28268e+06 inf 
945 0.020636 7.76151 7018.68 752.21 911.859 5.81611e+06 121757 1.73617e+07 1.95171e+08 1.26344e+07 7.25588e-09 0.000391608 123.86 1.56756 2.10597 3.60244e+07 17956.1 3.31844e+08 2.79911e+10 1.12128e+08 9.16225e-09 3.44607e-06 0.00311625 0.000333977 0.00040486 2.58232 0.0540594 7.7085 86.6546 5.60962 5.60145e-08 1.27278e-05 0.00672919 0.000764491 0.000878138 3.05389 0.0710633 9.37634 70.1346 4.27974 2.25228e+06 inf 
955 0.0263097 9.45775 8095.36 899.917 1050.01 6.23143e+06 141159 1.91013e+07 2.08058e+08 1.36447e+07 1.06286e-08 0.000536232 156.28 2.12441 2.64832 4.02365e+07 23405 3.90664e+08 3.15131e+10 1.29719e+08 1.18091e-08 4.24511e-06 0.0036336 0.000403928 0.000471296 2.79698 0.0633594 8.57363 93.387 6.12441 6.8053e-08 1.4922e-05 0.00754607 0.000889035 0.000983148 3.19954 0.0805664 10.0917 73.6444 4.55151 2.22791e+06 inf 
965 0.03392 11.5987 9366.95 1079.72 1212.96 6.67265e+06 163495 2.10053e+07 2.2142e+08 1.47155e+07 1.61499e-08 0.000755626 200.329 2.92377 3.38399 4.51072e+07 30607.5 4.61765e+08 3.54955e+10 1.50237e+08 1.5433e-08 5.2772e-06 0.00426179 0.000491252 0.000551874 3.03593 0.0743874 9.55701 100.742 6.69528 8.43193e-08 1.77749e-05 0.00854301 0.00104352 0.00111134 3.36245 0.0916099 10.8976 77.4653 4.85057 2.19789e+06 inf 
975 0.0435578 14.1729 10815.5 1292.41 1398.15 7.13196e+06 188927 2.30567e+07 2.35407e+08 1.58688e+07 2.51568e-08 0.00106903 256.077 4.01524 4.31112 5.03518e+07 39859.3 5.43612e+08 3.98729e+10 1.73869e+08 2.00824e-08 6.53442e-06 0.00498649 0.00059587 0.00064462 3.28821 0.0871052 10.6303 108.535 7.31632 1.05808e-07 2.12174e-05 0.009654 0.00122318 0.00125384 3.52172 0.103874 11.7316 81.2627 5.16083 2.16895e+06 inf 
985 0.0555794 17.3264 12543.4 1551.18 1618.87 7.65958e+06 218909 2.54183e+07 2.51311e+08 1.7181e+07 3.64819e-08 0.0014613 325.3 5.44607 5.45864 5.64977e+07 51781.4 6.41974e+08 4.49645e+10 2.01915e+08 2.5861e-08 8.06197e-06 0.00583643 0.000721761 0.000753256 3.56399 0.101858 11.8271 116.935 7.9943 1.27696e-07 2.47981e-05 0.0108304 0.00141884 0.00140446 3.68596 0.117127 12.6027 85.1366 5.48105 2.14916e+06 inf 
995 0.0718829 21.3187 14566.5 1865.7 1876.87 8.19926e+06 253027 2.79433e+07 2.67251e+08 1.85412e+07 5.61243e-08 0.00207247 420.443 7.54143 7.03267 6.34167e+07 67637.6 7.5991e+08 5.06145e+10 2.34392e+08 3.39144e-08 1.00582e-05 0.00687251 0.000880238 0.000885509 3.86842 0.119378 13.1837 126.089 8.74776 1.59152e-07 2.96079e-05 0.0122937 0.0016683 0.00159182 3.86722 0.132892 13.5911 89.3392 5.83634 2.11954e+06 inf 
1005 0.0925733 26.1977 16932.3 2244.38 2178.04 8.78269e+06 292356 3.07337e+07 2.84347e+08 2.0024e+07 8.49204e-08 0.00291631 542.14 10.3979 9.03775 7.11952e+07 88108.1 8.99095e+08 5.6985e+10 2.72257e+08 4.42549e-08 1.25239e-05 0.00809452 0.00107293 0.00104122 4.19859 0.139762 14.6923 135.933 9.57252 1.96565e-07 3.51753e-05 0.0139158 0.00195437 0.00179899 4.05054 0.15029 14.627 93.6166 6.20646 2.09182e+06 inf 
1015 0.119133 32.162 19665.6 2694.73 2525.55 9.39564e+06 336847 3.37492e+07 3.02132e+08 2.16084e+07 1.27287e-07 0.00409487 699.988 14.3165 11.6321 7.98962e+07 114267 1.06232e+09 6.40404e+10 3.16028e+08 5.77075e-08 1.55791e-05 0.00952587 0.00130531 0.00122336 4.55119 0.163166 16.3479 146.351 10.4669 2.41509e-07 4.17232e-05 0.0157584 0.00228714 0.00203419 4.24121 0.16949 15.7266 97.9911 6.59735 2.06444e+06 inf 
1025 0.154014 39.6236 22900.8 3244.09 2936.36 1.00549e+07 388282 3.70814e+07 3.21104e+08 2.3332e+07 1.96567e-07 0.00582583 909.876 19.8445 15.0748 8.98152e+07 148587 1.25816e+09 7.20393e+10 3.67401e+08 7.55371e-08 1.94336e-05 0.0112318 0.00159108 0.00144015 4.93149 0.190435 18.1867 157.487 11.4433 3.01167e-07 4.9796e-05 0.0178913 0.00268352 0.00230639 4.44192 0.191337 16.9208 102.615 7.01749 2.03892e+06 inf 
1035 0.199714 48.9153 26708.3 3910.16 3419.07 1.0761e+07 447408 4.07462e+07 3.41275e+08 2.52084e+07 3.07836e-07 0.0083684 1189.1 27.6658 19.6386 1.01036e+08 193262 1.49139e+09 8.10432e+10 4.27715e+08 9.91257e-08 2.42785e-05 0.0132563 0.00194076 0.00169702 5.34109 0.222066 20.2239 169.388 12.5119 3.78107e-07 5.97001e-05 0.0203584 0.00315674 0.00262059 4.6498 0.215894 18.1996 107.39 7.46623 2.01476e+06 inf 
1045 0.258853 60.4259 31197.1 4715.33 3987.7 1.15346e+07 515463 4.48241e+07 3.63178e+08 2.72763e+07 4.74193e-07 0.0119553 1554.45 38.4692 25.6005 1.13868e+08 250829 1.76915e+09 9.12565e+10 4.98597e+08 1.29794e-07 3.02987e-05 0.0156428 0.00236436 0.00199951 5.78366 0.258463 22.4756 182.104 13.6769 4.70024e-07 7.12502e-05 0.0231243 0.00370122 0.00297297 4.86261 0.242832 19.5431 112.231 7.93406 1.99434e+06 inf 
1055 0.335303 74.6256 36433.5 5684.8 4649.8 1.23433e+07 592955 4.92393e+07 3.85903e+08 2.94908e+07 7.30164e-07 0.0170662 2033.19 53.4922 33.3836 1.28125e+08 325129 2.09632e+09 1.02598e+11 5.81329e+08 1.70078e-07 3.78529e-05 0.0184805 0.00288355 0.00235855 6.26098 0.300769 24.976 195.744 14.9589 5.84329e-07 8.4993e-05 0.0262637 0.00433802 0.00337204 5.0784 0.272865 20.965 117.157 8.43237 1.97146e+06 inf 
1065 0.434963 92.2393 42569.7 6852.99 5424.95 1.32054e+07 681270 5.40662e+07 4.09998e+08 3.18965e+07 1.12618e-06 0.0244654 2667.82 74.5942 43.6839 1.44232e+08 420846 2.48401e+09 1.1529e+11 6.7785e+08 2.22646e-07 4.72149e-05 0.0217903 0.00350786 0.00277689 6.7595 0.348724 27.6751 209.867 16.327 7.25871e-07 0.000101459 0.0298458 0.00508701 0.00382747 5.30451 0.306287 22.4853 122.351 8.96681 1.95361e+06 inf 
1075 0.565404 114.199 49795.1 8267.31 6336.79 1.41204e+07 781937 5.93339e+07 4.35183e+08 3.44706e+07 1.74447e-06 0.0351813 3512.03 104.199 57.3549 1.62488e+08 544607 2.94558e+09 1.29533e+11 7.90816e+08 2.92636e-07 5.91059e-05 0.0257724 0.00427891 0.00327973 7.30829 0.404707 30.7094 225.237 17.8409 9.04017e-07 0.000121306 0.0339632 0.00596835 0.00435069 5.53963 0.343634 24.1138 127.713 9.53955 1.93211e+06 inf 
1085 0.738227 141.74 58337.7 9986.36 7413.63 1.51075e+07 897575 6.51539e+07 4.62308e+08 3.73045e+07 2.78371e-06 0.0513624 4652.7 146.512 75.7895 1.83218e+08 705087 3.49656e+09 1.45587e+11 9.23746e+08 3.85295e-07 7.39767e-05 0.0304476 0.00521207 0.00386932 7.88489 0.468462 34.0051 241.287 19.4699 1.14211e-06 0.000146063 0.0387463 0.00702152 0.00495826 5.7839 0.385411 25.8569 133.287 10.151 1.91601e+06 inf 
1095 0.962441 175.825 68327.8 12054 8671.68 1.61465e+07 1.02851e+06 7.14609e+07 4.90568e+08 4.03506e+07 4.35445e-06 0.0744342 6158.4 205.534 100.066 2.0643e+08 910750 4.14622e+09 1.63437e+11 1.07908e+09 5.07215e-07 9.26611e-05 0.0360093 0.00635255 0.00457005 8.50934 0.542036 37.6605 258.534 21.2651 1.42743e-06 0.000175047 0.0441459 0.00824399 0.0056436 6.03171 0.431475 27.6908 138.9 10.7926 1.8975e+06 inf 
1105 1.26097 219.074 80342.2 14600.4 10183.4 1.73e+07 1.1809e+06 7.85741e+07 5.21716e+08 4.37546e+07 6.8968e-06 0.108769 8202.41 289.878 132.964 2.33446e+08 1.17916e+06 4.93409e+09 1.8397e+11 1.26452e+09 6.69308e-07 0.000116282 0.0426446 0.00774971 0.00540522 9.18263 0.626806 41.7062 276.92 23.2244 1.79242e-06 0.000210266 0.0503505 0.00968531 0.00643112 6.29201 0.4827 29.6572 144.79 11.4812 1.88399e+06 inf 
1115 1.65063 272.602 94327 17651.6 11941.4 1.85033e+07 1.35251e+06 8.62333e+07 5.54047e+08 4.74091e+07 1.08804e-05 0.158803 10920 408.432 176.618 2.63385e+08 1.52179e+06 5.85756e+09 2.06611e+11 1.48059e+09 8.82759e-07 0.000145788 0.0504462 0.00944011 0.00638626 9.89559 0.723326 46.1177 296.305 25.3545 2.2449e-06 0.000252337 0.0574038 0.0113716 0.00732608 6.55254 0.539126 31.7142 150.662 12.2054 1.86985e+06 inf 
1125 2.15682 338.556 110510 21285.9 13974 1.9731e+07 1.54359e+06 9.43496e+07 5.86597e+08 5.12443e+07 1.71809e-05 0.231725 14523 574.038 234.395 2.9641e+08 1.95611e+06 6.93448e+09 2.31318e+11 1.73032e+09 1.16513e-06 0.00018289 0.0596981 0.0114988 0.00754884 10.6588 0.833856 50.9682 316.883 27.6825 2.81491e-06 0.00030287 0.0654336 0.0133371 0.00834484 6.82004 0.601156 33.8864 156.666 12.9772 1.85114e+06 inf 
1135 2.83394 422.622 130132 25786.3 16437.5 2.11444e+07 1.76887e+06 1.03724e+08 6.24191e+08 5.56924e+07 2.74414e-05 0.340937 19430.8 811.152 312.999 3.35167e+08 2.52177e+06 8.24496e+09 2.60127e+11 2.033e+09 1.53729e-06 0.000229254 0.0705909 0.013988 0.00891662 11.4699 0.959536 56.2659 338.596 30.2107 3.53871e-06 0.000363849 0.074547 0.0156317 0.0095017 7.08908 0.668758 36.1479 162.666 13.7887 1.84347e+06 inf 
1145 3.72091 526.47 152743 31134.7 19274.3 2.25519e+07 2.01722e+06 1.13501e+08 6.61102e+08 6.02772e+07 4.4133e-05 0.5034 26003.2 1146.45 418.115 3.77428e+08 3.23863e+06 9.76636e+09 2.91195e+11 2.38023e+09 2.03423e-06 0.000287823 0.083505 0.0170214 0.0105373 12.3292 1.10282 62.0515 361.427 32.9537 4.47097e-06 0.000438598 0.0851054 0.0183586 0.010842 7.37103 0.744556 38.5865 169.02 14.6742 1.82914e+06 inf 
1155 4.8958 657.412 179726 37669.2 22658.4 2.41032e+07 2.30371e+06 1.24447e+08 7.01652e+08 6.54102e+07 7.05909e-05 0.74321 34878.9 1622.44 559.922 4.25844e+08 4.16149e+06 1.1588e+10 3.26533e+11 2.79463e+09 2.69223e-06 0.000361515 0.0988324 0.0207145 0.01246 13.2545 1.26682 68.4341 385.843 35.9695 5.61874e-06 0.00052726 0.0970168 0.0215197 0.0123553 7.64801 0.826795 41.0988 175.179 15.5878 1.81849e+06 inf 
1165 6.42798 818.865 210967 45440.5 26574.6 2.57036e+07 2.62277e+06 1.36118e+08 7.43229e+08 7.08726e+07 0.000113929 1.09912 46703.6 2289.37 748.625 4.79147e+08 5.32188e+06 1.37052e+10 3.65103e+11 3.2743e+09 3.5561e-06 0.000453015 0.116712 0.0251387 0.0147017 14.2198 1.45098 75.3038 411.171 39.2083 7.09803e-06 0.000634695 0.110525 0.0251908 0.0140719 7.92918 0.915889 43.7192 181.442 16.5567 1.80759e+06 inf 
1175 8.46631 1022.16 247882 54869.5 31200.8 2.73899e+07 2.98368e+06 1.48788e+08 7.8651e+08 7.6783e+07 0.000184446 1.63272 62741.3 3242.73 1004.34 5.38986e+08 6.80834e+06 1.62115e+10 4.07985e+11 3.84204e+09 4.71989e-06 0.000569846 0.138192 0.0305892 0.0173942 15.2696 1.66337 82.9479 438.472 42.8058 8.97495e-06 0.000765182 0.126018 0.0295312 0.0160422 8.20482 1.01429 46.4478 187.591 17.5944 1.79375e+06 inf 
1185 11.177 1279.45 292166 66419.5 36751.3 2.92869e+07 3.40272e+06 1.63156e+08 8.35334e+08 8.35323e+07 0.00029873 2.42825 84477.1 4594.79 1350.8 6.08162e+08 8.71455e+06 1.9221e+10 4.57175e+11 4.52464e+09 6.2479e-06 0.000715203 0.163319 0.0371282 0.0205438 16.3712 1.9021 91.2034 466.947 46.6941 1.13116e-05 0.000919708 0.143349 0.0344958 0.0182495 8.48191 1.11955 49.2582 193.697 18.6791 1.78892e+06 inf 
1195 14.6706 1592.23 342451 79922.1 43051 3.11531e+07 3.85759e+06 1.77962e+08 8.82979e+08 9.04842e+07 0.000480498 3.59137 113081 6468.87 1806.31 6.81852e+08 1.10694e+07 2.26401e+10 5.09197e+11 5.30049e+09 8.24414e-06 0.000894749 0.19244 0.044912 0.0241924 17.5064 2.16777 100.005 496.188 50.8474 1.42144e-05 0.00110344 0.162826 0.0402253 0.020731 8.7573 1.23337 52.1678 199.849 19.8278 1.77952e+06 inf 
1205 19.4318 1993.81 402934 96539.5 50633.4 3.31848e+07 4.37962e+06 1.94406e+08 9.34385e+08 9.81789e+07 0.000797039 5.4122 152906 9203.41 2441.05 7.66875e+08 1.41129e+07 2.67623e+10 5.68425e+11 6.23003e+09 1.09727e-05 0.00112586 0.227528 0.0545136 0.0285915 18.7387 2.47307 109.776 527.626 55.4394 1.81568e-05 0.00133738 0.18594 0.0471722 0.023684 9.04982 1.3613 55.3281 206.368 21.0816 1.77092e+06 inf 
1215 25.72 2498.37 474778 116737 59640 3.54046e+07 4.97837e+06 2.12701e+08 9.90653e+08 1.06859e+08 0.00129622 8.08908 206335 13048.2 3292 8.62742e+08 1.79748e+07 3.16357e+10 6.34919e+11 7.34687e+09 1.45457e-05 0.00141293 0.268507 0.0660198 0.0337289 20.0228 2.81548 120.291 560.255 60.4329 2.28362e-05 0.00160572 0.211176 0.0549607 0.0269096 9.32765 1.49618 58.4915 212.573 22.4236 1.76822e+06 inf 
1225 33.9002 3114.4 556505 140355 69887.9 3.76051e+07 5.6275e+06 2.3161e+08 1.04605e+09 1.15869e+08 0.00213879 12.1166 277278 18421 4422.5 9.64987e+08 2.27223e+07 3.71625e+10 7.05288e+11 8.62109e+09 1.92418e-05 0.00176773 0.315873 0.0796654 0.0396684 21.3447 3.19417 131.462 593.738 65.7675 2.90471e-05 0.00193714 0.240015 0.0641032 0.0306044 9.59852 1.64148 61.7348 218.625 23.8323 1.7618e+06 inf 
1235 44.8021 3894.25 654275 169216 82153.9 4.00377e+07 6.37417e+06 2.52793e+08 1.10716e+09 1.26012e+08 0.00350357 18.1333 373371 26034.7 5953.98 1.08165e+09 2.87601e+07 4.37425e+10 7.85132e+11 1.01497e+10 2.5473e-05 0.00221414 0.371999 0.0962109 0.04671 22.7641 3.62414 143.73 629.496 71.6462 3.66489e-05 0.00232542 0.271851 0.074471 0.0346902 9.83786 1.79378 64.9022 223.91 25.2509 1.75881e+06 inf 
1245 59.0714 4856.27 767001 203359 96308.2 4.25002e+07 7.19571e+06 2.75076e+08 1.16872e+09 1.36849e+08 0.00574993 27.1161 501408 36668.4 7997.3 1.20783e+09 3.62292e+07 5.12838e+10 8.70752e+11 1.19341e+10 3.36628e-05 0.00276743 0.437088 0.115887 0.0548828 24.2194 4.10059 156.756 666.013 77.9854 4.62981e-05 0.00279176 0.307717 0.0864072 0.0393099 10.0858 1.95728 68.2082 229.432 26.8168 1.7548e+06 inf 
1255 78.2866 6075.41 900635 244765 113103 4.51323e+07 8.12357e+06 2.99441e+08 1.23434e+09 1.48746e+08 0.00957647 40.9362 676604 51903.1 10796.2 1.34959e+09 4.56619e+07 6.01744e+10 9.66234e+11 1.40507e+10 4.46747e-05 0.00346696 0.513952 0.139676 0.0645428 25.755 4.63576 170.877 704.38 84.8828 5.88985e-05 0.00336758 0.349229 0.100545 0.0446668 10.3358 2.13704 71.6921 235.022 28.5133 1.75237e+06 inf 
1265 103.412 7582.54 1.05593e+06 294006 132637 4.78892e+07 9.15657e+06 3.25627e+08 1.30294e+09 1.61762e+08 0.0158652 61.4826 909233 73078.4 14517.8 1.50441e+09 5.73041e+07 7.0396e+10 1.07002e+12 1.65454e+10 5.90419e-05 0.00432915 0.602869 0.167859 0.0757274 27.3417 5.22782 185.912 743.897 92.3558 7.46462e-05 0.00404489 0.394541 0.116389 0.0505381 10.5524 2.32096 75.0215 239.86 30.2788 1.75151e+06 inf 
1275 136.405 9455.68 1.23754e+06 352921 155499 5.0814e+07 1.0316e+07 3.54076e+08 1.37594e+09 1.76127e+08 0.0260416 91.8993 1.21878e+06 102566 19474.2 1.67427e+09 7.17277e+07 8.22071e+10 1.1837e+12 1.94896e+10 7.77387e-05 0.00538888 0.705285 0.201133 0.0886203 28.9593 5.87916 201.791 784.158 100.377 9.37979e-05 0.00483055 0.444032 0.13416 0.0569647 10.7488 2.5127 78.2997 244.327 32.1222 1.75467e+06 inf 
1285 180.203 11791.4 1.44868e+06 423073 182127 5.38009e+07 1.15941e+07 3.84167e+08 1.45006e+09 1.91568e+08 0.0433821 138.252 1.63548e+06 144095 26165.3 1.85907e+09 8.95478e+07 9.57816e+10 1.30647e+12 2.29533e+10 0.000102671 0.00671819 0.82539 0.241047 0.103767 30.6532 6.6058 218.881 826.178 109.146 0.000119062 0.00579963 0.500553 0.154903 0.0643438 10.9356 2.71726 81.6279 248.58 34.1289 1.75515e+06 inf 
1295 237.896 14691 1.69393e+06 506453 213095 5.68935e+07 1.30078e+07 4.16262e+08 1.52686e+09 2.08391e+08 0.0720123 207.579 2.19064e+06 201942 35095 2.05927e+09 1.11413e+08 1.11308e+11 1.43908e+12 2.70328e+10 0.000135405 0.00836179 0.964147 0.288261 0.121289 32.3825 7.40375 236.927 869.052 118.612 0.00015051 0.00694474 0.563277 0.178455 0.0725553 11.1115 2.93223 84.9664 252.664 36.3009 1.75692e+06 inf 
1305 314.259 18313.3 1.98205e+06 606522 249531 6.02168e+07 1.46001e+07 4.51397e+08 1.60985e+09 2.272e+08 0.11999 311.932 2.93255e+06 282751 47058.7 2.27917e+09 1.3839e+08 1.29225e+11 1.58504e+12 3.18988e+10 0.000178196 0.0103843 1.12389 0.343919 0.141493 34.145 8.27874 255.958 912.841 128.83 0.000190486 0.00830918 0.632238 0.20506 0.0816315 11.2466 3.15185 88.0948 255.923 38.6069 1.76356e+06 inf 
1315 414.785 22810.8 2.31724e+06 725536 291995 6.3676e+07 1.63641e+07 4.88984e+08 1.69633e+09 2.47859e+08 0.199396 467.791 3.91826e+06 394850 62996.7 2.5172e+09 1.71346e+08 1.49663e+11 1.74284e+12 3.76604e+10 0.00023413 0.0128758 1.30799 0.409536 0.16482 35.9426 9.23687 276.012 957.514 139.907 0.000240281 0.00991282 0.707713 0.234856 0.0916166 11.3574 3.37609 91.0841 258.715 41.0359 1.7716e+06 inf 
1325 546.534 28351.4 2.70264e+06 865649 340920 6.71681e+07 1.82894e+07 5.28364e+08 1.78395e+09 2.7019e+08 0.331545 700.326 5.21847e+06 549458 84090.2 2.76876e+09 2.11153e+08 1.7261e+11 1.90994e+12 4.44211e+10 0.000307139 0.0159328 1.51882 0.486474 0.191589 37.7469 10.2782 296.928 1002.54 151.84 0.000303292 0.01182 0.791099 0.268562 0.102715 11.4522 3.60848 94.0034 261.252 43.6822 1.77944e+06 inf 
1335 718.701 35165.7 3.14546e+06 1.03028e+06 397263 7.07002e+07 2.03852e+07 5.69597e+08 1.87273e+09 2.94306e+08 0.549455 1044.87 6.92531e+06 761291 111874 3.03494e+09 2.58977e+08 1.98317e+11 2.08701e+12 5.23605e+10 0.000402433 0.0196909 1.76129 0.576898 0.222446 39.5883 11.4146 318.943 1048.62 164.796 0.000381722 0.0140477 0.880716 0.305728 0.114722 11.4966 3.83667 96.549 262.672 46.4915 1.78589e+06 inf 
1345 946.154 43669.7 3.66615e+06 1.22776e+06 463627 7.45493e+07 2.27531e+07 6.15099e+08 1.97061e+09 3.21783e+08 0.911629 1558.96 9.18597e+06 1.05404e+06 148799 3.32445e+09 3.1724e+08 2.27684e+11 2.28128e+12 6.19024e+10 0.000525435 0.0242514 2.03595 0.68182 0.25747 41.4 12.6356 341.587 1094.36 178.698 0.000479771 0.0166619 0.977863 0.347089 0.12784 11.4991 4.06402 98.7909 263.187 49.4338 1.80071e+06 inf 
1355 1245.87 54189.7 4.26617e+06 1.46044e+06 540346 7.84325e+07 2.53311e+07 6.62714e+08 2.06959e+09 3.51709e+08 1.51798 2328.01 1.21663e+07 1.45661e+06 197711 3.62956e+09 3.87108e+08 2.60518e+11 2.48622e+12 7.32117e+10 0.000686494 0.0298593 2.35072 0.804723 0.297739 43.2175 13.9578 365.165 1140.37 193.797 0.00060428 0.0197785 1.08533 0.393742 0.142456 11.4975 4.29898 101.012 263.613 52.7585 1.81483e+06 inf 
1365 1635.35 67058.4 4.95262e+06 1.73264e+06 628367 8.23521e+07 2.8131e+07 7.12486e+08 2.16998e+09 3.84244e+08 2.51206 3457.29 1.60358e+07 2.00218e+06 261515 3.94655e+09 4.69979e+08 2.96792e+11 2.70029e+12 8.64863e+10 0.000893969 0.0366576 2.70736 0.94715 0.343498 45.0179 15.3779 389.482 1186.22 210.048 0.000757655 0.0233699 1.19842 0.444299 0.158009 11.4358 4.52064 102.691 262.672 56.1949 1.82932e+06 inf 
1375 2151.32 83117.4 5.7561e+06 2.05765e+06 731724 8.65315e+07 3.12579e+07 7.66572e+08 2.27785e+09 4.21024e+08 4.16987 5142.66 2.11398e+07 2.75193e+06 346125 4.28644e+09 5.69791e+08 3.37754e+11 2.9313e+12 1.02501e+11 0.00116315 0.0449388 3.11213 1.1125 0.395618 46.7847 16.9001 414.46 1231.56 227.633 0.000949523 0.0275857 1.3207 0.50022 0.174997 11.3458 4.73856 104.093 261.002 60.0173 1.84957e+06 inf 
1385 2814.68 102488 6.65719e+06 2.43093e+06 848069 9.0521e+07 3.45597e+07 8.20976e+08 2.3813e+09 4.60256e+08 6.8743 7590.98 2.76552e+07 3.75131e+06 454766 4.62375e+09 6.85313e+08 3.81613e+11 3.16214e+12 1.21134e+11 0.00150782 0.0549024 3.56624 1.30224 0.454309 48.4919 18.5135 439.795 1275.66 246.558 0.00118703 0.0324376 1.44801 0.560117 0.192926 11.2013 4.93655 104.927 258.164 64.032 1.86672e+06 inf 
1395 3690.48 126618 7.71298e+06 2.87614e+06 984836 9.48797e+07 3.82614e+07 8.80807e+08 2.49548e+09 5.05272e+08 11.3342 11203.7 3.61607e+07 5.10812e+06 597392 4.98585e+09 8.22965e+08 4.30869e+11 3.41281e+12 1.43743e+11 0.00194958 0.0668887 4.07455 1.51938 0.520261 50.1222 20.2124 465.305 1318.29 266.921 0.00147874 0.0380064 1.58136 0.624455 0.211928 11.0292 5.11935 105.388 254.949 68.474 1.89297e+06 inf 
1405 4824.25 155959 8.9095e+06 3.39227e+06 1.14048e+06 9.91471e+07 4.22232e+07 9.42122e+08 2.60896e+09 5.54401e+08 18.5991 16453 4.70306e+07 6.91725e+06 780897 5.34502e+09 9.82251e+08 4.83662e+11 3.66661e+12 1.70431e+11 0.0025131 0.0812442 4.64124 1.76714 0.594113 51.6488 21.9954 490.781 1359.09 288.805 0.00183662 0.0443876 1.72006 0.693269 0.231999 10.8068 5.28088 105.304 250.866 73.3106 1.91964e+06 inf 
1415 6305.27 192041 1.02873e+07 3.99846e+06 1.32036e+06 1.03554e+08 4.65559e+07 1.00713e+09 2.72811e+09 6.0994e+08 30.4748 24093.2 6.09598e+07 9.33115e+06 1.01755e+06 5.7095e+09 1.1673e+09 5.40893e+11 3.93019e+12 2.02612e+11 0.00322985 0.0983721 5.26963 2.0482 0.676347 53.0454 23.8481 515.899 1397.46 312.439 0.00227568 0.0516195 1.85942 0.764677 0.252573 10.5288 5.40516 104.493 245.61 78.5412 1.95219e+06 inf 
1425 8219.84 235776 1.18393e+07 4.69675e+06 1.52396e+06 1.07784e+08 5.11378e+07 1.07279e+09 2.84479e+09 6.71092e+08 49.721 35104.7 7.85481e+07 1.25098e+07 1.31872e+06 6.05828e+09 1.37722e+09 6.00788e+11 4.19011e+12 2.40926e+11 0.00413988 0.118747 5.96279 2.36549 0.767534 54.2846 25.7552 540.305 1432.76 337.992 0.00281125 0.0598279 2.00137 0.839614 0.273965 10.2175 5.50446 103.216 239.842 84.2772 1.98553e+06 inf 
1435 10697.5 289058 1.3612e+07 5.51e+06 1.75749e+06 1.12151e+08 5.61216e+07 1.14219e+09 2.96803e+09 7.40329e+08 80.7181 50867 1.00682e+08 1.66751e+07 1.70059e+06 6.4014e+09 1.61635e+09 6.64312e+11 4.45555e+12 2.87011e+11 0.0052767 0.142582 6.71432 2.71789 0.866906 55.3199 27.6828 563.403 1464.02 365.178 0.00346004 0.0690015 2.14025 0.915609 0.295492 9.86351 5.56337 101.288 233.238 90.6475 2.02731e+06 inf 
1445 13901.6 353731 1.56148e+07 6.44877e+06 2.02274e+06 1.16366e+08 6.14122e+07 1.2127e+09 3.09043e+09 8.17551e+08 130.47 73360.4 1.28373e+08 2.21055e+07 2.18245e+06 6.72114e+09 1.88469e+09 7.29972e+11 4.71546e+12 3.42307e+11 0.00670902 0.170714 7.53584 3.11223 0.976193 56.1592 29.6381 585.257 1491.47 394.557 0.00423734 0.0791279 2.27271 0.991129 0.316726 9.47741 5.58151 98.8178 226.356 97.5962 2.07207e+06 inf 
1455 18037.5 432174 1.78845e+07 7.53408e+06 2.32487e+06 1.2059e+08 6.70884e+07 1.2858e+09 3.21637e+09 9.05427e+08 209.846 105190 1.62694e+08 2.91167e+07 2.785e+06 7.01638e+09 2.18327e+09 7.97367e+11 4.9692e+12 4.09215e+11 0.00848651 0.203335 8.41455 3.54474 1.09384 56.7366 31.5646 604.959 1513.28 425.997 0.00516822 0.0902565 2.39622 1.06491 0.337403 9.06173 5.55763 95.818 218.992 105.162 2.12543e+06 inf 
1465 23339.7 526384 2.04152e+07 8.77113e+06 2.66413e+06 1.24533e+08 7.30165e+07 1.35848e+09 3.33843e+09 1.00387e+09 335.587 149808 2.04649e+08 3.80555e+07 3.52987e+06 7.26688e+09 2.50828e+09 8.64062e+11 5.20343e+12 4.89835e+11 0.0106918 0.241134 9.35212 4.01801 1.22042 57.0481 33.4485 622.313 1529.32 459.869 0.0062782 0.102377 2.50728 1.13517 0.357191 8.62744 5.49795 92.4585 211.779 113.629 2.18295e+06 inf 
1475 30132.4 639699 2.32535e+07 1.01867e+07 3.04697e+06 1.28362e+08 7.92819e+07 1.43238e+09 3.46158e+09 1.11679e+09 532.117 211592 2.55378e+08 4.93217e+07 4.44013e+06 7.47113e+09 2.85802e+09 9.29268e+11 5.41803e+12 5.88105e+11 0.0133887 0.284237 10.3322 4.52627 1.35386 57.0348 35.2273 636.447 1538.08 496.222 0.0075616 0.115003 2.59179 1.19499 0.374096 8.16548 5.37953 88.5231 204.192 122.784 2.25058e+06 inf 
1485 38828.8 776003 2.64451e+07 1.18113e+07 3.48029e+06 1.32125e+08 8.59596e+07 1.50829e+09 3.58841e+09 1.24667e+09 837.543 296532 3.16303e+08 6.34386e+07 5.54583e+06 7.6256e+09 3.23285e+09 9.92341e+11 5.61343e+12 7.07758e+11 0.0166529 0.332813 11.3418 5.06565 1.49263 56.6658 36.8664 646.875 1539 534.673 0.00904909 0.128111 2.64953 1.24368 0.388027 7.71093 5.23234 84.5443 197.413 132.922 2.33165e+06 inf 
1495 49857.3 937119 2.99151e+07 1.36194e+07 3.95606e+06 1.35256e+08 9.26483e+07 1.57927e+09 3.70241e+09 1.39402e+09 1308.47 411595 3.8739e+08 8.06581e+07 6.85572e+06 7.69345e+09 3.61193e+09 1.04718e+12 5.75759e+12 8.53906e+11 0.0206179 0.387534 12.371 5.63216 1.63598 55.9335 38.3136 653.086 1531.09 576.482 0.0107705 0.141518 2.67538 1.27828 0.398328 7.27885 5.07334 80.8024 191.724 144.191 2.41816e+06 inf 
1505 63869.2 1.12923e+06 3.3776e+07 1.56722e+07 4.48914e+06 1.38227e+08 9.96694e+07 1.6508e+09 3.81819e+09 1.56694e+09 2020.83 565131 4.69766e+08 1.01514e+08 8.39302e+06 7.69014e+09 3.99682e+09 1.09493e+12 5.86487e+12 1.03446e+12 0.0253038 0.447381 13.3814 6.20906 1.77852 54.7629 39.4872 654.019 1512.7 620.793 0.0126623 0.154093 2.65526 1.29057 0.402544 6.90797 4.92209 77.7762 187.893 156.374 2.52409e+06 inf 
1515 81406.4 1.35327e+06 3.79148e+07 1.79286e+07 5.06664e+06 1.40418e+08 1.0657e+08 1.71527e+09 3.91874e+09 1.7655e+09 3080.48 765345 5.61787e+08 1.25985e+08 1.01394e+07 7.57865e+09 4.36035e+09 1.12887e+12 5.90413e+12 1.25589e+12 0.0308113 0.512196 14.3502 6.78574 1.91766 53.1464 40.3352 649.207 1483.19 668.219 0.0147168 0.165312 2.58832 1.27957 0.400296 6.62471 4.83791 76.1168 186.483 169.773 2.6421e+06 inf 
1525 103398 1.61567e+06 4.24028e+07 2.04299e+07 5.69935e+06 1.42187e+08 1.13541e+08 1.77638e+09 4.01402e+09 2.00163e+09 4629.85 1.0215e+06 6.62538e+08 1.54147e+08 1.20863e+07 7.37565e+09 4.69476e+09 1.14926e+12 5.88372e+12 1.53322e+12 0.0371181 0.579998 15.2218 7.33398 2.04596 51.0425 40.7591 637.688 1440.96 718.548 0.0168605 0.174076 2.47692 1.24449 0.390877 6.51107 4.90198 76.9253 189.156 184.625 2.78566e+06 inf 
1535 130162 1.91176e+06 4.70134e+07 2.30767e+07 6.35823e+06 1.42815e+08 1.1997e+08 1.82482e+09 4.08403e+09 2.27557e+09 6802.14 1.33363e+06 7.65498e+08 1.84743e+08 1.41205e+07 7.04387e+09 4.95922e+09 1.14827e+12 5.76884e+12 1.87483e+12 0.0441352 0.648238 15.9413 7.82484 2.15595 48.4256 40.6793 618.758 1384.81 771.6 0.0189354 0.17887 2.33241 1.18922 0.373998 6.58733 5.17396 80.5892 195.952 200.868 2.94916e+06 inf 
1545 163082 2.25021e+06 5.18355e+07 2.59194e+07 7.05759e+06 1.42658e+08 1.26055e+08 1.86434e+09 4.13816e+09 2.60953e+09 9792.54 1.7069e+06 8.68036e+08 2.17287e+08 1.62004e+07 6.60853e+09 5.14631e+09 1.12732e+12 5.5709e+12 2.31112e+12 0.0517513 0.714064 16.4491 8.22505 2.2396 45.27 40.0014 591.616 1313.17 828.088 0.0207194 0.178231 2.21 1.14053 0.353673 6.90887 5.74242 87.8959 208.339 218.316 3.15127e+06 inf 
1555 201615 2.61487e+06 5.64777e+07 2.87656e+07 7.74461e+06 1.40983e+08 1.31021e+08 1.88454e+09 4.15476e+09 3.00526e+09 13615.5 2.11685e+06 9.57617e+08 2.48606e+08 1.80854e+07 6.0525e+09 5.21264e+09 1.08066e+12 5.26601e+12 2.85515e+12 0.0594889 0.77155 16.6644 8.48764 2.28514 41.5989 38.6595 556.058 1225.91 886.739 0.0218743 0.171214 2.20303 1.14638 0.338307 7.44291 6.59522 98.2907 225.696 236.94 3.38911e+06 inf 
1565 245299 2.99404e+06 6.07252e+07 3.1501e+07 8.38862e+06 1.37713e+08 1.34587e+08 1.88304e+09 4.1291e+09 3.4808e+09 18145.6 2.53083e+06 1.02452e+09 2.75817e+08 1.9572e+07 5.39961e+09 5.14215e+09 1.00935e+12 4.86028e+12 3.53457e+12 0.0666929 0.814032 16.5102 8.5646 2.28073 37.4418 36.5921 511.967 1122.63 946.374 0.0220355 0.159509 2.44221 1.27978 0.345819 8.135 7.6868 110.971 247.23 255.674 3.67804e+06 inf 
1575 291559 3.35648e+06 6.40719e+07 3.38481e+07 8.9184e+06 1.32273e+08 1.35923e+08 1.85029e+09 4.04049e+09 4.04545e+09 22925 2.89351e+06 1.05633e+09 2.94864e+08 2.04008e+07 4.66623e+09 4.91255e+09 9.1341e+11 4.35375e+12 4.36944e+12 0.0725004 0.834638 15.9324 8.41682 2.21769 32.8916 33.7992 460.102 1004.73 1005.96 0.0210791 0.151302 2.97161 1.57458 0.393444 8.85842 8.89891 124.255 270.457 273.075 4.02148e+06 inf 
1585 336657 3.6709e+06 6.62134e+07 3.56206e+07 9.28417e+06 1.24784e+08 1.34825e+08 1.78606e+09 3.88776e+09 4.70458e+09 27248.7 3.14887e+06 1.04733e+09 3.0312e+08 2.04195e+07 3.90142e+09 4.54083e+09 8.00028e+11 3.77914e+12 5.34424e+12 0.0758631 0.827211 14.9207 8.02685 2.09212 28.1192 30.3817 402.476 876.078 1060.14 0.0196236 0.159051 3.65786 1.96865 0.47374 9.40565 10.0097 135.255 289.982 283.52 4.43769e+06 inf 
1595 373987 3.88295e+06 6.65001e+07 3.64264e+07 9.38813e+06 1.14803e+08 1.30391e+08 1.6815e+09 3.6507e+09 5.43551e+09 30219.6 3.23692e+06 9.91659e+08 2.97528e+08 1.94873e+07 3.13702e+09 4.03435e+09 6.73933e+11 3.15708e+12 6.40392e+12 0.0760237 0.789322 13.5181 7.40471 1.90841 23.337 26.5058 341.814 742.111 1104.92 0.0190634 0.187003 4.34109 2.37729 0.565099 9.64751 10.8416 141.984 301.729 284.469 4.91935e+06 inf 
1605 398280 3.96285e+06 6.48244e+07 3.6152e+07 9.20607e+06 1.02905e+08 1.22843e+08 1.54258e+09 3.3413e+09 6.23001e+09 31207.9 3.13907e+06 8.96768e+08 2.78892e+08 1.77258e+07 2.42651e+09 3.44715e+09 5.46233e+11 2.5381e+12 7.49051e+12 0.0726017 0.722379 11.8167 6.59007 1.67815 18.7583 22.3928 281.194 609.079 1135.66 0.0204408 0.224459 4.88217 2.72207 0.644197 9.51058 11.2666 143.183 302.799 275.164 5.48583e+06 inf 
1615 404064 3.88081e+06 6.10445e+07 3.46575e+07 8.71111e+06 8.94764e+07 1.12235e+08 1.37283e+09 2.96649e+09 7.0332e+09 29878.1 2.8606e+06 7.72275e+08 2.48921e+08 1.53186e+07 1.80147e+09 2.82544e+09 4.24923e+11 1.95786e+12 8.47434e+12 0.0659571 0.633481 9.96456 5.6573 1.42195 14.6056 18.3206 224.093 484.233 1148.06 0.022952 0.256224 5.17391 2.93725 0.691795 8.98546 11.2055 138.363 291.733 255.464 6.12616e+06 inf 
1625 389451 3.63768e+06 5.53979e+07 3.20154e+07 7.93359e+06 7.52685e+07 9.91779e+07 1.18205e+09 2.54736e+09 7.79438e+09 26516.6 2.4505e+06 6.33411e+08 2.11568e+08 1.25787e+07 1.28267e+09 2.21984e+09 3.1701e+11 1.44758e+12 9.24253e+12 0.056977 0.532195 8.10475 4.68387 1.16069 11.0118 14.5098 172.934 372.68 1140.32 0.0251599 0.274368 5.19437 3.00233 0.702187 8.14835 10.6878 128.346 269.984 227.708 6.83524e+06 inf 
1635 356020 3.26009e+06 4.84292e+07 2.84873e+07 6.94988e+06 6.12462e+07 8.47476e+07 9.84499e+08 2.11475e+09 8.43432e+09 21790.4 1.97381e+06 4.95836e+08 1.71608e+08 9.82966e+06 8.78393e+08 1.67644e+09 2.2745e+11 1.02834e+12 9.65658e+12 0.0468866 0.429343 6.37796 3.75167 0.915274 8.06591 11.161 129.655 278.506 1110.77 0.0259106 0.274971 4.962 2.91978 0.675873 7.11494 9.80892 114.647 240.549 194.748 7.59322e+06 inf 
1645 309056 2.79677e+06 4.08208e+07 2.44377e+07 5.86128e+06 4.82291e+07 7.00545e+07 7.93476e+08 1.69778e+09 8.89848e+09 16655.1 1.50177e+06 3.71679e+08 1.33271e+08 7.33675e+06 5.79683e+08 1.21914e+09 1.57225e+11 7.03123e+11 9.65854e+12 0.0368572 0.333536 4.86819 2.91438 0.699002 5.75168 8.35453 94.628 202.473 1061.21 0.0250557 0.260483 4.54162 2.72029 0.621578 6.00414 8.69448 98.9735 207.02 160.266 8.38522e+06 inf 
1655 254700 2.29739e+06 3.31948e+07 2.02232e+07 4.76137e+06 3.67705e+07 5.60448e+07 6.19119e+08 1.31856e+09 9.13743e+09 11887.4 1.08405e+06 2.67823e+08 9.94787e+07 5.25133e+06 3.69744e+08 8.5633e+08 1.0502e+11 4.64103e+11 9.24325e+12 0.0277374 0.250191 3.61499 2.20235 0.518524 4.00438 6.1034 67.4234 143.594 995.086 0.0229172 0.235499 4.01227 2.44604 0.550467 4.92248 7.48363 83.0119 172.982 128.118 9.18256e+06 inf 
1665 200018 1.81277e+06 2.61084e+07 1.61854e+07 3.73544e+06 2.71987e+07 4.34825e+07 4.68621e+08 9.92652e+08 9.18507e+09 7967.45 745778 1.8606e+08 7.15787e+07 3.61619e+06 2.28381e+08 5.82009e+08 6.79109e+10 2.96284e+11 8.52423e+12 0.0199644 0.180938 2.60596 1.61552 0.372846 2.71478 4.34013 46.7745 99.0797 916.79 0.0199168 0.204205 3.43223 2.12946 0.471094 3.92752 6.26541 67.7535 140.557 101.614 1.00187e+07 inf 
1675 150337 1.37938e+06 1.99274e+07 1.25696e+07 2.84011e+06 1.95765e+07 3.28135e+07 3.45098e+08 7.26571e+08 9.07353e+09 5046.02 491211 1.24971e+08 4.97898e+07 2.40377e+06 1.36905e+08 3.83683e+08 4.26095e+10 1.83395e+11 7.60899e+12 0.0137577 0.126231 1.8236 1.15028 0.259905 1.79149 3.00284 31.5808 66.4904 830.342 0.0165076 0.170346 2.84796 1.79812 0.390416 3.05272 5.1083 53.8698 111.184 82.77 1.09275e+07 inf 
1685 108346 1.0141e+06 1.47836e+07 9.48732e+06 2.09632e+06 1.37291e+07 2.41163e+07 2.47575e+08 5.17757e+08 8.79516e+09 3032.28 310753 8.12696e+07 3.35258e+07 1.54524e+06 7.96749e+07 2.45367e+08 2.59471e+10 1.10108e+11 6.56236e+12 0.00910497 0.0852204 1.24235 0.797274 0.176166 1.15373 2.02663 20.8052 43.5101 739.108 0.0131118 0.137302 2.29915 1.47707 0.314358 2.31613 4.06354 41.8047 85.7896 72.0569 1.18997e+07 inf 
1695 75069.1 721586 1.06688e+07 6.96516e+06 1.50378e+06 9.38422e+06 1.72676e+07 1.73075e+08 3.59349e+08 8.3972e+09 1729.53 188372 5.0946e+07 2.17592e+07 956921 4.47777e+07 1.51455e+08 1.52549e+10 6.37926e+10 5.4917e+12 0.00578382 0.0555958 0.821998 0.536643 0.115861 0.723022 1.33041 13.3349 27.6867 646.976 0.00999009 0.106876 1.80265 1.17834 0.245568 1.71091 3.14628 31.5836 64.4085 67.372 1.29791e+07 inf 
1705 50087.8 497898 7.50525e+06 4.98421e+06 1.05057e+06 6.26598e+06 1.20724e+07 1.18171e+08 2.43458e+08 7.89113e+09 936.297 109495 3.08567e+07 1.36428e+07 572003 2.43981e+07 9.05677e+07 8.69281e+09 3.57965e+10 4.45536e+12 0.00353476 0.0351373 0.529655 0.351742 0.0741398 0.442198 0.851964 8.3395 17.1811 556.887 0.00731991 0.0805764 1.37734 0.916005 0.186736 1.23542 2.38026 23.322 47.2336 65.5557 1.41701e+07 inf 
1715 32272 333644 5.14802e+06 3.47738e+06 715228 4.08633e+06 8.24011e+06 7.87888e+07 1.60999e+08 7.34898e+09 478.963 60747.4 1.79549e+07 8.21709e+06 328301 1.28074e+07 5.21485e+07 4.77152e+09 1.93364e+10 3.52275e+12 0.00206641 0.0213636 0.329633 0.22266 0.0457968 0.261652 0.527623 5.04493 10.3089 470.563 0.00513794 0.0585946 1.0203 0.690341 0.137565 0.866954 1.7495 16.7354 33.6431 64.3086 1.56174e+07 inf 
1725 19941.4 215845 3.4251e+06 2.35304e+06 472005 2.59e+06 5.46388e+06 5.10442e+07 1.03402e+08 6.75133e+09 228.914 31920.5 9.9882e+06 4.731e+06 179961 6.45118e+06 2.87884e+07 2.51231e+09 1.00077e+10 2.70296e+12 0.00115381 0.0124888 0.198176 0.136147 0.0273101 0.149857 0.316139 2.95341 5.98284 390.631 0.00345161 0.0411211 0.733923 0.505172 0.0983194 0.59229 1.2513 11.6893 23.3077 61.6467 1.72831e+07 inf 
1735 11841.9 135127 2.21567e+06 1.54799e+06 302682 1.59949e+06 3.52837e+06 3.22143e+07 6.46572e+07 6.10761e+09 102.431 15927.5 5.32113e+06 2.60787e+06 94395.9 3.12331e+06 1.52581e+07 1.27096e+09 4.97175e+09 2.00681e+12 0.000616916 0.00703957 0.115427 0.0806437 0.0157685 0.0833266 0.183814 1.67823 3.36838 318.181 0.00222613 0.0279321 0.513698 0.35966 0.06833 0.394675 0.872409 7.96212 15.7373 57.51 1.91954e+07 inf 
1745 6718.04 81380.9 1.38517e+06 984083 187493 956584 2.20549e+06 1.96842e+07 3.91201e+07 5.52035e+09 42.4592 7476.39 2.68444e+06 1.36081e+06 46870.2 1.43416e+06 7.65968e+06 6.09463e+08 2.33875e+09 1.45742e+12 0.000308442 0.0037364 0.0635968 0.0451817 0.00860829 0.0439192 0.10126 0.90375 1.7961 253.453 0.00136172 0.0181466 0.345261 0.245839 0.0455831 0.252818 0.584313 5.21203 10.2055 51.7228 2.17806e+07 inf 
1755 3620.58 46941.6 833712 602224 111755 552054 1.32953e+06 1.16033e+07 2.28172e+07 4.95679e+09 16.2426 3277.71 1.26732e+06 664083 21788.5 616218 3.59132e+06 2.73231e+08 1.02793e+09 1.02962e+12 0.000144424 0.00187249 0.0332566 0.0240226 0.0044579 0.0220213 0.0530348 0.462854 0.910173 197.726 0.000791869 0.0112801 0.222367 0.160975 0.0291422 0.155228 0.374759 3.26878 6.3384 44.453 2.50691e+07 inf 
1765 1837.6 25730.3 479526 352134 63622.2 305231 767355 6.55094e+06 1.27357e+07 4.37417e+09 5.6275 1310.76 545809 295401 9246.11 241741 1.53381e+06 1.11725e+08 4.11928e+08 6.99373e+11 6.33813e-05 0.000887472 0.0165395 0.0121456 0.00219441 0.0105278 0.0264671 0.225951 0.43927 150.871 0.000435985 0.006665 0.136206 0.100206 0.0177227 0.0907036 0.228479 1.95 3.74366 36.8818 2.89928e+07 inf 
1775 866.211 13229.1 260282 194280 34163.7 159704 418811 3.49873e+06 6.7179e+06 3.87967e+09 1.68201 453.564 203228 113517 3395.34 82035.5 565396 3.94696e+07 1.42556e+08 4.63549e+11 2.49467e-05 0.000380997 0.00749609 0.00559523 0.000983908 0.00459945 0.0120617 0.100763 0.193474 111.734 0.000218676 0.00359408 0.0761363 0.0569032 0.00983957 0.0483886 0.127035 1.0614 2.01697 29.4219 3.47224e+07 inf 
1785 367.532 6185.72 129315 98089.8 16784.7 76739.7 209725 1.71528e+06 3.249e+06 3.52887e+09 0.386234 120.734 58393.2 33635 962.612 21584.3 161150 1.07934e+07 3.81589e+07 3.03941e+11 8.31965e-06 0.000140023 0.00292724 0.00222041 0.000379948 0.00173712 0.00474745 0.038828 0.0735462 79.8815 9.31332e-05 0.00164724 0.0362388 0.0275036 0.00465251 0.0220358 0.0602108 0.492765 0.926486 22.3413 4.41764e+07 inf 
1795 131.553 2478.44 55668.1 42899.4 7138.58 32145.5 91431.8 732572 1.36627e+06 3.25977e+09 0.0572245 21.1362 11298.7 6707.05 183.301 3888.55 31346.2 2.01669e+06 6.95887e+06 1.94814e+11 2.22029e-06 4.18302e-05 0.000939544 0.00072404 0.000120482 0.000542539 0.00154315 0.0123641 0.0230593 55.0172 3.09981e-05 0.000595801 0.0137773 0.0106148 0.00175476 0.00808301 0.0229493 0.184076 0.341932 16.1588 5.92501e+07 inf 
1805 34.1093 735.842 18081.3 14153.8 2286.26 10268.1 30354.7 238386 436579 3.16346e+09 0.00458446 2.03862 1255.46 768.426 19.9391 413.173 3591.66 221907 743223 1.24577e+11 3.88052e-07 8.37148e-06 0.000205706 0.000161024 2.60102e-05 0.000116817 0.000345337 0.00271205 0.00496685 35.9899 7.21149e-06 0.000152062 0.00377369 0.00295233 0.000475569 0.00216493 0.00638295 0.0501719 0.0918193 11.0454 8.78986e+07 inf 
1815 6.48486 164.22 4501.77 3580.03 560.074 2548.59 7828.98 60276.6 107877 3.0182e+09 0.000261262 0.135393 97.429 61.4794 1.51039 31.4428 294.7 17505.7 56407.9 7.38787e+10 4.61802e-08 1.16945e-06 3.20581e-05 2.54942e-05 3.98841e-06 1.8149e-05 5.57519e-05 0.000429243 0.000768215 21.4933 1.36322e-06 3.1029e-05 0.000832337 0.00066118 0.000103634 0.000472845 0.00144759 0.011157 0.0200276 8.0091 1.40425e+08 inf 
1825 0.884891 26.2826 813.026 656.538 99.4366 468.988 1495.52 11303.9 19600.7 3.01727e+09 9.99965e-06 0.00513664 3.91492 2.54079 0.0597878 1.23788 12.501 716.157 2217.14 3.92194e+10 2.99797e-09 8.90442e-08 2.75449e-06 2.22432e-06 3.36886e-07 1.58891e-06 5.06677e-06 3.82969e-05 6.64063e-05 10.2224 1.84036e-07 4.1707e-06 0.000115135 9.27531e-05 1.42283e-05 6.47406e-05 0.000205735 0.00155719 0.00273992 5.32701 2.95164e+08 inf 
1835 0.0937728 2.37075 70.5069 57.5742 8.39629 50.9957 173.691 1346.03 2291.08 3.23695e+09 2.14947e-07 0.000104975 0.0684107 0.0456053 0.00106123 0.0190514 0.210481 11.6798 35.8008 1.49897e+10 6.89505e-11 1.7432e-09 5.18432e-08 4.23339e-08 6.17374e-09 3.74968e-08 1.27714e-07 9.89729e-07 1.68462e-06 2.38011 1.25716e-08 2.7782e-07 7.0922e-06 5.79064e-06 8.83332e-07 3.74259e-06 1.24398e-05 9.26667e-05 0.000162238 2.31451 1.36e+09 inf 
1845 0.0309653 0.299838 3.10125 2.28304 0.29185 6.19652 23.0378 197.371 430.68 6.25432e+08 3.11679e-09 5.5146e-07 0.000345665 0.000242927 5.33368e-06 0.000124762 0.00166531 0.110934 0.212384 1.15871e+09 2.88512e-11 2.79368e-10 2.88952e-09 2.12717e-09 2.71925e-10 5.77347e-09 2.1465e-08 1.83896e-07 4.01276e-07 0.582732 1.70387e-09 2.26657e-08 5.67501e-07 4.7575e-07 7.04944e-08 3.40898e-07 1.24545e-06 1.0165e-05 1.40614e-05 0.860246 1.07327e+09 inf 
1855 -5.09926e-09 1.90756e-06 0.000195796 0.000165836 2.42678e-05 0.000191818 0.000683826 0.00488015 0.00903574 1.0387e+06 1.74736e-19 1.31994e-15 1.3963e-11 1.002e-11 2.08825e-13 1.30693e-11 1.66374e-10 8.45514e-09 1.98784e-08 5.50513e+06 -2.41314e-14 9.0272e-12 9.26572e-10 7.84791e-10 1.14843e-10 9.07747e-10 3.2361e-09 2.30945e-08 4.27602e-08 4.91549 9.09026e-13 7.85171e-11 8.07584e-09 6.8412e-09 9.87442e-10 7.81182e-09 2.78724e-08 1.98694e-07 3.03715e-07 1.37482 211312 inf 
1865 0 0 0 0 0 0 0 0 0 0 0 0 0 0 0 0 0 0 0 0 0.0 0.0 0.0 0.0 0.0 0.0 0.0 0.0 0.0 0.0 0.0 0.0 0.0 0.0 0.0 0.0 0.0 0.0 0.0 0.0 0 -nan 
1875 0 0 0 0 0 0 0 0 0 0 0 0 0 0 0 0 0 0 0 0 0.0 0.0 0.0 0.0 0.0 0.0 0.0 0.0 0.0 0.0 0.0 0.0 0.0 0.0 0.0 0.0 0.0 0.0 0.0 0.0 0 -nan 
1885 0 0 0 0 0 0 0 0 0 0 0 0 0 0 0 0 0 0 0 0 0.0 0.0 0.0 0.0 0.0 0.0 0.0 0.0 0.0 0.0 0.0 0.0 0.0 0.0 0.0 0.0 0.0 0.0 0.0 0.0 0 -nan 
1895 0 0 0 0 0 0 0 0 0 0 0 0 0 0 0 0 0 0 0 0 0.0 0.0 0.0 0.0 0.0 0.0 0.0 0.0 0.0 0.0 0.0 0.0 0.0 0.0 0.0 0.0 0.0 0.0 0.0 0.0 0 -nan 
