255 0 0 0 0 0 0 0 0 0 0 0 0 0 0 0 0 0 0 0 0 0.0 0.0 0.0 0.0 0.0 0.0 0.0 0.0 0.0 0.0 0.0 0.0 0.0 0.0 0.0 0.0 0.0 0.0 0.0 0.0 0 -nan 
265 0 0 0 0 0 0 0 0 0 0 0 0 0 0 0 0 0 0 0 0 0.0 0.0 0.0 0.0 0.0 0.0 0.0 0.0 0.0 0.0 0.0 0.0 0.0 0.0 0.0 0.0 0.0 0.0 0.0 0.0 0 -nan 
275 0 0 0 0 0 0 0 0 0 0 0 0 0 0 0 0 0 0 0 0 0.0 0.0 0.0 0.0 0.0 0.0 0.0 0.0 0.0 0.0 0.0 0.0 0.0 0.0 0.0 0.0 0.0 0.0 0.0 0.0 0 -nan 
285 0 0 0 0 0 0 0 0 0 0 0 0 0 0 0 0 0 0 0 0 0.0 0.0 0.0 0.0 0.0 0.0 0.0 0.0 0.0 0.0 0.0 0.0 0.0 0.0 0.0 0.0 0.0 0.0 0.0 0.0 0 -nan 
295 2.6833e-06 56.629 3.67208e-09 0.0118495 0.434533 0.0372624 7.22248e-10 8.54765e-06 -2.33705e-11 -6.38128e-05 1.05958e-15 0.00101802 2.19959e-21 8.45205e-08 6.291e-08 4.66752e-10 1.48376e-22 2.46351e-17 2.85955e-28 6.67661e-14 0.0 0.0 0.0 0.0 0.0 0.0 0.0 0.0 0.0 0.0 0.0 0.0 0.0 0.0 0.0 0.0 0.0 0.0 0.0 0.0 -1.35736e+08 -inf 
305 0.00135389 2186.47 2.20825e-06 7.07004 16.862 1.58076 3.79285e-08 0.000347897 -1.26356e-09 -0.00418402 2.1051e-10 1.98835 7.49125e-16 0.00621673 0.000178878 1.74758e-06 7.88268e-20 6.5128e-14 5.65823e-25 5.17728e-11 4.06118e-12 6.55864e-06 6.62398e-15 2.12076e-08 5.05802e-08 4.74173e-09 1.13772e-16 1.04357e-12 -3.79024e-18 -1.25506e-11 7.94631e-10 7.69501e-05 1.49902e-12 4.31828e-06 7.30763e-07 7.22471e-08 1.53766e-14 1.39382e-11 4.10232e-17 3.93881e-10 3.33373e+08 inf 
315 0.0151917 4813.53 2.46133e-05 50.8947 38.7143 4.12813 4.88567e-08 0.000830115 -3.55604e-09 -0.00840498 1.60355e-08 46.3361 5.70244e-14 0.153386 0.00437237 5.50161e-05 1.01088e-18 1.62125e-12 2.22781e-22 3.79619e-10 1.45202e-10 4.60077e-05 2.35254e-13 4.86452e-07 3.70031e-07 3.94567e-08 4.66972e-16 7.93425e-12 -3.39886e-17 -8.03348e-11 1.23793e-08 0.0006639 2.33449e-11 3.82862e-05 6.45401e-06 7.24077e-07 9.82942e-14 1.2423e-10 1.45883e-15 1.90314e-09 1.04624e+08 inf 
325 0.0623775 10292.6 0.000102591 164.902 85.8134 10.357 7.60052e-08 0.00191422 -1.16005e-08 -0.00591835 2.47688e-07 290.729 9.58968e-13 1.1827 0.0301277 0.000493271 6.93662e-18 1.16365e-11 1.99206e-20 1.06734e-09 9.64275e-10 0.00015911 1.58592e-12 2.54917e-06 1.32656e-06 1.60106e-07 1.17494e-15 2.95914e-11 -1.79328e-16 -9.14899e-11 6.18709e-08 0.00211399 1.21745e-10 0.000135191 2.15401e-05 2.75676e-06 3.27459e-13 4.23095e-10 1.75475e-14 4.06095e-09 6.46885e+07 inf 
335 0.163406 20439 0.000271082 366.877 173.699 23.4026 8.24385e-08 0.0040637 -4.34914e-08 -0.00370854 1.55783e-06 1029.12 6.69534e-12 4.83395 0.11467 0.00240177 2.40392e-18 4.74277e-11 7.23068e-19 2.42663e-10 3.46282e-09 0.000433132 5.74464e-12 7.77467e-06 3.68094e-06 4.95937e-07 1.747e-15 8.61161e-11 -9.21648e-16 -7.85897e-11 1.81661e-07 0.00464983 3.76632e-10 0.000319966 4.91577e-05 7.11697e-06 2.25698e-13 9.98824e-10 1.23782e-13 2.26632e-09 4.71887e+07 inf 
345 0.342202 35235.3 0.000569288 677.096 304.469 45.4184 7.97608e-08 0.00747304 -1.47256e-07 -0.00216232 5.97419e-06 2705.18 2.7686e-11 13.592 0.317262 0.00820497 5.36717e-18 1.4267e-10 8.83631e-18 1.77617e-10 9.15087e-09 0.000942231 1.52234e-11 1.81063e-05 8.14184e-06 1.21454e-06 2.1329e-15 1.99838e-10 -3.93778e-15 -5.78228e-11 3.99591e-07 0.00845292 8.60304e-10 0.00060261 9.17478e-05 1.47626e-05 3.7884e-13 1.943e-09 4.86084e-13 2.17861e-09 3.73956e+07 inf 
355 0.630076 55072.7 0.00105052 1119.8 483.67 79.3678 8.09546e-08 0.0124584 -4.24021e-07 -0.000902801 1.74043e-05 5951.39 8.6832e-11 30.8846 0.728951 0.0226778 2.3661e-17 3.54763e-10 5.11051e-17 6.60017e-11 2.2337e-08 0.0019524 3.72424e-11 3.96984e-05 1.71467e-05 2.81369e-06 2.86994e-15 4.41667e-10 -1.50321e-14 -3.20055e-11 7.85179e-07 0.0143935 1.75412e-09 0.00104562 0.000159838 2.82142e-05 9.15863e-13 3.51877e-09 1.34593e-12 1.52932e-09 2.82077e+07 inf 
365 1.05608 79649.4 0.00176701 1685.81 709.999 127.548 8.68973e-08 0.0192256 -1.21066e-06 -0.000701085 4.73628e-05 11572.3 2.42769e-10 62.0524 1.47863 0.05598 1.92322e-16 7.97178e-10 5.31063e-16 7.25922e-11 4.49136e-08 0.00338737 7.51485e-11 7.16949e-05 3.01952e-05 5.42442e-06 3.69562e-15 8.17637e-10 -5.14877e-14 -2.98161e-11 1.41854e-06 0.0219244 3.21232e-09 0.00162292 0.000248942 4.84904e-05 2.85992e-12 5.76492e-09 4.75213e-12 1.7568e-09 2.35136e+07 inf 
375 1.6281 108695 0.00271691 2376.13 982.887 192.301 -8.7327e-09 0.0279658 -2.8491e-06 -0.000678711 9.89624e-05 20263.4 5.28824e-10 107.108 2.6587 0.118913 5.53775e-16 1.58433e-09 2.06641e-15 9.43282e-11 7.82686e-08 0.00522537 1.30612e-10 0.000114229 4.72509e-05 9.24461e-06 -4.19813e-16 1.34442e-09 -1.36967e-13 -3.26281e-11 2.17976e-06 0.0307706 5.04038e-09 0.00226628 0.000354373 7.50409e-05 5.15965e-12 8.62306e-09 9.966e-12 2.12923e-09 2.08014e+07 inf 
385 2.41887 143074 0.00406776 3213.17 1312.69 278.392 -2.03869e-07 0.0391998 -6.45601e-06 -0.000480695 0.000208365 33484.1 1.16228e-09 179.382 4.57358 0.240601 1.91588e-15 2.97745e-09 9.93454e-15 1.19225e-10 1.35978e-07 0.00804299 2.28671e-10 0.00018063 7.37937e-05 1.56499e-05 -1.14606e-14 2.20364e-09 -3.62927e-13 -2.70225e-11 3.41977e-06 0.0426337 8.07995e-09 0.00317039 0.000501658 0.000115241 1.0378e-11 1.27484e-08 2.36293e-11 2.58874e-09 1.77887e+07 inf 
395 3.47293 182910 0.00587253 4239.63 1704.26 390.138 -5.01778e-07 0.0533334 -1.32597e-05 -0.000344778 0.000379814 52752.5 2.2224e-09 281.645 7.43106 0.449944 1.03118e-14 5.28122e-09 2.29637e-14 4.48357e-10 2.12201e-07 0.011176 3.5882e-10 0.000259047 0.000104133 2.3838e-05 -3.06593e-14 3.25874e-09 -8.10182e-13 -2.10664e-11 4.8127e-06 0.0556627 1.16474e-08 0.00414026 0.000665736 0.000164085 2.51011e-11 1.76655e-08 3.74494e-11 5.234e-09 1.63663e+07 inf 
405 4.83225 226548 0.00825805 5364.52 2141.97 527.44 -1.34903e-06 0.0702477 -2.69357e-05 -0.000104239 0.000736577 79776.6 4.4364e-09 425.843 11.6505 0.817331 8.39721e-14 9.08325e-09 9.2155e-14 2.33619e-09 3.09364e-07 0.0145038 5.28686e-10 0.00034344 0.000137131 3.37671e-05 -8.63659e-14 4.49731e-09 -1.72444e-12 -6.67345e-12 6.86006e-06 0.0699785 1.68446e-08 0.00521007 0.000852682 0.000226243 7.33208e-11 2.36916e-08 7.6791e-11 1.22296e-08 1.56199e+07 inf 
415 6.59526 278153 0.0113355 6702.12 2667.18 704.082 -1.00648e-06 0.0917061 -5.24271e-05 -7.80147e-05 0.00127641 117496 7.94795e-09 609.099 17.5608 1.41277 1.07655e-12 1.51806e-08 2.78706e-13 3.2945e-08 4.80909e-07 0.0202822 8.26557e-10 0.000488701 0.000194484 5.13398e-05 -7.33899e-14 6.68697e-09 -3.82285e-12 -5.68863e-12 9.63542e-06 0.0903115 2.40595e-08 0.00664643 0.00111475 0.000316828 2.80177e-10 3.25916e-08 1.42506e-10 4.90129e-08 1.37141e+07 inf 
425 8.66181 333860 0.014929 8129.85 3243.83 914.201 3.24012e-06 0.11684 -9.41509e-05 -0.000735789 0.0019833 165341 1.25894e-08 816.082 25.065 2.27505 3.53813e-12 2.39066e-08 6.99981e-13 1.18985e-07 6.9903e-07 0.0269433 1.20481e-09 0.000656099 0.000261785 7.37783e-05 2.61486e-13 9.42927e-09 -7.59821e-12 -5.938e-11 1.2632e-05 0.112328 3.18519e-08 0.00808884 0.00139796 0.000422089 5.34355e-10 4.29e-08 2.37555e-10 9.79916e-08 1.23912e+07 inf 
435 11.395 396040 0.0198788 9792.72 3904.9 1172.64 8.71307e-06 0.14705 -0.000169523 -0.00139461 0.00333592 231436 2.23327e-08 1111.96 36.0862 3.72294 5.64059e-12 3.7775e-08 1.98866e-12 1.65503e-07 1.02486e-06 0.0356196 1.78788e-09 0.000880752 0.000351204 0.000105466 7.83649e-13 1.32256e-08 -1.52468e-11 -1.25431e-10 1.72911e-05 0.139809 4.47816e-08 0.00996158 0.00176698 0.00056896 7.12257e-10 5.67674e-08 4.22642e-10 1.22005e-07 1.11186e+07 inf 
445 14.759 464937 0.0260205 11642.3 4649.76 1482.44 1.34349e-05 0.182987 -0.000292221 -0.00197487 0.00516827 316930 3.52114e-08 1464.85 50.4158 5.8167 1.29132e-11 5.80648e-08 4.49582e-12 3.87104e-07 1.44312e-06 0.0454611 2.54425e-09 0.00113837 0.000454649 0.000144951 1.31365e-12 1.78922e-08 -2.85731e-11 -1.931e-10 2.24336e-05 0.170066 5.86213e-08 0.0119137 0.00217322 0.000740095 1.12367e-09 7.31941e-08 6.62405e-10 1.94552e-07 1.02272e+07 inf 
455 18.8989 541100 0.0337003 13706.2 5490.24 1853.95 2.77337e-05 0.225576 -0.000489815 -0.003956 0.00778611 427149 5.43843e-08 1890.64 69.3655 8.91924 3.36996e-11 8.75717e-08 9.58225e-12 9.32418e-07 1.96765e-06 0.0563363 3.50869e-09 0.00142701 0.000571613 0.000193023 2.88748e-12 2.34857e-08 -5.09968e-11 -4.11877e-10 2.84038e-05 0.203221 7.51657e-08 0.0139573 0.00262587 0.000944121 1.87313e-09 9.25521e-08 9.97521e-10 3.11573e-07 9.60482e+06 inf 
465 24.0162 627116 0.0436925 15964.6 6450.43 2300.14 3.74747e-05 0.276648 -0.000803108 -0.00579499 0.0123774 567728 9.22943e-08 2462.15 95.1071 13.5711 5.96377e-11 1.30197e-07 2.13531e-11 1.8414e-06 2.67925e-06 0.0699613 4.87435e-09 0.00178102 0.000719613 0.000256605 4.18069e-12 3.0863e-08 -8.95951e-11 -6.46492e-10 3.70628e-05 0.241747 1.01354e-07 0.0164774 0.00317685 0.00120339 2.57938e-09 1.165e-07 1.54082e-09 4.5324e-07 8.96376e+06 inf 
475 30.1304 719750 0.0554177 18419.7 7505.35 2820.07 3.65821e-05 0.335757 -0.00129276 -0.00600537 0.017508 744410 1.31297e-07 3022.78 126.201 19.8887 5.43201e-11 1.90759e-07 4.57649e-11 2.46892e-06 3.6724e-06 0.0877255 6.7545e-09 0.00224506 0.000914777 0.000343719 4.45874e-12 4.09232e-08 -1.57566e-10 -7.31954e-10 4.60483e-05 0.288159 1.26322e-07 0.0190627 0.00381378 0.00151854 2.57307e-09 1.46886e-07 2.35651e-09 5.48561e-07 8.20457e+06 inf 
485 37.4031 820032 0.0699293 20975.8 8662.2 3420.85 6.5937e-05 0.404191 -0.00202132 -0.0118911 0.0258645 961489 2.01575e-07 3707.34 165.947 28.7379 1.50093e-10 2.74857e-07 9.50449e-11 7.36352e-06 4.88196e-06 0.107033 9.12737e-09 0.00273782 0.00113061 0.000446499 8.60628e-12 5.27561e-08 -2.63829e-10 -1.55206e-09 5.78971e-05 0.337698 1.61947e-07 0.0218265 0.00451459 0.00188457 4.42612e-09 1.81912e-07 3.51225e-09 9.80359e-07 7.6615e+06 inf 
495 46.216 934577 0.0880939 23834.9 10001.7 4142.77 0.000104377 0.486114 -0.00310263 -0.0201053 0.0375089 1.23229e+06 3.05164e-07 4526.75 217.528 41.3078 2.7895e-10 3.91476e-07 1.97736e-10 1.4497e-05 6.41566e-06 0.129737 1.22291e-08 0.00330874 0.00138843 0.000575096 1.44895e-11 6.74818e-08 -4.30704e-10 -2.791e-09 7.18734e-05 0.392725 2.05458e-07 0.0248486 0.00531689 0.00232456 6.22281e-09 2.23138e-07 5.2215e-09 1.41861e-06 7.20362e+06 inf 
505 57.413 1.06346e+06 0.111417 27106.8 11533 4999.24 7.56453e-05 0.583704 -0.00476581 -0.0123012 0.0528294 1.58266e+06 4.27491e-07 5455.56 283.368 58.7406 1.51174e-10 5.6158e-07 4.07158e-10 9.23019e-06 8.47241e-06 0.156934 1.64418e-08 0.00400013 0.00170192 0.000737734 1.11629e-11 8.61369e-08 -7.03288e-10 -1.81528e-09 8.78876e-05 0.457082 2.50628e-07 0.0280904 0.00623859 0.00285027 4.72319e-09 2.74686e-07 7.71942e-09 1.16709e-06 6.77647e+06 inf 
515 69.9939 1.20117e+06 0.138359 30354.1 13185.2 5968.48 8.5694e-05 0.694775 -0.00706831 -0.0138395 0.0740632 1.99151e+06 6.27966e-07 6445.14 362.25 81.4572 1.88387e-10 7.81911e-07 7.57524e-10 1.3641e-05 1.10466e-05 0.189571 2.18362e-08 0.00479056 0.00208092 0.000941958 1.35244e-11 1.09651e-07 -1.11554e-09 -2.18418e-09 0.000107549 0.527605 3.14054e-07 0.0315315 0.00726918 0.00345955 5.45266e-09 3.33736e-07 1.0877e-08 1.46726e-06 6.33624e+06 inf 
525 84.7899 1.34842e+06 0.171129 33744 14981.6 7066.51 0.000105316 0.821119 -0.0103044 -0.0154164 0.102989 2.48275e+06 9.06379e-07 7565.27 460.082 111.954 1.73458e-10 1.07727e-06 1.39782e-09 1.35566e-05 1.41546e-05 0.225102 2.85678e-08 0.00563314 0.00250099 0.00117967 1.75811e-11 1.37076e-07 -1.72019e-09 -2.57357e-09 0.000130355 0.603153 3.87933e-07 0.0350884 0.00839941 0.00415906 5.38111e-09 4.01306e-07 1.51786e-08 1.50436e-06 5.99027e+06 inf 
535 103.129 1.51659e+06 0.212749 37545.7 17052.1 8367.14 9.87558e-05 0.972548 -0.0149843 -0.00905482 0.14259 3.09987e+06 1.27604e-06 8874.96 583.88 153.305 1.45883e-10 1.49287e-06 2.55884e-09 1.28802e-05 1.78923e-05 0.263118 3.69105e-08 0.00651394 0.00295843 0.00145164 1.71335e-11 1.68731e-07 -2.59968e-09 -1.57095e-09 0.000156264 0.684527 4.69065e-07 0.0386952 0.00962014 0.00494875 5.03084e-09 4.80139e-07 2.09089e-08 1.49487e-06 5.76391e+06 inf 
545 124.891 1.70213e+06 0.26289 41707.5 19374.1 9868.95 8.19504e-05 1.14779 -0.0214737 0.00350839 0.193357 3.8477e+06 1.77776e-06 10266.9 735.365 207.353 1.42462e-10 2.04399e-06 4.61968e-09 1.51217e-05 2.23494e-05 0.304598 4.70445e-08 0.00746361 0.00346702 0.00176606 1.46651e-11 2.05398e-07 -3.84274e-09 6.2783e-10 0.000184667 0.771862 5.62067e-07 0.0422086 0.010935 0.00582984 5.04911e-09 5.68846e-07 2.84944e-08 1.645e-06 5.58812e+06 inf 
555 149.846 1.90282e+06 0.322371 45811.1 21900.2 11560.3 5.69028e-05 1.34824 -0.0301952 0.0230086 0.264257 4.72509e+06 2.54288e-06 11723.3 916.747 277.098 8.94497e-11 2.76576e-06 8.07121e-09 1.07319e-05 2.77558e-05 0.352457 5.97124e-08 0.00848554 0.00405655 0.0021413 1.05401e-11 2.49734e-07 -5.59302e-09 4.26186e-09 0.000219494 0.866602 6.83703e-07 0.0458202 0.0123836 0.00683677 4.07045e-09 6.7077e-07 3.82589e-08 1.40991e-06 5.39872e+06 inf 
565 180.251 2.1273e+06 0.396246 50412.5 24765.9 13523 6.32115e-05 1.58356 -0.0423175 0.0388255 0.353783 5.8027e+06 3.44343e-06 13418.2 1141.79 368.124 1.09874e-10 3.74117e-06 1.40281e-08 1.19829e-05 3.46858e-05 0.409357 7.62499e-08 0.00970091 0.00476572 0.00260224 1.21638e-11 3.04725e-07 -8.14318e-09 7.47121e-09 0.000258603 0.974189 8.10436e-07 0.0498795 0.0140358 0.00800416 4.59815e-09 7.9187e-07 5.1314e-08 1.51849e-06 5.19668e+06 inf 
575 216.344 2.37803e+06 0.486703 55296.2 27990.4 15778.2 6.00022e-05 1.85811 -0.0585336 0.0623245 0.480371 7.09426e+06 4.84947e-06 15287.5 1418.62 486.79 8.44396e-11 5.02856e-06 2.36392e-08 1.21154e-05 4.29836e-05 0.472472 9.6699e-08 0.0109863 0.00556119 0.00313485 1.19213e-11 3.69173e-07 -1.16296e-08 1.23827e-08 0.00030593 1.08916 9.76806e-07 0.0540061 0.0158407 0.00932143 4.09591e-09 9.28867e-07 6.75384e-08 1.55144e-06 5.03317e+06 inf 
585 257.237 2.6436e+06 0.590139 60111.9 31436 18263.1 6.27604e-05 2.16714 -0.0801025 0.0941479 0.624827 8.58823e+06 6.33263e-06 16999.9 1732.08 630.273 8.68803e-11 6.69723e-06 4.01347e-08 1.34568e-05 5.31806e-05 0.546533 1.22004e-07 0.0124274 0.006499 0.00377566 1.29749e-11 4.4803e-07 -1.65602e-08 1.94639e-08 0.000355453 1.21524 1.13768e-06 0.0579663 0.0177722 0.0107724 4.23807e-09 1.08804e-06 8.95719e-08 1.66783e-06 4.83705e+06 inf 
595 308.921 2.94266e+06 0.728164 65644.8 35399.4 21165.3 5.82342e-05 2.52916 -0.108971 0.140879 0.871175 1.046e+07 9.36858e-06 19429.4 2157.23 832.226 6.88432e-11 8.9488e-06 6.66233e-08 1.00317e-05 6.63724e-05 0.632237 1.56448e-07 0.0141039 0.00760564 0.00454742 1.25117e-11 5.43397e-07 -2.34126e-08 3.02683e-08 0.000427514 1.35927 1.4101e-06 0.0630517 0.0201405 0.0125748 3.8459e-09 1.27569e-06 1.17329e-07 1.4678e-06 4.65436e+06 inf 
605 365.442 3.27151e+06 0.876471 71032.7 39723.1 24390 7.72472e-05 2.94601 -0.146449 0.193928 1.10252 1.25689e+07 1.17668e-05 21291.1 2605.25 1057.81 1.22085e-10 1.17779e-05 1.07744e-07 1.67869e-05 8.07684e-05 0.723056 1.93714e-07 0.0156994 0.00877944 0.00539057 1.70729e-11 6.51116e-07 -3.23676e-08 4.28612e-08 0.000486981 1.50171 1.60098e-06 0.0667772 0.0223321 0.0143086 5.19446e-09 1.47619e-06 1.50882e-07 1.92571e-06 4.52456e+06 inf 
615 431.652 3.61767e+06 1.05821 76376.1 44349.8 27923.6 6.72245e-05 3.41165 -0.19465 0.276601 1.46853 1.50375e+07 1.63265e-05 23445.6 3156.57 1348.66 1.27349e-10 1.5441e-05 1.73017e-07 1.2933e-05 9.80284e-05 0.821575 2.40319e-07 0.017345 0.0100719 0.00634147 1.52667e-11 7.74788e-07 -4.42052e-08 6.28163e-08 0.000569117 1.6553 1.9105e-06 0.0708778 0.0248076 0.0163116 5.37781e-09 1.7048e-06 1.93231e-07 1.71264e-06 4.40334e+06 inf 
625 514.618 4.0256e+06 1.29045 82770.7 49851 32136.2 6.4016e-05 3.97253 -0.258789 0.382109 1.96968 1.81231e+07 2.27226e-05 26078.8 3859.52 1730.82 6.26153e-11 2.0327e-05 2.74677e-07 8.96579e-06 0.000120205 0.940303 3.01425e-07 0.0193337 0.0116442 0.00750641 1.49529e-11 9.27907e-07 -6.04481e-08 8.92533e-08 0.000667555 1.83004 2.28401e-06 0.0756155 0.0276753 0.0186532 3.82433e-09 1.97154e-06 2.45978e-07 1.44439e-06 4.28117e+06 inf 
635 608.558 4.44909e+06 1.55851 88911 55639.7 36664.8 7.59573e-05 4.59387 -0.340369 0.515188 2.55376 2.16385e+07 2.96862e-05 28627.9 4661.52 2185.9 6.85986e-11 2.65711e-05 4.37268e-07 6.70555e-06 0.000146758 1.07293 3.75845e-07 0.0214415 0.0134179 0.00884199 1.83177e-11 1.10784e-06 -8.20825e-08 1.24241e-07 0.000770921 2.01671 2.64911e-06 0.080275 0.0307265 0.0211888 4.06727e-09 2.27607e-06 3.14186e-07 1.26557e-06 4.14667e+06 inf 
645 715.967 4.90885e+06 1.86966 95082.3 61955.3 41665.5 7.87758e-05 5.29763 -0.441979 0.68832 3.31035 2.56901e+07 3.95951e-05 31058.4 5592.78 2734.33 5.87049e-11 3.43258e-05 6.59801e-07 6.41913e-06 0.000178074 1.22092 4.65018e-07 0.0236487 0.0154094 0.010363 1.9593e-11 1.31762e-06 -1.09928e-07 1.71198e-07 0.000889739 2.21336 3.10351e-06 0.0846495 0.0339644 0.0239309 3.82107e-09 2.60794e-06 3.89898e-07 1.2519e-06 4.02061e+06 inf 
655 841.024 5.40421e+06 2.23932 101317 68815.4 47158.8 9.31649e-05 6.09736 -0.571408 0.909468 4.27874 3.03953e+07 5.21399e-05 33631.2 6681.52 3395.86 5.24911e-11 4.43476e-05 1.01524e-06 7.13102e-06 0.000216064 1.38837 5.75294e-07 0.026029 0.0176791 0.0121154 2.39346e-11 1.56645e-06 -1.46798e-07 2.33648e-07 0.00102594 2.42511 3.61443e-06 0.089233 0.0374696 0.0269376 3.67215e-09 2.98988e-06 4.89153e-07 1.33319e-06 3.89248e+06 inf 
665 996.333 5.96195e+06 2.71144 108457 76680.7 53490.1 9.8866e-05 7.02701 -0.735666 1.20154 5.71019 3.61912e+07 7.20993e-05 36827 8074.31 4263.72 4.55192e-11 5.75109e-05 1.53786e-06 7.67097e-06 0.000262672 1.5718 7.14841e-07 0.0285935 0.020216 0.0141021 2.60649e-11 1.85259e-06 -1.9395e-07 3.16773e-07 0.00119851 2.65911 4.30083e-06 0.0942944 0.0414731 0.0304173 3.46409e-09 3.42491e-06 6.06484e-07 1.38637e-06 3.79306e+06 inf 
675 1166.71 6.5517e+06 3.22964 115072 84994.6 60253 0.00012782 8.06231 -0.936138 1.56086 7.23478 4.26108e+07 9.2383e-05 39290 9578.88 5230.91 6.74353e-11 7.35299e-05 2.26786e-06 1.12179e-05 0.000315622 1.77239 8.73694e-07 0.0311299 0.0229931 0.0162999 3.45785e-11 2.18105e-06 -2.53248e-07 4.2225e-07 0.00136292 2.89584 4.92224e-06 0.0982845 0.0454163 0.0339028 4.27103e-09 3.89033e-06 7.41199e-07 1.69009e-06 3.69653e+06 inf 
685 1369.79 7.18864e+06 3.86233 121975 94099.6 67712.9 0.000161802 9.23641 -1.18681 2.01999 9.33238 5.01966e+07 0.000121093 42215.9 11398.4 6424.44 8.79189e-11 9.43166e-05 3.3963e-06 1.83408e-05 0.000380281 1.9957 1.07225e-06 0.0338625 0.0261238 0.0187984 4.49193e-11 2.5642e-06 -3.29481e-07 5.60788e-07 0.00156404 3.15479 5.69807e-06 0.102826 0.0498192 0.0378175 4.94024e-09 4.4282e-06 9.13411e-07 2.1857e-06 3.60206e+06 inf 
695 1606.42 7.88137e+06 4.61386 128828 104071 75936.7 0.000189232 10.5661 -1.49255 2.60794 12.1291 5.89851e+07 0.000161432 44986.9 13543.1 7871.29 6.47857e-11 0.000120413 4.96836e-06 2.24088e-05 0.00045687 2.24149 1.3122e-06 0.036639 0.0295981 0.0215967 5.38184e-11 3.00503e-06 -4.24487e-07 7.41708e-07 0.00180023 3.42802 6.64755e-06 0.107014 0.0545496 0.0420976 4.29213e-09 5.02153e-06 1.11033e-06 2.41309e-06 3.51613e+06 inf 
705 1876.97 8.6186e+06 5.48606 135465 114773 84819.6 0.000226984 12.0542 -1.86413 3.34463 15.6131 6.8975e+07 0.000211908 47653.7 16002.5 9565.37 3.44024e-11 0.000153044 7.25438e-06 2.22921e-05 0.000546102 2.50757 1.59616e-06 0.0394135 0.0333931 0.0246782 6.60409e-11 3.50716e-06 -5.42367e-07 9.73116e-07 0.00206019 3.71218 7.68809e-06 0.110957 0.0595046 0.0466264 3.16307e-09 5.67695e-06 1.34777e-06 2.35349e-06 3.43703e+06 inf 
715 2203 9.42941e+06 6.55061 142674 126678 94744.5 0.000291731 13.7587 -2.32115 4.26482 20.2156 8.09161e+07 0.00027903 50593.5 18968.5 11640.1 3.32316e-11 0.000195111 1.0513e-05 3.13401e-05 0.000655212 2.80448 1.94827e-06 0.0424339 0.0376763 0.0281787 8.67662e-11 4.0921e-06 -6.90353e-07 1.26843e-06 0.00236288 4.02502 8.89903e-06 0.115095 0.0649775 0.0516521 3.14264e-09 6.42529e-06 1.62793e-06 2.77708e-06 3.36227e+06 inf 
725 2561.28 1.02777e+07 7.73446 148918 139156 105207 0.000367374 15.63 -2.85393 5.39207 25.8486 9.3991e+07 0.000365919 52808.3 22234.9 13977.5 3.01003e-11 0.000245374 1.47991e-05 4.39287e-05 0.000775588 3.11221 2.34209e-06 0.0450941 0.0421381 0.0318579 1.11245e-10 4.73295e-06 -8.64205e-07 1.63279e-06 0.00268807 4.3331 1.02625e-05 0.118142 0.0704088 0.0567242 3.01701e-09 7.20426e-06 1.93249e-06 3.26131e-06 3.30238e+06 inf 
735 2991.54 1.12087e+07 9.17222 155697 153032 116897 0.0004774 17.7696 -3.50659 6.79701 32.9254 1.09516e+08 0.000467187 55328.7 26144.1 16805.1 4.40528e-11 0.000310247 2.11099e-05 6.6534e-05 0.00092197 3.45443 2.8268e-06 0.0479845 0.0471634 0.0360268 1.47131e-10 5.47644e-06 -1.0807e-06 2.09478e-06 0.00304915 4.67107 1.16616e-05 0.121447 0.0763743 0.0622997 3.68172e-09 8.10087e-06 2.31041e-06 4.01462e-06 3.24473e+06 inf 
745 3483.56 1.2208e+07 10.8377 161981 167955 129524 0.000615536 20.1679 -4.27535 8.52459 42.3181 1.27111e+08 0.000614887 57367 30618.1 20111.1 4.75568e-11 0.000390243 2.95076e-05 9.75977e-05 0.00109115 3.82391 3.39469e-06 0.0507371 0.0526083 0.0405708 1.92804e-10 6.31716e-06 -1.33916e-06 2.67015e-06 0.00347342 5.01921 1.34565e-05 0.124076 0.0826005 0.0682158 3.85474e-09 9.07353e-06 2.72934e-06 4.84156e-06 3.19255e+06 inf 
755 4057.25 1.32663e+07 12.8151 168155 183999 143204 0.000794881 22.8349 -5.18102 10.6322 54.5999 1.47314e+08 0.000810751 59712.6 35889.4 24066 3.96889e-11 0.00049003 4.11394e-05 0.00014001 0.00129428 4.23199 4.08807e-06 0.0536422 0.0586962 0.0456827 2.5357e-10 7.28443e-06 -1.65277e-06 3.3917e-06 0.00396767 5.39296 1.55538e-05 0.127165 0.0894629 0.0747679 3.54917e-09 1.01616e-05 3.22366e-06 5.75848e-06 3.13476e+06 inf 
765 4700.64 1.43765e+07 15.0403 173615 200889 157704 0.00102084 25.7771 -6.23558 13.1738 69.0699 1.69799e+08 0.00103363 61124 41692.6 28487.6 3.67358e-11 0.000611969 5.68105e-05 0.000204782 0.00153332 4.68953 4.90604e-06 0.0566321 0.0655285 0.0514422 3.32993e-10 8.40831e-06 -2.034e-06 4.29721e-06 0.00449211 5.77891 1.76945e-05 0.129349 0.0964669 0.0815242 3.44559e-09 1.13543e-05 3.79395e-06 6.95215e-06 3.06567e+06 inf 
775 5491.14 1.56319e+07 17.8254 180084 220219 174385 0.00133106 29.2003 -7.50436 16.3385 89.8118 1.96936e+08 0.00137423 63393 48927.1 34088.5 4.80528e-11 0.000769208 7.85449e-05 0.000303306 0.00183188 5.21489 5.94668e-06 0.0600771 0.0734663 0.058176 4.44049e-10 9.74139e-06 -2.5035e-06 5.45064e-06 0.0051581 6.20517 2.05691e-05 0.132435 0.104523 0.0893738 3.97914e-09 1.27168e-05 4.46492e-06 8.45431e-06 2.99755e+06 inf 
785 6342.6 1.68912e+07 20.8344 184794 239662 191326 0.00172101 32.8547 -8.92527 20.0606 113.593 2.25907e+08 0.00175948 64271.3 56567.9 40106 6.46904e-11 0.000955022 0.000106132 0.000440905 0.0021575 5.74569 7.08703e-06 0.0628596 0.0815232 0.0650813 5.85418e-10 1.11758e-05 -3.03602e-06 6.8238e-06 0.00582965 6.62053 2.34153e-05 0.133833 0.112232 0.0969891 4.65428e-09 1.41407e-05 5.18504e-06 1.01693e-05 2.9398e+06 inf 
795 7351.18 1.82864e+07 24.42 189920 261356 210356 0.002222 37.0318 -10.5866 24.6106 143.891 2.59852e+08 0.00225309 65189.4 65577.2 47284 1.00293e-10 0.00118771 0.000142711 0.00064144 0.00255308 6.35093 8.48112e-06 0.0659597 0.0907695 0.0730571 7.71706e-10 1.28612e-05 -3.67675e-06 8.54731e-06 0.00659208 7.06492 2.66566e-05 0.13524 0.120565 0.105283 5.8512e-09 1.57189e-05 6.00379e-06 1.22359e-05 2.87934e+06 inf 
805 8533.75 1.97394e+07 28.7058 195000 284366 230827 0.00286283 41.6356 -12.4993 30.036 184.804 2.9878e+08 0.00293342 66464.7 76211.2 55940.5 1.52914e-10 0.00147933 0.000192019 0.000931795 0.00302363 6.99393 1.01709e-05 0.0690912 0.100755 0.0817851 1.01434e-09 1.47521e-05 -4.42868e-06 1.06422e-05 0.00750575 7.54631 3.05926e-05 0.137025 0.129812 0.114594 7.29046e-09 1.75078e-05 6.95858e-06 1.47273e-05 2.82236e+06 inf 
815 9871.73 2.12858e+07 33.5905 199497 308916 252853 0.0036551 46.7496 -14.6654 36.5081 235.802 3.42199e+08 0.00379645 67345.8 88121.9 65810.9 7.59431e-11 0.00183392 0.000255539 0.00132201 0.00355701 7.66976 1.21034e-05 0.0718834 0.111309 0.0911087 1.31702e-09 1.6845e-05 -5.28428e-06 1.31547e-05 0.00850367 8.02974 3.49493e-05 0.138199 0.139149 0.124147 5.06256e-09 1.94178e-05 8.00956e-06 1.74156e-05 2.77529e+06 inf 
825 11419.6 2.2917e+07 39.2989 203879 335125 276689 0.00471294 52.4167 -17.1309 44.1909 301.338 3.91602e+08 0.00492141 67997.4 101842 77399.4 1.32801e-10 0.00227306 0.000338917 0.00189761 0.00418502 8.39856 1.44022e-05 0.0747169 0.122816 0.1014 1.72718e-09 1.92095e-05 -6.27809e-06 1.6195e-05 0.00963946 8.5427 3.9952e-05 0.139057 0.149128 0.134473 6.7591e-09 2.15411e-05 9.2082e-06 2.08124e-05 2.72868e+06 inf 
835 13209.5 2.46919e+07 45.9463 208169 363734 302959 0.00604798 58.8011 -19.9409 53.392 384.748 4.47961e+08 0.00637174 68446.5 117589 90948.4 2.18109e-10 0.00281247 0.00044436 0.00270206 0.00490899 9.17615 1.70749e-05 0.0773611 0.135173 0.112588 2.24759e-09 2.18521e-05 -7.41059e-06 1.98419e-05 0.0109034 9.07042 4.55671e-05 0.13947 0.15946 0.145337 8.718e-09 2.3826e-05 1.04985e-05 2.47074e-05 2.69087e+06 inf 
845 15214.3 2.64861e+07 53.4753 211413 393042 330340 0.00767428 65.693 -23.0424 64.1379 488.325 5.09846e+08 0.00818544 68428.2 135106 106356 2.2817e-10 0.00346825 0.000579666 0.00381311 0.00574858 10.0076 2.02051e-05 0.0798805 0.148507 0.124816 2.89966e-09 2.48215e-05 -8.70635e-06 2.42339e-05 0.012307 9.61715 5.18126e-05 0.13955 0.170276 0.156865 8.82067e-09 2.63503e-05 1.19675e-05 2.92141e-05 2.64662e+06 inf 
855 17529.1 2.84144e+07 62.2286 214785 424744 360340 0.00976466 73.3823 -26.5022 76.8264 619.611 5.80286e+08 0.0105286 68355.1 155194 124375 3.44566e-10 0.00427043 0.000745762 0.00536005 0.00674036 10.926 2.39283e-05 0.0825899 0.163324 0.138559 3.75474e-09 2.82172e-05 -1.01907e-05 2.95415e-05 0.013886 10.1861 5.8957e-05 0.13951 0.181661 0.169193 1.0881e-08 2.90838e-05 1.35245e-05 3.44726e-05 2.60062e+06 inf 
865 20170.8 3.04462e+07 72.3067 217964 458419 392656 0.0123736 81.8974 -30.3759 91.7493 783.861 6.59272e+08 0.0134408 68202.5 177915 145179 4.93273e-10 0.00525247 0.00095706 0.00748675 0.00788383 11.9 2.82613e-05 0.085192 0.179175 0.153471 4.83628e-09 3.20099e-05 -1.18725e-05 3.58605e-05 0.0156275 10.7735 6.67433e-05 0.139282 0.193482 0.182182 1.30157e-08 3.20673e-05 1.5268e-05 4.04999e-05 2.5585e+06 inf 
875 23341.6 3.26808e+07 84.5942 222057 495966 429217 0.0157984 91.591 -34.7823 109.602 1008.41 7.52215e+08 0.0175406 68705.3 205336 170895 7.73886e-10 0.00650074 0.00123474 0.0105138 0.00926268 12.9687 3.35696e-05 0.0881193 0.196815 0.170327 6.26931e-09 3.63461e-05 -1.38027e-05 4.34936e-05 0.0177305 11.4155 7.6379e-05 0.13964 0.206755 0.196991 1.63645e-08 3.54775e-05 1.73051e-05 4.77548e-05 2.51996e+06 inf 
885 26827.3 3.49649e+07 98.1623 225007 534493 467314 0.019937 102.069 -39.5302 130.194 1278.8 8.52735e+08 0.0225491 68337.8 234931 199294 1.06775e-09 0.00798378 0.00156615 0.0145801 0.0108176 14.099 3.95822e-05 0.0907304 0.215525 0.188436 8.03925e-09 4.11577e-05 -1.59399e-05 5.24985e-05 0.0199658 12.0445 8.67513e-05 0.139011 0.219729 0.211787 1.91291e-08 3.9056e-05 1.94279e-05 5.58846e-05 2.47996e+06 inf 
895 30880.7 3.73909e+07 114.144 228198 575869 508929 0.0251974 113.738 -44.7821 154.367 1631.6 9.67594e+08 0.0291718 68366.1 269385 233188 1.60513e-09 0.0098199 0.00198208 0.0201875 0.0126681 15.3388 4.68252e-05 0.0936132 0.236237 0.208777 1.03367e-08 4.66585e-05 -1.83708e-05 6.33256e-05 0.0225577 12.7144 9.88659e-05 0.13886 0.233883 0.228194 2.34866e-08 4.30277e-05 2.18086e-05 6.53554e-05 2.43767e+06 inf 
905 35638.2 4.00209e+07 133.145 232290 621245 555239 0.031877 126.832 -50.5903 182.716 2098.05 1.10023e+09 0.038192 68837.1 309887 273998 2.44175e-09 0.0120977 0.00249249 0.0278698 0.0148541 16.6808 5.54949e-05 0.0968188 0.258936 0.231425 1.32864e-08 5.28639e-05 -2.10862e-05 7.61566e-05 0.0255701 13.4288 0.000113309 0.138988 0.249226 0.246263 2.90034e-08 4.74105e-05 2.43772e-05 7.62652e-05 2.39922e+06 inf 
915 40943.4 4.27251e+07 154.456 235373 668154 603979 0.0401033 141.072 -56.8004 215.413 2663.45 1.2458e+09 0.0490324 68615 354321 319849 3.68143e-09 0.0148429 0.00310092 0.0382203 0.0173852 18.1417 6.55843e-05 0.0999429 0.283708 0.256459 1.70285e-08 5.99014e-05 -2.41183e-05 9.14675e-05 0.0287871 14.1373 0.000128525 0.13837 0.264499 0.264654 3.56822e-08 5.20995e-05 2.7111e-05 8.86714e-05 2.35508e+06 inf 
925 47140 4.56336e+07 179.657 238936 718983 657600 0.0505697 157.12 -63.6907 253.936 3409.45 1.41294e+09 0.0636956 68720.7 406096 374655 5.61038e-09 0.0182768 0.00386257 0.0524892 0.0203494 19.6992 7.75547e-05 0.103144 0.310371 0.283874 2.183e-08 6.78259e-05 -2.74941e-05 0.00010962 0.0325222 14.8957 0.000146566 0.137937 0.281023 0.284864 4.41061e-08 5.73534e-05 3.01907e-05 0.000103161 2.31652e+06 inf 
935 54325.1 4.87568e+07 209.266 243246 774182 716672 0.0636748 174.991 -71.1727 298.667 4381.55 1.60361e+09 0.0832917 69274.8 466190 439846 8.50308e-09 0.0224924 0.00477558 0.0716923 0.0237988 21.3595 9.16757e-05 0.106562 0.339155 0.313961 2.78948e-08 7.66606e-05 -3.11795e-05 0.000130841 0.0367844 15.6935 0.000167583 0.137814 0.298669 0.306785 5.42856e-08 6.30609e-05 3.34654e-05 0.000119532 2.28268e+06 inf 
945 62353.5 5.19968e+07 242.589 246936 831614 779144 0.0797538 194.521 -79.0295 350.044 5572.79 1.81367e+09 0.107319 69469.6 532520 513590 1.27706e-08 0.0275787 0.00582163 0.0972723 0.0276846 23.0863 0.000107708 0.109638 0.369232 0.345935 3.54102e-08 8.63663e-05 -3.50887e-05 0.000155418 0.0413262 16.5009 0.000189864 0.137199 0.316392 0.32918 6.64543e-08 6.91783e-05 3.67907e-05 0.000137963 2.25228e+06 inf 
955 71725.2 5.55428e+07 281.94 251521 894868 848732 0.100089 216.639 -87.7057 410.35 7122.37 2.05525e+09 0.139125 70043.5 609679 601332 1.93072e-08 0.0339237 0.00712819 0.132059 0.0321939 24.9304 0.000126549 0.112895 0.401662 0.380953 4.49249e-08 9.72386e-05 -3.93667e-05 0.000184186 0.0464805 17.3486 0.00021548 0.136725 0.335145 0.353246 8.1534e-08 7.59692e-05 4.06171e-05 0.000159218 2.22791e+06 inf 
965 82523.5 5.92125e+07 328.075 256347 961450 923503 0.125523 240.908 -96.8735 479.61 9165.2 2.32834e+09 0.182358 71012.9 698966 705832 2.92416e-08 0.0417139 0.00865336 0.178636 0.0375467 26.9406 0.000149268 0.116633 0.437442 0.420177 5.71107e-08 0.000109609 -4.40757e-05 0.000218214 0.052538 18.2635 0.00024635 0.136771 0.355895 0.380253 1.00213e-07 8.34562e-05 4.46593e-05 0.000183464 2.19789e+06 inf 
975 94790.3 6.31027e+07 381.014 261063 1.03231e+06 1.00425e+06 0.157138 267.769 -106.392 559.516 11754.2 2.6344e+09 0.238096 71792.3 799544 826517 4.43419e-08 0.051265 0.0103982 0.241097 0.0437033 29.0936 0.000175667 0.120364 0.47595 0.463013 7.24486e-08 0.000123455 -4.90523e-05 0.000257966 0.0592397 19.1874 0.000280919 0.136428 0.376966 0.408272 1.23268e-07 9.16222e-05 4.88669e-05 0.000211215 2.16895e+06 inf 
985 109241 6.75104e+07 443.909 267730 1.11291e+06 1.09651e+06 0.196826 298.785 -117.002 653.915 15044.1 2.99162e+09 0.309191 73364.5 917827 970652 6.63058e-08 0.0631789 0.012474 0.324492 0.0508298 31.4125 0.00020655 0.124574 0.517833 0.510204 9.15827e-08 0.000139024 -5.44407e-05 0.000304266 0.0664555 20.1309 0.000318124 0.136447 0.398638 0.437418 1.49882e-07 0.000100346 5.3295e-05 0.000241678 2.14916e+06 inf 
995 125688 7.19282e+07 516.937 273830 1.19503e+06 1.19288e+06 0.246669 332.435 -127.952 761.418 19414.3 3.38881e+09 0.406973 74963.7 1.05222e+06 1.13997e+06 1.00702e-07 0.0779015 0.0149479 0.436963 0.0592997 33.9358 0.000243891 0.129193 0.563814 0.562803 1.16378e-07 0.000156843 -6.03679e-05 0.000359238 0.0751213 21.1472 0.000364043 0.136664 0.422551 0.470205 1.84302e-07 0.000110246 5.83792e-05 0.000277683 2.11954e+06 inf 
1005 144668 7.66874e+07 602.155 280768 1.28415e+06 1.29876e+06 0.308936 370.105 -139.427 885.762 24987.6 3.84148e+09 0.533029 76882.5 1.20639e+06 1.33827e+06 1.52425e-07 0.0961167 0.0177623 0.586842 0.0691587 36.6606 0.000287862 0.134222 0.613892 0.620877 1.47688e-07 0.000176929 -6.66533e-05 0.000423441 0.0846313 22.1907 0.00041467 0.136888 0.447049 0.504256 2.25955e-07 0.000121016 6.36292e-05 0.000318181 2.09182e+06 inf 
1015 166166 8.16561e+07 700.182 288082 1.37807e+06 1.41201e+06 0.385252 411.441 -151.013 1027.03 32101.2 4.34674e+09 0.697975 79201.4 1.3812e+06 1.56883e+06 2.28558e-07 0.118224 0.0208233 0.782405 0.0804895 39.5537 0.000339164 0.139545 0.667528 0.683968 1.86614e-07 0.0001993 -7.31496e-05 0.000497488 0.095242 23.2602 0.000472295 0.137447 0.472705 0.540479 2.75476e-07 0.000132464 6.88173e-05 0.000362625 2.06444e+06 inf 
1025 191077 8.69725e+07 815.462 296061 1.47923e+06 1.53568e+06 0.481473 457.867 -163.19 1190.87 41389.6 4.92338e+09 0.918129 81877.8 1.58286e+06 1.84131e+06 3.4515e-07 0.145892 0.0244746 1.04527 0.0937146 42.6561 0.000399947 0.145205 0.725493 0.753183 2.36141e-07 0.000224563 -8.00374e-05 0.000584069 0.107319 24.3958 0.000538835 0.138105 0.499981 0.579476 3.36924e-07 0.000145344 7.48177e-05 0.00041415 2.03892e+06 inf 
1035 219790 9.26467e+07 950.415 304740 1.58813e+06 1.67062e+06 0.60186 509.747 -175.534 1379.72 53433.4 5.57817e+09 1.21061 84961.7 1.81467e+06 2.16206e+06 5.22964e-07 0.180209 0.0285045 1.39455 0.10909 45.984 0.000471727 0.151254 0.788247 0.829191 2.98726e-07 0.000253007 -8.71241e-05 0.000684809 0.120915 25.5759 0.000615098 0.138895 0.528541 0.620931 4.1271e-07 0.000159474 8.09769e-05 0.000472447 2.01476e+06 inf 
1045 252969 9.88067e+07 1108.6 314861 1.70689e+06 1.81907e+06 0.751282 568.141 -188.329 1597.41 69008.3 6.3257e+09 1.59729 88743.3 2.08241e+06 2.54044e+06 7.85924e-07 0.222553 0.0329513 1.85262 0.126843 49.5436 0.000555875 0.157878 0.855866 0.912116 3.76707e-07 0.000284877 -9.44317e-05 0.00080097 0.136062 26.7817 0.000701365 0.139901 0.558258 0.664732 5.02165e-07 0.000174464 8.72071e-05 0.000536082 1.99434e+06 inf 
1055 290874 1.05251e+08 1292.05 325173 1.832e+06 1.97808e+06 0.937914 632.923 -200.816 1846.91 89021.7 7.16673e+09 2.10421 92757.6 2.38567e+06 2.9796e+06 1.18514e-06 0.275246 0.0379181 2.46167 0.147543 53.3871 0.000655374 0.16494 0.929259 1.00336 4.75745e-07 0.000321043 -0.000101862 0.00093682 0.152926 28.0189 0.000798636 0.140872 0.588711 0.710383 6.12221e-07 0.000191172 9.41155e-05 0.000609114 1.97146e+06 inf 
1065 334266 1.1211e+08 1505.73 336344 1.96611e+06 2.1505e+06 1.16889 705 -212.86 2132.04 114893 8.11613e+09 2.77754 97386.8 2.73297e+06 3.49447e+06 1.78462e-06 0.340003 0.0430057 3.2573 0.171102 57.3864 0.000770741 0.172166 1.0064 1.10079 5.98325e-07 0.000360871 -0.000108957 0.00109133 0.171857 29.3468 0.000909784 0.142158 0.621365 0.759604 7.45323e-07 0.00020931 0.000100706 0.000690158 1.95361e+06 inf 
1075 384067 1.19303e+08 1755.43 348306 2.1085e+06 2.33648e+06 1.45679 784.956 -224.408 2457.27 148477 9.19036e+09 3.67399 102651 3.1314e+06 4.09925e+06 2.68907e-06 0.420569 0.0487042 4.30687 0.198782 61.7475 0.000908559 0.180273 1.09129 1.20929 7.5399e-07 0.000406269 -0.000116147 0.00127181 0.193218 30.723 0.00103734 0.143633 0.655587 0.811949 9.07349e-07 0.000229389 0.000108249 0.000782058 1.93211e+06 inf 
1085 441460 1.27063e+08 2048.02 361385 2.26212e+06 2.53907e+06 1.81708 875.49 -235.682 2833.73 192247 1.04091e+10 4.87741 108620 3.58722e+06 4.80738e+06 4.06457e-06 0.52118 0.0547911 5.69246 0.230407 66.3163 0.0010689 0.188614 1.18064 1.32519 9.48369e-07 0.000456935 -0.000123007 0.00147898 0.217371 32.1693 0.00118451 0.145313 0.691608 0.867723 1.10543e-06 0.000251444 0.000116043 0.000885228 1.91601e+06 inf 
1095 507009 1.35222e+08 2388.26 375209 2.4253e+06 2.75746e+06 2.26293 975.396 -245.087 3260.26 248635 1.17837e+10 6.46698 115238 4.1074e+06 5.6344e+06 6.13128e-06 0.645297 0.060963 7.49964 0.267198 71.2632 0.00125863 0.197738 1.27816 1.4532 1.19258e-06 0.000514042 -0.000129163 0.00171818 0.244208 33.64 0.00135055 0.147075 0.728662 0.926054 1.34499e-06 0.000275387 0.000124278 0.00100011 1.8975e+06 inf 
1105 583707 1.44193e+08 2793.49 391114 2.60562e+06 3.00078e+06 2.82564 1089.75 -253.868 3757.41 322578 1.33687e+10 8.61162 123117 4.71444e+06 6.61969e+06 9.2792e-06 0.801813 0.0675194 9.89399 0.309824 76.5361 0.00148275 0.207598 1.38303 1.59278 1.49981e-06 0.000578427 -0.00013475 0.00199439 0.27428 35.188 0.00154026 0.14917 0.767845 0.988284 1.6358e-06 0.000301687 0.000132969 0.00112873 1.88399e+06 inf 
1115 670800 1.53596e+08 3261.99 407573 2.79524e+06 3.2602e+06 3.52202 1216.75 -260.173 4322.42 417925 1.51432e+10 11.4562 131617 5.39898e+06 7.75792e+06 1.40306e-05 0.995898 0.0740556 13.0185 0.358745 82.1433 0.00174452 0.217971 1.4949 1.74356 1.88358e-06 0.000650718 -0.000139141 0.00231164 0.307911 36.7576 0.00175598 0.151254 0.807877 1.05307 1.9889e-06 0.000330416 0.000142285 0.00127227 1.86985e+06 inf 
1125 768717 1.63146e+08 3800.27 424069 2.99024e+06 3.53206e+06 4.3746 1354.69 -262.49 4952.79 540091 1.71066e+10 15.2145 140794 6.16713e+06 9.06852e+06 2.1103e-05 1.23328 0.0799609 17.0406 0.415266 88.1324 0.00205293 0.229085 1.61534 1.90804 2.36319e-06 0.000731811 -0.000141799 0.00267553 0.34542 38.3894 0.00200111 0.153552 0.849817 1.12172 2.4115e-06 0.000361495 0.000151949 0.00143073 1.85114e+06 inf 
1135 884955 1.7418e+08 4448.71 444053 3.21468e+06 3.84503e+06 5.45737 1516.72 -262.79 5700.19 700865 1.94134e+10 20.3056 151808 7.07469e+06 1.0643e+07 3.18858e-05 1.53559 0.085775 22.3749 0.480049 94.4851 0.00241323 0.240879 1.74382 2.08576 2.96038e-06 0.000822754 -0.000142552 0.0030921 0.386964 40.0436 0.00227843 0.155969 0.892627 1.19288 2.9211e-06 0.000395053 0.000161889 0.00160509 1.84347e+06 inf 
1145 1.01452e+06 1.85133e+08 5189.08 463334 3.4402e+06 4.16655e+06 6.78429 1691.5 -257.39 6528.72 907374 2.19367e+10 27.0747 163374 8.08028e+06 1.24376e+07 4.81669e-05 1.90689 0.0911008 29.2531 0.554641 101.213 0.00283689 0.253306 1.88077 2.27787 3.70899e-06 0.000924749 -0.000140716 0.00356927 0.434094 41.8195 0.00259883 0.158598 0.938204 1.26924 3.54632e-06 0.000432828 0.000173217 0.00180362 1.82914e+06 inf 
1155 1.16542e+06 1.97209e+08 6066.34 485087 3.68875e+06 4.5235e+06 8.45311 1892.21 -247.33 7492.52 1.17681e+06 2.48392e+10 36.1731 176652 9.24313e+06 1.45548e+07 7.29108e-05 2.37673 0.0965494 38.3058 0.640874 108.447 0.00333592 0.266753 2.02847 2.4875 4.64842e-06 0.00104054 -0.000136008 0.00412018 0.486225 43.5725 0.00296032 0.161199 0.983957 1.34763 4.29957e-06 0.000473557 0.000185997 0.00202205 1.81849e+06 inf 
1165 1.33518e+06 2.09701e+08 7074.24 507317 3.9472e+06 4.90015e+06 10.4956 2113.01 -230.128 8573.74 1.52067e+06 2.80522e+10 48.183 190987 1.05419e+07 1.69771e+07 0.000109793 2.95398 0.101327 49.9038 0.738651 116.011 0.00391363 0.280659 2.18368 2.71087 5.80638e-06 0.00116896 -0.000127312 0.00474319 0.543748 45.3924 0.00336741 0.163978 1.03129 1.42944 5.19863e-06 0.000517427 0.000199619 0.00226055 1.80759e+06 inf 
1175 1.52992e+06 2.22799e+08 8256.24 530779 4.22034e+06 5.30458e+06 13.0481 2359.85 -204.057 9803.81 1.96902e+06 3.16763e+10 64.3903 206861 1.20203e+07 1.98026e+07 0.000166201 3.67908 0.105946 65.0553 0.852918 124.208 0.00460278 0.295904 2.3528 2.95726 7.27419e-06 0.0013156 -0.00011376 0.00546554 0.608474 47.2398 0.00383555 0.166625 1.07961 1.51474 6.3041e-06 0.000565917 0.000214762 0.00252896 1.79375e+06 inf 
1185 1.75853e+06 2.3765e+08 9666.8 557876 4.52883e+06 5.76242e+06 16.258 2646.24 -168.508 11243.3 2.55477e+06 3.58869e+10 86.2238 225354 1.37456e+07 2.31587e+07 0.000251358 4.59755 0.112472 84.8913 0.983008 132.845 0.00540369 0.31185 2.53159 3.22116 9.08814e-06 0.00147923 -9.41949e-05 0.00628496 0.679559 49.12 0.00435876 0.169474 1.12906 1.60303 7.6101e-06 0.000617962 0.000232376 0.00282014 1.78892e+06 inf 
1195 2.00974e+06 2.52341e+08 11253.9 583845 4.83527e+06 6.22668e+06 20.143 2955.39 -120.607 12828.5 3.29138e+06 4.04212e+10 114.685 244394 1.5613e+07 2.68932e+07 0.000377862 5.71813 0.121112 110.029 1.12937 141.802 0.00632412 0.32809 2.71717 3.49907 1.13193e-05 0.00166077 -6.77751e-05 0.00720896 0.757698 51.0561 0.00494495 0.172318 1.17928 1.69385 9.17667e-06 0.000674629 0.000251923 0.0031403 1.77952e+06 inf 
1205 2.30286e+06 2.68265e+08 13148.3 612475 5.16949e+06 6.73898e+06 25.043 3306.75 -58.4853 14652.4 4.26665e+06 4.56301e+10 153.884 266363 1.77809e+07 3.13285e+07 0.000572992 7.13954 0.136589 142.957 1.30037 151.483 0.00742452 0.34585 2.91909 3.80534 1.41412e-05 0.00186724 -3.30253e-05 0.00827388 0.847528 53.0954 0.00563658 0.175489 1.23264 1.7916 1.11167e-05 0.000738195 0.00027575 0.00350248 1.77092e+06 inf 
1215 2.64362e+06 2.85885e+08 15388.4 644032 5.53721e+06 7.30638e+06 31.1986 3712.2 23.0017 16776.4 5.53193e+06 5.16069e+10 206.291 290921 2.0266e+07 3.65154e+07 0.000867992 8.94496 0.162627 186.034 1.49508 161.68 0.00870275 0.364227 3.13152 4.13206 1.76441e-05 0.0020994 1.30084e-05 0.00948777 0.945137 55.1856 0.0063975 0.178512 1.2864 1.89131 1.34004e-05 0.000807006 0.00030299 0.00389767 1.76822e+06 inf 
1225 3.01888e+06 3.03481e+08 17916.1 674776 5.90534e+06 7.88531e+06 38.6535 4151.79 123.886 19115.1 7.12732e+06 5.80551e+10 275.09 316467 2.29577e+07 4.2289e+07 0.0013091 11.1535 0.20583 240.437 1.71352 172.256 0.0101692 0.383004 3.35188 4.47571 2.19398e-05 0.00235656 7.03179e-05 0.0108498 1.05324 57.2705 0.00726149 0.18148 1.34006 1.99281 1.6177e-05 0.000881682 0.000334491 0.00433067 1.7618e+06 inf 
1235 3.45725e+06 3.23012e+08 20922.7 709251 6.31308e+06 8.53113e+06 48.0438 4658.42 250.116 21831.2 9.20375e+06 6.54854e+10 367.608 345501 2.60598e+07 4.90735e+07 0.00197971 13.9644 0.278792 311.507 1.96568 183.654 0.011896 0.403257 3.58941 4.85052 2.73161e-05 0.00264862 0.000142208 0.0124125 1.17006 59.1944 0.00821556 0.183915 1.39028 2.09142 1.94789e-05 0.000961492 0.000371872 0.00480026 1.75881e+06 inf 
1245 3.94912e+06 3.43107e+08 24373.3 743729 6.73223e+06 9.20608e+06 59.5584 5219.4 407.495 24875.6 1.18532e+07 7.36773e+10 490.143 376346 2.9486e+07 5.67627e+07 0.00298326 17.4547 0.397748 402.171 2.25047 195.525 0.0138895 0.423826 3.83647 5.24623 3.39403e-05 0.00297436 0.000232218 0.0141758 1.30004 61.2876 0.00929502 0.186649 1.44381 2.1964 2.34119e-05 0.0010488 0.000415618 0.00531324 1.7548e+06 inf 
1255 4.51517e+06 3.64625e+08 28431.3 780637 7.1801e+06 9.93606e+06 73.9674 5854.93 598.623 28354.2 1.53029e+07 8.29214e+10 655.916 410628 3.3352e+07 6.56489e+07 0.00452119 21.8681 0.588038 519.646 2.5766 208.075 0.0162245 0.445474 4.09736 5.67006 4.22099e-05 0.00334115 0.000341608 0.0161805 1.44699 63.437 0.0105389 0.189419 1.49805 2.30505 2.82554e-05 0.00114711 0.000467837 0.00589336 1.75237e+06 inf 
1265 5.15791e+06 3.87512e+08 33128.4 819217 7.65402e+06 1.07175e+07 91.7387 6570.7 831.633 32301.9 1.96995e+07 9.32484e+10 874.77 447538 3.7655e+07 7.57659e+07 0.00682054 27.3872 0.881377 669.858 2.94484 221.245 0.0189142 0.467721 4.36996 6.11901 5.2377e-05 0.00375145 0.000474809 0.0184424 1.60471 65.4954 0.0119034 0.191711 1.54985 2.41147 3.39227e-05 0.00125019 0.000527035 0.00650585 1.75151e+06 inf 
1275 5.892e+06 4.12185e+08 38594.5 860031 8.16096e+06 1.15615e+07 113.825 7384.89 1114.72 36823 2.53126e+07 1.04834e+11 1163.83 487392 4.24497e+07 8.72941e+07 0.0102857 34.3436 1.33374 863.231 3.3579 234.908 0.0219953 0.490139 4.651 6.58899 6.48701e-05 0.00420871 0.000635287 0.0209858 1.77491 67.5598 0.0133972 0.193733 1.6002 2.51691 4.06667e-05 0.00136362 0.000597095 0.00718057 1.75467e+06 inf 
1285 6.72297e+06 4.37751e+08 44920.2 901360 8.68437e+06 1.24482e+07 141.123 8292.59 1455.14 41905.2 3.25352e+07 1.17691e+11 1550.26 530080 4.77512e+07 1.0038e+08 0.015533 43.0651 2.01281 1110.6 3.83043 249.41 0.0255934 0.513553 4.94795 7.09243 8.04055e-05 0.00472473 0.000829068 0.0238756 1.96591 69.6398 0.0151076 0.195648 1.65051 2.62478 4.88361e-05 0.00148775 0.000677829 0.00791972 1.75515e+06 inf 
1295 7.66441e+06 4.6468e+08 52232.1 943780 9.23101e+06 1.33873e+07 174.837 9311.03 1862.7 47644.2 4.17491e+07 1.31945e+11 2061.07 575439 5.35773e+07 1.1513e+08 0.0234364 53.9851 3.0207 1426.13 4.36241 264.485 0.0297293 0.537178 5.25408 7.61973 9.95132e-05 0.00529963 0.00106021 0.027118 2.17533 71.7448 0.0170084 0.1974 1.6999 2.73301 5.86226e-05 0.00162514 0.000771545 0.008737 1.75692e+06 inf 
1305 8.74821e+06 4.94148e+08 60790.9 989294 9.82242e+06 1.44113e+07 216.931 10480.5 2351.33 54258.5 5.35787e+07 1.48056e+11 2739.64 624449 6.00806e+07 1.3196e+08 0.0353827 67.8253 4.49578 1832.4 4.96054 280.199 0.0344706 0.560964 5.56965 8.17174 0.000123007 0.00594279 0.00133329 0.0307665 2.40292 73.7644 0.0191116 0.198504 1.7455 2.83706 7.02314e-05 0.00177273 0.000878413 0.00961558 1.76356e+06 inf 
1315 9.98317e+06 5.25527e+08 70720.3 1.03637e+06 1.04457e+07 1.55046e+07 269.144 11804 2937.41 61778.2 6.86883e+07 1.66048e+11 3635.88 676608 6.72556e+07 1.50984e+08 0.0533911 85.2757 6.64316 2352.34 5.6351 296.639 0.0399188 0.584988 5.89618 8.75171 0.000151921 0.00666291 0.00165805 0.0348713 2.64905 75.7164 0.0214196 0.199267 1.78836 2.93806 8.40069e-05 0.001934 0.00100034 0.0105733 1.7716e+06 inf 
1325 1.13719e+07 5.58112e+08 82102.8 1.08307e+06 1.10843e+07 1.66437e+07 333.354 13281.2 3629.09 70213.3 8.78496e+07 1.85801e+11 4812.43 730261 7.50075e+07 1.72113e+08 0.0804257 107.062 9.71269 3010.95 6.39071 313.646 0.0461398 0.608661 6.22912 9.35339 0.000187337 0.00746372 0.00203946 0.0394582 2.92031 77.7298 0.0239914 0.199801 1.83045 3.03934 0.000100509 0.00211169 0.00113969 0.0116248 1.77944e+06 inf 
1335 1.29352e+07 5.91967e+08 95147.8 1.12966e+06 1.17389e+07 1.78316e+07 412.277 14930.5 4439.82 79666.5 1.12086e+08 2.07513e+11 6349.29 785647 8.3377e+07 1.95544e+08 0.120843 134.294 14.0388 3844.24 7.24299 331.469 0.0532776 0.632548 6.57314 9.98472 0.000230853 0.00836029 0.00248606 0.0446089 3.20957 79.5241 0.0267723 0.199504 1.86558 3.13043 0.000119885 0.00230281 0.00129634 0.012752 1.78589e+06 inf 
1345 1.47456e+07 6.29801e+08 110450 1.18014e+06 1.24572e+07 1.91407e+07 511.18 16843.8 5412.5 90641.5 1.43072e+08 2.3213e+11 8374.27 844383 9.26413e+07 2.22044e+08 0.181919 168.909 20.1696 4914.25 8.18878 349.752 0.0613368 0.655375 6.91795 10.6296 0.000283878 0.00935401 0.00300577 0.0503366 3.52094 81.1425 0.0298052 0.198498 1.89449 3.21272 0.000142968 0.00251073 0.00147184 0.0139747 1.80071e+06 inf 
1355 1.67932e+07 6.69226e+08 128051 1.23005e+06 1.3192e+07 2.05039e+07 633.209 18987.5 6552.79 102970 1.82512e+08 2.59243e+11 11033 904397 1.02603e+08 2.51354e+08 0.27359 212.274 28.7165 6267.73 9.25333 368.754 0.0705579 0.677775 7.26899 11.298 0.000348907 0.0104624 0.00361068 0.056738 3.86556 82.8711 0.03318 0.197375 1.92285 3.29483 0.00017034 0.00273953 0.00166918 0.0153105 1.81483e+06 inf 
1365 1.9095e+07 7.10424e+08 148143 1.27919e+06 1.39433e+07 2.19204e+07 783.074 21385.7 7879.5 116786 2.32011e+08 2.8889e+11 14469.7 964247 1.13173e+08 2.8333e+08 0.410232 266.334 40.4454 7968.96 10.4383 388.355 0.0809829 0.69927 7.62211 11.9828 0.000428069 0.0116906 0.00430735 0.0638413 4.22741 84.2783 0.0367651 0.195267 1.94152 3.36081 0.000202512 0.00298706 0.00188583 0.0167491 1.82932e+06 inf 
1375 2.1752e+07 7.55573e+08 171619 1.33069e+06 1.4748e+07 2.34513e+07 970.453 24141.9 9446.5 132663 2.95335e+08 3.22211e+11 18986.2 1.02602e+06 1.24666e+08 3.18965e+08 0.616407 334.771 56.6229 10136.6 11.7606 408.513 0.0927888 0.719459 7.97377 12.6793 0.000524691 0.0130527 0.0051074 0.0717266 4.62245 85.5927 0.040687 0.192646 1.95498 3.41876 0.000240769 0.00325977 0.00212804 0.0183249 1.84957e+06 inf 
1385 2.46859e+07 8.0106e+08 197926 1.37766e+06 1.55329e+07 2.49802e+07 1197.66 27168.3 11238.1 150115 3.73838e+08 3.57767e+11 24738.3 1.08347e+06 1.36415e+08 3.56636e+08 0.920213 418.937 78.2981 12817.8 13.2242 429.126 0.106028 0.738008 8.32093 13.3818 0.000641583 0.014554 0.00602023 0.0804161 5.03832 86.6376 0.0448353 0.189102 1.95937 3.46065 0.000285179 0.00355042 0.00238767 0.0199931 1.86672e+06 inf 
1395 2.80952e+07 8.51927e+08 228743 1.42837e+06 1.63912e+07 2.66585e+07 1481.4 30660.1 13346.3 170216 4.73874e+08 3.97923e+11 32230.5 1.14265e+06 1.49185e+08 3.98498e+08 1.37494 524.966 107.59 16207.6 14.8419 450.049 0.120838 0.754566 8.65899 14.0829 0.000782582 0.0161968 0.00705048 0.0899205 5.48203 87.5658 0.0492397 0.185089 1.95756 3.49096 0.000337499 0.0038713 0.00266974 0.021825 1.89297e+06 inf 
1405 3.19175e+07 9.04712e+08 263680 1.47556e+06 1.72497e+07 2.83708e+07 1828.97 34553.4 15763.4 192614 5.98748e+08 4.41337e+11 41797.7 1.19658e+06 1.62284e+08 4.42899e+08 2.04807 656.17 146.45 20415 16.6268 471.293 0.137359 0.768668 8.98593 14.7792 0.000952767 0.018 0.00821165 0.100339 5.95441 88.255 0.0539096 0.180235 1.94726 3.50628 0.000398924 0.00422148 0.00297647 0.0238106 1.91964e+06 inf 
1415 3.62947e+07 9.61862e+08 303956 1.52241e+06 1.81482e+07 3.01842e+07 2259.19 38977.6 18568.4 218012 7.55919e+08 4.89232e+11 54059.5 1.24669e+06 1.75952e+08 4.90615e+08 3.04613 819.416 197.804 25656.8 18.5918 492.71 0.1557 0.779849 9.29635 15.4617 0.00115726 0.0199661 0.00951161 0.111676 6.44674 88.5686 0.0587292 0.174498 1.92575 3.50014 0.000470228 0.00459318 0.00329449 0.0259062 1.95219e+06 inf 
1425 4.12006e+07 1.02088e+09 349431 1.56408e+06 1.90334e+07 3.20118e+07 2785.18 43891.4 21763.1 246160 9.5133e+08 5.40525e+11 69567.1 1.2883e+06 1.89597e+08 5.40137e+08 4.51588 1019.97 264.751 32098.6 20.7504 514.163 0.175989 0.787741 9.58604 16.1226 0.00140274 0.0221056 0.0109608 0.123977 6.9679 88.7066 0.0637576 0.16825 1.89667 3.4785 0.000553825 0.00500417 0.00363319 0.0282116 1.98553e+06 inf 
1435 4.67961e+07 1.08501e+09 401480 1.60483e+06 1.99584e+07 3.39401e+07 3433.33 49474.2 25436.5 278036 1.19448e+09 5.96569e+11 89122.2 1.32319e+06 2.03484e+08 5.92149e+08 6.67343 1267.5 351.322 40039.2 23.0829 535.197 0.198036 0.791607 9.84477 16.7414 0.00169354 0.0244039 0.0125469 0.137145 7.50839 88.4929 0.0688664 0.161374 1.85791 3.43666 0.000650911 0.00544651 0.00398368 0.0306776 2.02731e+06 inf 
1445 5.31096e+07 1.15202e+09 460438 1.64012e+06 2.08729e+07 3.58894e+07 4225.91 55678.3 29583.7 313339 1.49583e+09 6.56506e+11 113641 1.34738e+06 2.17037e+08 6.45176e+08 9.82221 1568.49 461.161 49673.8 25.6312 555.977 0.222211 0.791537 10.0734 17.3205 0.00203946 0.0268708 0.0142774 0.15122 8.05891 87.8928 0.073933 0.154042 1.80837 3.37148 0.000762153 0.00590958 0.00432635 0.033248 2.07207e+06 inf 
1455 6.02859e+07 1.22396e+09 527472 1.67194e+06 2.18042e+07 3.79032e+07 5197.29 62651.5 34282 352847 1.86784e+09 7.20884e+11 144135 1.36078e+06 2.3019e+08 6.98874e+08 14.3901 1933.65 598.893 61319.4 28.3641 575.863 0.248172 0.786635 10.2587 17.8332 0.00244529 0.0294771 0.0161294 0.166012 8.61876 86.908 0.0788985 0.146433 1.74972 3.28513 0.000889377 0.00639286 0.00464936 0.0359202 2.12543e+06 inf 
1465 6.83319e+07 1.29848e+09 602608 1.69613e+06 2.27021e+07 3.98964e+07 6377.97 70353.4 39497.1 396275 2.32316e+09 7.88349e+11 181644 1.35986e+06 2.42279e+08 7.51222e+08 20.9755 2371.36 768.051 75208.5 31.3025 594.828 0.276052 0.776987 10.3997 18.2764 0.00292172 0.0322286 0.0180934 0.181532 9.18589 85.5506 0.0836988 0.138689 1.68295 3.17898 0.00103555 0.00690124 0.00494657 0.0387163 2.18295e+06 inf 
1475 7.74324e+07 1.37766e+09 687257 1.71446e+06 2.35911e+07 4.19086e+07 7809.76 78867.6 45249.6 444007 2.87662e+09 8.59015e+11 227242 1.34461e+06 2.53088e+08 8.01266e+08 30.3178 2886.47 969.99 91445.2 34.4055 612.134 0.305368 0.761786 10.4822 18.6212 0.0034701 0.0350432 0.0201057 0.197285 9.7175 83.5331 0.0878659 0.130891 1.60542 3.0456 0.0011956 0.00738365 0.00517245 0.0413549 2.25058e+06 inf 
1485 8.77585e+07 1.46274e+09 782846 1.72747e+06 2.44813e+07 4.39567e+07 9552.98 88362.6 51593.6 496901 3.54625e+09 9.32948e+11 282304 1.31544e+06 2.6245e+08 8.4822e+08 43.532 3492.44 1207.7 110388 37.6379 627.341 0.335748 0.74088 10.4995 18.8522 0.00409708 0.037897 0.0221275 0.213111 10.213 81.0328 0.0913693 0.123547 1.52302 2.89498 0.00137256 0.00785205 0.00532306 0.0438983 2.33165e+06 inf 
1495 9.91851e+07 1.54809e+09 887752 1.72779e+06 2.52671e+07 4.58516e+07 11631 98514.6 58297 553036 4.34307e+09 1.00583e+12 347302 1.26758e+06 2.6902e+08 8.87462e+08 61.8702 4179.68 1475.39 131657 41.0168 640.195 0.367119 0.714508 10.4489 18.9614 0.00480985 0.0407395 0.024108 0.228701 10.6605 78.0835 0.0940539 0.116918 1.43902 2.73223 0.00156558 0.00829134 0.00537893 0.0462679 2.41816e+06 inf 
1505 1.12104e+08 1.63938e+09 1.00514e+06 1.72129e+06 2.603e+07 4.77332e+07 14127.6 109631 65417.2 614001 5.28399e+09 1.07884e+12 423196 1.20525e+06 2.73109e+08 9.1933e+08 86.9059 4950.01 1766.21 155203 44.4138 649.492 0.398218 0.681944 10.3126 18.9111 0.0055971 0.0434337 0.0259171 0.243256 10.9926 74.6695 0.0953158 0.111585 1.36037 2.5679 0.00176154 0.00863825 0.00529562 0.0481147 2.52409e+06 inf 
1515 1.26264e+08 1.7299e+09 1.13216e+06 1.70052e+06 2.66529e+07 4.93847e+07 17056.4 121253 72517 677108 6.3646e+09 1.146e+12 508980 1.12506e+06 2.73297e+08 9.38523e+08 120.194 5772.84 2058.69 179965 47.7892 654.744 0.428508 0.643626 10.0878 18.6915 0.00645561 0.0458927 0.0274468 0.256277 11.1853 71.1086 0.0949924 0.107547 1.29467 2.41837 0.00195367 0.00887724 0.00508565 0.0493614 2.6421e+06 inf 
1525 1.42025e+08 1.82379e+09 1.27125e+06 1.6706e+06 2.71959e+07 5.09057e+07 20498.3 133552 79477.2 743200 7.59e+09 1.20701e+12 604141 1.03296e+06 2.69934e+08 9.45272e+08 163.408 6626.58 2332.38 205179 50.9845 654.71 0.456356 0.599716 9.76283 18.2742 0.00735851 0.0479429 0.0285309 0.266795 11.1917 68.1949 0.0928174 0.105613 1.26045 2.32117 0.00212433 0.00896125 0.00482395 0.0497585 2.78566e+06 inf 
1535 1.58738e+08 1.91181e+09 1.41581e+06 1.62377e+06 2.75164e+07 5.20212e+07 24386.8 145718 85580 807633 8.89722e+09 1.25251e+12 702812 926755 2.61475e+08 9.33284e+08 216.488 7432.99 2550.13 228347 53.8246 648.256 0.480072 0.550586 9.33026 17.6393 0.00826907 0.04941 0.0290184 0.273852 10.944 66.8248 0.088545 0.10535 1.26771 2.30484 0.00224261 0.00888961 0.00475691 0.0493249 2.94916e+06 inf 
1545 1.76876e+08 1.99816e+09 1.56906e+06 1.56526e+06 2.76762e+07 5.28383e+07 28789.4 157776 90562.8 870441 1.02687e+10 1.282e+12 802817 813423 2.48662e+08 9.04293e+08 279.322 8140.65 2690.71 247866 56.1285 634.081 0.497915 0.496708 8.78255 16.7673 0.00913582 0.0500675 0.0287385 0.276219 10.4013 69.0119 0.0827078 0.106804 1.3324 2.41239 0.00227482 0.00874863 0.00528671 0.0485673 3.15127e+06 inf 
1555 1.95132e+08 2.07046e+09 1.71892e+06 1.48944e+06 2.75248e+07 5.30505e+07 33444.4 168356 93419.4 924071 1.15468e+10 1.28456e+12 891876 694908 2.30674e+08 8.54125e+08 346.141 8623.21 2723.8 259988 57.576 610.914 0.50719 0.439476 8.12152 15.6532 0.00986818 0.0496756 0.0275646 0.272659 9.59414 76.2105 0.0769243 0.109095 1.45056 2.64523 0.00217995 0.00875896 0.0066246 0.0486829 3.38911e+06 inf 
1565 2.12709e+08 2.12405e+09 1.85845e+06 1.39823e+06 2.70381e+07 5.25914e+07 38100.3 176609 93654.7 963948 1.25851e+10 1.25595e+12 959902 577135 2.08289e+08 7.8466e+08 409.246 8807.29 2650.95 262705 57.8322 577.493 0.505284 0.380156 7.35121 14.2988 0.0103589 0.0480172 0.0254632 0.262082 8.78241 89.3011 0.0752998 0.111333 1.60939 2.98026 0.00199026 0.00942916 0.00850741 0.0523275 3.67804e+06 inf 
1575 2.27687e+08 2.1452e+09 1.97167e+06 1.28944e+06 2.61006e+07 5.12152e+07 42269.1 181012 90623.4 982103 1.31914e+10 1.19045e+12 994331 464083 1.82119e+08 6.97466e+08 459.393 8640.21 2473.41 254782 56.6178 533.436 0.490285 0.320639 6.49031 12.7354 0.0105108 0.0450115 0.0225349 0.244214 8.64046 107.102 0.0829212 0.112211 1.77832 3.35322 0.00193842 0.0110674 0.0103553 0.0609478 4.02148e+06 inf 
1585 2.38478e+08 2.12876e+09 2.04736e+06 1.16792e+06 2.47345e+07 4.89405e+07 45565.2 181106 84564.4 976391 1.32328e+10 1.09119e+12 988183 361369 1.54065e+08 5.99319e+08 491.104 8168.2 2217.49 237910 53.7393 479.7 0.461358 0.263183 5.57373 11.0284 0.0102678 0.0408109 0.019056 0.220023 9.69592 125.614 0.0991396 0.110302 1.91077 3.66429 0.00228898 0.0132329 0.0116861 0.0721204 4.43769e+06 inf 
1595 2.42289e+08 2.05915e+09 2.06415e+06 1.03295e+06 2.28512e+07 4.55702e+07 47383.6 175703 75505 940986 1.26051e+10 9.60252e+11 935605 271334 1.2538e+08 4.94965e+08 498.876 7415.22 1900.67 213176 49.2522 418.582 0.419597 0.209976 4.64517 9.26347 0.00963209 0.0357166 0.0153486 0.191283 11.6862 141.379 0.118857 0.105197 1.97723 3.84762 0.00293835 0.015221 0.0122796 0.082129 4.91935e+06 inf 
1605 2.38185e+08 1.9384e+09 2.01704e+06 892144 2.05683e+07 4.13203e+07 47516.6 165283 64382.8 879065 1.13853e+10 8.10853e+11 843486 196747 9.82429e+07 3.93248e+08 482.873 6478.72 1564.48 183705 43.4182 353.346 0.367682 0.162627 3.74936 7.53219 0.00866169 0.0301291 0.0117362 0.160243 13.7932 151.51 0.136261 0.0970418 1.96235 3.86658 0.00360513 0.0165296 0.0121428 0.088371 5.48583e+06 inf 
1615 2.25332e+08 1.76698e+09 1.90091e+06 749970 1.79661e+07 3.63405e+07 45820 150383 52145.8 794084 9.7145e+09 6.54933e+11 721780 137642 7.39956e+07 3.00056e+08 445.387 5452.14 1241.81 152379 36.7819 288.432 0.310294 0.122421 2.93268 5.93201 0.00747939 0.0245477 0.00851198 0.129622 15.2589 153.996 0.146755 0.0864928 1.86495 3.71358 0.00409403 0.0169524 0.0114128 0.0898429 6.12616e+06 inf 
1625 2.04579e+08 1.55513e+09 1.72338e+06 612287 1.51912e+07 3.09247e+07 42408.3 132045 39858.2 692105 7.82871e+09 5.0552e+11 586295 92838.7 5.35328e+07 2.1975e+08 391.461 4413.42 950.666 121508 29.9301 227.516 0.252131 0.089578 2.22248 4.52431 0.00620437 0.0193182 0.00583129 0.101255 15.7967 148.978 0.149014 0.0745529 1.70073 3.41762 0.00433322 0.0165073 0.0102508 0.0867409 6.83524e+06 inf 
1635 1.78083e+08 1.32073e+09 1.50202e+06 485607 1.24371e+07 2.54693e+07 37711.1 112075 28679.5 582987 5.9635e+09 3.73674e+11 452735 60585.9 3.73329e+07 1.55018e+08 329.379 3457.37 708.92 93710.9 23.4529 173.936 0.19781 0.0639526 1.63792 3.35422 0.00496641 0.0147599 0.00377699 0.0767773 15.3407 137.687 0.14316 0.0623619 1.49459 3.02729 0.00432582 0.01541 0.00889363 0.0802909 7.59322e+06 inf 
1645 1.48793e+08 1.08295e+09 1.25971e+06 374237 9.8653e+06 2.03153e+07 32268.5 92045 19269.1 475085 4.31203e+09 2.65194e+11 333616 38293.5 2.51441e+07 1.05549e+08 266.217 2624.11 514.253 69982 17.7447 129.15 0.15023 0.0446306 1.17651 2.42276 0.00384826 0.0109771 0.00229799 0.0566575 14.1198 122.256 0.131214 0.0507434 1.27061 2.59186 0.00411574 0.0138726 0.00748651 0.0716646 8.38522e+06 inf 
1655 1.19391e+08 8.5769e+08 1.01715e+06 280319 7.58697e+06 1.57054e+07 26628.2 73299 11958.4 375335 2.97233e+09 1.81325e+11 235551 23491.4 1.64031e+07 6.95772e+07 207.613 1934.91 362.592 50745.1 13.0019 93.4042 0.11077 0.0305273 0.826237 1.71036 0.00289987 0.00798242 0.00130229 0.0408748 12.4356 104.987 0.115681 0.040328 1.05055 2.1568 0.00376833 0.0121242 0.00614744 0.0620926 9.18256e+06 inf 
1665 9.22959e+07 6.57664e+08 792862 204378 5.66891e+06 1.1793e+07 21263.7 56758.1 6641.81 288275 1.96137e+09 1.19762e+11 159904 14003.1 1.03833e+07 4.44876e+07 156.704 1388.25 247.907 35784.4 9.21234 65.6435 0.079138 0.0203996 0.565832 1.1771 0.00212239 0.0056652 0.00066294 0.0287737 10.5311 87.4344 0.098477 0.0313297 0.846301 1.74782 0.00333714 0.0103185 0.00493 0.0523816 1.00187e+07 inf 
1675 6.90266e+07 4.89815e+08 598750 145393 4.12729e+06 8.62631e+06 16487 42853.2 3012.67 215834 1.2442e+09 7.66119e+10 104726 8126.48 6.39064e+06 2.76474e+07 114.555 969.113 164.691 24537.6 6.3168 44.8242 0.0547931 0.0133053 0.377699 0.789416 0.00150876 0.00392161 0.000275697 0.0197515 8.5999 70.723 0.0811262 0.0238043 0.664957 1.38091 0.00286477 0.00856195 0.00387237 0.0430741 1.09275e+07 inf 
1685 5.00583e+07 3.54893e+08 438816 101007 2.93179e+06 6.15513e+06 12439.6 31597.8 703.14 157782 7.60897e+08 4.75214e+10 66304.6 4589.54 3.8237e+06 1.6699e+07 81.0858 656.631 105.341 16323.9 4.20668 29.8237 0.0368762 0.00848821 0.246375 0.517251 0.00104537 0.00265535 5.90889e-05 0.0132593 6.80047 55.714 0.0649007 0.0177098 0.510516 1.06572 0.00239193 0.00693755 0.00297471 0.034583 1.18997e+07 inf 
1695 3.52812e+07 2.50342e+08 312472 68511.3 2.0322e+06 4.28492e+06 9134.66 22737.9 -669.431 112542 4.4736e+08 2.84545e+10 40430.6 2508.58 2.21227e+06 9.75111e+06 55.2296 429.107 64.6508 10468.7 2.7183 19.288 0.0240749 0.00527857 0.156574 0.330138 0.000703795 0.00175188 -5.15774e-05 0.00867098 5.20369 42.6649 0.0503531 0.0128614 0.382011 0.801436 0.00193905 0.00547651 0.00223125 0.0270442 1.29791e+07 inf 
1705 2.42332e+07 1.72294e+08 216631 45467.1 1.37772e+06 2.91698e+06 6543.66 16009.6 -1359.58 78525.8 2.53131e+08 1.64892e+10 23785.2 1333.42 1.24274e+06 5.52659e+06 36.2433 271.361 38.7532 6494.74 1.71017 12.159 0.0152879 0.00320867 0.0972276 0.205855 0.000461794 0.00112982 -9.59474e-05 0.00554167 3.86511 31.872 0.0380109 0.00915452 0.279729 0.589612 0.00153117 0.00422775 0.00165096 0.0206793 1.41701e+07 inf 
1715 1.62646e+07 1.15716e+08 146321 29508.6 913044 1.94087e+06 4562.47 10995 -1621.47 53435.6 1.3716e+08 9.19209e+09 13428.7 684.908 673203 3.01968e+06 22.7115 164.439 22.6335 3860.56 1.04144 7.40944 0.00936906 0.00188947 0.0584632 0.124276 0.00029214 0.000704019 -0.000103824 0.00342154 2.77452 23.1015 0.0277862 0.00634707 0.199218 0.421792 0.00117 0.00316758 0.00119936 0.0153456 1.56174e+07 inf 
1725 1.06297e+07 7.54573e+07 95770.5 18634.3 588721 1.25626e+06 3079.87 7331.78 -1592.24 35301.8 7.0693e+07 4.90656e+09 7235.54 338.383 350490 1.5853e+06 13.5603 95.4172 12.8946 2197.08 0.615035 4.36595 0.00554127 0.00107818 0.0340633 0.0726871 0.000178201 0.000424216 -9.21269e-05 0.00204256 1.92666 16.2736 0.0196962 0.00429143 0.138271 0.29401 0.000867664 0.00231103 0.000858832 0.0110883 1.72831e+07 inf 
1735 6.79732e+06 4.78891e+07 60891.1 11475.2 370232 792954 2016.01 4754.15 -1403.09 22675.4 3.47339e+07 2.51154e+09 3728.16 160.997 175537 800386 7.69482 52.7846 7.13808 1191.98 0.354112 2.49483 0.00317218 0.000597811 0.0192876 0.0413096 0.000105026 0.000247671 -7.30949e-05 0.0011813 1.29773 11.1632 0.0135705 0.00283371 0.0936629 0.199976 0.00062437 0.00163967 0.00060541 0.00779114 1.91954e+07 inf 
1745 4.25502e+06 2.94027e+07 37384.6 6847.15 225693 485106 1270.28 2975.79 -1141.99 14058.6 1.61167e+07 1.21888e+09 1817.88 72.7009 83443.2 383507 4.10073 27.4294 3.68403 607.487 0.195359 1.34995 0.00171642 0.00031437 0.0103621 0.0222724 5.83219e-05 0.000136626 -5.24318e-05 0.000645464 0.837732 7.35796 0.00897314 0.00179974 0.0610222 0.130812 0.000429969 0.00111386 0.000407914 0.00524163 2.17806e+07 inf 
1755 2.61796e+06 1.74006e+07 22078.3 3943.23 132904 286646 767.448 1791.09 -870.024 8379.89 7.00944e+06 5.54447e+08 830.233 30.752 37123.2 171965 2.01666 13.1195 1.72993 284.924 0.10443 0.694109 0.0008807 0.000157295 0.00530152 0.0114343 3.06134e-05 7.14463e-05 -3.47051e-05 0.000334272 0.518362 4.65134 0.00568702 0.00109633 0.0381147 0.0820299 0.00028197 0.000719882 0.000260388 0.00335468 2.50691e+07 inf 
1765 1.58469e+06 9.85427e+06 12449.2 2175.21 75062 162428 440.394 1026.8 -624.148 4756.61 2.79216e+06 2.30618e+08 346.33 11.8986 15076.9 70373.8 0.880655 5.56435 0.775952 118.443 0.0546581 0.339887 0.000429389 7.50259e-05 0.00258899 0.00560235 1.51898e-05 3.54156e-05 -2.15277e-05 0.000164062 0.30548 2.79979 0.00342943 0.000636216 0.0226565 0.0489479 0.000173621 0.000436655 0.000162173 0.00201453 2.89928e+07 inf 
1775 952130 5.27528e+06 6618.78 1134.9 40168 87195.8 236.213 551.813 -421.767 2530.38 968652 8.32262e+07 125.115 3.99593 5300.92 24925.6 0.320204 1.96509 0.354797 40.9667 0.0274212 0.151927 0.00019062 3.26849e-05 0.00115683 0.00251123 6.80288e-06 1.58921e-05 -1.21468e-05 7.28744e-05 0.164758 1.54072 0.00188864 0.000337659 0.0123015 0.0266748 9.57891e-05 0.000237364 0.000100352 0.00108375 3.47224e+07 inf 
1785 573425 2.59055e+06 3218.56 543.383 19767.4 43040.5 113.385 266.25 -263.805 1208.44 261879 2.33092e+07 34.9025 1.04526 1448.44 6857.77 0.0841039 0.504182 0.16922 10.2938 0.0129804 0.058641 7.2857e-05 1.23003e-05 0.000447465 0.000974288 2.56664e-06 6.02698e-06 -5.97163e-06 2.73548e-05 0.0758917 0.724017 0.000885869 0.000153329 0.00570853 0.0124212 4.35573e-05 0.000106661 6.16027e-05 0.000481941 4.41764e+07 inf 
1795 347722 1.10611e+06 1354.13 226.375 8502.84 18565.8 45.2506 107.642 -143.802 483.606 48236.6 4.43652e+06 6.53266 0.187429 273.097 1300.9 0.0137263 0.0822574 0.0639838 1.64424 0.00586872 0.0186686 2.28544e-05 3.82067e-06 0.000143508 0.000313347 7.63722e-07 1.81674e-06 -2.42704e-06 8.16212e-06 0.0279227 0.273001 0.00033126 5.61137e-05 0.00214211 0.00467524 1.52014e-05 3.72157e-05 3.2772e-05 0.000166386 5.92501e+07 inf 
1805 218110 358515 428.777 71.5799 2805.95 6142.76 12.9685 31.7403 -57.9813 141.225 5513.23 491795 0.697471 0.0197104 30.9016 147.996 0.00118995 0.00744899 0.0134461 0.145772 0.00248138 0.00407873 4.87809e-06 8.14346e-07 3.19225e-05 6.98846e-05 1.47539e-07 3.61101e-07 -6.59638e-07 1.60668e-06 0.00752099 0.0746886 8.89446e-05 1.49525e-05 0.000592064 0.0012957 3.67641e-06 9.19863e-06 1.23506e-05 4.06919e-05 8.78986e+07 inf 
1815 139276 89646.7 103.698 17.3014 723.748 1589.21 2.84451 7.31904 -17.6701 32.2639 618.005 38420.8 0.051726 0.0015034 2.52516 12.1536 6.9186e-05 0.000471306 0.00169798 0.00905014 0.000991818 0.000638394 7.38456e-07 1.23207e-07 5.15397e-06 1.13171e-05 2.02564e-08 5.21205e-08 -1.25833e-07 2.29758e-07 0.00184858 0.0165286 1.91783e-05 3.26968e-06 0.000133999 0.000293973 7.01626e-07 1.83127e-06 3.47504e-06 8.02467e-06 1.40425e+08 inf 
1825 81035.8 16368 18.1746 3.48605 138.401 300.884 0.450608 1.27147 -3.77542 5.5252 91.4598 1548.07 0.00201558 0.000206914 0.105362 0.516721 1.6657e-06 1.2452e-05 9.34394e-05 0.000235676 0.000274545 5.5454e-05 6.15747e-08 1.18106e-08 4.68897e-07 1.01938e-06 1.52664e-09 4.30767e-09 -1.2791e-08 1.87191e-08 0.000484238 0.00228948 2.61245e-06 8.37183e-07 1.88876e-05 4.18281e-05 7.51065e-08 2.05349e-07 5.62499e-07 8.93369e-07 2.95164e+08 inf 
1835 33794.5 1582.62 1.64462 1.44681 12.203 17.3427 0.0565361 0.261117 -0.0334098 1.20822 11.9761 25.7691 3.57152e-05 0.0007495 0.00159658 0.0775457 1.34436e-08 9.19851e-08 1.19121e-06 2.06311e-06 2.48489e-05 1.16369e-06 1.20928e-09 1.06383e-09 8.97282e-09 1.2752e-08 4.15706e-11 1.91997e-10 -2.4566e-11 8.88395e-10 9.04904e-05 0.000137646 1.62048e-07 7.42362e-07 1.08345e-06 7.55107e-06 3.14376e-09 8.22187e-09 2.95955e-08 3.89384e-08 1.36e+09 inf 
1845 3271.5 190.295 0.0929391 -0.884453 0.925114 13.1795 0.0179077 0.168672 0.207634 0.847103 0.633752 0.166969 1.52457e-07 0.000715431 1.92821e-05 0.135433 5.79858e-11 1.77866e-09 1.4824e-08 1.29785e-07 3.04815e-06 1.77303e-07 8.65939e-11 -8.24069e-10 8.61954e-10 1.22797e-08 1.66851e-11 1.57156e-10 1.93458e-10 7.89269e-10 2.4108e-05 1.24715e-05 1.19181e-08 8.16447e-07 1.34033e-07 1.12333e-05 2.31837e-10 1.2777e-09 3.71141e-09 1.09682e-08 1.07327e+09 inf 
1855 10.9495 -0.000921552 3.49746e-06 3.81865e-07 4.76553e-06 7.96859e-06 6.00313e-07 2.9684e-06 8.54693e-06 1.218e-05 0.000663874 4.11954e-10 4.36425e-15 5.15857e-17 7.95095e-15 2.21252e-14 1.64889e-16 4.02905e-15 3.33632e-14 6.83518e-14 5.18169e-05 -4.3611e-09 1.65512e-11 1.80712e-12 2.25521e-11 3.77101e-11 2.84089e-12 1.40475e-11 4.0447e-11 5.76397e-11 2.13701e-05 4.39373e-08 1.42756e-10 1.55195e-11 1.9266e-10 3.21375e-10 2.77892e-11 1.37366e-10 3.95285e-10 5.6581e-10 211312 inf 
1865 0 0 0 0 0 0 0 0 0 0 0 0 0 0 0 0 0 0 0 0 0.0 0.0 0.0 0.0 0.0 0.0 0.0 0.0 0.0 0.0 0.0 0.0 0.0 0.0 0.0 0.0 0.0 0.0 0.0 0.0 0 -nan 
1875 0 0 0 0 0 0 0 0 0 0 0 0 0 0 0 0 0 0 0 0 0.0 0.0 0.0 0.0 0.0 0.0 0.0 0.0 0.0 0.0 0.0 0.0 0.0 0.0 0.0 0.0 0.0 0.0 0.0 0.0 0 -nan 
1885 0 0 0 0 0 0 0 0 0 0 0 0 0 0 0 0 0 0 0 0 0.0 0.0 0.0 0.0 0.0 0.0 0.0 0.0 0.0 0.0 0.0 0.0 0.0 0.0 0.0 0.0 0.0 0.0 0.0 0.0 0 -nan 
1895 0 0 0 0 0 0 0 0 0 0 0 0 0 0 0 0 0 0 0 0 0.0 0.0 0.0 0.0 0.0 0.0 0.0 0.0 0.0 0.0 0.0 0.0 0.0 0.0 0.0 0.0 0.0 0.0 0.0 0.0 0 -nan 
