255 0 0 0 0 0 0 0 0 0 0 0 0 0 0 0 0 0 0 0.0 0.0 0.0 0.0 0.0 0.0 0.0 0.0 0.0 0.0 0.0 0.0 0.0 0.0 0.0 0.0 0.0 0.0 0 -nan 
265 0 0 0 0 0 0 0 0 0 0 0 0 0 0 0 0 0 0 0.0 0.0 0.0 0.0 0.0 0.0 0.0 0.0 0.0 0.0 0.0 0.0 0.0 0.0 0.0 0.0 0.0 0.0 0 -nan 
275 0 0 0 0 0 0 0 0 0 0 0 0 0 0 0 0 0 0 0.0 0.0 0.0 0.0 0.0 0.0 0.0 0.0 0.0 0.0 0.0 0.0 0.0 0.0 0.0 0.0 0.0 0.0 0 -nan 
285 0 0 0 0 0 0 0 0 0 0 0 0 0 0 0 0 0 0 0.0 0.0 0.0 0.0 0.0 0.0 0.0 0.0 0.0 0.0 0.0 0.0 0.0 0.0 0.0 0.0 0.0 0.0 0 -nan 
295 -8.14426e-10 8.5626e-08 0.000308768 9.87707e-09 7.4014e-11 6.25054e-06 0.000230724 0.0104419 3.06387e-07 1.50934e-26 1.61664e-18 3.74043e-15 2.33163e-21 1.33245e-25 2.90911e-15 5.04228e-16 1.03587e-12 8.35791e-17 0.0 0.0 0.0 0.0 0.0 0.0 0.0 0.0 0.0 0.0 0.0 0.0 0.0 0.0 0.0 0.0 0.0 0.0 -1.35736e+08 -inf 
305 -1.64535e-09 6.25672e-05 0.00812645 2.03141e-06 1.72187e-08 0.00174688 0.00817207 0.380918 0.000480968 3.30721e-22 4.79288e-14 9.59041e-11 9.25407e-16 6.93771e-20 2.82418e-10 1.45748e-11 3.32655e-08 1.71857e-11 -4.93548e-18 1.8768e-13 2.43765e-11 6.09353e-15 5.16499e-17 5.24001e-12 2.45133e-11 1.14262e-09 1.44273e-12 9.96004e-16 1.19889e-11 5.35802e-10 1.66609e-12 1.44258e-14 9.20394e-10 2.0765e-10 9.92367e-09 2.27044e-10 3.33373e+08 inf 
315 6.90009e-08 0.000774862 0.0121384 2.78031e-05 2.68774e-07 0.0124627 0.0215889 1.05161 0.00405116 2.55303e-20 2.55702e-12 2.28581e-09 1.98627e-13 1.92775e-17 7.88468e-09 4.72081e-10 1.176e-06 4.85992e-10 6.59511e-16 7.40614e-12 1.16019e-10 2.65742e-13 2.56895e-15 1.19119e-10 2.06347e-10 1.00513e-08 3.8721e-11 1.56072e-14 1.56158e-10 4.67272e-09 4.35707e-11 4.29241e-13 8.6803e-09 2.11414e-09 1.05542e-07 2.1549e-09 1.04624e+08 inf 
325 4.3373e-07 0.00375479 0.0266499 0.000181938 2.04674e-06 0.0425873 0.054647 2.77142 0.0147069 5.03173e-19 3.46076e-11 1.86708e-08 1.2123e-11 1.87403e-15 6.99722e-08 4.2012e-09 1.14171e-05 4.1456e-09 6.70491e-15 5.80442e-11 4.11973e-10 2.81253e-12 3.16399e-14 6.58344e-10 8.44771e-10 4.28426e-08 2.2735e-10 8.794e-14 7.29122e-10 1.6984e-08 4.32895e-10 5.38229e-12 3.28823e-08 8.01446e-09 4.17921e-07 8.00212e-09 6.46885e+07 inf 
335 1.71611e-06 0.0124552 0.0537523 0.00069736 9.0926e-06 0.101581 0.115306 6.06414 0.0372303 5.23208e-18 2.55204e-10 8.10656e-08 2.03575e-10 4.84371e-14 3.24077e-07 1.94917e-08 5.73652e-05 1.9259e-08 3.63669e-14 2.63945e-10 1.13909e-09 1.47781e-11 1.92686e-13 2.15265e-09 2.44351e-09 1.28508e-07 7.88966e-10 3.30988e-13 2.31052e-09 4.14319e-08 2.07698e-09 3.20378e-11 8.28435e-08 2.01764e-08 1.09505e-06 2.01867e-08 4.71887e+07 inf 
345 4.99454e-06 0.0313749 0.0970692 0.00197583 2.89451e-05 0.201787 0.210158 11.4299 0.0772025 3.71121e-17 1.32173e-09 2.47406e-07 1.39921e-09 4.39294e-13 1.03376e-06 6.28328e-08 0.00019773 6.35532e-08 1.3356e-13 8.39001e-10 2.59574e-09 5.28359e-11 7.74023e-13 5.39601e-09 5.61987e-09 3.05648e-07 2.06448e-09 9.87209e-13 5.88563e-09 8.12968e-08 6.11667e-09 1.08382e-10 1.66177e-07 4.06034e-08 2.27906e-06 4.11731e-08 3.73956e+07 inf 
355 1.22712e-05 0.0674515 0.161197 0.00466435 7.50068e-05 0.356954 0.344103 19.309 0.139884 1.89244e-16 5.18622e-09 6.01441e-07 5.50952e-09 2.02843e-12 2.59654e-06 1.62984e-07 0.000543151 1.67096e-07 4.35029e-13 2.39124e-09 5.71463e-09 1.65357e-10 2.65909e-12 1.26545e-08 1.21989e-08 6.84529e-07 4.95909e-09 2.55337e-12 1.33469e-08 1.45908e-07 1.39747e-08 2.68148e-10 3.03134e-07 7.50278e-08 4.33438e-06 7.6806e-08 2.82077e+07 inf 
365 2.68449e-05 0.130082 0.24878 0.0103032 0.000186566 0.574759 0.51741 29.8995 0.22907 8.80605e-16 1.77131e-08 1.36997e-06 2.6832e-08 1.37367e-11 6.05669e-06 3.68651e-07 0.00130345 3.98643e-07 1.14167e-12 5.53218e-09 1.05802e-08 4.3818e-10 7.93436e-12 2.44437e-08 2.20047e-08 1.27158e-06 9.74202e-09 6.01227e-12 2.68833e-08 2.41145e-07 3.37777e-08 7.64289e-10 5.06937e-07 1.23264e-07 7.33601e-06 1.29841e-07 2.35136e+07 inf 
375 5.34776e-05 0.230377 0.36218 0.0196573 0.000389235 0.866189 0.735766 43.705 0.351125 3.29495e-15 5.20234e-08 2.62865e-06 7.23914e-08 4.31144e-11 1.19613e-05 7.41134e-07 0.00275701 8.3446e-07 2.57086e-12 1.10751e-08 1.74113e-08 9.44998e-10 1.8712e-11 4.16409e-08 3.5371e-08 2.10106e-06 1.68799e-08 1.23203e-11 4.87678e-08 3.55057e-07 5.8985e-08 1.43955e-09 7.57159e-07 1.85413e-07 1.13192e-05 1.99576e-07 2.08014e+07 inf 
385 0.000101042 0.388161 0.508341 0.0362362 0.000786352 1.24648 1.00706 61.3804 0.511444 1.12918e-14 1.38455e-07 4.91233e-06 2.13822e-07 1.59588e-10 2.27274e-05 1.3743e-06 0.00536548 1.62855e-06 5.6801e-12 2.18206e-08 2.85766e-08 2.03704e-09 4.42051e-11 7.00717e-08 5.66124e-08 3.45053e-06 2.87511e-08 2.45461e-11 8.54819e-08 5.24721e-07 1.09617e-07 2.99489e-09 1.12815e-06 2.72125e-07 1.70211e-05 3.01203e-07 1.77887e+07 inf 
395 0.000180195 0.62127 0.698195 0.0623118 0.00145759 1.74733 1.34126 83.7563 0.724174 3.44229e-14 3.40548e-07 8.38654e-06 4.22243e-07 3.26972e-10 3.97115e-05 2.41387e-06 0.00984574 2.99145e-06 1.10102e-11 3.79604e-08 4.26606e-08 3.80733e-09 8.90608e-11 1.06764e-07 8.19529e-08 5.11762e-06 4.4248e-08 4.45203e-11 1.39165e-07 7.14569e-07 1.60577e-07 4.46884e-09 1.55404e-06 3.75199e-07 2.39875e-05 4.25234e-07 1.63663e+07 inf 
405 0.000306736 0.952604 0.928205 0.104909 0.00268061 2.35353 1.72492 110.205 0.983699 9.93734e-14 7.8305e-07 1.46511e-05 1.14332e-06 1.08945e-09 6.95305e-05 3.99537e-06 0.0170231 5.25484e-06 1.96374e-11 6.09864e-08 5.94243e-08 6.71637e-09 1.71614e-10 1.50675e-07 1.10431e-07 7.0554e-06 6.29771e-08 7.73067e-11 2.15435e-07 9.66667e-07 2.70464e-07 8.34972e-09 2.10444e-06 4.9355e-07 3.22498e-05 5.76587e-07 1.56199e+07 inf 
415 0.000511073 1.43362 1.22288 0.169161 0.00469682 3.12902 2.19167 143.092 1.31982 2.75432e-13 1.73685e-06 2.37433e-05 2.43932e-06 2.70788e-09 0.000114019 6.38221e-06 0.02833 8.93029e-06 3.72661e-11 1.04536e-07 8.91696e-08 1.23348e-08 3.4248e-10 2.2816e-07 1.59811e-07 1.04339e-05 9.62378e-08 1.3673e-10 3.40175e-07 1.31276e-06 4.21565e-07 1.40476e-08 2.87435e-06 6.632e-07 4.42367e-05 8.01194e-07 1.37141e+07 inf 
425 0.00081938 2.08616 1.56374 0.254699 0.00760594 4.03654 2.72769 181.74 1.72673 6.9033e-13 3.58851e-06 3.5405e-05 4.42125e-06 5.62991e-09 0.000172183 9.64889e-06 0.0444245 1.41916e-05 6.6126e-11 1.68358e-07 1.26198e-07 2.05549e-08 6.13818e-10 3.25759e-07 2.20131e-07 1.46668e-05 1.39351e-07 2.2658e-10 5.11133e-07 1.68563e-06 5.96978e-07 2.13066e-08 3.71342e-06 8.54536e-07 5.80521e-05 1.06107e-06 1.23912e+07 inf 
435 0.00127968 2.96338 1.99239 0.387643 0.0125625 5.17027 3.34819 227.462 2.22883 1.70581e-12 7.22446e-06 5.54875e-05 9.24648e-06 1.40065e-08 0.000270029 1.44423e-05 0.0690261 2.26599e-05 1.15094e-10 2.66525e-07 1.79195e-07 3.48644e-08 1.12987e-09 4.65011e-07 3.01134e-07 2.04578e-05 2.0046e-07 3.74397e-10 7.60742e-07 2.22675e-06 9.11267e-07 3.54748e-08 4.90612e-06 1.0992e-06 7.60897e-05 1.41345e-06 1.11186e+07 inf 
445 0.00195063 4.12511 2.51126 0.571335 0.0198738 6.53569 4.05952 280.887 2.83848 3.9108e-12 1.38715e-05 8.2605e-05 1.66542e-05 2.82159e-08 0.000403758 2.09772e-05 0.103697 3.48703e-05 1.9073e-10 4.03348e-07 2.45548e-07 5.58645e-08 1.94324e-09 6.39053e-07 3.96936e-07 2.74648e-05 2.77544e-07 5.88231e-10 1.09254e-06 2.83138e-06 1.27487e-06 5.24894e-08 6.25065e-06 1.37607e-06 9.68766e-05 1.82553e-06 1.02272e+07 inf 
455 0.00292565 5.6616 3.13357 0.825079 0.030813 8.17581 4.87311 343.118 3.57699 8.70314e-12 2.59009e-05 0.00012049 2.8429e-05 5.36293e-08 0.000591516 2.98938e-05 0.152663 5.28878e-05 3.04602e-10 5.89454e-07 3.2625e-07 8.59026e-08 3.20807e-09 8.51219e-07 5.07361e-07 3.57235e-05 3.72416e-07 9.01854e-10 1.53271e-06 3.52679e-06 1.71828e-06 7.46545e-08 7.80133e-06 1.68966e-06 0.000120906 2.31683e-06 9.60482e+06 inf 
465 0.00433228 7.69157 3.87651 1.17303 0.0469723 10.1198 5.80447 415.498 4.461 1.87065e-11 4.69221e-05 0.00017715 5.08689e-05 1.08106e-07 0.000865938 4.16876e-05 0.219523 7.84317e-05 4.83311e-10 8.58075e-07 4.32465e-07 1.30863e-07 5.24024e-09 1.12897e-06 6.47549e-07 4.63531e-05 4.97671e-07 1.36137e-09 2.12093e-06 4.42447e-06 2.37862e-06 1.09695e-07 9.7637e-06 2.05703e-06 0.000149471 2.91585e-06 8.96376e+06 inf 
475 0.00627676 10.2423 4.76545 1.63685 0.0703728 12.4269 6.84263 497.6 5.51788 3.9521e-11 8.32323e-05 0.00024961 8.29697e-05 2.03131e-07 0.00122026 5.72706e-05 0.310705 0.000115155 7.65033e-10 1.24836e-06 5.80828e-07 1.99505e-07 8.57727e-09 1.51463e-06 8.34002e-07 6.06491e-05 6.72538e-07 2.0571e-09 2.93022e-06 5.48506e-06 3.17377e-06 1.57114e-07 1.2101e-05 2.50694e-06 0.000184909 3.68553e-06 8.20457e+06 inf 
485 0.00896689 13.4779 5.79807 2.24347 0.103187 15.0912 7.99332 590.053 6.75498 8.02158e-11 0.000143295 0.00035554 0.00013833 3.81807e-07 0.00172122 7.72278e-05 0.430861 0.000166166 1.17038e-09 1.75918e-06 7.56781e-07 2.92823e-07 1.34682e-08 1.96975e-06 1.04331e-06 7.70154e-05 8.81679e-07 3.01665e-09 3.95077e-06 6.77003e-06 4.23905e-06 2.2283e-07 1.48586e-05 2.99858e-06 0.00022429 4.57287e-06 7.6615e+06 inf 
495 0.0127185 17.6405 7.00892 3.0212 0.148766 18.2188 9.31569 697.559 8.22207 1.59008e-10 0.000241197 0.000495044 0.000221975 7.06762e-07 0.00238077 0.000102744 0.58883 0.000235133 1.76557e-09 2.44884e-06 9.72971e-07 4.194e-07 2.06516e-08 2.52912e-06 1.2932e-06 9.68345e-05 1.14138e-06 4.35386e-09 5.24271e-06 8.23255e-06 5.53521e-06 3.12547e-07 1.80028e-05 3.5483e-06 0.000269005 5.59806e-06 7.20362e+06 inf 
505 0.0178388 22.8599 8.54973 4.09711 0.216094 22.0801 10.8086 820.424 10.0061 3.11597e-10 0.000400916 0.000698566 0.000355656 1.29858e-06 0.00331936 0.000136477 0.802622 0.00033682 2.63247e-09 3.37343e-06 1.26168e-06 6.04607e-07 3.18889e-08 3.25835e-06 1.59502e-06 0.000121069 1.4766e-06 6.24919e-09 6.91252e-06 1.00745e-05 7.21931e-06 4.36593e-07 2.18911e-05 4.19473e-06 0.000322156 6.89377e-06 6.77647e+06 inf 
515 0.0246864 29.2786 10.2453 5.38553 0.303018 26.3323 12.4345 956.176 12.0295 5.86843e-10 0.000648768 0.000946156 0.000539116 2.21216e-06 0.00445487 0.000176975 1.06647 0.000464874 3.89606e-09 4.62082e-06 1.61694e-06 8.49956e-07 4.7823e-08 4.15582e-06 1.96243e-06 0.000150906 1.89853e-06 8.79986e-09 9.00211e-06 1.21124e-05 9.18488e-06 5.88932e-07 2.61879e-05 4.90709e-06 0.000381497 8.35242e-06 6.33624e+06 inf 
525 0.0337065 37.0179 12.1989 6.98956 0.419734 31.1721 14.196 1105.19 14.3468 1.08708e-09 0.00102619 0.00127776 0.000807304 3.73897e-06 0.00594409 0.000226635 1.39789 0.000636666 5.62688e-09 6.17967e-06 2.03645e-06 1.16682e-06 7.00692e-08 5.20379e-06 2.36984e-06 0.000184497 2.39503e-06 1.22398e-08 1.15378e-05 1.44623e-05 1.15502e-05 7.86933e-07 3.10679e-05 5.67606e-06 0.000446453 1.00273e-05 5.99027e+06 inf 
535 0.0458625 46.6741 14.6065 9.08539 0.582578 37.0274 16.2118 1277.18 17.1523 1.98975e-09 0.00160916 0.00174978 0.00121927 6.35609e-06 0.00801535 0.000290003 1.82974 0.000876577 7.95684e-09 8.09764e-06 2.53413e-06 1.57625e-06 1.01073e-07 6.424e-06 2.81264e-06 0.000221582 2.97582e-06 1.67898e-08 1.46153e-05 1.72381e-05 1.44586e-05 1.04524e-06 3.67334e-05 6.51174e-06 0.000518024 1.19677e-05 5.76391e+06 inf 
545 0.0618302 58.317 17.4308 11.6662 0.797014 43.8157 18.4376 1469.04 20.4183 3.55931e-09 0.00247047 0.00234237 0.0017729 1.04277e-05 0.0105753 0.00036746 2.3682 0.00119052 1.10646e-08 1.04359e-05 3.11926e-06 2.08768e-06 1.42627e-07 7.84087e-06 3.29944e-06 0.000262886 3.65389e-06 2.2683e-08 1.82534e-05 2.02346e-05 1.76891e-05 1.35857e-06 4.27901e-05 7.4075e-06 0.000595553 1.41313e-05 5.58812e+06 inf 
555 0.0826611 72.2433 20.6227 14.765 1.07609 51.3821 20.8528 1679.57 24.1219 6.29855e-09 0.00372488 0.00312045 0.00256281 1.71161e-05 0.0138362 0.000460017 3.02678 0.00159448 1.53112e-08 1.33816e-05 3.81992e-06 2.7349e-06 1.99323e-07 9.51745e-06 3.86255e-06 0.000311104 4.46807e-06 3.05326e-08 2.26029e-05 2.37362e-05 2.16154e-05 1.76937e-06 4.97221e-05 8.38386e-06 0.000681074 1.65946e-05 5.39872e+06 inf 
565 0.109976 88.964 24.4735 18.6421 1.44732 60.3367 23.5409 1915.87 28.5027 1.09559e-08 0.00553571 0.00414306 0.00364196 2.72852e-05 0.0180447 0.000573501 3.84841 0.00213305 2.11627e-08 1.71194e-05 4.70945e-06 3.58731e-06 2.78508e-07 1.16106e-05 4.53e-06 0.000368672 5.48479e-06 4.0748e-08 2.77879e-05 2.78401e-05 2.62289e-05 2.27441e-06 5.77715e-05 9.4783e-06 0.000777582 1.95034e-05 5.19668e+06 inf 
575 0.145477 108.837 28.9775 23.3507 1.93066 70.6388 26.533 2180.82 33.5833 1.87987e-08 0.00807176 0.00550405 0.0051588 4.35531e-05 0.0234616 0.000709382 4.85065 0.00283586 2.89035e-08 2.1624e-05 5.75731e-06 4.63936e-06 3.83588e-07 1.40346e-05 5.27163e-06 0.000433289 6.67239e-06 5.38474e-08 3.37063e-05 3.25639e-05 3.1677e-05 2.91652e-06 6.68164e-05 1.06373e-05 0.000880906 2.27796e-05 5.03317e+06 inf 
585 0.190626 131.556 34.065 28.8799 2.54352 82.0275 29.6923 2463.75 39.2648 3.17811e-08 0.011505 0.00717667 0.00710158 6.79369e-05 0.0299466 0.000867082 6.03731 0.0037185 3.94096e-08 2.71975e-05 7.04253e-06 5.97056e-06 5.25842e-07 1.69582e-05 6.13852e-06 0.000509351 8.11752e-06 7.08325e-08 4.04823e-05 3.78694e-05 3.78486e-05 3.71061e-06 7.68343e-05 1.18986e-05 0.000994335 2.65115e-05 4.83705e+06 inf 
595 0.248704 157.707 40.3023 35.7996 3.3605 95.6722 33.2091 2780.88 45.9963 5.33374e-08 0.0161354 0.00962555 0.0100264 0.000108128 0.0390257 0.00106097 7.51811 0.00491323 5.34345e-08 3.38837e-05 8.65903e-06 7.69162e-06 7.22012e-07 2.05554e-05 7.13505e-06 0.000597479 9.8824e-06 9.276e-08 4.81521e-05 4.46441e-05 4.57716e-05 4.76552e-06 8.92313e-05 1.33057e-05 0.00112174 3.09509e-05 4.65436e+06 inf 
605 0.323302 187.595 47.2801 43.6986 4.36476 110.717 37.0496 3129.65 53.6371 8.83395e-08 0.0221075 0.0123332 0.0133332 0.000162173 0.0489533 0.00128388 9.24955 0.00636436 7.1455e-08 4.14615e-05 1.04497e-05 9.65809e-06 9.64682e-07 2.44702e-05 8.18855e-06 0.000691702 1.18547e-05 1.20078e-07 5.62766e-05 5.11532e-05 5.34189e-05 5.90865e-06 0.000101097 1.4721e-05 0.00125134 3.55822e-05 4.52456e+06 inf 
615 0.416218 219.613 55.2225 52.9026 5.63013 127.321 41.0338 3495.42 62.0879 1.44221e-07 0.0294309 0.0160665 0.0180007 0.000248545 0.0617963 0.00153711 11.254 0.00820395 9.45233e-08 4.98743e-05 1.25411e-05 1.20142e-05 1.2786e-06 2.89147e-05 9.3188e-06 0.000793811 1.41002e-05 1.54331e-07 6.47791e-05 5.90884e-05 6.27984e-05 7.40337e-06 0.000114882 1.61938e-05 0.00138768 4.07959e-05 4.40334e+06 inf 
625 0.536137 255.094 65.0538 64.2904 7.28559 147.471 45.6056 3916.3 72.2956 2.33776e-07 0.0384345 0.0210382 0.024223 0.000378109 0.0784214 0.00184676 13.7315 0.0106072 1.25231e-07 5.9585e-05 1.51953e-05 1.5017e-05 1.70177e-06 3.44465e-05 1.06526e-05 0.000914772 1.68869e-05 1.97289e-07 7.36696e-05 6.8434e-05 7.37056e-05 9.24246e-06 0.000130886 1.78295e-05 0.00153968 4.68239e-05 4.28117e+06 inf 
635 0.684582 290.054 76.0324 77.1853 9.32147 169.302 50.2548 4349.1 83.4435 3.75416e-07 0.0482548 0.027146 0.0319157 0.000562276 0.0981642 0.0021911 16.5364 0.0135738 1.65092e-07 6.99487e-05 1.83358e-05 1.86138e-05 2.24794e-06 4.08284e-05 1.21193e-05 0.00104882 2.0123e-05 2.51553e-07 8.2123e-05 7.88051e-05 8.57335e-05 1.14256e-05 0.000148344 1.95326e-05 0.00169937 5.35583e-05 4.14667e+06 inf 
645 0.869303 323.1 88.5899 91.899 11.8158 193.647 55.2199 4814.4 96.0339 5.94959e-07 0.058576 0.0346626 0.0412735 0.000820721 0.121407 0.00258319 19.7745 0.017192 2.16212e-07 8.03609e-05 2.20339e-05 2.2857e-05 2.93881e-06 4.81635e-05 1.37342e-05 0.00119743 2.38854e-05 3.18166e-07 9.00614e-05 9.01984e-05 9.87069e-05 1.39818e-05 0.000166962 2.1304e-05 0.00186666 6.08725e-05 4.02061e+06 inf 
655 1.09925 350.788 102.957 108.721 14.8875 220.638 60.4005 5303.84 110.095 9.34326e-07 0.0682199 0.0441636 0.0530395 0.00118826 0.149548 0.0030198 23.4352 0.0216504 2.82403e-07 9.01195e-05 2.64503e-05 2.7931e-05 3.82468e-06 5.66832e-05 1.55172e-05 0.00136259 2.8284e-05 4.00353e-07 9.69771e-05 0.000103181 0.00011334 1.70482e-05 0.000187635 2.31305e-05 0.00204058 6.90081e-05 3.89248e+06 inf 
665 1.38733 367.786 120.373 128.803 18.8147 252.373 66.0136 5836.89 126.384 1.46778e-06 0.076659 0.0573484 0.0689099 0.00175705 0.186634 0.00353368 27.7919 0.0274187 3.65755e-07 9.69629e-05 3.1735e-05 3.39575e-05 4.96029e-06 6.65353e-05 1.74038e-05 0.00153883 3.33197e-05 5.03178e-07 0.000103964 0.000118795 0.000130439 2.09433e-05 0.000211606 2.50744e-05 0.00222689 7.82204e-05 3.79306e+06 inf 
675 1.74063 366.681 139.504 150.609 23.4405 286.198 71.7492 6386.12 144.148 2.2676e-06 0.0836787 0.0719576 0.0860454 0.00247357 0.226275 0.00408677 32.5519 0.0341097 4.70883e-07 9.9196e-05 3.77392e-05 4.07433e-05 6.34122e-06 7.74234e-05 1.94099e-05 0.0017276 3.89954e-05 6.25866e-07 0.000113125 0.000134321 0.000147028 2.50789e-05 0.000234986 2.69968e-05 0.00241278 8.77887e-05 3.69653e+06 inf 
685 2.17507 337.342 161.712 175.452 29.1125 323.991 77.6064 6951.63 163.832 3.48515e-06 0.0939944 0.091302 0.108011 0.00350914 0.276087 0.00469939 37.8933 0.0424188 6.0384e-07 9.36525e-05 4.48943e-05 4.87088e-05 8.08218e-06 8.99459e-05 2.1545e-05 0.0019299 4.54828e-05 7.7648e-07 0.00013162 0.000152747 0.000166173 3.01476e-05 0.000261834 2.89905e-05 0.00260679 9.8527e-05 3.60206e+06 inf 
695 2.71031 266.353 187.099 203.038 35.9711 365.614 83.6547 7539.59 185.668 5.33132e-06 0.12377 0.115636 0.134234 0.00497198 0.334915 0.00536698 43.7942 0.0523867 7.70824e-07 7.57518e-05 5.32117e-05 5.77448e-05 1.02303e-05 0.000103982 2.37917e-05 0.00214429 5.28047e-05 9.6025e-07 0.000171646 0.000173366 0.00018666 3.61855e-05 0.000290583 3.09894e-05 0.00280308 0.000110048 3.51613e+06 inf 
705 3.36199 136.842 215.44 232.92 44.0554 410.372 89.6997 8132.4 209.308 8.07059e-06 0.203201 0.144996 0.164374 0.00690772 0.402392 0.00607122 50.1107 0.0641222 9.78168e-07 3.98141e-05 6.26822e-05 6.77678e-05 1.28179e-05 0.000119397 2.6098e-05 0.00236612 6.08979e-05 1.17954e-06 0.000239866 0.000195595 0.000207923 4.29593e-05 0.000320655 3.2944e-05 0.00299686 0.000122261 3.43703e+06 inf 
715 4.16145 -73.7972 248.84 266.966 53.9353 461.136 95.8704 8741.6 235.758 1.21944e-05 0.40777 0.183007 0.201526 0.00961622 0.485578 0.00685004 57.1665 0.0785625 1.23769e-06 -2.19486e-05 7.40095e-05 7.94006e-05 1.60413e-05 0.00013715 2.85136e-05 0.00259991 7.01188e-05 1.4474e-06 0.000347558 0.000221251 0.000231588 5.10168e-05 0.000354414 3.499e-05 0.00320044 0.000135828 3.36227e+06 inf 
725 5.12801 -389.002 284.607 301.775 65.1153 513.223 101.855 9338.37 263.495 1.81888e-05 0.86715 0.22609 0.240398 0.0130157 0.573731 0.00762925 64.3476 0.0945967 1.55283e-06 -0.000117795 8.61825e-05 9.13812e-05 1.97177e-05 0.00015541 3.08429e-05 0.00282777 7.97895e-05 1.7597e-06 0.000498706 0.000247054 0.00025386 5.9603e-05 0.000386756 3.68639e-05 0.00338954 0.00014926 3.30238e+06 inf 
735 6.30575 -845.13 326.158 340.494 78.5388 571.312 107.783 9934.38 293.941 2.7085e-05 1.84842 0.280716 0.286702 0.0176376 0.680229 0.00845735 72.0673 0.11386 1.94338e-06 -0.000260462 0.000100519 0.000104938 2.4205e-05 0.000176074 3.32177e-05 0.0030617 9.05902e-05 2.13791e-06 0.000708398 0.000276424 0.000278114 6.9641e-05 0.000422657 3.87694e-05 0.00358282 0.000163964 3.24473e+06 inf 
745 7.73543 -1479.87 372.143 380.972 94.0033 632.864 113.62 10525.9 326.471 4.01335e-05 3.81315 0.346169 0.337193 0.0236675 0.799013 0.00929783 80.0159 0.135795 2.42296e-06 -0.000463539 0.000116566 0.000119331 2.94446e-05 0.000198231 3.55889e-05 0.00329702 0.00010226 2.58848e-06 0.000989707 0.000307965 0.000302289 8.09097e-05 0.000459324 4.05682e-05 0.00376735 0.000179103 3.19255e+06 inf 
755 9.45226 -2337.6 423.305 423.379 111.818 698.077 118.991 11078.2 360.622 5.90819e-05 7.49089 0.42655 0.394538 0.0315361 0.936585 0.010124 87.9662 0.1609 3.01531e-06 -0.000745704 0.000135036 0.00013506 3.56704e-05 0.000222689 3.79586e-05 0.00353398 0.00011504 3.12335e-06 0.00135409 0.000343273 0.000328052 9.37431e-05 0.000499183 4.22935e-05 0.0039462 0.000195176 3.13476e+06 inf 
765 11.4925 -3456.1 478.135 465.695 131.665 764.515 123.805 11581.3 395.611 8.62172e-05 14.0207 0.516699 0.451314 0.0411454 1.0795 0.0108971 95.5597 0.188091 3.74879e-06 -0.00112736 0.000155965 0.000151907 4.29482e-05 0.00024938 4.03843e-05 0.00377773 0.000129046 3.75101e-06 0.00181729 0.000379762 0.000352335 0.000107596 0.000538458 4.38597e-05 0.00411092 0.000211427 3.06567e+06 inf 
775 13.9903 -4921.37 542.422 512.5 155.281 839.854 128.731 12097.6 434.502 0.000125947 25.3901 0.634013 0.519634 0.0541637 1.25617 0.0117061 103.576 0.220408 4.66724e-06 -0.0016418 0.000180955 0.000170973 5.18025e-05 0.00028018 4.29454e-05 0.00403583 0.000144953 4.49816e-06 0.00240308 0.000422807 0.000379633 0.00012404 0.000583578 4.53973e-05 0.00427383 0.000229168 2.99755e+06 inf 
785 16.9135 -6747.21 607.63 555.363 180.329 911.336 132.576 12514.2 471.797 0.000181746 43.9688 0.758225 0.581156 0.0692244 1.42717 0.0123714 110.409 0.253212 5.75331e-06 -0.00229513 0.000206691 0.000188912 6.13408e-05 0.00031 4.50969e-05 0.00425683 0.000160486 5.35931e-06 0.00311268 0.000463893 0.00040249 0.000140658 0.000623992 4.66319e-05 0.00440864 0.000245717 2.9398e+06 inf 
795 20.4452 -9046.5 681.047 600.129 208.996 988.788 136.249 12916.4 511.656 0.000262284 74.1356 0.905554 0.645911 0.087916 1.61782 0.0130159 117.138 0.289705 7.10067e-06 -0.00314187 0.000236529 0.000208426 7.25849e-05 0.000343408 4.73195e-05 0.00448588 0.000177699 6.3775e-06 0.00398448 0.000508483 0.000425306 0.000158949 0.000666291 4.7763e-05 0.00453422 0.000262751 2.87934e+06 inf 
805 24.5922 -11841.4 760.794 644.368 240.833 1068.46 139.013 13233.3 551.33 0.000375801 121.342 1.08447 0.715837 0.111633 1.83496 0.0135563 122.993 0.329468 8.71334e-06 -0.00419558 0.00026956 0.000228309 8.53306e-05 0.000378569 4.92542e-05 0.00468872 0.000195344 7.56501e-06 0.00503886 0.000558193 0.000448894 0.000179644 0.000711924 4.87566e-05 0.00464693 0.000280314 2.82236e+06 inf 
815 29.5181 -15217.7 845.167 686.262 275.323 1148.43 141.266 13501.7 590.875 0.000535644 193.04 1.2856 0.781957 0.139757 2.06014 0.0139897 127.919 0.370622 1.0636e-05 -0.00548327 0.000304533 0.000247276 9.92054e-05 0.000413807 5.09013e-05 0.00486496 0.000212906 8.93754e-06 0.00628414 0.000608679 0.000469693 0.000201286 0.0007557 4.9496e-05 0.00473545 0.00029701 2.77529e+06 inf 
825 35.3056 -19227.1 935.601 726.385 312.968 1230 142.815 13702.7 630.052 0.000759579 299.587 1.5152 0.844773 0.173454 2.29855 0.0143214 131.944 0.41356 1.29387e-05 -0.00704631 0.000342877 0.000266204 0.000114696 0.000450767 5.23386e-05 0.00502172 0.0002309 1.05337e-05 0.00775508 0.000661606 0.000488596 0.000224526 0.000799484 5.00913e-05 0.00481007 0.000313442 2.72868e+06 inf 
835 42.1932 -23990.6 1032.89 764.998 354.109 1313.93 144.02 13870.3 669.484 0.00107267 454.432 1.77627 0.904648 0.21341 2.55082 0.0145598 135.129 0.457749 1.56801e-05 -0.00891554 0.000383851 0.000284294 0.000131596 0.00048829 5.35219e-05 0.00515456 0.000248798 1.23599e-05 0.00945474 0.000716077 0.00050534 0.00024898 0.000842334 5.04602e-05 0.00486292 0.000328955 2.69087e+06 inf 
845 50.1408 -29471.6 1131.97 797.701 397.048 1393.55 144.187 13936.9 705.398 0.00150433 673.536 2.06364 0.955288 0.259403 2.80499 0.0146354 136.805 0.500875 1.89452e-05 -0.0111356 0.000427704 0.000301404 0.000150021 0.00052654 5.44796e-05 0.00526594 0.000266528 1.44733e-05 0.0114231 0.000772526 0.000519714 0.000274785 0.000884644 5.06145e-05 0.00489494 0.000343822 2.64662e+06 inf 
855 59.4176 -35800.7 1238.14 828.782 443.532 1475.72 144.048 13972.6 740.84 0.00209818 978.698 2.38397 1.0005 0.312617 3.06918 0.0146403 137.802 0.543837 2.28474e-05 -0.0137662 0.000476094 0.000318686 0.000170548 0.00056745 5.53897e-05 0.00537279 0.00028487 1.68759e-05 0.0136684 0.000830678 0.000532123 0.000301863 0.000926375 5.06116e-05 0.00491131 0.000357725 2.60062e+06 inf 
865 70.2284 -43029.2 1349.39 856.497 492.865 1557.96 143.43 13960.2 774.338 0.0029101 1394.32 2.74207 1.04045 0.373997 3.34628 0.0145519 137.889 0.586233 2.7449e-05 -0.0168181 0.000527413 0.000334765 0.000192638 0.000608935 5.606e-05 0.00545639 0.000302652 1.95952e-05 0.0161903 0.000890832 0.000542766 0.000330255 0.000968041 5.04475e-05 0.00491145 0.000370854 2.5585e+06 inf 
875 82.9076 -51366.8 1474.23 885.446 548.299 1649.03 142.817 13946.7 808.76 0.00403132 1965.96 3.18053 1.08547 0.450265 3.67564 0.0144516 137.838 0.631996 3.29003e-05 -0.0203839 0.000585019 0.000351372 0.000217582 0.000654387 5.66742e-05 0.00553448 0.000320941 2.27447e-05 0.0190958 0.000959108 0.000554332 0.000362405 0.00101508 5.02284e-05 0.0049059 0.000384438 2.51996e+06 inf 
885 97.411 -60642 1597.71 906.963 604.189 1733.31 141.577 13869.9 838.224 0.00553801 2714.24 3.62428 1.11 0.530986 3.97327 0.0142212 136.499 0.670616 3.92793e-05 -0.0244528 0.000644248 0.000365717 0.000243629 0.000698925 5.70885e-05 0.00559281 0.000337999 2.62725e-05 0.0222829 0.00102292 0.000560214 0.000393391 0.0010553 4.9753e-05 0.00487457 0.000395184 2.47996e+06 inf 
895 114.161 -71080.8 1730.62 927.179 664.654 1821.91 140.146 13772.6 866.046 0.00757317 3698.44 4.14133 1.13559 0.626654 4.31053 0.0139628 134.847 0.7089 4.68319e-05 -0.0291593 0.000709949 0.000380355 0.000272659 0.000747396 5.74916e-05 0.00564989 0.000355276 3.02241e-05 0.0258252 0.0010931 0.000566728 0.000427466 0.00109986 4.92205e-05 0.00483701 0.000405696 2.43767e+06 inf 
905 133.394 -82792 1877.15 948.562 731.27 1919.69 138.917 13692.8 893.916 0.010304 4980.53 4.74432 1.16208 0.739783 4.6937 0.0137295 133.381 0.747729 5.5599e-05 -0.0345079 0.000782402 0.000395363 0.000304795 0.000800131 5.79011e-05 0.0057072 0.000372586 3.46912e-05 0.0297506 0.00116846 0.000572752 0.000464159 0.00114723 4.8682e-05 0.00479807 0.000415734 2.39922e+06 inf 
915 155.265 -95688.6 2024.29 963.439 799.105 2012.44 137.215 13564.7 915.983 0.0139269 6608.13 5.36988 1.1723 0.861027 5.05615 0.0134021 130.961 0.777906 6.59279e-05 -0.0406308 0.000859544 0.00040909 0.000339312 0.000854514 5.82634e-05 0.00575978 0.00038894 3.95862e-05 0.033986 0.0012415 0.000574823 0.000500472 0.00119026 4.79177e-05 0.00473633 0.000423126 2.35508e+06 inf 
925 180.513 -110150 2184.84 978.136 873.189 2113.13 135.61 13444.5 936.611 0.0187884 8701.94 6.09457 1.18174 1.00338 5.46556 0.0130854 128.596 0.806161 7.79241e-05 -0.0475497 0.000943153 0.000422243 0.000376939 0.0009122 5.85403e-05 0.00580375 0.000404317 4.51492e-05 0.0386716 0.00131961 0.000576062 0.000539498 0.00123583 4.71353e-05 0.00467215 0.000429572 2.31652e+06 inf 
935 209.216 -126175 2360.12 993.768 953.997 2223.55 134.261 13347.6 956.066 0.0251762 11339.4 6.92834 1.19235 1.16882 5.92855 0.0128031 126.515 0.832578 9.16538e-05 -0.0552752 0.00103393 0.000435352 0.000417929 0.000974097 5.88176e-05 0.00584734 0.000418836 5.12721e-05 0.0437294 0.0014022 0.000576901 0.000580838 0.00128387 4.63608e-05 0.00460789 0.000435103 2.28268e+06 inf 
945 241.639 -143666 2539.24 1005.08 1037.17 2332.82 132.745 13232.3 969.619 0.0335064 14597.5 7.81344 1.193 1.34804 6.39251 0.0124876 124.057 0.849849 0.000107286 -0.063787 0.00112741 0.00044625 0.000460497 0.00103576 5.8938e-05 0.00587506 0.000430505 5.80202e-05 0.0491164 0.00148259 0.000574931 0.000621662 0.0013287 4.55054e-05 0.00453481 0.000438171 2.25228e+06 inf 
955 278.811 -163261 2738.73 1018.52 1129.46 2456.18 131.669 13159.4 982.565 0.0444454 18691.4 8.84202 1.19527 1.5576 6.92614 0.0122263 122.095 0.865154 0.000125144 -0.0732799 0.00122928 0.000457162 0.000506958 0.00110246 5.90999e-05 0.00590659 0.000441025 6.54842e-05 0.0549518 0.00156768 0.000572277 0.000664922 0.001376 4.46652e-05 0.00446256 0.000440252 2.22791e+06 inf 
965 320.333 -184661 2954.67 1031.7 1229.44 2589.37 130.568 13082.6 991.631 0.0586246 23776.1 10.0474 1.19985 1.80472 7.54622 0.0119894 120.34 0.876708 0.000145745 -0.0840174 0.00134432 0.000469405 0.000559371 0.00117811 5.94062e-05 0.00595236 0.000451174 7.3698e-05 0.0613088 0.00166258 0.000570588 0.000712894 0.00143019 4.38848e-05 0.00439567 0.00044196 2.19789e+06 inf 
975 366.942 -208187 3184.19 1043.43 1335.93 2729.75 129.655 13023.5 995.685 0.0769049 30039.9 11.3788 1.19849 2.08129 8.20706 0.0117705 118.732 0.879369 0.000169179 -0.0959851 0.00146808 0.000481077 0.000615934 0.00125856 5.97776e-05 0.00600451 0.000459063 8.26768e-05 0.0680943 0.00175812 0.000566684 0.000761715 0.00148321 4.30515e-05 0.00432288 0.000441244 2.16895e+06 inf 
985 420.614 -234915 3451.1 1062.17 1458.75 2898.36 129.609 13050.4 1001.62 0.100574 37826.9 12.9682 1.20856 2.4104 9.01013 0.0116647 118.231 0.883795 0.000195711 -0.109306 0.00160579 0.000494226 0.000678754 0.0013486 6.0307e-05 0.00607231 0.000466054 9.21644e-05 0.0751869 0.00185891 0.000563989 0.000812927 0.00154067 4.23161e-05 0.00425905 0.00044048 2.14916e+06 inf 
995 479.447 -263676 3734.21 1078.03 1589.49 3074.65 129.29 13049.2 1000.12 0.13078 47410 14.8279 1.21623 2.79897 9.92835 0.0115538 117.664 0.879785 0.000226204 -0.124403 0.0017618 0.000508614 0.000749925 0.00145062 6.09992e-05 0.00615663 0.000471856 0.000102635 0.0830185 0.00197278 0.000561363 0.000870729 0.00160621 4.15955e-05 0.00419641 0.000438674 2.11954e+06 inf 
1005 545.105 -295462 4048.56 1096.54 1734.35 3272.3 129.386 13089.2 995.246 0.169135 59174.5 16.984 1.22689 3.25052 10.9856 0.0115075 117.736 0.871137 0.000260589 -0.141247 0.00193542 0.000524205 0.000829111 0.00156433 6.18532e-05 0.00625733 0.00047578 0.000113793 0.0913124 0.00209126 0.000558325 0.000930856 0.00167469 4.09312e-05 0.0041388 0.000435985 2.09182e+06 inf 
1015 617.391 -329981 4390.12 1116.13 1891.52 3487.66 129.689 13149.6 985.446 0.217125 73384 19.5052 1.24262 3.78001 12.216 0.0115069 118.261 0.857559 0.00029906 -0.159841 0.00212655 0.000540645 0.000916239 0.0016894 6.28203e-05 0.00636959 0.000477344 0.000125447 0.0999883 0.00221945 0.000556434 0.000995751 0.00175022 4.03421e-05 0.00408817 0.000433058 2.06444e+06 inf 
1025 697.782 -368086 4769.88 1137.67 2066.13 3728.19 130.3 13241.3 970.733 0.27768 90839.9 22.4991 1.26168 4.41083 13.6652 0.0115574 119.309 0.838048 0.000342231 -0.180529 0.00233941 0.000557975 0.00101334 0.00182851 6.39064e-05 0.00649423 0.0004761 0.000138086 0.109371 0.00235838 0.000554491 0.00106604 0.00183268 3.98037e-05 0.00404234 0.000429363 2.03892e+06 inf 
1035 786.779 -410048 5192.22 1161.61 2260.13 3996.99 131.238 13366 950.828 0.353546 112188 26.0624 1.28576 5.16302 15.3795 0.0116677 120.977 0.813359 0.000390508 -0.203522 0.0025771 0.000576553 0.00112179 0.00198386 6.51382e-05 0.00663407 0.000471932 0.000151597 0.119422 0.00250885 0.000552953 0.00114201 0.00192295 3.93466e-05 0.00400434 0.000425419 2.01476e+06 inf 
1045 885.356 -456408 5668.26 1190.62 2478.24 4303.04 132.748 13549 928.097 0.447485 138057 30.3357 1.31905 6.06643 17.432 0.0118638 123.535 0.786477 0.000443935 -0.228852 0.00284218 0.000596998 0.00124264 0.00215763 6.65623e-05 0.00679375 0.000465366 0.000165226 0.129811 0.00267075 0.000552261 0.0012238 0.00202123 3.89642e-05 0.00397335 0.000421651 1.99434e+06 inf 
1055 992.772 -506872 6189.68 1219.89 2717.19 4637.75 134.366 13743.9 897.207 0.563664 169460 35.3857 1.35422 7.13586 19.8302 0.0120951 126.479 0.751788 0.000503571 -0.257104 0.00313964 0.000618776 0.00137826 0.00235244 6.81558e-05 0.00697141 0.000455097 0.000179798 0.140903 0.00284458 0.000551386 0.00131148 0.00212713 3.85989e-05 0.00394388 0.000417399 1.97146e+06 inf 
1065 1110.44 -561882 6765.46 1251.45 2980.75 5008.48 136.279 13969.4 860.088 0.705545 207171 41.4016 1.39542 8.41242 22.6717 0.0123822 130.025 0.71303 0.000568405 -0.287613 0.00346306 0.000640582 0.00152577 0.00256371 6.97578e-05 0.00715056 0.000440257 0.000195104 0.152723 0.00303309 0.000551301 0.00140646 0.00224332 3.83662e-05 0.00392757 0.000413709 1.95361e+06 inf 
1075 1236.6 -621329 7403.28 1285.29 3272.96 5420.44 138.386 14215.6 816.408 0.877444 252545 48.652 1.44389 9.9543 26.0787 0.0127294 134.23 0.670888 0.000640026 -0.321581 0.00383171 0.000665228 0.00169398 0.00280545 7.16242e-05 0.00735755 0.000422548 0.000210961 0.165212 0.00324018 0.000552076 0.00151078 0.00237212 3.81882e-05 0.0039166 0.000410712 1.93211e+06 inf 
1085 1376.06 -686901 8116.48 1322.38 3599.35 5882.26 140.895 14504.3 766.935 1.0874 307288 57.3883 1.49892 11.8155 30.156 0.0131392 139.129 0.626461 0.000718194 -0.358507 0.00423615 0.000690174 0.00187857 0.00307006 7.35358e-05 0.00757007 0.000400278 0.000227446 0.178473 0.00346513 0.000553152 0.00162411 0.00251271 3.80801e-05 0.00391254 0.000408337 1.91601e+06 inf 
1095 1524.36 -757418 8901.05 1360.94 3958.46 6390.9 143.577 14812.1 709.988 1.33758 372459 67.8266 1.55924 14.0417 34.9979 0.0136024 144.635 0.579764 0.000803351 -0.399166 0.00469093 0.000717228 0.00208614 0.00336806 7.56664e-05 0.00780611 0.00037417 0.000244013 0.192239 0.0037068 0.000554359 0.00174589 0.00266466 3.79895e-05 0.00391007 0.000406863 1.8975e+06 inf 
1105 1687.57 -835699 9796.91 1405.74 4368.49 6974.62 146.82 15179.4 649.015 1.6401 451265 80.634 1.6323 16.7768 40.9208 0.014161 151.205 0.535549 0.000895743 -0.443579 0.00520008 0.000746151 0.00231874 0.00370204 7.79301e-05 0.00805703 0.000344489 0.000261134 0.206793 0.00396972 0.000556475 0.0018784 0.0028311 3.79917e-05 0.00391687 0.000406928 1.88399e+06 inf 
1115 1861.38 -919760 10777.8 1451.39 4817.7 7613.55 150.208 15563.6 580.824 1.99731 544395 95.9593 1.71021 20.0575 47.9579 0.0147684 158.355 0.492005 0.000995469 -0.491889 0.005764 0.000776205 0.00257652 0.00407174 8.03317e-05 0.00832343 0.000310626 0.000277862 0.221784 0.00425388 0.000558687 0.00202197 0.00301146 3.80129e-05 0.00392542 0.000408212 1.86985e+06 inf 
1125 2040.62 -1.00765e+06 11831.9 1495.06 5300.95 8299.07 153.381 15927.4 504.888 2.41011 652823 114.107 1.79014 23.9482 56.2315 0.0153921 165.747 0.449847 0.00110235 -0.544341 0.00639164 0.000807638 0.00286361 0.00448321 8.28574e-05 0.0086041 0.000272743 0.000294571 0.237386 0.00455939 0.00056104 0.0021764 0.00320584 3.8073e-05 0.00393786 0.000410635 1.85114e+06 inf 
1135 2241.95 -1.10774e+06 13062.3 1548.94 5864.6 9103.4 157.576 16399.8 426.51 2.90474 783990 136.559 1.88705 28.766 66.4419 0.0161538 174.7 0.416199 0.00121616 -0.600903 0.00708571 0.000840233 0.00318129 0.00493819 8.54782e-05 0.00889617 0.000231363 0.000310884 0.253369 0.00488571 0.000563602 0.00234173 0.0034141 3.81601e-05 0.00395286 0.000415019 1.84347e+06 inf 
1145 2444.51 -1.21017e+06 14363 1597.6 6461.67 9951.55 161.226 16818.2 340.875 3.46292 934262 163.061 1.98208 34.4674 78.408 0.0168962 183.534 0.387071 0.00133642 -0.661602 0.00785232 0.000873416 0.00353262 0.00544055 8.81427e-05 0.00919456 0.000186357 0.000327362 0.270273 0.00524281 0.00056635 0.00252271 0.0036423 3.83153e-05 0.0039748 0.000420576 1.82914e+06 inf 
1155 2662.56 -1.32289e+06 15838.2 1652.26 7139.23 10915.6 165.446 17298.9 252.884 4.1119 1.11236e+06 195.44 2.08951 41.445 92.9761 0.0177371 193.536 0.367716 0.00146416 -0.727466 0.0087095 0.000908587 0.00392591 0.00600256 9.098e-05 0.00951275 0.000139062 0.000342626 0.287205 0.00562303 0.000568772 0.00271627 0.00388553 3.84238e-05 0.00399181 0.000427634 1.81849e+06 inf 
1165 2885.72 -1.44035e+06 17423.3 1704.78 7867.56 11950.4 169.463 17761.3 160.533 4.83743 1.3152e+06 233.55 2.19752 49.6667 110.025 0.0185785 203.648 0.35768 0.00159644 -0.796835 0.00963894 0.000943123 0.00435251 0.00661123 9.37507e-05 0.00982597 8.88107e-05 0.000357129 0.304385 0.00602462 0.000571172 0.00292103 0.00414247 3.85854e-05 0.00401412 0.000435877 1.80759e+06 inf 
1175 3111.95 -1.56395e+06 19169.7 1758.06 8671.69 13090.1 173.431 18221.9 68.6237 5.64565 1.54945e+06 279.627 2.31125 59.6217 130.532 0.0194561 214.276 0.356831 0.00173488 -0.871885 0.0106869 0.000980103 0.00483439 0.00729762 9.66862e-05 0.0101585 3.82571e-05 0.000370908 0.321899 0.0064559 0.000572627 0.00314122 0.00441762 3.87093e-05 0.00403251 0.000444372 1.79375e+06 inf 
1185 3357.7 -1.70115e+06 21164 1819.31 9590.05 14393.8 178.159 18765.9 -23.9609 6.56518 1.82379e+06 335.946 2.44111 71.8111 155.518 0.0204451 226.258 0.369951 0.00187694 -0.950937 0.0118306 0.00101698 0.00536079 0.00804605 9.95901e-05 0.0104901 -1.3394e-05 0.000383428 0.33942 0.0069159 0.000574728 0.00337698 0.00471117 3.88651e-05 0.00405408 0.000454556 1.78892e+06 inf 
1195 3595.3 -1.83784e+06 23234.3 1871.86 10543.9 15743.5 182.08 19228.8 -116.383 7.54201 2.12499e+06 400.778 2.55935 85.852 184.101 0.0213399 237.336 0.392066 0.00202037 -1.03277 0.0130565 0.00105189 0.0059251 0.008847 0.000102319 0.0108056 -6.54014e-05 0.000395382 0.357105 0.00739898 0.000575981 0.00362457 0.00501852 3.9021e-05 0.00407553 0.000464805 1.77952e+06 inf 
1205 3835.3 -1.98268e+06 25547.8 1927.44 11611.9 17252.2 186.101 19706.2 -202.889 8.59854 2.46871e+06 479.808 2.68827 103.007 218.825 0.0222737 248.995 0.425165 0.0021657 -1.11957 0.0144263 0.00108838 0.00655697 0.00974194 0.000105087 0.0111277 -0.000114567 0.000406359 0.374939 0.00792585 0.000577432 0.0038951 0.0053535 3.91677e-05 0.00409597 0.000476398 1.77092e+06 inf 
1215 4087.75 -2.13992e+06 28148 1987.16 12812.3 18946.2 190.514 20229.8 -286.241 9.75829 2.86342e+06 575.512 2.82555 123.803 260.641 0.0232652 261.47 0.466315 0.00231179 -1.21021 0.0159189 0.00112382 0.00724591 0.0107149 0.000107744 0.0114408 -0.000161881 0.000417527 0.393404 0.00848918 0.000578782 0.00418479 0.00570918 3.93537e-05 0.00412076 0.000487355 1.76822e+06 inf 
1225 4323.8 -2.29452e+06 30846.7 2038.38 14058.2 20699.6 194.106 20670.1 -361.671 10.9326 3.28603e+06 685.23 2.94976 147.647 308.289 0.024134 272.717 0.512449 0.00245419 -1.30237 0.0175086 0.00115698 0.00797942 0.0117491 0.000110175 0.0117324 -0.000205285 0.00042694 0.41108 0.00907663 0.000579376 0.00448704 0.00607812 3.94972e-05 0.00414082 0.000498723 1.7618e+06 inf 
1235 4563.2 -2.46021e+06 33878.4 2094.18 15458.4 22668.1 198.02 21148.9 -426.775 12.1706 3.76199e+06 817.183 3.08107 176.322 365.333 0.0250327 284.474 0.560849 0.00259448 -1.39879 0.0192621 0.00119068 0.00878912 0.0128884 0.000112588 0.0120245 -0.00024265 0.000434133 0.426986 0.00967437 0.000577983 0.00479607 0.0064503 3.94565e-05 0.00414164 0.000509903 1.75881e+06 inf 
1245 4788.83 -2.6262e+06 37097.6 2143.5 16944.9 24750.8 201.304 21565.6 -481.322 13.4108 4.27564e+06 971.31 3.20348 209.83 431.5 0.0258324 295.289 0.60907 0.002729 -1.49658 0.0211407 0.00122151 0.00965635 0.0141047 0.000114717 0.0122895 -0.000274289 0.000441495 0.443598 0.0103242 0.000577476 0.00513127 0.00685241 3.95106e-05 0.00415243 0.000521396 1.7548e+06 inf 
1255 5001.75 -2.79532e+06 40601.1 2191.54 18563.1 27012.1 204.28 21953.5 -518.459 14.6286 4.82945e+06 1153.46 3.32305 249.447 509.218 0.0265468 305.297 0.651546 0.00285427 -1.59516 0.0231692 0.00125062 0.0105931 0.0154146 0.000116573 0.0125278 -0.000295861 0.000448325 0.459788 0.0110188 0.000576434 0.00548941 0.00727857 3.94936e-05 0.004156 0.000533174 1.75237e+06 inf 
1265 5200.57 -2.96702e+06 44378.6 2236.97 20304.6 29441.4 206.958 22313.6 -539.348 15.8029 5.42023e+06 1365.15 3.43413 295.364 598.851 0.0271703 314.422 0.682688 0.00296919 -1.69398 0.0253374 0.00127717 0.0115926 0.0168092 0.00011816 0.0127396 -0.000307934 0.00045426 0.474393 0.0117231 0.000574032 0.0058519 0.00770436 3.93805e-05 0.0041493 0.000543092 1.75151e+06 inf 
1275 5388.63 -3.14264e+06 48468 2280.23 22186.1 32061.7 209.395 22652.6 -544.822 16.9203 6.048e+06 1611.19 3.53619 348.643 702.243 0.0276951 322.572 0.701974 0.00307103 -1.79102 0.0276224 0.00129953 0.0126441 0.0182723 0.000119336 0.0129099 -0.000310499 0.000460251 0.488944 0.0124594 0.000571438 0.00623076 0.00814485 3.92765e-05 0.00414376 0.000551046 1.75467e+06 inf 
1285 5543.73 -3.31218e+06 52795.2 2316.04 24172.8 34819 210.986 22904.3 -529.504 17.8913 6.69283e+06 1895.54 3.62252 410.007 820.602 0.0280391 328.766 0.706598 0.00315856 -1.88712 0.0300802 0.00131957 0.0137725 0.0198382 0.00012021 0.0130498 -0.000301686 0.000465946 0.502019 0.0132352 0.000568048 0.00662717 0.00860148 3.90498e-05 0.00412536 0.000558186 1.75515e+06 inf 
1295 5670.73 -3.4769e+06 57374.9 2345.35 26267.6 37719 211.88 23084.2 -496.927 18.6937 7.34519e+06 2220.24 3.68963 479.772 954.333 0.0281883 332.805 0.698216 0.00322765 -1.97897 0.0326565 0.00133492 0.0149509 0.0214688 0.000120597 0.013139 -0.000282839 0.000471488 0.514173 0.014045 0.000563949 0.00703881 0.00907063 3.87347e-05 0.00409786 0.000563392 1.75692e+06 inf 
1305 5779.67 -3.64339e+06 62341.6 2372.95 28526.5 40846.8 212.535 23241.6 -449.242 19.3429 8.01204e+06 2593.2 3.74238 559.284 1106.3 0.0281992 335.319 0.678156 0.00327727 -2.06593 0.0353499 0.00134554 0.0161755 0.0231615 0.000120515 0.0131788 -0.000254736 0.000477077 0.524457 0.0148602 0.000558186 0.0074489 0.00953174 3.82901e-05 0.00405672 0.000565374 1.76356e+06 inf 
1315 5857.14 -3.80473e+06 67634.7 2395.49 30921.3 44155.5 212.606 23338.4 -385.585 19.7769 8.67536e+06 3018.85 3.77915 649.4 1277.61 0.0280438 335.928 0.650996 0.00330613 -2.14762 0.0381771 0.00135216 0.0174539 0.024924 0.000120008 0.0131736 -0.000217648 0.000482511 0.533504 0.0157011 0.000552135 0.00786912 0.00999768 3.7786e-05 0.00400933 0.000565766 1.7716e+06 inf 
1325 5891.35 -3.95133e+06 73095.6 2406.52 33370.1 47534.3 211.557 23315.6 -307.233 19.9282 9.29496e+06 3490.89 3.7828 748.211 1464.66 0.0276071 333.227 0.620314 0.0033108 -2.22055 0.041078 0.0013524 0.0187532 0.0267132 0.00011889 0.0131028 -0.000172658 0.000487654 0.541007 0.0165649 0.000544836 0.00829426 0.0104648 3.71436e-05 0.00394738 0.000564616 1.77944e+06 inf 
1335 5879.33 -4.08204e+06 78752.6 2408.66 35887.4 50996.5 209.546 23187.6 -210.734 19.7875 9.86243e+06 4014.76 3.76194 856.661 1668.78 0.0269469 327.803 0.589498 0.0032921 -2.28572 0.0440972 0.00134872 0.020095 0.0285553 0.000117334 0.0129838 -0.000117999 0.00049188 0.545816 0.0174209 0.000536137 0.00871068 0.0109096 3.63524e-05 0.00386954 0.000562283 1.78589e+06 inf 
1345 5849.21 -4.21176e+06 84836.6 2408.07 38561.7 54686.1 207.295 23035.5 -103.487 19.4418 1.03908e+07 4595.81 3.71617 974.841 1891.38 0.0261149 320.278 0.56768 0.00324828 -2.33895 0.0471129 0.00133729 0.0214148 0.0303692 0.000115119 0.0127925 -5.74702e-05 0.000495376 0.547448 0.0182373 0.000524766 0.009098 0.0113165 3.53597e-05 0.00377038 0.000558526 1.80071e+06 inf 
1355 5769.28 -4.31959e+06 91063.5 2396.21 41264.8 58405.7 203.874 22754.1 20.4181 18.7916 1.08261e+07 5229.52 3.64128 1101.55 2128.85 0.0250369 309.64 0.557154 0.00317896 -2.38016 0.0501773 0.00132035 0.0227375 0.0321824 0.000112338 0.0125378 1.12507e-05 0.000498651 0.547885 0.019073 0.000512911 0.00948564 0.0117184 3.42921e-05 0.00366323 0.000553962 1.81483e+06 inf 
1365 5643.83 -4.40437e+06 97340.7 2372.68 43943.5 62095.3 199.361 22350.2 155.039 17.8705 1.11479e+07 5899.94 3.53314 1232.39 2374.02 0.0237284 296.001 0.558864 0.00308521 -2.40766 0.0532115 0.00129703 0.0240218 0.0339446 0.000108981 0.0122178 8.47522e-05 0.000500411 0.545186 0.0198431 0.000499101 0.00983056 0.0120635 3.30795e-05 0.00354052 0.000546188 1.82932e+06 inf 
1375 5487.2 -4.47383e+06 103867 2341.8 46672.1 65868.5 194.122 21864.8 297.341 16.7404 1.13581e+07 6615.79 3.39669 1367.96 2628.53 0.0222262 279.775 0.580269 0.00296674 -2.41885 0.0561576 0.00126613 0.0252341 0.0356129 0.000104955 0.0118215 0.000160762 0.000499391 0.538597 0.0205733 0.000483102 0.0101415 0.0123645 3.16441e-05 0.00339357 0.000536551 1.84957e+06 inf 
1385 5277.73 -4.50705e+06 110104 2294 49205.5 69378.1 187.442 21214.5 440.873 15.3829 1.14039e+07 7332.87 3.22173 1498.27 2874.12 0.0205081 260.577 0.613439 0.00282727 -2.41441 0.0589827 0.00122889 0.0263593 0.0371657 0.000100412 0.0113646 0.000236175 0.000497132 0.528831 0.0211954 0.000464434 0.0103832 0.0125844 3.00588e-05 0.00323058 0.00052234 1.86672e+06 inf 
1395 5049.39 -4.52839e+06 116631 2243.84 51794.5 72978.8 180.457 20526.2 583.923 13.9328 1.13382e+07 8079.79 3.03358 1628.48 3120.54 0.018729 240.282 0.662583 0.00266745 -2.39222 0.0616131 0.00118536 0.0273616 0.0385526 9.53304e-05 0.0108434 0.00030847 0.00049499 0.516662 0.0217291 0.000444394 0.0105653 0.0127353 2.83922e-05 0.00305862 0.000504847 1.89297e+06 inf 
1405 4781.3 -4.51552e+06 122827 2178.79 54146.7 76279.4 172.292 19700.2 717.344 12.3728 1.11051e+07 8800.46 2.81492 1745.99 3345.75 0.0168226 218.031 0.716176 0.00249073 -2.35228 0.0639843 0.001135 0.0282067 0.0397363 8.97522e-05 0.0102624 0.000373687 0.00049158 0.501776 0.0221459 0.000422081 0.0106735 0.0128035 2.6608e-05 0.0028743 0.000483153 1.91964e+06 inf 
1415 4487.67 -4.47793e+06 128893 2105.05 56343.8 79393.6 163.426 18789.2 839.47 10.7787 1.07276e+07 9487.38 2.57759 1848.53 3546.24 0.0148709 194.815 0.768032 0.00229879 -2.2938 0.066025 0.0010783 0.0288619 0.0406691 8.37144e-05 0.00962469 0.000430015 0.000486743 0.483371 0.0223736 0.000397019 0.0106721 0.0127504 2.46872e-05 0.00267551 0.000456627 1.95219e+06 inf 
1425 4160.12 -4.40231e+06 134392 2018.14 58188.5 82042.2 153.543 17754.1 944.944 9.17367 1.01884e+07 10097.1 2.32452 1927.74 3705.5 0.012904 170.948 0.810464 0.00209522 -2.2172 0.0676857 0.00101643 0.0293063 0.0413201 7.73311e-05 0.00894173 0.000475916 0.00047991 0.464054 0.02245 0.000370956 0.0105847 0.0126056 2.27802e-05 0.00247842 0.000426251 1.98553e+06 inf 
1435 3824.32 -4.30384e+06 139519 1924.4 59764.8 84364.1 143.266 16666.2 1029.84 7.66383 9.53457e+06 10612.9 2.06534 1980.78 3819.92 0.0110036 147.52 0.835509 0.0018864 -2.12293 0.0688199 0.000949238 0.0294799 0.0416139 7.06683e-05 0.00822084 0.000507985 0.000470937 0.442967 0.0223331 0.000343082 0.0103916 0.0123498 2.08254e-05 0.00227686 0.000392529 2.02731e+06 inf 
1445 3467.86 -4.16735e+06 143783 1818.29 60854.8 86054.8 132.164 15473.7 1091.58 6.24028 8.74814e+06 10974.8 1.79922 1996.92 3869.84 0.00916777 124.483 0.835851 0.00167362 -2.0112 0.0693911 0.000877523 0.0293691 0.0415308 6.37835e-05 0.00746772 0.000526806 0.000458929 0.42071 0.0219414 0.000313487 0.0100594 0.0119503 1.88708e-05 0.00207603 0.000354774 2.07207e+06 inf 
1455 3109.25 -4.00456e+06 147284 1705.58 61513.1 87188.6 120.775 14237.2 1129.02 4.96571 7.88424e+06 11173.6 1.53963 1977.3 3855.66 0.00747782 102.93 0.811171 0.00146288 -1.88412 0.0692961 0.000802465 0.0289415 0.0410217 5.68238e-05 0.00669851 0.000531199 0.00044307 0.39946 0.0213347 0.000283611 0.00962785 0.0114579 1.70094e-05 0.00188625 0.000315402 2.12543e+06 inf 
1465 2746.52 -3.80731e+06 149573 1583.39 61561.6 87511.1 108.947 12937.5 1139.4 3.84687 6.95309e+06 11164.5 1.28832 1916.36 3765.81 0.00594178 83.0079 0.759817 0.00125817 -1.74411 0.0685186 0.000725345 0.0282011 0.0400884 4.99079e-05 0.00592661 0.000521953 0.000423375 0.378484 0.0204844 0.000253076 0.009087 0.0108636 1.52022e-05 0.00170319 0.000275017 2.18295e+06 inf 
1475 2391.45 -3.58338e+06 150611 1455.54 60999.8 87025.2 97.0289 11613.9 1123.51 2.90114 5.99621e+06 10923.9 1.05327 1813.88 3598.58 0.00459537 65.2401 0.685396 0.00106259 -1.5922 0.0669207 0.000646741 0.027104 0.0386679 4.31128e-05 0.00516039 0.000499209 0.000399957 0.359428 0.0193757 0.000222991 0.00844584 0.0101858 1.35331e-05 0.00153573 0.000235227 2.25058e+06 inf 
1485 2054.93 -3.33974e+06 150309 1323.89 59823.4 85741.6 85.2808 10297.8 1082.7 2.13551 5.05642e+06 10450.7 0.83926 1674.53 3362.06 0.00345387 49.927 0.59429 0.000881321 -1.43235 0.0644646 0.000567792 0.0256571 0.0367729 3.65753e-05 0.00441652 0.000464348 0.000373032 0.342021 0.0180675 0.000193791 0.00773861 0.00946968 1.19811e-05 0.00138098 0.000198144 2.33165e+06 inf 
1495 1729.35 -3.06587e+06 148090 1187.07 57842.1 83318.9 73.5828 8970.32 1017.69 1.51902 4.14474e+06 9737.84 0.649789 1502.38 3056.68 0.00250961 37.0009 0.494544 0.000715151 -1.26785 0.0612407 0.000490899 0.0239199 0.0344555 3.04293e-05 0.00370957 0.000420854 0.00034166 0.326431 0.0166297 0.000166526 0.00700929 0.0087676 1.05772e-05 0.00124112 0.000165513 2.41816e+06 inf 
1505 1431.65 -2.77997e+06 144207 1050.42 55198.6 79994.9 62.4351 7693.31 933.792 1.05104 3.308e+06 8819.45 0.487926 1307.49 2702.6 0.00176296 26.5797 0.394235 0.000567193 -1.10137 0.057132 0.000416159 0.0218687 0.0316926 2.47357e-05 0.00304795 0.000369952 0.000307725 0.312327 0.015167 0.000141841 0.00630574 0.00814264 9.30585e-06 0.00111373 0.000139013 2.52409e+06 inf 
1515 1158.24 -2.47592e+06 138076 912.333 51723.3 75489.5 51.7738 6457.32 832.709 0.702101 2.55462e+06 7716.77 0.352945 1097.22 2310.19 0.00118881 18.3851 0.299689 0.000438377 -0.937102 0.0522601 0.000345306 0.0195766 0.0285718 1.95957e-05 0.00244401 0.00031517 0.000271223 0.297876 0.0137688 0.000119786 0.00566058 0.00761769 8.12134e-06 0.000992639 0.000118729 2.6421e+06 inf 
1525 918.981 -2.17111e+06 130169 779.466 47668.2 70133.1 42.0518 5317.53 723.339 0.455882 1.91503e+06 6526.44 0.246655 889.269 1912.05 0.000772638 12.3 0.218171 0.000329898 -0.779388 0.0467284 0.000279814 0.017112 0.0251765 1.50959e-05 0.0019089 0.000259666 0.000234139 0.282873 0.0126228 0.000101236 0.00513901 0.00724817 7.03408e-06 0.000878398 0.00010437 2.78566e+06 inf 
1535 711.103 -1.86294e+06 119981 650.434 42911.3 63723.3 33.2165 4268.07 608.223 0.286609 1.3848e+06 5291.03 0.165133 690.614 1521.01 0.000480302 7.90748 0.151211 0.000241121 -0.631686 0.0406831 0.000220549 0.0145503 0.0216073 1.1263e-05 0.00144721 0.000206236 0.000197596 0.265578 0.0117885 8.57402e-05 0.00473928 0.00699074 6.00036e-06 0.000766052 9.34837e-05 2.94916e+06 inf 
1545 535.566 -1.56406e+06 108175 530.304 37755.2 56650.9 25.4928 3337.13 495.586 0.173403 964943 4112.54 0.105929 514.268 1163.3 0.000285128 4.8793 0.0999992 0.000169952 -0.496327 0.0343273 0.000168283 0.0119809 0.0179772 8.0897e-06 0.00105898 0.000157266 0.000161687 0.244677 0.011255 7.2772e-05 0.00443294 0.0067804 5.00371e-06 0.000653394 8.36691e-05 3.15127e+06 inf 
1555 392.512 -1.27967e+06 94780.9 420.087 32273.8 49005 18.931 2533.37 389.64 0.101787 647585 3048.96 0.0648905 365.663 852.531 0.000161577 2.89329 0.0630535 0.000115815 -0.377582 0.0279663 0.000123952 0.00952277 0.0144595 5.58582e-06 0.000747501 0.000114968 0.00012892 0.220249 0.0108407 6.15034e-05 0.00414854 0.00651701 4.0588e-06 0.000543086 7.33967e-05 3.38911e+06 inf 
1565 279.758 -1.01927e+06 80544.1 322.876 26765 41186.6 13.5828 1865.94 295.651 0.0578984 418772 2155.93 0.0379916 248.426 598.933 8.74212e-05 1.6505 0.0380407 7.60618e-05 -0.277124 0.0218986 8.77847e-05 0.00727696 0.011198 3.69293e-06 0.000507319 8.03828e-05 9.9781e-05 0.192508 0.0103253 5.12166e-05 0.00381954 0.00611928 3.18287e-06 0.00043746 6.22997e-05 3.67804e+06 inf 
1575 193.065 -786630 66053.1 239.619 21431.1 33473.5 9.36577 1327.63 215.688 0.0317851 260079 1450.03 0.0211882 160.772 402.247 4.49419e-05 0.903046 0.0219111 4.80085e-05 -0.195607 0.0164251 5.95848e-05 0.00532917 0.00832368 2.32894e-06 0.000330136 5.36341e-05 7.48267e-05 0.162513 0.0095283 4.14536e-05 0.00340269 0.00554446 2.39823e-06 0.00033995 5.0714e-05 4.02148e+06 inf 
1585 129.424 -588666 52228.6 171.604 16559.7 26304.2 6.20501 913.791 151.529 0.0169448 155608 928.751 0.0112702 99.2403 258.823 2.19704e-05 0.4755 0.0120982 2.91648e-05 -0.132651 0.0117693 3.86697e-05 0.00373161 0.00592746 1.39825e-06 0.000205916 3.41458e-05 5.44775e-05 0.132169 0.00841249 3.23156e-05 0.00290485 0.00481551 1.73083e-06 0.000254458 3.95007e-05 4.43769e+06 inf 
1595 83.9552 -425175 39618.5 118.087 12290.6 19889.2 3.931 606.306 102.249 0.00871965 89550.7 566.029 0.00571814 58.3967 159.367 1.01881e-05 0.240783 0.0064126 1.70663e-05 -0.0864292 0.00805361 2.40045e-05 0.00249841 0.00404305 7.99088e-07 0.000123249 2.0785e-05 3.84872e-05 0.103604 0.00708528 2.42108e-05 0.0023725 0.00400622 1.19687e-06 0.000183727 2.95217e-05 4.91935e+06 inf 
1605 52.8593 -296887 28857.7 78.1286 8769.75 14490.2 2.38068 388.687 66.4642 0.00433906 49719.7 329.396 0.00277232 32.845 94.2549 4.47112e-06 0.117477 0.0032722 9.63561e-06 -0.0541189 0.00526041 1.42419e-05 0.00159862 0.00264138 4.33968e-07 7.08529e-05 1.21156e-05 2.64218e-05 0.0783227 0.00568973 1.73934e-05 0.00185248 0.00319447 7.91646e-07 0.000128041 2.1206e-05 5.48583e+06 inf 
1615 32.387 -200466 20169.4 49.6804 6012.23 10168.2 1.37612 241.131 41.7048 0.00210331 26733.7 183.653 0.00128929 17.7141 53.7237 1.85624e-06 0.0554744 0.00161368 5.28667e-06 -0.0327228 0.00329234 8.10954e-06 0.000981402 0.00165981 2.24631e-07 3.93608e-05 6.80765e-06 1.7759e-05 0.0573853 0.00437481 1.20288e-05 0.00138867 0.00245247 5.02537e-07 8.66375e-05 1.47331e-05 6.12616e+06 inf 
1625 19.1996 -130630 13522.7 30.3369 3957.95 6866.7 0.753867 144.371 25.2257 0.00097438 13816.4 97.9731 0.000572785 9.13588 29.4035 7.14948e-07 0.0250622 0.000761884 2.80891e-06 -0.0191113 0.00197838 4.43831e-06 0.000579051 0.0010046 1.10291e-07 2.11215e-05 3.69054e-06 1.16044e-05 0.0406953 0.00322793 8.00626e-06 0.00100064 0.00181453 3.04028e-07 5.67494e-05 9.89162e-06 6.83524e+06 inf 
1635 11.1121 -82619.4 8734.82 17.8639 2512.51 4484.33 0.391099 83.9943 14.8121 0.000440677 6923.74 50.3567 0.0002446 4.53426 15.5701 2.54618e-07 0.0109349 0.000346725 1.46343e-06 -0.0108807 0.00115034 2.35261e-06 0.000330889 0.000590571 5.15063e-08 1.10618e-05 1.9507e-06 7.47623e-06 0.0281681 0.00230402 5.16509e-06 0.000698325 0.00130451 1.75725e-07 3.63005e-05 6.46971e-06 7.59322e+06 inf 
1645 6.24284 -50694 5446.11 10.1567 1540.14 2834.71 0.189527 47.4008 8.43219 0.000189238 3342.25 24.8756 0.000100089 2.15883 7.94386 8.18931e-08 0.00457125 0.000151307 7.44506e-07 -0.00604564 0.000649489 1.21127e-06 0.000183673 0.00033806 2.26025e-08 5.65291e-06 1.0056e-06 4.69188e-06 0.0190273 0.00159523 3.23562e-06 0.000472992 0.000912732 9.62055e-08 2.26539e-05 4.12714e-06 8.38522e+06 inf 
1655 3.40835 -30219.2 3285.75 5.58442 913.38 1737.95 0.083717 25.9537 4.65071 7.98309e-05 1551.7 11.7633 3.89776e-05 0.980658 3.89073 2.28475e-08 0.00183179 6.29157e-05 3.71176e-07 -0.00329093 0.000357825 6.08156e-07 9.9469e-05 0.000189267 9.11696e-09 2.82642e-06 5.06472e-07 2.92506e-06 0.0125759 0.00107378 1.96848e-06 0.00031129 0.000622806 4.9041e-08 1.38383e-05 2.5681e-06 9.18256e+06 inf 
1665 1.79881 -17498.8 1920.32 2.97141 524.526 1034.04 0.0319241 13.7723 2.4826 3.16194e-05 689.203 5.31332 1.44268e-05 0.424365 1.8241 5.21597e-09 0.000698196 2.49297e-05 1.79544e-07 -0.00174661 0.000191673 2.96586e-07 5.23546e-05 0.00010321 3.18645e-09 1.37466e-06 2.47796e-07 1.76743e-06 0.00810807 0.000702567 1.16276e-06 0.000199038 0.000414025 2.25935e-08 8.23404e-06 1.55785e-06 1.00187e+07 inf 
1675 0.926883 -9858.92 1087.95 1.53015 291.772 597.644 0.00881492 7.10313 1.28522 1.23962e-05 296.677 2.29648 5.08129e-06 0.175161 0.823825 8.69865e-10 0.000258976 9.59851e-06 8.48215e-08 -0.000902215 9.95608e-05 1.40028e-07 2.67008e-05 5.4692e-05 8.06675e-10 6.50026e-07 1.17614e-07 1.0617e-06 0.00513183 0.000447487 6.67378e-07 0.00012376 0.000269071 8.88554e-09 4.82463e-06 9.29813e-07 1.09275e+07 inf 
1685 0.460486 -5385.01 596.57 0.760984 156.934 334.739 -0.000128504 3.54024 0.641312 4.5475e-06 122.058 0.943159 1.69016e-06 0.0684807 0.355024 9.20689e-11 9.15371e-05 3.54296e-06 3.86973e-08 -0.000452533 5.01332e-05 6.39498e-08 1.3188e-05 2.813e-05 -1.07989e-11 2.97506e-07 5.38931e-08 6.16972e-07 0.00317056 0.00027703 3.71408e-07 7.47054e-05 0.000170421 2.78154e-09 2.75751e-06 5.42984e-07 1.18997e+07 inf 
1695 0.21908 -2830.36 314.174 0.362388 80.973 180.327 -0.00264862 1.69256 0.306077 1.54492e-06 47.664 0.365555 5.26856e-07 0.0251962 0.145075 4.39763e-11 3.05745e-05 1.24522e-06 1.68794e-08 -0.00021807 2.42061e-05 2.79207e-08 6.2387e-06 1.38936e-05 -2.04067e-10 1.30406e-07 2.35822e-08 3.44595e-07 0.00190389 0.000166069 1.99532e-07 4.36161e-05 0.000104807 1.82937e-09 1.52927e-06 3.08842e-07 1.29791e+07 inf 
1705 0.101081 -1442.92 159.771 0.166173 40.3045 94.0329 -0.00265082 0.784705 0.141533 4.84373e-07 17.9195 0.136264 1.57078e-07 0.00889476 0.0571428 5.9098e-11 9.71884e-06 4.17924e-07 7.13338e-09 -0.000101829 1.12752e-05 1.1727e-08 2.84434e-06 6.63602e-06 -1.87072e-10 5.53776e-08 9.98818e-09 1.84748e-07 0.00111992 9.74126e-05 1.04631e-07 2.48922e-05 6.31554e-05 2.03362e-09 8.26319e-07 1.71446e-07 1.41701e+07 inf 
1715 0.0448214 -707.129 77.8378 0.0727347 19.1994 47.0704 -0.00193201 0.349613 0.0628426 1.39497e-07 6.4247 0.0485591 4.44975e-08 0.0029964 0.021512 4.96798e-11 2.90835e-06 1.32134e-07 2.86996e-09 -4.52782e-05 4.98404e-06 4.65728e-09 1.22936e-06 3.01397e-06 -1.23709e-10 2.23861e-08 4.02388e-09 9.44665e-08 0.000639789 5.55378e-05 5.31745e-08 1.37968e-05 3.69913e-05 1.77925e-09 4.30957e-07 9.18938e-08 1.56174e+07 inf 
1725 0.0186395 -332.196 36.2695 0.0303048 8.73787 22.5744 -0.0012056 0.148574 0.0265482 3.25706e-08 2.08669 0.0161058 1.16168e-08 0.000938973 0.00745746 2.94317e-11 7.53308e-07 3.573e-08 1.07848e-09 -1.92208e-05 2.09855e-06 1.75343e-09 5.05572e-07 1.30615e-06 -6.9756e-11 8.5965e-09 1.53607e-09 4.33978e-08 0.000346939 3.04545e-05 2.58664e-08 7.35345e-06 2.07312e-05 1.30309e-09 2.08596e-07 4.5442e-08 1.72831e+07 inf 
1735 0.00731781 -149.681 16.1815 0.0120221 3.80199 10.3771 -0.000677726 0.0602607 0.0106342 6.692e-09 0.622705 0.00494314 2.7836e-09 0.000271519 0.0023807 1.38469e-11 1.75074e-07 8.47839e-09 3.81228e-10 -7.79776e-06 8.42989e-07 6.26302e-10 1.98068e-07 5.40606e-07 -3.53067e-11 3.13933e-09 5.53998e-10 1.86676e-08 0.000179943 1.60252e-05 1.20259e-08 3.75577e-06 1.11235e-05 8.48599e-10 9.54504e-08 2.10091e-08 1.91954e+07 inf 
1745 0.00254565 -63.2174 6.79119 0.00445315 1.55419 4.48284 -0.000343179 0.0225423 0.00384845 9.87242e-10 0.153121 0.00128319 5.55633e-10 6.64072e-05 0.000636007 4.90933e-12 3.15683e-08 1.49466e-09 1.16877e-10 -2.90247e-06 3.118e-07 2.04455e-10 7.13568e-08 2.05818e-07 -1.57562e-11 1.03498e-09 1.76692e-10 6.7315e-09 8.3796e-05 7.66924e-06 5.04665e-09 1.74466e-06 5.39984e-06 4.74501e-10 3.80566e-08 8.28205e-09 2.17806e+07 inf 
1755 0.000753531 -24.4272 2.62209 0.00150506 0.583889 1.77772 -0.000154273 0.00756643 0.00120059 9.99118e-11 0.0293631 0.000262751 8.63596e-11 1.28232e-05 0.000133358 1.26716e-12 4.2352e-09 1.82864e-10 3.00582e-11 -9.74395e-07 1.04595e-07 6.00366e-11 2.32912e-08 7.09127e-08 -6.15394e-12 3.01823e-10 4.78915e-11 1.99614e-09 3.42102e-05 3.23576e-06 1.85506e-09 7.14824e-07 2.30534e-06 2.24742e-10 1.29942e-08 2.70039e-09 2.50691e+07 inf 
1765 0.000183715 -8.37395 0.900154 0.000447783 0.194788 0.626135 -6.01479e-05 0.00221993 0.000308816 6.8017e-12 0.00422214 4.00135e-05 9.8134e-12 1.83736e-06 2.08536e-05 2.33791e-13 4.13998e-10 1.4808e-11 6.33659e-12 -2.88829e-07 3.10475e-08 1.54446e-11 6.7185e-09 2.15963e-08 -2.07458e-12 7.65685e-11 1.06515e-11 4.84313e-10 1.20642e-05 1.17438e-06 5.81583e-10 2.5165e-07 8.47821e-07 8.97745e-11 3.77803e-09 7.14586e-10 2.89928e+07 inf 
1775 3.22672e-05 -2.36809 0.255589 0.000108799 0.0537263 0.182249 -1.8976e-05 0.000528518 5.76036e-05 2.2033e-13 0.000367 3.68546e-06 6.59203e-13 1.59606e-07 1.97455e-06 2.50917e-14 2.34489e-11 5.75519e-13 9.29291e-13 -6.82007e-08 7.36092e-09 3.13339e-12 1.54731e-09 5.24874e-09 -5.46506e-13 1.52212e-11 1.65897e-12 7.9653e-11 3.25037e-06 3.25709e-07 1.3775e-10 6.77808e-08 2.3841e-07 2.68764e-11 8.2164e-10 1.28733e-10 3.47224e+07 inf 
1785 3.3244e-06 -0.491188 0.0533208 1.92175e-05 0.0108987 0.0389591 -4.26617e-06 9.17873e-05 6.28849e-06 2.23323e-15 1.43306e-05 1.51733e-07 1.93751e-14 6.22267e-09 8.38585e-08 1.16837e-15 5.86598e-13 6.92903e-15 7.52529e-14 -1.11188e-08 1.207e-09 4.35019e-13 2.46708e-10 8.81901e-10 -9.65714e-14 2.07775e-12 1.4235e-13 7.10965e-12 5.69449e-07 5.8594e-08 2.09379e-11 1.18659e-08 4.35602e-08 5.14185e-12 1.15214e-10 1.25231e-11 4.41764e+07 inf 
1795 1.73713e-07 -0.0815732 0.00895347 2.84401e-06 0.001788 0.00669351 -6.60255e-07 1.29956e-05 3.39514e-07 5.436e-18 3.76996e-07 4.74383e-09 6.12107e-16 1.92943e-10 2.58345e-09 2.11009e-17 9.90552e-15 1.92082e-17 2.93186e-15 -1.37676e-09 1.51113e-10 4.80001e-14 3.01772e-11 1.1297e-10 -1.11435e-14 2.19334e-13 5.73019e-15 3.02883e-13 7.97553e-08 8.9466e-09 3.21382e-12 1.8043e-09 6.60225e-09 5.96665e-13 1.2928e-11 5.69348e-13 5.92501e+07 inf 
1805 4.43816e-09 -0.0269243 0.00324482 1.03816e-06 0.000645727 0.00241819 -1.46354e-07 4.1365e-06 8.12335e-09 2.6486e-21 6.29478e-07 4.20138e-09 4.64062e-16 1.35079e-10 3.18021e-09 2.27435e-18 7.78262e-15 9.80752e-21 5.04918e-17 -3.06311e-10 3.69154e-11 1.18109e-14 7.34627e-12 2.75111e-11 -1.66503e-15 4.70599e-14 9.24173e-17 5.48906e-15 8.46246e-08 6.91351e-09 2.29769e-12 1.23964e-09 6.01495e-09 1.60848e-13 9.4095e-12 1.05626e-14 8.78986e+07 inf 
1815 1.22257e-10 0.0177687 0.000120518 -2.37401e-07 9.24643e-05 -0.000481399 -2.67278e-07 -1.40289e-07 -6.17233e-10 3.30484e-24 1.56124e-06 3.15515e-09 2.09563e-16 5.49673e-11 4.66524e-09 2.51082e-17 7.30096e-15 5.91617e-23 8.70619e-19 1.26535e-10 8.58239e-13 -1.69059e-15 6.58459e-13 -3.42815e-12 -1.90335e-15 -9.99028e-16 -4.39546e-18 1.53407e-16 1.05442e-07 4.74009e-09 1.22161e-12 6.25647e-10 5.76387e-09 4.22844e-13 7.21053e-12 6.49064e-16 1.40425e+08 inf 
1825 4.30643e-12 -0.348052 0.0132558 -3.12998e-06 0.00154287 0.0179891 -3.37172e-06 2.03861e-05 -4.26738e-09 4.73435e-26 1.18183e-05 1.3239e-08 8.85772e-16 1.61392e-10 2.77246e-08 2.37941e-16 3.28135e-14 3.51496e-22 1.459e-20 -1.17918e-09 4.49099e-11 -1.06042e-14 5.22718e-12 6.09461e-11 -1.14232e-14 6.9067e-14 -1.44577e-17 1.26648e-17 2.00096e-07 6.6971e-09 1.73229e-12 7.39432e-10 9.69154e-09 8.97777e-13 1.05435e-11 1.09117e-15 2.95164e+08 inf 
1835 -7.42406e-11 -0.294147 0.00716117 -3.86802e-05 0.000710721 0.0118601 -2.35254e-05 1.20192e-05 -1.16704e-08 4.54479e-25 4.24659e-05 2.53204e-08 2.99252e-15 2.15148e-10 7.5228e-08 9.48512e-16 6.98968e-14 7.91546e-22 -5.45886e-20 -2.16284e-10 5.26556e-12 -2.84413e-14 5.22589e-13 8.72069e-12 -1.7298e-14 8.83767e-15 -8.58116e-18 1.82804e-17 1.76706e-07 4.31485e-09 1.4831e-12 3.9774e-10 7.43738e-09 8.34946e-13 7.169e-12 7.62853e-16 1.36e+09 inf 
1845 -3.96641e-10 -0.455391 0.00318581 -2.15039e-05 0.000159622 0.0104381 -1.26335e-05 8.38051e-06 -4.6865e-09 9.53504e-25 1.07953e-05 8.90258e-10 3.76679e-15 2.79326e-12 7.43783e-09 1.29517e-15 4.61369e-15 1.14925e-22 -3.69561e-19 -4.243e-10 2.96831e-12 -2.00358e-14 1.48724e-13 9.72545e-12 -1.1771e-14 7.80835e-15 -4.36654e-18 2.98039e-17 1.0029e-07 9.10752e-10 1.87329e-12 5.10151e-11 2.63248e-09 1.09846e-12 2.07332e-12 3.27199e-16 1.07327e+09 inf 
1855 2.93655e-20 -3.08977e-09 6.8013e-11 -3.37974e-13 5.91723e-12 1.29068e-10 -1.91639e-13 1.10855e-13 1.42958e-20 2.50973e-42 1.82931e-20 8.8029e-24 1.9399e-28 6.64077e-26 3.18046e-23 6.25112e-29 2.34308e-29 6.92737e-43 1.38967e-25 -1.46218e-14 3.2186e-16 -1.59941e-18 2.80023e-17 6.10792e-16 -9.06899e-19 5.24604e-19 6.76528e-26 3.44348e-24 2.93863e-13 6.4463e-15 3.02567e-17 5.59893e-16 1.2253e-14 1.71756e-17 1.0517e-17 1.80933e-24 211312 inf 
1865 0 0 0 0 0 0 0 0 0 0 0 0 0 0 0 0 0 0 0.0 0.0 0.0 0.0 0.0 0.0 0.0 0.0 0.0 0.0 0.0 0.0 0.0 0.0 0.0 0.0 0.0 0.0 0 -nan 
1875 0 0 0 0 0 0 0 0 0 0 0 0 0 0 0 0 0 0 0.0 0.0 0.0 0.0 0.0 0.0 0.0 0.0 0.0 0.0 0.0 0.0 0.0 0.0 0.0 0.0 0.0 0.0 0 -nan 
1885 0 0 0 0 0 0 0 0 0 0 0 0 0 0 0 0 0 0 0.0 0.0 0.0 0.0 0.0 0.0 0.0 0.0 0.0 0.0 0.0 0.0 0.0 0.0 0.0 0.0 0.0 0.0 0 -nan 
1895 0 0 0 0 0 0 0 0 0 0 0 0 0 0 0 0 0 0 0.0 0.0 0.0 0.0 0.0 0.0 0.0 0.0 0.0 0.0 0.0 0.0 0.0 0.0 0.0 0.0 0.0 0.0 0 -nan 
