255 0 0 0 0 0 0 0 0 0 0 0 0 0 0 0 0 0 0 0 0 0.0 0.0 0.0 0.0 0.0 0.0 0.0 0.0 0.0 0.0 0.0 0.0 0.0 0.0 0.0 0.0 0.0 0.0 0.0 0.0 0 -nan 
265 0 0 0 0 0 0 0 0 0 0 0 0 0 0 0 0 0 0 0 0 0.0 0.0 0.0 0.0 0.0 0.0 0.0 0.0 0.0 0.0 0.0 0.0 0.0 0.0 0.0 0.0 0.0 0.0 0.0 0.0 0 -nan 
275 0 0 0 0 0 0 0 0 0 0 0 0 0 0 0 0 0 0 0 0 0.0 0.0 0.0 0.0 0.0 0.0 0.0 0.0 0.0 0.0 0.0 0.0 0.0 0.0 0.0 0.0 0.0 0.0 0.0 0.0 0 -nan 
285 0 0 0 0 0 0 0 0 0 0 0 0 0 0 0 0 0 0 0 0 0.0 0.0 0.0 0.0 0.0 0.0 0.0 0.0 0.0 0.0 0.0 0.0 0.0 0.0 0.0 0.0 0.0 0.0 0.0 0.0 0 -nan 
295 1.37939e-06 0.0645865 29.0473 0.488549 2.73447e-06 2.73447e-06 18.8302 1.04081e-08 0.00822553 0.0527841 9.47815e-19 2.35832e-06 6.57246e-06 2.98669e-09 2.01184e-17 2.01184e-17 4.39572e-06 4.89542e-22 1.59678e-08 3.52715e-11 0.0 0.0 0.0 0.0 0.0 0.0 0.0 0.0 0.0 0.0 0.0 0.0 0.0 0.0 0.0 0.0 0.0 0.0 0.0 0.0 -1.35736e+08 -inf 
305 1.46208e-05 17.2856 161.748 12.6483 0.000275535 0.000275535 508.779 1.19109e-06 2.39253 1.47846 1.38196e-15 0.0223354 0.00014387 1.07514e-06 1.74155e-12 1.74155e-12 0.00174432 6.6313e-17 0.00053168 1.50854e-08 4.38571e-14 5.18506e-08 4.85188e-07 3.79403e-08 8.26507e-13 8.26507e-13 1.52616e-06 3.57286e-15 7.17674e-09 4.43486e-09 2.03555e-12 8.18509e-06 4.42892e-07 4.22562e-08 7.22727e-11 7.22727e-11 1.70388e-06 4.45985e-13 1.26285e-06 5.05794e-09 3.33373e+08 inf 
315 2.4548e-05 85.0497 88.3485 12.42 0.00149001 0.00149001 527.346 7.68388e-06 14.7686 1.61786 6.34117e-14 0.289293 0.00014276 2.52545e-06 1.20694e-10 1.20694e-10 0.00414933 4.63124e-15 0.0112925 4.29198e-08 2.3463e-13 8.12906e-07 8.44435e-07 1.1871e-07 1.42415e-11 1.42415e-11 5.04038e-06 7.34426e-14 1.41159e-07 1.54635e-08 2.46178e-11 5.25776e-05 8.07112e-07 1.0023e-07 1.07396e-09 1.07396e-09 3.77544e-06 6.65282e-12 1.03882e-05 1.30808e-08 1.04624e+08 inf 
325 7.29078e-05 208.673 68.4478 10.8887 0.00525667 0.00525667 483.531 2.82952e-05 43.4601 1.57721 8.86489e-13 1.45508 0.000352778 5.99071e-06 1.66243e-09 1.66243e-09 0.00926344 7.07817e-14 0.0797895 1.41343e-07 1.12706e-12 3.22582e-06 1.05811e-06 1.68326e-07 8.12613e-11 8.12613e-11 7.47476e-06 4.37407e-13 6.71837e-07 2.43816e-08 1.17059e-10 0.000149944 2.0818e-06 2.53525e-07 5.06877e-09 5.06877e-09 9.34498e-06 3.30757e-11 3.5114e-05 3.98813e-08 6.46885e+07 inf 
335 0.000172507 389.871 67.5388 10.4702 0.0129351 0.0129351 484.001 7.06537e-05 91.0897 1.68796 5.64308e-12 4.37091 0.00123796 1.65417e-05 9.65072e-09 9.65072e-09 0.0264653 4.59267e-13 0.305543 5.8229e-07 3.65568e-12 8.26197e-06 1.43125e-06 2.2188e-07 2.74115e-10 2.74115e-10 1.02567e-05 1.49726e-12 1.93033e-06 3.57705e-08 3.45792e-10 0.000304233 4.91791e-06 5.48921e-07 1.42982e-08 1.42982e-08 2.13457e-05 9.86424e-11 8.04437e-05 1.05167e-07 4.71887e+07 inf 
345 0.000341031 627.361 74.451 10.514 0.0258448 0.0258448 503.665 0.000142308 160.376 1.8906 2.1777e-11 10.0668 0.00399589 4.13207e-05 3.54227e-08 3.54227e-08 0.0728724 1.81581e-12 0.820335 2.05723e-06 9.11956e-12 1.67764e-05 1.9909e-06 2.81156e-07 6.91119e-10 6.91119e-10 1.34686e-05 3.80547e-12 4.28864e-06 5.05569e-08 7.63059e-10 0.000518571 1.01435e-05 1.01287e-06 3.07696e-08 3.07696e-08 4.20391e-05 2.20323e-10 0.000148048 2.29034e-07 3.73956e+07 inf 
355 0.000602639 928.57 88.9829 11.0464 0.0457726 0.0457726 546.96 0.000253738 254.602 2.22594 6.44069e-11 19.8329 0.0113672 9.28828e-05 9.97331e-08 9.97331e-08 0.182258 5.52667e-12 1.79938 6.11856e-06 2.13643e-11 3.2919e-05 3.15456e-06 3.91609e-07 1.6227e-09 1.6227e-09 1.93904e-05 8.99535e-12 9.02596e-06 7.89126e-08 1.51091e-09 0.000837866 1.9825e-05 1.77185e-06 5.94393e-08 5.94393e-08 7.80084e-05 4.42546e-10 0.000252406 4.59003e-07 2.82077e+07 inf 
365 0.000998527 1289.47 116.048 12.485 0.0744017 0.0744017 640.125 0.000415444 371.248 2.82568 1.81391e-10 36.5667 0.0320297 0.000190578 2.63827e-07 2.63827e-07 0.421914 1.50262e-11 3.5097 1.71679e-05 4.24659e-11 5.48392e-05 4.93536e-06 5.3097e-07 3.1642e-09 3.1642e-09 2.72236e-05 1.76682e-11 1.57886e-05 1.20172e-07 2.77713e-09 0.00124584 3.65762e-05 2.79698e-06 1.05878e-07 1.05878e-07 0.000131157 7.99206e-10 0.000386022 8.45983e-07 2.35136e+07 inf 
375 0.00148933 1696.72 156.436 14.5368 0.111352 0.111352 773.363 0.000622115 508.197 3.69272 3.83013e-10 58.2224 0.0758952 0.00035023 5.32478e-07 5.32478e-07 0.863354 3.18508e-11 5.86888 3.99788e-05 7.15975e-11 8.15676e-05 7.52047e-06 6.98835e-07 5.35308e-09 5.35308e-09 3.71784e-05 2.99073e-11 2.44309e-05 1.77523e-07 4.29042e-09 0.00167102 5.99333e-05 4.04332e-06 1.59905e-07 1.59905e-07 0.000200306 1.23705e-09 0.000530605 1.37492e-06 2.08014e+07 inf 
385 0.00221765 2183.05 214.971 17.2586 0.161831 0.161831 954.711 0.00091425 672.086 4.91747 8.35423e-10 93.443 0.176502 0.000612279 1.09894e-06 1.09894e-06 1.68153 6.86922e-11 9.6251 9.04542e-05 1.24666e-10 0.000122721 1.20847e-05 9.70198e-07 9.09739e-09 9.09739e-09 5.36695e-05 5.1395e-11 3.77816e-05 2.76438e-07 6.85187e-09 0.00228864 9.88741e-05 5.78604e-06 2.48384e-07 2.48384e-07 0.000302734 1.96441e-09 0.00073461 2.23797e-06 1.77887e+07 inf 
395 0.00316043 2766.3 299.312 20.8332 0.227657 0.227657 1201.01 0.00129708 869.65 6.64218 1.55307e-09 140.257 0.368123 0.00101329 1.9558e-06 1.9558e-06 3.06583 1.29209e-10 14.8011 0.000183425 1.93106e-10 0.000169025 1.82883e-05 1.27294e-06 1.39102e-08 1.39102e-08 7.33832e-05 7.92534e-11 5.31368e-05 4.05846e-07 9.73948e-09 0.00292255 0.000148857 7.76485e-06 3.45411e-07 3.45411e-07 0.000426546 2.80866e-09 0.000949495 3.32307e-06 1.63663e+07 inf 
405 0.00447553 3423.74 415.749 25.2079 0.312859 0.312859 1515.86 0.00180704 1085.34 8.95854 3.19393e-09 214.275 0.782463 0.00163548 3.78275e-06 3.78275e-06 5.4627 2.57474e-10 22.205 0.000374993 2.86527e-10 0.00021919 2.66165e-05 1.61383e-06 2.00294e-08 2.00294e-08 9.70465e-05 1.15688e-10 6.94844e-05 5.73532e-07 1.42967e-08 0.00369729 0.000222228 1.01045e-05 4.91704e-07 4.91704e-07 0.000583359 4.05836e-09 0.00119027 4.86604e-06 1.56199e+07 inf 
415 0.00611258 4222.27 578.629 30.6513 0.422556 0.422556 1922.35 0.00245807 1341.11 12.101 5.74035e-09 307.868 1.5757 0.00255747 6.48152e-06 6.48152e-06 9.4095 4.57971e-10 31.295 0.000719881 4.45714e-10 0.000307877 4.21921e-05 2.23501e-06 3.08117e-08 3.08117e-08 0.000140173 1.79236e-10 9.77905e-05 8.82374e-07 2.04542e-08 0.00472802 0.000336327 1.34718e-05 6.8678e-07 6.8678e-07 0.000816375 5.77598e-09 0.00150744 7.19119e-06 1.37141e+07 inf 
425 0.00793728 5082.63 786.545 36.6292 0.549281 0.549281 2392.01 0.00320878 1610.45 15.9707 8.94365e-09 413.339 2.90155 0.00377682 9.95555e-06 9.95555e-06 15.1755 7.19978e-10 41.3662 0.00126494 6.40558e-10 0.000410181 6.34761e-05 2.95607e-06 4.43284e-08 4.43284e-08 0.000193041 2.58956e-10 0.000129968 1.28888e-06 2.68582e-08 0.00576101 0.000479722 1.72064e-05 8.9525e-07 8.9525e-07 0.00108969 7.6182e-09 0.00182249 1.00211e-05 1.23912e+07 inf 
435 0.0105799 6115.63 1067.25 43.7319 0.717721 0.717721 2973.4 0.00425363 1926.27 21.0771 1.61412e-08 581.341 5.53759 0.00559009 1.67441e-05 1.67441e-05 24.5674 1.28284e-09 56.1214 0.00230814 9.51547e-10 0.000550036 9.59882e-05 3.93322e-06 6.45514e-08 6.45514e-08 0.000267425 3.82569e-10 0.000173248 1.89566e-06 3.80897e-08 0.00720992 0.000699166 2.20748e-05 1.22547e-06 1.22547e-06 0.00146221 1.07346e-08 0.00223998 1.42828e-05 1.11186e+07 inf 
445 0.0138205 7317.05 1434.18 52.0721 0.925286 0.925286 3681.85 0.00555049 2280.16 27.5931 2.53617e-08 789.548 9.8523 0.00803915 2.58368e-05 2.58368e-05 38.3708 2.0205e-09 73.531 0.00393887 1.35136e-09 0.000715453 0.000140233 5.09155e-06 9.04735e-08 9.04735e-08 0.000360007 5.4272e-10 0.000222952 2.69802e-06 4.97797e-08 0.00875724 0.000971433 2.75705e-05 1.58685e-06 1.58685e-06 0.00190322 1.40452e-08 0.00267209 1.94386e-05 1.02272e+07 inf 
455 0.0178042 8695.41 1912.96 61.7393 1.17969 1.17969 4534.8 0.0071677 2673.72 35.8872 3.80971e-08 1052.12 17.1763 0.0113931 3.86938e-05 3.86938e-05 58.732 3.11063e-09 94.4469 0.00658529 1.85367e-09 0.000905318 0.000199167 6.42795e-06 1.22823e-07 1.22823e-07 0.000472138 7.4626e-10 0.000278373 3.73638e-06 6.29526e-08 0.010427 0.00132236 3.38358e-05 2.00337e-06 2.00337e-06 0.00242733 1.79807e-08 0.00312342 2.59165e-05 9.60482e+06 inf 
465 0.0232634 10292.8 2533.66 73.0807 1.49717 1.49717 5571.51 0.00930489 3108.58 46.4286 6.63194e-08 1453.76 29.6281 0.0159056 6.21268e-05 6.21268e-05 88.4778 5.35139e-09 123.651 0.0110068 2.59527e-09 0.00114827 0.000282656 8.15291e-06 1.67025e-07 1.67025e-07 0.00062156 1.03806e-09 0.000346794 5.1796e-06 8.59761e-08 0.0126832 0.00179595 4.13275e-05 2.62736e-06 2.62736e-06 0.00307966 2.44116e-08 0.00369788 3.46568e-05 8.96376e+06 inf 
475 0.0291914 12113.9 3318.26 85.788 1.87641 1.87641 6778.28 0.0117976 3584.97 59.4373 9.12383e-08 1865.44 49.6786 0.0218666 8.76156e-05 8.76156e-05 131.009 7.61529e-09 151.258 0.0176019 3.55795e-09 0.00147649 0.000404441 1.04561e-05 2.28702e-07 2.28702e-07 0.000826159 1.43793e-09 0.000436948 7.24441e-06 1.05393e-07 0.0150062 0.00242722 5.05554e-05 3.25984e-06 3.25984e-06 0.00390964 3.0432e-08 0.00427141 4.57482e-05 8.20457e+06 inf 
485 0.0369166 14153.3 4298.54 100.135 2.33221 2.33221 8191.06 0.0149354 4084.75 75.3707 1.42718e-07 2474.14 81.5434 0.0296842 0.000131425 0.000131425 190.294 1.19283e-08 187.108 0.0278335 4.81845e-09 0.00184732 0.000561058 1.30699e-05 3.04406e-07 3.04406e-07 0.00106912 1.94941e-09 0.000533153 9.8376e-06 1.36399e-07 0.0178751 0.0032138 6.08575e-05 4.13053e-06 4.13053e-06 0.00486771 3.94096e-08 0.00491301 5.94653e-05 7.6615e+06 inf 
495 0.0463141 16491.4 5557.48 116.996 2.88372 2.88372 9904.17 0.018862 4644.4 95.558 2.14309e-07 3235.38 132.57 0.0396437 0.000192535 0.000192535 272.996 1.83097e-08 229.627 0.0438144 6.42928e-09 0.00228933 0.000771485 1.62413e-05 4.00316e-07 4.00316e-07 0.00137489 2.61841e-09 0.000644732 1.32653e-05 1.72362e-07 0.0210687 0.00421996 7.23846e-05 5.15434e-06 5.15434e-06 0.00600057 5.03475e-08 0.00560901 7.68525e-05 7.20362e+06 inf 
505 0.0584073 19409.6 7179.85 137.085 3.60005 3.60005 11983.9 0.0239912 5306.35 121.153 2.91284e-07 4218.34 215.82 0.0536718 0.00027374 0.00027374 394.097 2.59098e-08 278.61 0.0683212 8.61914e-09 0.00286427 0.00105953 2.02296e-05 5.31257e-07 5.31257e-07 0.00176845 3.54037e-09 0.000783055 1.78785e-05 2.07148e-07 0.024785 0.00554309 8.66665e-05 6.33352e-06 6.33352e-06 0.00741817 6.17329e-08 0.00636405 9.88052e-05 6.77647e+06 inf 
515 0.0720817 22502.9 9142.73 159.005 4.4056 4.4056 14348.6 0.0299369 5965.29 151.581 4.32545e-07 5405.54 335.025 0.0704376 0.000389713 0.000389713 551.324 3.89143e-08 331.957 0.10293 1.13761e-08 0.00355145 0.00144293 2.50945e-05 6.95301e-07 6.95301e-07 0.00226452 4.72471e-09 0.000941455 2.39228e-05 2.61028e-07 0.0289914 0.00712688 0.000102405 7.81165e-06 7.81165e-06 0.00904893 7.82254e-08 0.00717662 0.000125189 6.33624e+06 inf 
525 0.0886462 25974.2 11533.9 183.367 5.36444 5.36444 17057.5 0.0372622 6663.97 188.17 6.11791e-07 6909.79 516.834 0.0918612 0.000549765 0.000549765 763.388 5.70854e-08 394.136 0.154354 1.47984e-08 0.00433606 0.00192544 3.06109e-05 8.95526e-07 8.95526e-07 0.00284753 6.22046e-09 0.00111247 3.14126e-05 3.19236e-07 0.0336853 0.00908689 0.000119992 9.53805e-06 9.53805e-06 0.0109238 9.74217e-08 0.00803483 0.000157419 5.99027e+06 inf 
535 0.109904 30187.4 14560.4 212.083 6.5722 6.5722 20317.7 0.0467029 7466.45 233.952 8.40965e-07 8912.53 795.526 0.120363 0.000771872 0.000771872 1059.61 8.15477e-08 469.092 0.230755 1.90677e-08 0.00523732 0.00252613 3.6795e-05 1.14023e-06 1.14023e-06 0.00352498 8.10264e-09 0.00129538 4.05892e-05 3.81495e-07 0.0389722 0.0114733 0.000139744 1.15158e-05 1.15158e-05 0.0130923 1.18669e-07 0.00892784 0.000195926 5.76391e+06 inf 
545 0.134637 35041.4 18286.2 244.732 8.01509 8.01509 24132.7 0.0581383 8356.26 289.795 1.14477e-06 11312.3 1202.78 0.155512 0.00106424 0.00106424 1452.83 1.15849e-07 549.104 0.339472 2.40935e-08 0.0062707 0.00327234 4.37952e-05 1.43431e-06 1.43431e-06 0.00431857 1.04039e-08 0.00149536 5.18591e-05 4.5197e-07 0.0445537 0.0143014 0.000160969 1.37255e-05 1.37255e-05 0.015535 1.43607e-07 0.00979932 0.000240956 5.58812e+06 inf 
555 0.163802 40333.7 22787.3 281.345 9.6962 9.6962 28519.4 0.0719466 9250.7 356.529 1.62847e-06 14344.6 1798.33 0.1998 0.00148778 0.00148778 1971.22 1.70275e-07 637.908 0.496008 3.03408e-08 0.00747098 0.00422088 5.21132e-05 1.79602e-06 1.79602e-06 0.00528263 1.33266e-08 0.0017135 6.60395e-05 5.48379e-07 0.0510022 0.0177563 0.000185184 1.65031e-05 1.65031e-05 0.0183636 1.77094e-07 0.0107342 0.000295827 5.39872e+06 inf 
565 0.199706 46697.4 28372.5 323.811 11.7744 11.7744 33718.1 0.0892788 10280.2 438.669 2.12763e-06 18121.4 2664.73 0.256443 0.00202412 0.00202412 2668.54 2.34172e-07 742.006 0.716701 3.84295e-08 0.00898601 0.00545974 6.23111e-05 2.26576e-06 2.26576e-06 0.00648838 1.718e-08 0.00197822 8.44132e-05 6.38705e-07 0.058364 0.0219765 0.000213225 1.96053e-05 1.96053e-05 0.0217119 2.11582e-07 0.0117844 0.000361648 5.19668e+06 inf 
575 0.24398 54052.9 35182 372.432 14.2852 14.2852 39789.3 0.110907 11396.3 538.141 2.95333e-06 23123 3924.18 0.328372 0.00281451 0.00281451 3592.32 3.38218e-07 864.047 1.0357 4.84743e-08 0.0107393 0.00699003 7.39955e-05 2.8382e-06 2.8382e-06 0.00790541 2.20352e-08 0.00226423 0.000106919 7.64476e-07 0.0669237 0.0270334 0.000244471 2.34763e-05 2.34763e-05 0.0255193 2.58287e-07 0.0129052 0.000440844 5.03317e+06 inf 
585 0.292246 62138 43308.7 426.123 17.1735 17.1735 46706 0.135917 12532.3 655.642 3.71311e-06 28607.5 5681.54 0.414358 0.00373607 0.00373607 4778.49 4.51337e-07 978.115 1.46145 6.04184e-08 0.0128463 0.00895353 8.80957e-05 3.5504e-06 3.5504e-06 0.0096559 2.80993e-08 0.00259089 0.000135546 8.74065e-07 0.0758236 0.0330821 0.00027911 2.75641e-05 2.75641e-05 0.0299108 3.04169e-07 0.0139822 0.000532695 4.83705e+06 inf 
595 0.360753 72126.5 53383.2 489.101 20.9162 20.9162 54912.9 0.170226 13872.9 801.5 5.50247e-06 37434.2 8358.53 0.531515 0.00538378 0.00538378 6416.53 6.90773e-07 1152.36 2.12668 7.75087e-08 0.0154965 0.0114695 0.000105084 4.4939e-06 4.4939e-06 0.0117982 3.65736e-08 0.00298063 0.000172204 1.08453e-06 0.0883328 0.0407958 0.000321177 3.37124e-05 3.37124e-05 0.0352052 3.83506e-07 0.01545 0.000653657 4.65436e+06 inf 
605 0.427518 82875.5 65385.1 560.206 25.0426 25.0426 64405.8 0.20721 15207.9 973.215 6.56289e-06 45641.4 11825.5 0.665383 0.00693604 0.00693604 8430.21 8.82133e-07 1287.2 2.93895 9.44883e-08 0.0183168 0.0144512 0.000123814 5.53481e-06 5.53481e-06 0.0142347 4.57967e-08 0.0033612 0.000215096 1.20066e-06 0.0987521 0.0490387 0.000362947 3.876e-05 3.876e-05 0.0407503 4.39168e-07 0.0165286 0.000776716 4.52456e+06 inf 
615 0.512599 95081.4 79593.1 638.401 30.024 30.024 75115.4 0.253972 16594 1175.73 9.06048e-06 57526.7 16831.8 0.835678 0.00957779 0.00957779 11077.3 1.2719e-06 1459.67 4.12127 1.16412e-07 0.021593 0.0180756 0.000144981 6.81847e-06 6.81847e-06 0.0170588 5.76771e-08 0.0037685 0.000267009 1.42972e-06 0.112241 0.0591251 0.000410808 4.61371e-05 4.61371e-05 0.0471663 5.34343e-07 0.0178126 0.000929865 4.40334e+06 inf 
625 0.621851 110290 97507.6 733.982 36.3779 36.3779 88291 0.314746 18281.1 1431.23 1.2472e-05 73469.9 24045.7 1.05826 0.013302 0.013302 14648 1.83499e-06 1676.38 5.8211 1.45252e-07 0.0257616 0.0227759 0.000171444 8.49718e-06 8.49718e-06 0.0206231 7.35186e-08 0.00427012 0.000334309 1.70063e-06 0.128443 0.0713993 0.000466688 5.50899e-05 5.50899e-05 0.0547374 6.50549e-07 0.0193219 0.00111711 4.28117e+06 inf 
635 0.744929 127093 118392 837.583 43.7461 43.7461 102982 0.386275 19981.2 1727.97 1.56502e-05 91827 33840 1.32577 0.0177108 0.0177108 19175.1 2.45489e-06 1895.32 8.07128 1.79645e-07 0.0306493 0.0285511 0.000201989 1.05497e-05 1.05497e-05 0.0248349 9.31531e-08 0.0048186 0.000416713 1.9344e-06 0.145621 0.0857064 0.000528127 6.44964e-05 6.44964e-05 0.0633043 7.63765e-07 0.0208291 0.00133146 4.14667e+06 inf 
645 0.885102 146051 143180 955.207 52.3599 52.3599 119911 0.471158 21758.5 2079.38 2.04057e-05 114132 47028.6 1.65407 0.0237238 0.0237238 24900.5 3.38237e-06 2123.97 11.1005 2.20141e-07 0.0363256 0.0356116 0.000237578 1.30229e-05 1.30229e-05 0.029824 1.17186e-07 0.00541175 0.00051718 2.24206e-06 0.164521 0.102121 0.000595781 7.5703e-05 7.5703e-05 0.0728268 9.09684e-07 0.0223379 0.00157905 4.02061e+06 inf 
655 1.05244 167832 172588 1087.02 62.659 62.659 139300 0.574443 23642 2494.74 2.62482e-05 142192 65038.6 2.05434 0.0316979 0.0316979 32240.8 4.59622e-06 2379.61 15.1692 2.70379e-07 0.0431169 0.0443389 0.000279261 1.60975e-05 1.60975e-05 0.035787 1.47578e-07 0.00607376 0.000640913 2.58268e-06 0.186201 0.12142 0.00067066 8.87933e-05 8.87933e-05 0.0836788 1.07658e-06 0.0239676 0.00186716 3.89248e+06 inf 
665 1.2703 194464 208672 1242.45 75.7924 75.7924 162385 0.709858 25856 3007.52 3.60073e-05 181570 91127.3 2.58589 0.044136 0.044136 42156.5 6.63195e-06 2709.55 21.1352 3.34901e-07 0.0512682 0.055014 0.000327559 1.99818e-05 1.99818e-05 0.042811 1.87146e-07 0.00681666 0.000792899 3.06281e-06 0.212698 0.144907 0.000757923 0.000106003 0.000106003 0.0963396 1.30898e-06 0.0258433 0.00222337 3.79306e+06 inf 
675 1.49759 223462 250538 1414.49 90.5398 90.5398 188422 0.861526 28028.9 3599.51 4.43141e-05 223353 124373 3.20296 0.0577313 0.0577313 54240.8 8.74604e-06 2994.97 28.572 4.05133e-07 0.0604519 0.0677766 0.000382654 2.44932e-05 2.44932e-05 0.0509728 2.33064e-07 0.00758248 0.000973756 3.43859e-06 0.23826 0.170447 0.00084856 0.000122547 0.000122547 0.109887 1.52043e-06 0.0274357 0.00260408 3.69653e+06 inf 
685 1.78184 257583 300308 1609.26 108.66 108.66 218446 1.05201 30412.5 4304.89 5.6784e-05 279628 170303 3.9799 0.0773423 0.0773423 69979.6 1.18867e-05 3346.34 38.8267 4.94673e-07 0.0715098 0.0833711 0.00044676 3.01661e-05 3.01661e-05 0.0606447 2.92057e-07 0.00844309 0.00119512 3.93949e-06 0.269289 0.20082 0.000951474 0.000143394 0.000143394 0.125498 1.79295e-06 0.0292869 0.00305789 3.60206e+06 inf 
695 2.11819 296920 359570 1832.73 130.472 130.472 253214 1.28561 32917.9 5146.11 7.41758e-05 351211 233436 4.96086 0.105092 0.105092 90288.8 1.65402e-05 3721.43 52.9782 6.02421e-07 0.0844452 0.102263 0.000521235 3.71068e-05 3.71068e-05 0.0720149 3.65633e-07 0.00936198 0.00146357 4.55335e-06 0.304557 0.2365 0.00106733 0.000168854 0.000168854 0.143151 2.13785e-06 0.0311567 0.00359515 3.51613e+06 inf 
705 2.5094 341663 428796 2080.67 156.15 156.15 292627 1.56423 35502.5 6128.96 9.56255e-05 440234 317114 6.13528 0.141199 0.141199 115741 2.2599e-05 4118.77 71.5997 7.30108e-07 0.0994066 0.124758 0.000605369 4.54317e-05 4.54317e-05 0.0851394 4.55111e-07 0.0103294 0.00178321 5.2239e-06 0.343808 0.276947 0.00119104 0.000197529 0.000197529 0.162561 2.52349e-06 0.0330402 0.00420143 3.43703e+06 inf 
715 2.98844 395077 511769 2368.13 188.014 188.014 338756 1.9137 38417.4 7311.49 0.000123552 554193 431461 7.63945 0.191084 0.191084 149071 3.10463e-05 4574.64 97.0674 8.88817e-07 0.117503 0.152209 0.000704323 5.59188e-05 5.59188e-05 0.100752 5.6917e-07 0.011426 0.00217457 5.99639e-06 0.388613 0.324279 0.00133268 0.000231743 0.000231743 0.184893 2.98492e-06 0.0350718 0.00491333 3.36227e+06 inf 
725 3.5146 453433 606761 2684.85 224.23 224.23 390246 2.31532 41197.2 8666.32 0.000161323 690118 578332 9.4197 0.255858 0.255858 189730 4.26187e-05 5001.38 129.846 1.06426e-06 0.137305 0.183735 0.000813006 6.78997e-05 6.78997e-05 0.118171 7.01109e-07 0.012475 0.00262427 6.90782e-06 0.436032 0.375989 0.00148035 0.000269938 0.000269938 0.208538 3.52334e-06 0.0368626 0.00569492 3.30238e+06 inf 
735 4.15589 523164 720438 3049.55 269.012 269.012 450372 2.8161 44323.7 10293.8 0.000197975 861431 777639 11.6665 0.340128 0.340128 242582 5.64693e-05 5485.59 173.971 1.28081e-06 0.161235 0.222033 0.000939848 8.29073e-05 8.29073e-05 0.138801 8.67899e-07 0.0136602 0.00317246 7.70544e-06 0.489377 0.436306 0.00164688 0.000312971 0.000312971 0.235576 4.08046e-06 0.0387816 0.00659938 3.24473e+06 inf 
745 4.90073 602320 852675 3460.43 322.1 322.1 518758 3.41769 47474.6 12192.2 0.000258762 1.07833e+06 1.04148e+06 14.4374 0.459757 0.459757 309212 7.81801e-05 5975.37 233.01 1.53505e-06 0.188664 0.267082 0.00108391 0.000100891 0.000100891 0.16249 1.07052e-06 0.0148704 0.00381894 8.87105e-06 0.5497 0.504866 0.00182958 0.000365828 0.000365828 0.265426 4.83138e-06 0.0406267 0.00764207 3.19255e+06 inf 
755 5.80106 694187 1.00691e+06 3921.32 386.106 386.106 596382 4.15429 50805.5 14417.2 0.000339224 1.35829e+06 1.39223e+06 17.8706 0.623344 0.623344 393760 0.000108093 6545.99 311.817 1.85056e-06 0.221448 0.32121 0.00125092 0.000123169 0.000123169 0.190248 1.32523e-06 0.0162071 0.00459915 1.02367e-05 0.619887 0.583909 0.00203371 0.000428577 0.000428577 0.299026 5.72064e-06 0.0427261 0.00884979 3.13476e+06 inf 
765 6.80246 797058 1.18379e+06 4429.92 460.436 460.436 683428 5.01209 54081 16974.4 0.000422955 1.69036e+06 1.84421e+06 21.9531 0.828247 0.828247 498106 0.00014435 7047.44 412.876 2.21892e-06 0.259995 0.386144 0.00144501 0.000150191 0.000150191 0.22293 1.63491e-06 0.0176409 0.00553692 1.15344e-05 0.695549 0.672652 0.00225231 0.000497606 0.000497606 0.335829 6.66432e-06 0.0445828 0.010199 3.06567e+06 inf 
775 8.09405 922685 1.39691e+06 5027.85 554.434 554.434 786146 6.11647 57910.1 20075.3 0.000560258 2.14924e+06 2.46483e+06 27.2658 1.13478 1.13478 635205 0.000201757 7717.92 553.398 2.70022e-06 0.307813 0.466018 0.00167732 0.000184963 0.000184963 0.262263 2.04049e-06 0.0193192 0.00669724 1.3402e-05 0.788828 0.777887 0.00250651 0.000586821 0.000586821 0.37832 7.9463e-06 0.0469203 0.0118222 2.99755e+06 inf 
785 9.46497 1.05761e+06 1.63381e+06 5666.59 659.779 659.779 897624 7.35609 61326.7 23531.4 0.000707373 2.66884e+06 3.23622e+06 33.3917 1.5088 1.5088 799310 0.000270892 8246.08 727.902 3.2196e-06 0.359757 0.555757 0.00192755 0.00022443 0.00022443 0.305336 2.50224e-06 0.0208609 0.00800445 1.51741e-05 0.882274 0.889926 0.00276461 0.000680341 0.000680341 0.422686 9.26743e-06 0.0486807 0.0135474 2.9398e+06 inf 
795 11.1048 1.21697e+06 1.91366e+06 6405.12 788.215 788.215 1.02698e+06 8.87562 65087.8 27636.9 0.000894529 3.32473e+06 4.25167e+06 41.1103 2.00888 2.00888 1.00861e+06 0.000363789 8823.37 958.738 3.85671e-06 0.422657 0.664618 0.00222451 0.000273749 0.000273749 0.356674 3.08252e-06 0.0226052 0.00959836 1.71988e-05 0.987951 1.0173 0.00305438 0.000789144 0.000789144 0.472309 1.08094e-05 0.050531 0.0155191 2.87934e+06 inf 
805 13.1261 1.40229e+06 2.23437e+06 7219.3 944.134 944.134 1.17115e+06 10.7528 69068 32374 0.00115619 4.19483e+06 5.60088e+06 50.6947 2.71827 2.71827 1.27356e+06 0.000497696 9508.89 1268.03 4.65075e-06 0.496851 0.791669 0.0025579 0.00033452 0.00033452 0.414954 3.80988e-06 0.0244717 0.0114705 1.96983e-05 1.11329 1.16522 0.0033792 0.000922614 0.000922614 0.528253 1.27211e-05 0.0526333 0.0178243 2.82236e+06 inf 
815 15.4437 1.61136e+06 2.60051e+06 8125.85 1126.69 1126.69 1.33266e+06 12.9664 73009.7 37808.8 0.00148738 5.26503e+06 7.32425e+06 62.2908 3.65483 3.65483 1.59943e+06 0.000677244 10181.6 1665.68 5.5647e-06 0.580609 0.937025 0.00292793 0.000405974 0.000405974 0.480187 4.6721e-06 0.0263071 0.0136234 2.24716e-05 1.249 1.32706 0.00372452 0.00107336 0.00107336 0.587989 1.49063e-05 0.0545583 0.0203614 2.77529e+06 inf 
825 18.1856 1.8518e+06 3.01915e+06 9131.67 1344.73 1344.73 1.51315e+06 15.6354 77100.1 44062.1 0.00192138 6.62094e+06 9.56043e+06 76.4778 4.92687 4.92687 2.00569e+06 0.000924487 10868.3 2185.28 6.66462e-06 0.678645 1.10645 0.00334655 0.000492814 0.000492814 0.554535 5.73003e-06 0.0282554 0.0161478 2.56851e-05 1.40209 1.50978 0.00410219 0.00125009 0.00125009 0.653859 1.7492e-05 0.0564324 0.0232402 2.72868e+06 inf 
835 21.3961 2.12822e+06 3.50196e+06 10264.8 1604.62 1604.62 1.71784e+06 18.8381 81339.1 51317 0.00248393 8.30749e+06 1.24319e+07 93.8223 6.63095 6.63095 2.51106e+06 0.00125939 11564 2858.66 7.95138e-06 0.790903 1.30142 0.00381468 0.000596321 0.000596321 0.638395 7.00075e-06 0.0302278 0.0190708 2.93236e-05 1.569 1.71065 0.00450722 0.00145212 0.00145212 0.725004 2.04698e-05 0.0581702 0.0264322 2.69087e+06 inf 
845 25.0857 2.43597e+06 4.03864e+06 11481.9 1906.33 1906.33 1.93958e+06 22.5926 85346.1 59441 0.00317898 1.03878e+07 1.60642e+07 114.561 8.8625 8.8625 3.12511e+06 0.00170038 12228.2 3716.4 9.4784e-06 0.92041 1.52596 0.00433833 0.000720291 0.000720291 0.732854 8.53642e-06 0.0322473 0.0224592 3.33363e-05 1.75436 1.93421 0.0049462 0.0016822 0.0016822 0.802321 2.38663e-05 0.0598367 0.0299965 2.64662e+06 inf 
855 29.3956 2.78815e+06 4.65018e+06 12844.7 2264.54 2264.54 2.18795e+06 27.08 89546.4 68763.2 0.00408588 1.29542e+07 2.06775e+07 139.917 11.8307 11.8307 3.88239e+06 0.00229653 12904.6 4818.46 1.13033e-05 1.07211 1.7881 0.00493907 0.000870769 0.000870769 0.841318 1.04129e-05 0.0344326 0.026441 3.79914e-05 1.95749 2.18029 0.00542281 0.00194703 0.00194703 0.886032 2.78324e-05 0.0614534 0.0339659 2.60062e+06 inf 
865 34.4366 3.18743e+06 5.33902e+06 14335.1 2685.42 2685.42 2.46195e+06 32.3955 93803.7 79329.3 0.00517683 1.61437e+07 2.65051e+07 170.247 15.7246 15.7246 4.80599e+06 0.00307276 13594.6 6219.72 1.34596e-05 1.24582 2.08677 0.00560291 0.0010496 0.0010496 0.962261 1.26619e-05 0.0366635 0.0310061 4.29211e-05 2.18123 2.45051 0.00592867 0.00224596 0.00224596 0.975956 3.22595e-05 0.0630022 0.0383356 2.5585e+06 inf 
875 40.7465 3.65969e+06 6.13545e+06 16027.1 3202.56 3202.56 2.77237e+06 39.0267 98637.2 91653.8 0.00677184 2.03928e+07 3.41571e+07 208.447 21.2822 21.2822 5.9712e+06 0.00421101 14469.5 8083.18 1.61695e-05 1.45228 2.43474 0.00636007 0.00127088 0.00127088 1.10016 1.5487e-05 0.0391423 0.0363711 4.92526e-05 2.44609 2.76164 0.00650135 0.00261349 0.00261349 1.07666 3.78313e-05 0.0648832 0.0434143 2.51996e+06 inf 
885 47.7389 4.17543e+06 7.00935e+06 17836.4 3789.67 3789.67 3.10637e+06 46.5888 103055 105270 0.00875255 2.54231e+07 4.35065e+07 252.976 28.3585 28.3585 7.35086e+06 0.0056796 15185.5 10381.2 1.92499e-05 1.68367 2.8264 0.0071922 0.00152812 0.00152812 1.25259 1.87861e-05 0.0415551 0.0424484 5.62028e-05 2.72335 3.09107 0.00709086 0.00301661 0.00301661 1.18116 4.40146e-05 0.0663059 0.0488278 2.47996e+06 inf 
895 56.125 4.76558e+06 7.99362e+06 19831.1 4488.92 4488.92 3.47513e+06 55.7032 107714 120735 0.0113548 3.18039e+07 5.53559e+07 307.114 37.9578 37.9578 9.04261e+06 0.00769455 16010.8 13332.9 2.3024e-05 1.95497 3.2792 0.00813525 0.00184148 0.00184148 1.42559 2.2851e-05 0.0441873 0.0495287 6.4249e-05 3.03725 3.45765 0.00773334 0.00349003 0.00349003 1.29507 5.13259e-05 0.0679379 0.0549218 2.43767e+06 inf 
905 66.2813 5.44616e+06 9.10479e+06 22044.5 5325.98 5325.98 3.88401e+06 66.7548 112884 138362 0.0150191 3.99847e+07 7.03815e+07 373.219 51.1686 51.1686 1.11167e+07 0.0105462 16976.3 17132.3 2.76262e-05 2.26997 3.7949 0.0091882 0.00221988 0.00221988 1.61886 2.78235e-05 0.0470505 0.0576697 7.41403e-05 3.39307 3.86444 0.00843419 0.00404961 0.00404961 1.41871 6.0179e-05 0.0697281 0.0617655 2.39922e+06 inf 
915 77.7415 6.19527e+06 1.03237e+07 24417.3 6286.04 6286.04 4.32412e+06 79.5009 117687 157866 0.0193012 4.97567e+07 8.87554e+07 450.948 67.9735 67.9735 1.35814e+07 0.0141437 17798 21827.2 3.30102e-05 2.6306 4.38361 0.0103679 0.00266915 0.00266915 1.83609 3.37573e-05 0.0499716 0.0670321 8.42965e-05 3.76927 4.29777 0.00916432 0.00466243 0.00466243 1.54779 6.97571e-05 0.0711348 0.0691002 2.35508e+06 inf 
925 91.5473 7.05369e+06 1.16946e+07 27040.3 7430.09 7430.09 4.80983e+06 94.876 122826 179968 0.0252201 6.22074e+07 1.11922e+08 545.405 90.998 90.998 1.65883e+07 0.0191871 18734.4 27829.9 3.95193e-05 3.04494 5.04836 0.0116728 0.00320743 0.00320743 2.07631 4.09562e-05 0.0530218 0.0776888 9.65673e-05 4.1931 4.77796 0.00995929 0.00538466 0.00538466 1.68812 8.12729e-05 0.0726358 0.0773183 2.31652e+06 inf 
935 108.046 8.02973e+06 1.32224e+07 29916.4 8780.09 8780.09 5.34148e+06 113.256 128396 204842 0.0333188 7.78836e+07 1.4073e+08 659.043 122.09 122.09 2.02094e+07 0.0261621 19811.4 35411.6 4.73332e-05 3.51768 5.7925 0.0131058 0.0038464 0.0038464 2.34001 4.96155e-05 0.0562478 0.0897375 0.000111157 4.66319 5.30078 0.0108144 0.00622019 0.00622019 1.83786 9.48655e-05 0.0742644 0.0863736 2.28268e+06 inf 
945 126.736 9.09854e+06 1.48857e+07 32999.8 10322.6 10322.6 5.91138e+06 134.405 133698 232186 0.0431332 9.65784e+07 1.75448e+08 791.778 161.725 161.725 2.44671e+07 0.0350531 20798.4 44681.5 5.627e-05 4.0397 6.60914 0.0146517 0.00458317 0.00458317 2.62462 5.96751e-05 0.0593612 0.103089 0.00012643 5.15374 5.84954 0.0116992 0.00712738 0.00712738 1.99365 0.000109555 0.0755686 0.0959738 2.25228e+06 inf 
955 149.164 1.03217e+07 1.6754e+07 36416.7 12150.3 12150.3 6.54163e+06 159.761 139536 263158 0.0563108 1.2013e+08 2.18598e+08 951.583 215.02 215.02 2.95999e+07 0.0472097 21922.3 56359.7 6.69525e-05 4.63291 7.52002 0.0163457 0.00545364 0.00545364 2.93621 7.17089e-05 0.0626309 0.118118 0.000144196 5.69705 6.44726 0.0126467 0.00817126 0.00817126 2.15976 0.00012668 0.0769234 0.106513 2.22791e+06 inf 
965 175.977 1.16929e+07 1.87933e+07 40079.8 14290.9 14290.9 7.21376e+06 189.962 145571 297344 0.07462 1.4984e+08 2.71783e+08 1142.58 287.439 287.439 3.57108e+07 0.0642105 23202.1 71022.6 8.00665e-05 5.32007 8.55062 0.0182356 0.0065021 0.0065021 3.28213 8.6429e-05 0.0662323 0.135286 0.000165952 6.31436 7.10936 0.0136864 0.00940756 0.00940756 2.33996 0.000147461 0.0785482 0.118371 2.19789e+06 inf 
975 206.977 1.3209e+07 2.10226e+07 44045.8 16763.7 16763.7 7.93933e+06 225.21 151583 335178 0.0984817 1.85923e+08 3.36079e+08 1367.76 382.438 382.438 4.29148e+07 0.086886 24447.3 89064.9 9.54273e-05 6.09005 9.69249 0.0203074 0.00772892 0.00772892 3.66044 0.000103833 0.0698878 0.154534 0.000190522 6.97361 7.81061 0.0147722 0.0107976 0.0107976 2.52727 0.000171107 0.0799198 0.131083 2.16895e+06 inf 
985 244.144 1.49633e+07 2.35569e+07 48522.7 19699.7 19699.7 8.75534e+06 267.436 158722 378498 0.128683 2.30568e+08 4.14954e+08 1638.2 506.052 506.052 5.15654e+07 0.116505 25956.7 111499 0.0001136 6.96241 10.961 0.0225775 0.00916623 0.00916623 4.07385 0.000124437 0.0738531 0.176115 0.000216728 7.66863 8.54014 0.0158904 0.0123063 0.0123063 2.71976 0.000196786 0.0813839 0.144444 2.14916e+06 inf 
995 288.254 1.68932e+07 2.62636e+07 53217.8 23097.5 23097.5 9.6033e+06 317.268 165620 425269 0.171188 2.86697e+08 5.11104e+08 1958.12 675.247 675.247 6.17076e+07 0.158423 27543.6 139363 0.000135999 7.97022 12.3912 0.0251082 0.0108974 0.0108974 4.53084 0.000149688 0.0781394 0.200642 0.000249541 8.46992 9.35938 0.0171295 0.0141361 0.0141361 2.93004 0.000228774 0.0830021 0.159669 2.11954e+06 inf 
1005 340.243 1.90577e+07 2.92394e+07 58328.2 27058.6 27058.6 1.0523e+07 376.032 173025 477285 0.226616 3.55495e+08 6.27301e+08 2336.08 896.513 896.513 7.36695e+07 0.213835 29264.1 173571 0.000162654 9.11058 13.978 0.0278839 0.0129354 0.0129354 5.03053 0.000179763 0.0827151 0.228167 0.000286144 9.3243 10.2225 0.0184189 0.0161634 0.0161634 3.14828 0.000264404 0.0845458 0.175829 2.09182e+06 inf 
1015 400.799 2.1437e+07 3.24409e+07 63789.1 31592.5 31592.5 1.14962e+07 444.333 180659 533872 0.299801 4.39113e+08 7.65331e+08 2778.04 1185.42 1185.42 8.75072e+07 0.287941 31157.2 215019 0.000194144 10.3839 15.7141 0.030899 0.0153032 0.0153032 5.56869 0.000215232 0.0875101 0.258604 0.000327917 10.241 11.126 0.0197716 0.0184396 0.0184396 3.37307 0.000305207 0.0862225 0.193075 2.06444e+06 inf 
1025 473.014 2.41063e+07 3.59506e+07 69718.2 36894.7 36894.7 1.25462e+07 525.417 188744 596527 0.398833 5.43056e+08 9.32708e+08 3301.99 1570.88 1570.88 1.03815e+08 0.388964 33239.4 266103 0.000231992 11.823 17.6321 0.0341936 0.0180952 0.0180952 6.15332 0.000257693 0.0925704 0.292569 0.000376549 11.2499 12.1061 0.0212196 0.0210478 0.0210478 3.61295 0.000352652 0.0879383 0.211931 2.03892e+06 inf 
1035 558.548 2.70839e+07 3.97799e+07 76152.4 43056.5 43056.5 1.36748e+07 621.143 197292 665697 0.532574 6.71109e+08 1.13372e+09 3921.71 2081.02 2081.02 1.22892e+08 0.525897 35526.6 328610 0.000277228 13.4428 19.7443 0.0377973 0.0213706 0.0213706 6.7873 0.000308297 0.0979237 0.330411 0.000432991 12.3446 13.1481 0.0227565 0.0240039 0.0240039 3.86373 0.000407401 0.0896891 0.232229 2.01476e+06 inf 
1045 659.87 3.04238e+07 4.39816e+07 83194.3 50216.7 50216.7 1.48976e+07 734.038 206740 742218 0.710325 8.2808e+08 1.37384e+09 4653.02 2752.43 2752.43 1.45152e+08 0.710165 38132.4 404681 0.000330872 15.2551 22.0532 0.0417152 0.0251796 0.0251796 7.46993 0.000368061 0.103663 0.372162 0.000496683 13.5092 14.2312 0.0243506 0.027315 0.027315 4.12097 0.000469704 0.0915109 0.253791 1.99434e+06 inf 
1055 778.8 3.41012e+07 4.84968e+07 90722 58463 58463 1.61918e+07 866.04 216357 825471 0.946464 1.01939e+09 1.65898e+09 5511.56 3631.29 3631.29 1.70938e+08 0.956197 40896.2 496563 0.000395037 17.2974 24.5994 0.0460176 0.0296546 0.0296546 8.21309 0.000439288 0.109744 0.41871 0.000569235 14.7605 15.3743 0.0260393 0.0310247 0.0310247 4.38766 0.000540412 0.0932752 0.27669 1.97146e+06 inf 
1065 918.813 3.81678e+07 5.33827e+07 98856.4 67956.2 67956.2 1.75742e+07 1020.7 226533 916584 1.26347 1.25268e+09 1.99626e+09 6515.81 4784.82 4784.82 2.00715e+08 1.28794 43968.5 607578 0.000470316 19.5371 27.3252 0.050602 0.034785 0.034785 8.99575 0.000522471 0.115956 0.469175 0.000652332 16.1095 16.5881 0.0278337 0.0352027 0.0352027 4.67089 0.000621521 0.0951865 0.30146 1.95361e+06 inf 
1075 1084.31 4.26561e+07 5.86195e+07 107517 78903.1 78903.1 1.90316e+07 1202.35 237228 1.01559e+06 1.68992 1.53809e+09 2.39555e+09 7692.37 6303.39 6303.39 2.351e+08 1.73587 47375.5 741683 0.000561206 22.0775 30.3397 0.0556475 0.0408378 0.0408378 9.85018 0.000622299 0.122782 0.52564 0.000748132 17.5686 17.8709 0.0297438 0.0399339 0.0399339 4.96532 0.000714966 0.0971839 0.327987 1.93211e+06 inf 
1085 1280.7 4.76628e+07 6.43436e+07 116991 91578 91578 2.06046e+07 1416.27 248687 1.12443e+06 2.27225 1.8881e+09 2.86942e+09 9077.41 8309.64 8309.64 2.74893e+08 2.34537 51161.8 903435 0.000668423 24.8761 33.5822 0.0610598 0.0477963 0.0477963 10.7539 0.000739178 0.129794 0.586864 0.000859734 19.1472 19.2313 0.0317707 0.0453042 0.0453042 5.27489 0.00082323 0.0992759 0.356526 1.91601e+06 inf 
1095 1511.12 5.31511e+07 7.04539e+07 127119 106112 106112 2.22656e+07 1666.1 260650 1.24255e+06 3.04837 2.31177e+09 3.42435e+09 10694.1 10925.2 10925.2 3.20582e+08 3.16025 55305.8 1.09729e+06 0.000796375 28.0111 37.1298 0.0669929 0.0559218 0.0559218 11.7341 0.000878047 0.137365 0.654835 0.000986054 20.8255 20.6407 0.0338795 0.0512877 0.0512877 5.59102 0.000945786 0.101378 0.386616 1.8975e+06 inf 
1105 1788.67 5.93712e+07 7.72209e+07 138345 123152 123152 2.40825e+07 1964.38 274040 1.37427e+06 4.10956 2.83628e+09 4.08794e+09 12617.5 14388.3 14388.3 3.73912e+08 4.27029 60104.6 1.3329e+06 0.000949404 31.5135 40.9879 0.0734316 0.0653674 0.0653674 12.7827 0.00104267 0.145457 0.729447 0.00113134 22.6354 22.1319 0.0361249 0.0580019 0.0580019 5.92207 0.00108603 0.103658 0.418799 1.88399e+06 inf 
1115 2112.78 6.61488e+07 8.44169e+07 150331 142574 142574 2.59948e+07 2310.66 287824 1.51604e+06 5.53331 3.46762e+09 4.85886e+09 14853.9 18902 18902 4.34652e+08 5.75893 65275.9 1.61229e+06 0.00112992 35.3765 45.1463 0.0803975 0.076249 0.076249 13.902 0.00123575 0.153929 0.810783 0.00129712 24.5559 23.6715 0.0384727 0.0655354 0.0655354 6.25984 0.00124612 0.105904 0.452647 1.86985e+06 inf 
1125 2488.93 7.34281e+07 9.19068e+07 162845 164490 164490 2.79543e+07 2709.99 301623 1.6661e+06 7.43509 4.22266e+09 5.74565e+09 17431.1 24741.2 24741.2 5.03041e+08 7.74455 70841.2 1.94162e+06 0.00134453 39.6663 49.6486 0.08797 0.0888583 0.0888583 15.1011 0.00146395 0.162939 0.900038 0.00148617 26.6024 25.2754 0.0409594 0.0739563 0.0739563 6.61087 0.00142846 0.108258 0.488681 1.85114e+06 inf 
1135 2945.47 8.18448e+07 1.00455e+08 177247 190522 190522 3.01895e+07 3191.68 317888 1.83815e+06 10.0426 5.15803e+09 6.80967e+09 20539.2 32482.5 32482.5 5.83886e+08 10.4554 77388.9 2.3434e+06 0.00159779 44.3972 54.4922 0.0961484 0.10335 0.10335 16.3765 0.00173134 0.17244 0.997117 0.0017014 28.7557 26.9175 0.0435553 0.0833017 0.0833017 6.96731 0.00163524 0.110654 0.52626 1.84347e+06 inf 
1145 3472.96 9.07567e+07 1.09192e+08 192007 219633 219633 3.24333e+07 3743.51 333646 2.01709e+06 13.5592 6.27207e+09 8.02244e+09 24088.9 42510.1 42510.1 6.73866e+08 14.0907 84290.9 2.81221e+06 0.00189868 49.617 59.6956 0.104971 0.120074 0.120074 17.7314 0.00204659 0.182405 1.10275 0.00195138 31.0985 28.6764 0.0463747 0.0939287 0.0939287 7.34869 0.00187482 0.113184 0.566912 1.82914e+06 inf 
1155 4103.22 1.00784e+08 1.18823e+08 208424 253575 253575 3.48948e+07 4398.35 351169 2.21584e+06 18.3339 7.63151e+09 9.45002e+09 28302.4 55676.8 55676.8 7.78208e+08 19.0097 92138.1 3.37438e+06 0.00225639 55.4216 65.3416 0.114614 0.139442 0.139442 19.1889 0.00241868 0.19311 1.21851 0.00223397 33.542 30.4482 0.0492677 0.105702 0.105702 7.72846 0.00214559 0.115654 0.608966 1.81849e+06 inf 
1165 4834.4 1.11593e+08 1.28935e+08 225796 291841 291841 3.74511e+07 5152.54 369034 2.42714e+06 24.7316 9.24686e+09 1.10798e+10 33154 72594.4 72594.4 8.95176e+08 25.5475 100607 4.02984e+06 0.0026745 61.7357 71.3297 0.124915 0.161453 0.161453 20.7188 0.0028505 0.204158 1.34275 0.00255522 36.1147 32.2746 0.0523232 0.118717 0.118717 8.1217 0.00245115 0.118228 0.653011 1.80759e+06 inf 
1175 5700.12 1.23444e+08 1.39683e+08 244484 335822 335822 4.01388e+07 6038.92 387806 2.65493e+06 33.4626 1.12016e+10 1.297e+10 38865.1 94799.4 94799.4 1.02857e+09 34.4319 109977 4.80754e+06 0.00317776 68.8186 77.8719 0.136298 0.187218 0.187218 22.377 0.00336664 0.216198 1.4801 0.00292522 38.8434 34.1557 0.0555873 0.133414 0.133414 8.52575 0.00280378 0.120704 0.699621 1.79375e+06 inf 
1185 6740.01 1.36931e+08 1.51753e+08 265726 387483 387483 4.31646e+07 7097.82 409235 2.91245e+06 45.3543 1.35891e+10 1.51987e+10 45696.4 123955 123955 1.18439e+09 46.4639 120814 5.74236e+06 0.00376763 76.5438 84.829 0.148539 0.216601 0.216601 24.1288 0.00396764 0.22876 1.62805 0.00334033 41.6808 36.056 0.0589925 0.149581 0.149581 8.93684 0.00319857 0.123301 0.747942 1.78892e+06 inf 
1195 7923.41 1.5103e+08 1.63963e+08 287480 444399 444399 4.61841e+07 8292.41 429850 3.17663e+06 61.0887 1.63667e+10 1.76785e+10 53414.1 160850 160850 1.35458e+09 62.2492 132034 6.80443e+06 0.00445254 84.8709 92.1386 0.161549 0.249729 0.249729 25.9531 0.0046599 0.241553 1.7851 0.00380835 44.6559 38.011 0.0625928 0.167406 0.167406 9.3616 0.00364227 0.125889 0.798214 1.77952e+06 inf 
1205 9349.43 1.66798e+08 1.77268e+08 311444 510866 510866 4.94537e+07 9719.82 452434 3.46803e+06 83.114 1.97756e+10 2.05925e+10 62606.5 209913 209913 1.55144e+09 84.0894 144924 8.07843e+06 0.00527941 94.1871 100.099 0.175865 0.288475 0.288475 27.9254 0.00548856 0.255479 1.95831 0.00436582 47.9124 40.103 0.0665128 0.187924 0.187924 9.80991 0.00416642 0.128708 0.852472 1.77092e+06 inf 
1215 11047.4 1.8448e+08 1.91937e+08 338393 588290 588290 5.30672e+07 11411.6 477256 3.79194e+06 112.841 2.38906e+10 2.39818e+10 73605.9 273967 273967 1.77931e+09 113.482 159369 9.59193e+06 0.00624774 104.331 108.549 0.191375 0.332702 0.332702 30.0117 0.00645376 0.269908 2.1445 0.00497816 51.2462 42.1887 0.0707295 0.210354 0.210354 10.2746 0.00474635 0.131452 0.908716 1.76822e+06 inf 
1225 12984 2.03005e+08 2.06832e+08 366247 673760 673760 5.67014e+07 13325.4 501512 4.12541e+06 152.561 2.86664e+10 2.77384e+10 86089.2 355195 355195 2.02819e+09 152.295 174468 1.1306e+07 0.00736975 115.226 117.398 0.207882 0.382426 0.382426 32.1838 0.00756349 0.284659 2.34159 0.00568158 54.7189 44.2947 0.075163 0.235285 0.235285 10.7428 0.00540707 0.134156 0.966562 1.7618e+06 inf 
1235 15306.2 2.23887e+08 2.23316e+08 397513 773747 773747 6.0727e+07 15605.6 528601 4.49736e+06 206.663 3.44582e+10 3.21266e+10 100999 461460 461460 2.31691e+09 204.769 191631 1.33442e+07 0.00870262 127.294 126.97 0.226013 0.439927 0.439927 34.5274 0.00887283 0.300545 2.55705 0.00646267 58.2057 46.311 0.079642 0.262364 0.262364 11.1883 0.00613987 0.136483 1.02398 1.75881e+06 inf 
1245 17994.1 2.46171e+08 2.40411e+08 430835 886283 886283 6.48979e+07 18230.5 555822 4.88967e+06 279.309 4.12574e+10 3.70505e+10 118344 597916 597916 2.63922e+09 274.716 209995 1.56924e+07 0.0102542 140.285 137.002 0.245518 0.505063 0.505063 36.9831 0.0103889 0.316744 2.78646 0.00734979 61.8984 48.418 0.0846214 0.29265 0.29265 11.6728 0.00697293 0.139077 1.08546 1.7548e+06 inf 
1255 21190.9 2.7076e+08 2.58853e+08 467341 1.01608e+06 1.01608e+06 6.93739e+07 21324.8 584960 5.31526e+06 379.4 4.94355e+10 4.27274e+10 138843 776628 776628 3.00632e+09 369.911 230468 1.844e+07 0.0120927 154.51 147.716 0.26669 0.579833 0.579833 39.5886 0.0121691 0.33381 3.03318 0.00838295 65.8569 50.6232 0.0900435 0.327078 0.327078 12.1785 0.00793754 0.141734 1.15009 1.75237e+06 inf 
1265 24921.6 2.97504e+08 2.78477e+08 507245 1.16396e+06 1.16396e+06 7.41542e+07 24918.2 615523 5.77357e+06 513.48 5.90625e+10 4.91445e+10 162960 1.00603e+06 1.00603e+06 3.421e+09 496.506 252683 2.16166e+07 0.0142286 169.856 158.992 0.289605 0.664544 0.664544 42.3373 0.0142267 0.351424 3.29634 0.00952422 69.7846 52.7239 0.0957543 0.364364 0.364364 12.6776 0.00900412 0.144107 1.21484 1.75151e+06 inf 
1275 29301.3 3.26872e+08 2.99642e+08 551261 1.33338e+06 1.33338e+06 7.9325e+07 29113.1 647946 6.27155e+06 693.243 7.04386e+10 5.64368e+10 191361 1.3009e+06 1.3009e+06 3.89128e+09 664.858 276831 2.5293e+07 0.0166991 186.287 170.768 0.314168 0.759902 0.759902 45.208 0.0165918 0.36927 3.57421 0.0107808 73.761 54.7904 0.101768 0.404899 0.404899 13.1875 0.0101794 0.146316 1.28051 1.75467e+06 inf 
1285 34422.9 3.58413e+08 3.2173e+08 598571 1.52595e+06 1.52595e+06 8.47259e+07 33987.5 681011 6.79881e+06 937.866 8.38492e+10 6.4657e+10 224761 1.68341e+06 1.68341e+06 4.42019e+09 891.735 302967 2.95303e+07 0.0196126 204.207 183.307 0.341037 0.869417 0.869417 48.2728 0.0193645 0.388008 3.87364 0.0122351 77.9288 56.8957 0.108407 0.450825 0.450825 13.7167 0.0115362 0.148547 1.34903 1.75515e+06 inf 
1295 40405.7 3.92533e+08 3.45105e+08 650170 1.74514e+06 1.74514e+06 9.04559e+07 39646.9 715196 7.36167e+06 1267.1 9.95838e+10 7.39101e+10 264110 2.17563e+06 2.17563e+06 5.01479e+09 1194.22 331055 3.43865e+07 0.022998 223.421 196.426 0.370062 0.993295 0.993295 51.4854 0.0225661 0.407073 4.1901 0.013867 82.2427 59.0328 0.115671 0.501679 0.501679 14.2673 0.0130573 0.150733 1.41953 1.75692e+06 inf 
1305 47476.6 4.30316e+08 3.70636e+08 707962 1.99862e+06 1.99862e+06 9.67517e+07 46301.6 752057 7.97924e+06 1712.39 1.18205e+11 8.44721e+10 311109 2.81356e+06 2.81356e+06 5.69537e+09 1599.87 361751 4.00182e+07 0.0269209 244.004 210.163 0.401439 1.13329 1.13329 54.8616 0.0262546 0.426442 4.52451 0.0156923 86.5335 61.0732 0.123516 0.557709 0.557709 14.8216 0.0147606 0.152553 1.49015 1.76356e+06 inf 
1315 55759 4.71358e+08 3.97811e+08 771609 2.28901e+06 2.28901e+06 1.03509e+08 54061.6 790518 8.64388e+06 2311.15 1.40027e+11 9.63719e+10 366899 3.63637e+06 3.63637e+06 6.46675e+09 2140.77 394868 4.64913e+07 0.0314738 266.063 224.549 0.435543 1.29206 1.29206 58.4266 0.0305156 0.446216 4.87913 0.0177188 90.8299 63.0555 0.131919 0.619016 0.619016 15.3806 0.0166485 0.154203 1.56096 1.7716e+06 inf 
1325 65361.5 5.15177e+08 4.26175e+08 840640 2.61772e+06 2.61772e+06 1.10606e+08 63013.9 829203 9.34476e+06 3112.75 1.65297e+11 1.09601e+11 432621 4.69222e+06 4.69222e+06 7.32916e+09 2859.11 429597 5.38281e+07 0.0367316 289.517 239.5 0.47242 1.4711 1.4711 62.1578 0.0354123 0.465992 5.25153 0.0200021 95.2517 65.058 0.141218 0.687593 0.687593 15.9758 0.0187809 0.155803 1.63448 1.77944e+06 inf 
1335 76493.1 5.61935e+08 4.55753e+08 915526 2.99039e+06 2.99039e+06 1.18065e+08 73342.9 868346 1.00834e+07 4181.35 1.94499e+11 1.24294e+11 510238 6.04459e+06 6.04459e+06 8.29481e+09 3809 466192 6.21271e+07 0.0428319 314.653 255.197 0.512644 1.67445 1.67445 66.1098 0.041068 0.486227 5.64617 0.0225112 99.5107 66.8742 0.151331 0.76213 0.76213 16.557 0.0211246 0.156926 1.70546 1.78589e+06 inf 
1345 89690 6.14202e+08 4.88613e+08 1.00124e+06 3.42482e+06 3.42482e+06 1.26446e+08 85538.1 911099 1.09043e+07 5619.42 2.28851e+11 1.41042e+11 604042 7.79577e+06 7.79577e+06 9.40744e+09 5076.44 505708 7.17007e+07 0.0498082 341.09 271.345 0.556023 1.90193 1.90193 70.2204 0.0475025 0.505967 6.05557 0.0252946 103.668 68.5397 0.162127 0.843764 0.843764 17.1287 0.0237202 0.157593 1.77432 1.80071e+06 inf 
1355 105073 6.7012e+08 5.22959e+08 1.09521e+06 3.92057e+06 3.92057e+06 1.35308e+08 99685.2 954211 1.17711e+07 7552.45 2.6863e+11 1.59659e+11 716201 1.0059e+07 1.0059e+07 1.06605e+10 6765.39 547214 8.25366e+07 0.0578971 369.246 288.158 0.603475 2.16029 2.16029 74.5569 0.054928 0.525785 6.48607 0.0284507 108.058 70.2818 0.174515 0.935845 0.935845 17.7586 0.0266598 0.158347 1.84656 1.81483e+06 inf 
1365 122868 7.2983e+08 5.5888e+08 1.19804e+06 4.48273e+06 4.48273e+06 1.44693e+08 115970 997494 1.26847e+07 10111.3 3.14161e+11 1.80153e+11 849047 1.29439e+07 1.29439e+07 1.20609e+10 8981.61 589836 9.46517e+07 0.0671663 398.963 305.513 0.654914 2.45049 2.45049 79.0968 0.0633952 0.545282 6.93411 0.0318759 112.094 71.7139 0.187673 1.03483 1.03483 18.3533 0.0298474 0.158437 1.91302 1.82932e+06 inf 
1375 143953 7.95886e+08 5.98158e+08 1.31517e+06 5.13778e+06 5.13778e+06 1.55088e+08 135172 1.04358e+06 1.36846e+07 13561.8 3.67425e+11 2.03318e+11 1.0111e+06 1.66993e+07 1.66993e+07 1.36703e+10 11944 635165 1.08494e+08 0.0778303 430.309 323.404 0.71107 2.77782 2.77782 83.8509 0.0730829 0.56423 7.39878 0.035705 116.139 73.0538 0.202606 1.14562 1.14562 18.9759 0.033416 0.158295 1.9792 1.84957e+06 inf 
1385 167951 8.64386e+08 6.37769e+08 1.44131e+06 5.86975e+06 5.86975e+06 1.65782e+08 156932 1.08715e+06 1.47052e+07 18076.3 4.2706e+11 2.28157e+11 1.20215e+06 2.14475e+07 2.14475e+07 1.54387e+10 15789.4 679468 1.2361e+08 0.0899709 463.05 341.652 0.772108 3.14441 3.14441 88.8089 0.0840684 0.582386 7.87756 0.0398579 119.834 74.1431 0.218723 1.26572 1.26572 19.5819 0.0372945 0.157531 2.04006 1.86672e+06 inf 
1395 196456 9.40978e+08 6.8188e+08 1.58741e+06 6.72942e+06 6.72942e+06 1.77859e+08 182694 1.13488e+06 1.58387e+07 24118.7 4.96559e+11 2.56318e+11 1.43745e+06 2.76216e+07 2.76216e+07 1.74845e+10 20897.9 726735 1.40857e+08 0.103782 497.092 360.218 0.838583 3.55496 3.55496 93.9579 0.096512 0.599523 8.36713 0.0443903 123.359 75.1577 0.236941 1.39784 1.39784 20.2101 0.0415355 0.156478 2.09806 1.89297e+06 inf 
1405 229289 1.02182e+09 7.27608e+08 1.7486e+06 7.70564e+06 7.70564e+06 1.90636e+08 212260 1.18103e+06 1.70206e+07 32058.3 5.74648e+11 2.86866e+11 1.71984e+06 3.5502e+07 3.5502e+07 1.97652e+10 27562.7 772613 1.59799e+08 0.119444 532.299 379.034 0.910902 4.01411 4.01411 99.3082 0.110573 0.615235 8.86655 0.0493292 126.53 75.9668 0.257242 1.54305 1.54305 20.8367 0.0461731 0.154806 2.15138 1.91964e+06 inf 
1415 267739 1.10981e+09 7.76993e+08 1.93296e+06 8.83891e+06 8.83891e+06 2.04704e+08 246803 1.22841e+06 1.82964e+07 42544.1 6.63484e+11 3.20671e+11 2.0668e+06 4.56684e+07 4.56684e+07 2.23622e+10 36312.9 818341 1.80895e+08 0.137148 568.494 398.012 0.990152 4.52769 4.52769 104.859 0.126424 0.629247 9.37226 0.0546203 129.155 76.4787 0.279839 1.70101 1.70101 21.4386 0.051168 0.152448 2.19625 1.95219e+06 inf 
1425 311947 1.20207e+09 8.27946e+08 2.1389e+06 1.01299e+07 1.01299e+07 2.19604e+08 286424 1.27329e+06 1.9619e+07 56240.7 7.62054e+11 3.5697e+11 2.48902e+06 5.86584e+07 5.86584e+07 2.52545e+10 47675.9 861001 2.03779e+08 0.15711 605.413 416.99 1.07725 5.10188 5.10188 110.602 0.144256 0.641285 9.88099 0.0603461 131.449 76.8431 0.305156 1.87451 1.87451 22.0546 0.0565853 0.149637 2.23569 1.98553e+06 inf 
1435 363395 1.30215e+09 8.83062e+08 2.37512e+06 1.16244e+07 1.16244e+07 2.3605e+08 332447 1.31894e+06 2.1043e+07 74084.6 8.72325e+11 3.96634e+11 3.00872e+06 7.52855e+07 7.52855e+07 2.85249e+10 62405.2 901409 2.28836e+08 0.17925 642.307 435.584 1.17156 5.73392 5.73392 116.435 0.163984 0.650586 10.3798 0.0664281 133.151 76.893 0.333975 2.06345 2.06345 22.6525 0.0623815 0.146191 2.26648 2.02731e+06 inf 
1445 422843 1.40788e+09 9.40652e+08 2.64278e+06 1.33407e+07 1.33407e+07 2.53684e+08 385487 1.36193e+06 2.25275e+07 97273.1 9.93912e+11 4.39217e+11 3.64857e+06 9.65367e+07 9.65367e+07 3.2175e+10 81433.5 937015 2.55738e+08 0.204068 679.453 453.967 1.27543 6.43834 6.43834 122.43 0.186039 0.657279 10.872 0.0728101 134.217 76.7087 0.366214 2.26654 2.26654 23.2111 0.0684827 0.142113 2.28506 2.07207e+06 inf 
1455 491771 1.52134e+09 1.00217e+09 2.95205e+06 1.53269e+07 1.53269e+07 2.73025e+08 446882 1.40389e+06 2.41048e+07 127208 1.12744e+12 4.8489e+11 4.44427e+06 1.23652e+08 1.23652e+08 3.62681e+10 105876 967451 2.84533e+08 0.231375 715.781 471.516 1.38892 7.21121 7.21121 128.456 0.210255 0.660523 11.3412 0.0794753 134.581 76.2262 0.402359 2.48517 2.48517 23.7245 0.0748771 0.137437 2.2911 2.12543e+06 inf 
1465 570757 1.63965e+09 1.06566e+09 3.30507e+06 1.76006e+07 1.76006e+07 2.93673e+08 517128 1.44142e+06 2.57282e+07 165528 1.27089e+12 5.3266e+11 5.43407e+06 1.58077e+08 1.58077e+08 4.0785e+10 137028 989888 3.1462e+08 0.261461 751.117 488.172 1.51404 8.06277 8.06277 134.53 0.236894 0.660308 11.786 0.0864051 134.207 75.4829 0.443857 2.72144 2.72144 24.1882 0.0815679 0.132123 2.28399 2.18295e+06 inf 
1475 661822 1.76528e+09 1.13291e+09 3.7173e+06 2.0228e+07 2.0228e+07 3.16211e+08 597989 1.47601e+06 2.74297e+07 214167 1.4242e+12 5.82696e+11 6.6806e+06 2.01593e+08 2.01593e+08 4.57811e+10 176382 1.00379e+06 3.4576e+08 0.294067 784.364 503.386 1.6517 8.98788 8.98788 140.502 0.265704 0.655833 12.1878 0.0931966 132.612 74.2411 0.490163 2.96505 2.96505 24.5175 0.0881655 0.126072 2.25574 2.25058e+06 inf 
1485 766939 1.8992e+09 1.20476e+09 4.19969e+06 2.32687e+07 2.32687e+07 3.40945e+08 691139 1.50749e+06 2.92194e+07 275491 1.58634e+12 6.34805e+11 8.25176e+06 2.56343e+08 2.56343e+08 5.12785e+10 225749 1.00793e+06 3.77533e+08 0.328925 814.53 516.698 1.80116 9.97948 9.97948 146.225 0.296416 0.646533 12.5316 0.0998054 129.961 72.6539 0.542977 3.2172 3.2172 24.7128 0.0946411 0.119494 2.20787 2.33165e+06 inf 
1495 885646 2.03435e+09 1.27656e+09 4.76033e+06 2.67293e+07 2.67293e+07 3.66901e+08 796299 1.53019e+06 3.09913e+07 351592 1.74995e+12 6.85998e+11 1.02527e+07 3.24693e+08 3.24693e+08 5.71491e+10 286835 998870 4.08248e+08 0.366248 841.28 527.908 1.96858 11.0536 11.0536 151.728 0.3293 0.632793 12.8161 0.106107 126.174 70.7078 0.603801 3.47725 3.47725 24.7395 0.100888 0.112446 2.13867 2.41816e+06 inf 
1505 1.02184e+06 2.17715e+09 1.35295e+09 5.43095e+06 3.07344e+07 3.07344e+07 3.95384e+08 916816 1.54825e+06 3.28323e+07 444974 1.91488e+12 7.36994e+11 1.28257e+07 4.09224e+08 4.09224e+08 6.34478e+10 361476 977642 4.37614e+08 0.404835 862.549 536.014 2.15164 12.1764 12.1764 156.644 0.363226 0.613388 13.0076 0.111351 121.031 68.3607 0.672129 3.72321 3.72321 24.4858 0.106194 0.105258 2.04391 2.52409e+06 inf 
1515 1.17383e+06 2.31831e+09 1.4283e+09 6.22028e+06 3.52548e+07 3.52548e+07 4.24985e+08 1.05119e+06 1.55483e+06 3.46007e+07 556611 2.069e+12 7.83539e+11 1.6132e+07 5.11587e+08 5.11587e+08 6.98699e+10 450353 940383 4.62919e+08 0.444279 877.452 540.593 2.3543 13.3435 13.3435 160.851 0.397861 0.588484 13.0959 0.115266 114.745 65.7139 0.750351 3.94716 3.94716 23.911 0.110271 0.0980248 1.92508 2.6421e+06 inf 
1525 1.34521e+06 2.46247e+09 1.50596e+09 7.18044e+06 4.04298e+07 4.04298e+07 4.56799e+08 1.20265e+06 1.55385e+06 3.63621e+07 687912 2.20932e+12 8.25271e+11 2.0478e+07 6.3428e+08 6.3428e+08 7.63787e+10 554494 890150 4.83598e+08 0.482905 883.982 540.613 2.57765 14.5136 14.5136 163.982 0.431728 0.557806 13.0533 0.117264 108.081 63.2092 0.840813 4.12931 4.12931 22.9857 0.112535 0.0916554 1.79261 2.78566e+06 inf 
1535 1.53007e+06 2.59613e+09 1.57813e+09 8.32515e+06 4.61095e+07 4.61095e+07 4.88534e+08 1.36578e+06 1.53723e+06 3.79112e+07 833895 2.31609e+12 8.55537e+11 2.61326e+07 7.73838e+08 7.73838e+08 8.23114e+10 669599 823361 4.95473e+08 0.518817 880.296 535.11 2.82289 15.6348 15.6348 165.652 0.463108 0.521243 12.8549 0.116558 102.074 61.2553 0.944636 4.23632 4.23632 21.6687 0.112153 0.0865471 1.66027 2.94916e+06 inf 
1545 1.7332e+06 2.72447e+09 1.64835e+09 9.75646e+06 5.24804e+07 5.24804e+07 5.2141e+08 1.54485e+06 1.50942e+06 3.93215e+07 993153 2.38662e+12 8.73975e+11 3.37709e+07 9.30264e+08 9.30264e+08 8.75435e+10 794319 745037 4.98394e+08 0.550001 864.562 523.074 3.09604 16.6537 16.6537 165.46 0.49023 0.478987 12.478 0.112511 99.4214 61.1071 1.06354 4.22564 4.22564 20.0828 0.108342 0.0836418 1.56732 3.15127e+06 inf 
1555 1.94135e+06 2.82904e+09 1.70612e+09 1.15037e+07 5.91576e+07 5.91576e+07 5.51801e+08 1.72766e+06 1.46304e+06 4.03246e+07 1.14949e+06 2.39764e+12 8.72741e+11 4.3922e+07 1.08841e+09 1.08841e+09 9.10277e+10 915176 655037 4.88107e+08 0.572818 834.742 503.412 3.39431 17.4552 17.4552 162.816 0.509769 0.431689 11.8983 0.105122 103.251 63.9453 1.19934 4.0577 4.0577 18.7047 0.100847 0.0831923 1.56627 3.38911e+06 inf 
1565 2.14559e+06 2.90254e+09 1.74733e+09 1.36664e+07 6.5869e+07 6.5869e+07 5.77937e+08 1.90608e+06 1.39844e+06 4.08222e+07 1.28584e+06 2.34028e+12 8.4869e+11 5.74812e+07 1.23041e+09 1.23041e+09 9.20915e+10 1.01829e+06 558314 4.63801e+08 0.583352 789.153 475.071 3.71569 17.9087 17.9087 157.132 0.518231 0.380213 11.0989 0.0964336 116.285 71.0847 1.34978 3.71585 3.71585 18.6503 0.0910623 0.0850558 1.7072 3.67804e+06 inf 
1575 2.32513e+06 2.92563e+09 1.76035e+09 1.63196e+07 7.19386e+07 7.19386e+07 5.95314e+08 2.06128e+06 1.31202e+06 4.05665e+07 1.37905e+06 2.20465e+12 7.97953e+11 7.53866e+07 1.3307e+09 1.3307e+09 8.99343e+10 1.08528e+06 459163 4.24956e+08 0.578179 727.502 437.738 4.05811 17.8886 17.8886 148.034 0.512568 0.326252 10.0875 0.0928982 137.691 82.5143 1.5092 3.30116 3.30116 21.2016 0.084537 0.0879618 1.9785 4.02148e+06 inf 
1585 2.46135e+06 2.89071e+09 1.74014e+09 1.94974e+07 7.66775e+07 7.66775e+07 6.01129e+08 2.17647e+06 1.20675e+06 3.94869e+07 1.41073e+06 1.99866e+12 7.2279e+11 9.753e+07 1.36686e+09 1.36686e+09 8.43928e+10 1.10214e+06 363850 3.74497e+08 0.554648 651.401 392.127 4.39359 17.2787 17.2787 135.46 0.490451 0.271932 8.89808 0.101303 161.432 95.4542 1.63523 3.07539 3.07539 25.844 0.0884097 0.089688 2.28345 4.43769e+06 inf 
1595 2.52299e+06 2.77777e+09 1.67386e+09 2.31187e+07 7.90038e+07 7.90038e+07 5.89876e+08 2.22415e+06 1.08118e+06 3.73628e+07 1.36586e+06 1.73142e+12 6.25883e+11 1.22999e+08 1.32216e+09 1.32216e+09 7.54867e+10 1.05836e+06 276497 3.15402e+08 0.51287 564.663 340.261 4.69955 16.0598 16.0598 119.909 0.452124 0.21978 7.59508 0.120895 181.983 107.01 1.70799 3.29383 3.29383 31.0906 0.103566 0.0888972 2.53564 4.91935e+06 inf 
1605 2.49802e+06 2.59145e+09 1.56345e+09 2.71456e+07 7.84305e+07 7.84305e+07 5.61108e+08 2.19419e+06 942929 3.4318e+07 1.25016e+06 1.43237e+12 5.17483e+11 1.50494e+08 1.20209e+09 1.20209e+09 6.42633e+10 959860 201604 2.53845e+08 0.455359 472.39 284.998 4.94831 14.2969 14.2969 102.283 0.399975 0.171885 6.25576 0.143309 194.811 114.486 1.71683 3.8373 3.8373 35.3919 0.122438 0.0848858 2.67177 5.48583e+06 inf 
1615 2.37612e+06 2.33548e+09 1.41042e+09 3.13086e+07 7.45843e+07 7.45843e+07 5.14572e+08 2.07846e+06 797383 3.04612e+07 1.07799e+06 1.12803e+12 4.07025e+11 1.76747e+08 1.0235e+09 1.0235e+09 5.1878e+10 819362 140795 1.94771e+08 0.387865 381.23 230.228 5.11063 12.1747 12.1747 83.9958 0.339276 0.13016 4.9723 0.159768 196.97 115.911 1.65307 4.34133 4.34133 37.5895 0.136528 0.0777232 2.65886 6.12616e+06 inf 
1625 2.1658e+06 2.0278e+09 1.22526e+09 3.5355e+07 6.77571e+07 6.77571e+07 4.53595e+08 1.88564e+06 652370 2.60637e+07 876000 8.45463e+11 3.04384e+11 1.98848e+08 8.16141e+08 8.16141e+08 3.96921e+10 658534 94181 1.42458e+08 0.316859 296.668 179.256 5.17246 9.9129 9.9129 66.3613 0.275871 0.0954422 3.81314 0.166613 188.892 111.35 1.52881 4.59743 4.59743 37.4588 0.142266 0.068334 2.51031 6.83524e+06 inf 
1635 1.88998e+06 1.69522e+09 1.02412e+09 3.88609e+07 5.87419e+07 5.87419e+07 3.84011e+08 1.63695e+06 516213 2.14935e+07 671526 6.04191e+11 2.16728e+11 2.12834e+08 6.09785e+08 6.09785e+08 2.88207e+10 498774 60476.6 9.95776e+07 0.248904 223.255 134.873 5.11784 7.73609 7.73609 50.5729 0.21558 0.0679833 2.83062 0.16274 172.416 101.742 1.35543 4.52319 4.52319 35.1847 0.138607 0.0578171 2.25868 7.59322e+06 inf 
1645 1.58096e+06 1.36559e+09 8.24147e+08 4.15396e+07 4.86687e+07 4.86687e+07 3.12506e+08 1.36155e+06 395299 1.70995e+07 487883 4.13017e+11 1.47394e+11 2.16979e+08 4.29053e+08 4.29053e+08 1.99364e+10 357713 37370.9 6.67412e+07 0.188541 162.857 98.2857 4.95391 5.80411 5.80411 37.2687 0.162375 0.0471424 2.03925 0.150452 150.774 88.9816 1.15548 4.18091 4.18091 31.4422 0.127648 0.047269 1.94958 8.38522e+06 inf 
1655 1.26838e+06 1.06052e+09 6.38776e+08 4.31505e+07 3.85588e+07 3.85588e+07 2.44578e+08 1.08566e+06 293007 1.31339e+07 337503 2.71081e+11 9.60989e+10 2.11123e+08 2.85666e+08 2.85666e+08 1.31932e+10 244058 22282.9 4.30549e+07 0.138129 115.493 69.5641 4.69918 4.19914 4.19914 26.6351 0.118231 0.0319091 1.43031 0.132948 127.211 75.0082 0.953675 3.67109 3.67109 26.9693 0.112249 0.0375295 1.62572 9.18256e+06 inf 
1665 979042 7.96005e+08 4.78058e+08 4.38799e+07 2.93222e+07 2.93222e+07 1.84614e+08 832549 210616 9.76425e+06 223281 1.71347e+11 6.02524e+10 1.98112e+08 1.80926e+08 1.80926e+08 8.38445e+09 159133 12846.6 2.68097e+07 0.0977212 79.4517 47.7165 4.37979 2.92674 2.92674 18.4269 0.0830993 0.0210223 0.974601 0.112858 103.875 61.1319 0.769175 3.08107 3.08107 22.3009 0.0947527 0.0289883 1.31382 1.00187e+07 inf 
1675 729959 5.79394e+08 3.46652e+08 4.38943e+07 2.1503e+07 2.1503e+07 1.34897e+08 616489 147223 7.04958e+06 141893 1.046e+11 3.64408e+10 1.80408e+08 1.09605e+08 1.09605e+08 5.13549e+09 99615 7175.61 1.61549e+07 0.0668004 53.0218 31.723 4.01688 1.96779 1.96779 12.3448 0.0564165 0.0134727 0.645125 0.0923184 82.2246 48.254 0.611787 2.48153 2.48153 17.8204 0.0770273 0.0217978 1.03063 1.09275e+07 inf 
1685 526771 4.09659e+08 2.43965e+08 4.31625e+07 1.52462e+07 1.52462e+07 9.56026e+07 441698 100195 4.95103e+06 86875.7 6.17693e+10 2.12976e+10 1.59366e+08 6.37506e+07 6.37506e+07 3.03899e+09 60052 3886.9 9.43193e+06 0.0442676 34.426 20.5018 3.6272 1.28123 1.28123 8.03404 0.0371184 0.00841993 0.416064 0.0730824 63.2904 37.0059 0.485665 1.92764 1.92764 13.8144 0.0605701 0.015992 0.78709 1.18997e+07 inf 
1695 368558 2.81606e+08 1.66808e+08 4.19187e+07 1.04823e+07 1.04823e+07 6.58042e+07 306742 66411.9 3.38489e+06 51101.7 3.51264e+10 1.1976e+10 1.3739e+08 3.55506e+07 3.55506e+07 1.73124e+09 34772 2031.5 5.31011e+06 0.0283962 21.6968 12.852 3.2297 0.807625 0.807626 5.06999 0.0236334 0.00511681 0.260794 0.0559542 47.2823 27.5234 0.393011 1.44457 1.44457 10.377 0.0460492 0.0114166 0.584048 1.29791e+07 inf 
1705 250514 1.88606e+08 1.1104e+08 4.01702e+07 7.00763e+06 7.00763e+06 4.40804e+07 206887 42955.3 2.25754e+06 28908 1.92835e+10 6.49438e+09 1.15437e+08 1.90149e+07 1.90149e+07 9.50818e+08 19355 1027.85 2.89028e+06 0.0176791 13.3102 7.83626 2.83486 0.494537 0.494537 3.11081 0.0146002 0.00303141 0.159317 0.0415634 34.4049 19.9226 0.331863 1.04754 1.04754 7.57781 0.033952 0.0079591 0.422598 1.41701e+07 inf 
1715 165627 1.23127e+08 7.20047e+07 3.8316e+07 4.57044e+06 4.57045e+06 2.87606e+07 135693 27115.6 1.46894e+06 15650.3 1.01624e+10 3.37762e+09 9.5367e+07 9.70976e+06 9.70977e+06 5.00669e+08 10305.5 500.601 1.51171e+06 0.0106053 7.88392 4.61054 2.45342 0.29265 0.292651 1.84157 0.00868857 0.00173624 0.094058 0.0298267 24.2601 13.9648 0.295304 0.732177 0.732177 5.35415 0.024174 0.00538883 0.296562 1.56174e+07 inf 
1725 105917 7.79367e+07 4.52408e+07 3.62054e+07 2.89731e+06 2.89732e+06 1.81787e+07 86055.8 16615.2 927784 8053.8 5.11546e+09 1.67536e+09 7.71534e+07 4.69401e+06 4.69402e+06 2.51247e+08 5211.62 233.469 756493 0.00612832 4.50941 2.61762 2.09484 0.167638 0.167638 1.05182 0.00497918 0.00096135 0.0536814 0.0206987 16.6026 9.49128 0.275196 0.493449 0.493449 3.6648 0.0166358 0.00354743 0.20221 1.72831e+07 inf 
1735 65670.4 4.79512e+07 2.76084e+07 3.38025e+07 1.79349e+06 1.7935e+06 1.11576e+07 52897.3 9904.54 570175 3949.27 2.46487e+09 7.9437e+08 6.08679e+07 2.15339e+06 2.15339e+06 1.20406e+08 2509.46 104.446 362790 0.00342116 2.49806 1.43828 1.76097 0.0934336 0.0934341 0.581263 0.00275573 0.000515985 0.0297038 0.0139297 11.053 6.27015 0.264466 0.321641 0.321641 2.43614 0.0110968 0.00227485 0.13423 1.91954e+07 inf 
1745 39245.5 2.8504e+07 1.62646e+07 3.16561e+07 1.08461e+06 1.08462e+06 6.61031e+06 31329.8 5707.84 338880 1827.71 1.12408e+09 3.55911e+08 4.74197e+07 929019 929021 5.45594e+07 1139.76 44.2678 164854 0.00180186 1.30869 0.74675 1.45341 0.0497973 0.0497978 0.303496 0.00143843 0.000262061 0.0155588 0.00898155 7.06376 3.9728 0.254465 0.200434 0.200434 1.55334 0.00708944 0.00140134 0.0855967 2.17806e+07 inf 
1755 22513.8 1.63082e+07 9.21358e+06 2.95806e+07 643030 643040 3.76563e+06 17806 3166.82 194076 791.905 4.79727e+08 1.49054e+08 3.63454e+07 375095 375096 2.31738e+07 484.7 17.5823 70156.3 0.00089807 0.65053 0.367528 1.17996 0.0256503 0.0256508 0.15021 0.000710277 0.000126324 0.00774166 0.00554819 4.32585 2.41053 0.239788 0.119602 0.119602 0.94965 0.00433937 0.000827886 0.0523315 2.50691e+07 inf 
1765 12304 8.9139e+06 4.98102e+06 2.71425e+07 373586 373597 2.04734e+06 9637.25 1678.46 106310 313.597 1.86856e+08 5.6928e+07 2.68646e+07 138801 138801 9.00798e+06 188.493 6.38826 27259.7 0.000424381 0.307452 0.171802 0.93618 0.0128855 0.0128859 0.0706155 0.000332402 5.78922e-05 0.00366677 0.00326133 2.51999 1.39069 0.223968 0.0679808 0.0679808 0.552911 0.00252802 0.00046582 0.030443 2.89928e+07 inf 
1775 6324.54 4.59616e+06 2.5371e+06 2.49093e+07 214087 214098 1.04914e+06 4904.27 838.891 55006.6 107.645 6.29168e+07 1.87804e+07 1.93352e+07 44825 44825.2 3.04128e+06 63.5967 2.01465 9167.53 0.000182146 0.132369 0.0730679 0.717384 0.00616567 0.00616598 0.0302151 0.000141242 2.41599e-05 0.00158418 0.00175128 1.33958 0.731802 0.205455 0.0353968 0.0353969 0.294407 0.00134597 0.000239662 0.0161714 3.47224e+07 inf 
1785 2965.37 2.1684e+06 1.18078e+06 2.31375e+07 121671 121682 491590 2275.76 383.488 26080.2 28.5006 1.63493e+07 4.77635e+06 1.35754e+07 11291.2 11291.3 795346 16.5598 0.493318 2385.94 6.71258e-05 0.0490851 0.0267287 0.523754 0.0027542 0.00275446 0.0111279 5.15154e-05 8.68084e-06 0.000590366 0.000800405 0.606368 0.327728 0.181608 0.0157482 0.0157483 0.133716 0.000610084 0.000105317 0.00732536 4.41764e+07 inf 
1795 1197 885970 474918 2.13841e+07 68439.8 68451.5 199124 908.742 151.645 10738.9 5.00532 2.86033e+06 815193 9.11146e+06 1919.62 1919.66 139421 2.85857 0.0816001 421.405 2.02025e-05 0.0149531 0.00801548 0.360913 0.0011551 0.0011553 0.00336075 1.53374e-05 2.55941e-06 0.000181246 0.000289948 0.219208 0.117023 0.153366 0.00557354 0.00557355 0.0483921 0.000219113 3.70225e-05 0.00266073 5.92501e+07 inf 
1805 360.191 272891 143579 2.01701e+07 38744.4 38757.4 60580.6 270.398 45.0397 3353.31 0.48992 286679 79263 5.83354e+06 198.272 198.288 13851.5 0.274856 0.00770271 43.295 4.09779e-06 0.00310461 0.00163347 0.22947 0.000440785 0.000440932 0.00068921 3.07624e-06 5.12404e-07 3.81497e-05 7.45446e-05 0.0570249 0.0299848 0.11709 0.00143576 0.00143577 0.0125343 5.58346e-05 9.34715e-06 0.000700785 8.78986e+07 inf 
1815 81.794 64362 33083 1.80483e+07 21811.5 21825.6 14014.4 60.6427 10.1156 805.603 0.0328972 20133.4 5366.01 3.3026e+06 19.4065 19.4126 950.687 0.0181088 0.000510028 3.12741 5.82473e-07 0.000458337 0.000235591 0.128526 0.000155325 0.000155425 9.97993e-05 4.3185e-07 7.20354e-08 5.73688e-06 1.52947e-05 0.0119651 0.00617714 0.0836638 0.000337746 0.000337764 0.00260002 1.13477e-05 1.90442e-06 0.000149124 1.40425e+08 inf 
1825 13.2793 11041 5507.28 1.52798e+07 10738.4 10754.4 2328.55 9.72661 1.74495 140.502 0.00120067 747.672 193.308 1.47367e+06 2.35612 2.35812 34.6599 0.000653452 3.50739e-05 0.116741 4.49896e-08 3.74065e-05 1.86584e-05 0.0517672 3.63813e-05 3.64354e-05 7.889e-06 3.29533e-08 5.91179e-09 4.76013e-07 2.01638e-06 0.00159112 0.000809055 0.0480924 8.16016e-05 8.16191e-05 0.000342584 1.48754e-06 3.44665e-07 1.98818e-05 2.95164e+08 inf 
1835 1.05292 1019.51 522.732 1.16668e+07 3457.53 3476.98 194.983 0.797189 0.488966 11.2181 2.19301e-05 12.6006 3.27238 386219 0.244807 0.245179 0.596002 1.19391e-05 5.43022e-05 0.00184507 7.74205e-10 7.49636e-07 3.84361e-07 0.00857849 2.5423e-06 2.5566e-06 1.43369e-07 5.86168e-10 3.59534e-10 8.24859e-09 1.26982e-07 9.62525e-05 4.90511e-05 0.014505 1.31735e-05 1.31811e-05 2.09336e-05 9.36932e-08 1.9982e-07 1.16473e-06 1.36e+09 inf 
1845 0.0333251 67.8978 45.4645 1.80463e+06 281.722 285.788 10.8365 0.0310972 -0.162018 0.447165 8.20652e-08 0.0526078 0.0127476 27373.5 0.0112164 0.0112374 0.00230673 4.30716e-08 2.17707e-05 8.54946e-06 3.10499e-11 6.32622e-08 4.23606e-08 0.00168143 2.62488e-07 2.66276e-07 1.00967e-08 2.89741e-11 -1.50956e-10 4.16636e-10 8.74422e-09 7.00086e-06 3.44609e-06 0.00476208 3.22208e-06 3.2248e-06 1.466e-06 6.33484e-09 1.42423e-07 8.92502e-08 1.07327e+09 inf 
1855 1.63239e-06 0.00247279 0.00131933 4115.57 0.933709 0.941313 -5.00988e-05 9.41106e-07 1.0272e-07 2.54487e-06 9.39742e-16 2.15779e-09 4.2075e-10 88.1529 4.99821e-06 5.07391e-06 2.2288e-12 3.13961e-16 3.71371e-18 2.25433e-15 7.72503e-12 1.17021e-08 6.2435e-09 0.0194763 4.41863e-06 4.45461e-06 -2.37085e-10 4.45363e-12 4.86107e-13 1.20432e-11 6.62382e-11 1.00372e-07 4.41831e-08 0.00615177 2.03198e-06 2.04154e-06 3.23901e-09 3.82875e-11 4.16392e-12 1.02583e-10 211312 inf 
1865 0 0 0 0 0 0 0 0 0 0 0 0 0 0 0 0 0 0 0 0 0.0 0.0 0.0 0.0 0.0 0.0 0.0 0.0 0.0 0.0 0.0 0.0 0.0 0.0 0.0 0.0 0.0 0.0 0.0 0.0 0 -nan 
1875 0 0 0 0 0 0 0 0 0 0 0 0 0 0 0 0 0 0 0 0 0.0 0.0 0.0 0.0 0.0 0.0 0.0 0.0 0.0 0.0 0.0 0.0 0.0 0.0 0.0 0.0 0.0 0.0 0.0 0.0 0 -nan 
1885 0 0 0 0 0 0 0 0 0 0 0 0 0 0 0 0 0 0 0 0 0.0 0.0 0.0 0.0 0.0 0.0 0.0 0.0 0.0 0.0 0.0 0.0 0.0 0.0 0.0 0.0 0.0 0.0 0.0 0.0 0 -nan 
1895 0 0 0 0 0 0 0 0 0 0 0 0 0 0 0 0 0 0 0 0 0.0 0.0 0.0 0.0 0.0 0.0 0.0 0.0 0.0 0.0 0.0 0.0 0.0 0.0 0.0 0.0 0.0 0.0 0.0 0.0 0 -nan 
