255 0 0 0 0 0 0 0 0 0 0 0 0 0 0 0 0 0 0 0 0 0.0 0.0 0.0 0.0 0.0 0.0 0.0 0.0 0.0 0.0 0.0 0.0 0.0 0.0 0.0 0.0 0.0 0.0 0.0 0.0 0 -nan 
265 0 0 0 0 0 0 0 0 0 0 0 0 0 0 0 0 0 0 0 0 0.0 0.0 0.0 0.0 0.0 0.0 0.0 0.0 0.0 0.0 0.0 0.0 0.0 0.0 0.0 0.0 0.0 0.0 0.0 0.0 0 -nan 
275 0 0 0 0 0 0 0 0 0 0 0 0 0 0 0 0 0 0 0 0 0.0 0.0 0.0 0.0 0.0 0.0 0.0 0.0 0.0 0.0 0.0 0.0 0.0 0.0 0.0 0.0 0.0 0.0 0.0 0.0 0 -nan 
285 0 0 0 0 0 0 0 0 0 0 0 0 0 0 0 0 0 0 0 0 0.0 0.0 0.0 0.0 0.0 0.0 0.0 0.0 0.0 0.0 0.0 0.0 0.0 0.0 0.0 0.0 0.0 0.0 0.0 0.0 0 -nan 
295 0.285776 8.38373e-19 4.18286e-06 4.18312e-06 0.9921 1.78535e-06 9.13537e-09 0.0351131 3.53249e-05 1.53893 1.00046e-09 3.22895e-45 8.38528e-18 8.38539e-18 2.95997e-07 2.30035e-20 1.80388e-20 5.86323e-10 4.02262e-16 2.97322e-08 0.0 0.0 0.0 0.0 0.0 0.0 0.0 0.0 0.0 0.0 0.0 0.0 0.0 0.0 0.0 0.0 0.0 0.0 0.0 0.0 -1.35736e+08 -inf 
305 7.29003 2.19974e-17 0.000192707 0.000192779 36.2555 0.000104931 6.3707e-06 1.34493 0.00499721 50.4548 3.49906e-07 3.42959e-42 9.45965e-15 9.46823e-15 0.000370694 7.42054e-17 4.68234e-16 3.7973e-07 9.88789e-11 3.32591e-05 2.18675e-08 6.59843e-26 5.78052e-13 5.78268e-13 1.08754e-07 3.14755e-13 1.91099e-14 4.03431e-09 1.49899e-11 1.51347e-07 2.39041e-08 7.703e-26 5.29542e-12 5.29783e-12 1.04887e-06 3.51454e-13 1.18498e-12 3.35079e-08 5.44405e-10 2.77236e-07 3.33373e+08 inf 
315 6.90443 1.4855e-16 0.00044496 0.00044531 71.5828 0.000400836 8.18798e-05 2.38724 0.0103348 55.6327 6.74625e-07 4.72853e-40 2.20513e-12 2.20732e-12 0.00809244 2.01095e-15 2.74347e-14 4.97177e-05 1.08365e-08 0.000439297 6.59925e-08 1.41985e-24 4.25293e-12 4.25628e-12 6.84189e-07 3.83119e-12 7.82607e-13 2.28172e-08 9.87801e-11 5.31737e-07 4.57499e-08 1.58227e-24 1.45116e-10 1.45188e-10 8.76809e-06 2.13134e-12 1.61743e-11 6.88971e-07 1.01767e-08 1.9789e-06 1.04624e+08 inf 
325 5.74089 9.42844e-16 0.00112037 0.00112157 140.513 0.00109179 0.000411766 4.33646 0.0310132 53.2207 1.09528e-06 1.04688e-37 6.72114e-11 6.73198e-11 0.0462029 2.23912e-14 4.09618e-13 0.000549905 2.452e-07 0.00343618 8.87468e-08 1.45752e-23 1.73195e-11 1.7338e-11 2.17215e-06 1.68777e-11 6.36537e-12 6.7036e-08 4.79424e-10 8.22722e-07 9.51608e-08 3.74954e-23 1.01917e-09 1.01999e-09 2.66368e-05 7.82831e-12 7.93198e-11 2.91485e-06 6.1565e-08 7.24168e-06 6.46885e+07 inf 
335 5.22611 5.54168e-15 0.00314688 0.00315058 264.665 0.00256252 0.00140918 8.91086 0.0800482 57.5185 2.35902e-06 1.14465e-35 1.00661e-09 1.00865e-09 0.150852 1.66974e-13 3.27913e-12 0.00321011 1.79716e-06 0.013969 1.10749e-07 1.17437e-22 6.66872e-11 6.67656e-11 5.60866e-06 5.43036e-11 2.98627e-11 1.88835e-07 1.69634e-09 1.2189e-06 1.94231e-07 4.78307e-22 4.61812e-09 4.62281e-09 5.62612e-05 2.42807e-11 2.61912e-10 8.24569e-06 1.95145e-07 1.71621e-05 4.71887e+07 inf 
345 4.94954 2.87583e-14 0.0083078 0.00831811 436.04 0.00535853 0.00364073 18.168 0.175618 68.3703 5.27835e-06 4.15418e-33 7.15513e-09 7.17155e-09 0.369307 9.34282e-13 1.82047e-11 0.0134419 7.78458e-06 0.0418402 1.32356e-07 7.6903e-22 2.2216e-10 2.22436e-10 1.16602e-05 1.43293e-10 9.73573e-11 4.85832e-07 4.69624e-09 1.8283e-06 3.51612e-07 1.05117e-20 1.38306e-08 1.38465e-08 9.869e-05 6.67145e-11 6.90895e-10 1.8953e-05 4.56231e-07 3.33993e-05 3.73956e+07 inf 
355 4.89471 1.25773e-13 0.0197856 0.0198121 654.992 0.00978936 0.00801828 34.7356 0.34082 88.9826 1.12885e-05 5.01928e-32 3.04903e-08 3.05669e-08 0.758652 4.19664e-12 7.51065e-11 0.0412012 2.42237e-05 0.10119 1.73524e-07 4.45881e-21 7.01425e-10 7.02365e-10 2.32203e-05 3.47045e-10 2.84259e-10 1.23142e-06 1.20825e-08 3.15455e-06 6.08343e-07 4.19466e-20 3.28699e-08 3.29111e-08 0.000162345 1.68333e-10 1.6068e-09 3.81984e-05 9.26615e-07 5.98112e-05 2.82077e+07 inf 
365 5.25016 5.47328e-13 0.044341 0.0444067 912.711 0.0178714 0.0158156 62.2378 0.622749 123.652 2.26364e-05 3.64868e-30 1.71559e-07 1.72057e-07 1.38224 1.71282e-11 2.75404e-10 0.127052 7.91277e-05 0.232406 2.23282e-07 2.32771e-20 1.88576e-09 1.88855e-09 3.88163e-05 7.60046e-10 6.72616e-10 2.64689e-06 2.64846e-08 5.25874e-06 9.55426e-07 3.93232e-19 8.53968e-08 8.55205e-08 0.000239328 3.88287e-10 3.35561e-09 7.34597e-05 1.83425e-06 9.92786e-05 2.35136e+07 inf 
375 5.84855 2.21185e-12 0.0886504 0.0887973 1202 0.0319663 0.0285978 102.971 1.00963 172.951 4.08472e-05 2.96914e-29 5.1256e-07 5.1422e-07 2.27197 6.25595e-11 8.47844e-10 0.272243 0.000169543 0.442599 2.81161e-07 1.06332e-19 4.26175e-09 4.26881e-09 5.77844e-05 1.53674e-09 1.3748e-09 4.95017e-06 4.85366e-08 8.31439e-06 1.37282e-06 1.18999e-18 1.56915e-07 1.57169e-07 0.000325396 8.0368e-10 6.23449e-09 0.000114294 2.8545e-06 0.00014563 2.08014e+07 inf 
385 6.70978 7.98328e-12 0.16955 0.169861 1532.01 0.0530532 0.049207 163.937 1.62114 241.951 7.10265e-05 3.36411e-28 1.69636e-06 1.70239e-06 3.5464 2.03446e-10 2.38541e-09 0.612671 0.000387665 0.83428 3.77193e-07 4.48784e-19 9.5313e-09 9.54882e-09 8.61228e-05 2.98241e-09 2.76619e-09 9.21579e-06 9.1133e-08 1.36014e-05 1.96227e-06 4.32552e-18 3.0866e-07 3.09208e-07 0.000438116 1.59439e-09 1.12448e-08 0.000185355 4.66738e-06 0.000216135 1.77887e+07 inf 
395 7.90047 2.85616e-11 0.305207 0.305831 1897.89 0.0890052 0.0803422 250.099 2.46202 336.323 0.00011685 4.37798e-27 3.76692e-06 3.78178e-06 5.29199 6.21386e-10 6.11925e-09 1.1446 0.000691204 1.43649 4.82729e-07 1.74515e-18 1.86485e-08 1.86867e-08 0.000115964 5.43834e-09 4.90901e-09 1.52814e-05 1.50433e-07 2.05498e-05 2.62806e-06 1.62621e-17 4.79391e-07 4.80336e-07 0.000556686 2.8969e-09 1.87028e-08 0.000264013 6.49699e-06 0.000295549 1.63663e+07 inf 
405 9.39772 9.63875e-11 0.532762 0.533963 2281.88 0.146219 0.125627 369.39 3.70979 458.244 0.000189484 4.13177e-26 1.10826e-05 1.1129e-05 7.62573 1.76728e-09 1.48222e-08 2.34135 0.0015136 2.49601 6.01649e-07 6.1708e-18 3.41078e-08 3.41847e-08 0.000146088 9.36106e-09 8.04275e-09 2.36486e-05 2.37503e-07 2.93371e-05 3.43059e-06 5.10599e-17 8.41635e-07 8.43397e-07 0.000683274 5.05103e-09 2.97362e-08 0.000386439 9.841e-06 0.000398668 1.56199e+07 inf 
415 11.2788 2.86854e-10 0.901921 0.904177 2723.99 0.220789 0.192789 535.258 5.3868 621.367 0.000298629 5.30704e-25 2.67928e-05 2.69176e-05 10.7089 4.59903e-09 3.45116e-08 4.26892 0.00273817 4.08314 8.22424e-07 2.09166e-17 6.57658e-08 6.59303e-08 0.000198627 1.60994e-08 1.40577e-08 3.90296e-05 3.92791e-07 4.53085e-05 4.59335e-06 1.95602e-16 1.39619e-06 1.39943e-06 0.000861055 8.72698e-09 4.81547e-08 0.000556557 1.41247e-05 0.000543764 1.37141e+07 inf 
425 13.3312 8.11513e-10 1.44031 1.44429 3183.23 0.330071 0.285841 743.234 7.39287 819.177 0.000443826 3.08669e-24 5.51367e-05 5.54189e-05 14.4131 1.13143e-08 7.43041e-08 6.92774 0.00429586 6.15746 1.07586e-06 6.54911e-17 1.16237e-07 1.16558e-07 0.000256894 2.66375e-08 2.30681e-08 5.99809e-05 5.96622e-07 6.61096e-05 5.8873e-06 4.94787e-16 2.10622e-06 2.1116e-06 0.00104746 1.42664e-08 7.39215e-08 0.000745311 1.861e-05 0.00070182 1.23912e+07 inf 
435 15.7929 2.17168e-09 2.28697 2.29394 3679.13 0.478312 0.413872 1018.65 10.2946 1070.48 0.000662053 1.98051e-23 0.00012588 0.000126574 19.3117 2.65036e-08 1.57084e-07 11.613 0.0075754 9.44572 1.4204e-06 1.9532e-16 2.05689e-07 2.06315e-07 0.000330898 4.30191e-08 3.72234e-08 9.16165e-05 9.25893e-07 9.62779e-05 7.58466e-06 1.32027e-15 3.35846e-06 3.36771e-06 0.00127569 2.30885e-08 1.12882e-07 0.00101788 2.60858e-05 0.000916664 1.11186e+07 inf 
445 18.7138 5.61681e-09 3.52593 3.53766 4214.52 0.689433 0.586788 1374.69 14.0695 1384.39 0.000962425 1.04026e-22 0.000250022 0.000251509 25.4289 5.94878e-08 3.13913e-07 18.6375 0.0121394 14.0917 1.82981e-06 5.49206e-16 3.44761e-07 3.45909e-07 0.000412091 6.7412e-08 5.73755e-08 0.000134415 1.3757e-06 0.000135364 9.52663e-06 3.14165e-15 4.93235e-06 4.94698e-06 0.00152203 3.56689e-08 1.65536e-07 0.00134324 3.44251e-05 0.001166 1.02272e+07 inf 
455 22.1164 1.40899e-08 5.31363 5.333 4790.51 0.986162 0.820401 1816.27 18.8916 1764.27 0.00137244 4.76859e-22 0.000475752 0.000478833 32.9486 1.28855e-07 6.10451e-07 28.7141 0.0182524 20.5125 2.30264e-06 1.46696e-15 5.53225e-07 5.55242e-07 0.000498761 1.02674e-07 8.54155e-08 0.0001891 1.96689e-06 0.000183686 1.17298e-05 6.89173e-15 7.01616e-06 7.03883e-06 0.00178372 5.36077e-08 2.37194e-07 0.00171866 4.35484e-05 0.00144979 9.60482e+06 inf 
465 26.1581 3.3616e-08 7.85657 7.88768 5430.05 1.37685 1.13484 2365.81 25.1601 2222.17 0.00193892 2.29045e-21 0.000918378 0.000924677 42.2509 2.67566e-07 1.15188e-06 43.9159 0.0299172 29.2843 2.91821e-06 3.75022e-15 8.76482e-07 8.79952e-07 0.000605779 1.53602e-07 1.26604e-07 0.000263931 2.80687e-06 0.000247907 1.44149e-05 1.5539e-14 1.0084e-05 1.01184e-05 0.00208484 7.90964e-08 3.35375e-07 0.00219764 5.77036e-05 0.00179039 8.96376e+06 inf 
475 30.679 7.59169e-08 11.4363 11.4856 6098.93 1.8613 1.53884 3045.58 32.9271 2772.14 0.00269307 9.87131e-21 0.00168057 0.00169317 53.4375 5.31482e-07 2.13241e-06 64.712 0.042664 41.1221 3.73926e-06 9.25301e-15 1.3939e-06 1.3999e-06 0.000743357 2.26861e-07 1.87558e-07 0.000371205 4.01326e-06 0.000337878 1.77273e-05 3.34295e-14 1.42439e-05 1.42972e-05 0.00244143 1.15381e-07 4.74054e-07 0.00278379 7.19995e-05 0.00221313 8.20457e+06 inf 
485 35.842 1.68089e-07 16.269 16.3448 6808.53 2.50752 2.06206 3850.21 42.6475 3406.36 0.00369897 4.264e-20 0.0030255 0.0030496 66.858 1.02635e-06 3.82441e-06 94.4957 0.0655459 56.6904 4.67819e-06 2.19395e-14 2.12348e-06 2.13336e-06 0.000888668 3.27288e-07 2.69146e-07 0.00050254 5.56646e-06 0.000444607 2.14689e-05 7.13032e-14 1.97582e-05 1.98366e-05 0.00281723 1.63844e-07 6.53249e-07 0.00347582 9.23268e-05 0.0026836 7.6615e+06 inf 
495 41.947 3.59758e-07 22.8215 22.9361 7606.53 3.34996 2.74838 4806.55 54.2707 4146.48 0.00500929 1.77535e-19 0.005311 0.00535609 82.8559 1.93473e-06 6.71866e-06 132.247 0.0950969 75.8443 5.82304e-06 4.99412e-14 3.16806e-06 3.18397e-06 0.00105593 4.65039e-07 3.81527e-07 0.000667241 7.5338e-06 0.000575611 2.57192e-05 1.48832e-13 2.69672e-05 2.70812e-05 0.00322288 2.28727e-07 8.87195e-07 0.0042324 0.000114649 0.00319332 7.20362e+06 inf 
505 49.2634 7.45726e-07 32.0046 32.1771 8497.22 4.4124 3.629 6016.78 70.1529 5054.4 0.00686835 6.64237e-19 0.00936097 0.00944617 103.346 3.54589e-06 1.17036e-05 189.632 0.13905 103.35 7.26977e-06 1.10046e-13 4.72289e-06 4.74835e-06 0.00125393 6.51136e-07 5.35529e-07 0.000887893 1.03524e-05 0.000745874 3.09953e-05 2.93106e-13 3.68658e-05 3.70327e-05 0.00369842 3.15098e-07 1.20012e-06 0.00521493 0.000142872 0.0038334 6.77647e+06 inf 
515 57.29 1.48613e-06 43.7594 44.0126 9423.64 5.71113 4.73479 7384.78 87.956 6061.95 0.00912684 2.18323e-18 0.0154531 0.015603 126.113 6.30475e-06 1.97026e-05 258.775 0.196052 135.318 9.04164e-06 2.34544e-13 6.90621e-06 6.94617e-06 0.00148726 9.01344e-07 7.47255e-07 0.00116548 1.38814e-05 0.00095671 3.68601e-05 5.38099e-13 4.88993e-05 4.9135e-05 0.00420612 4.27327e-07 1.59722e-06 0.00628347 0.000175353 0.00452117 6.33624e+06 inf 
525 66.2696 2.9075e-06 58.9861 59.351 10397.1 7.3384 6.10403 8953.87 109.235 7192.8 0.0120469 7.36675e-18 0.0252581 0.0255184 152.793 1.09462e-05 3.2632e-05 346.894 0.271215 174.539 1.10629e-05 4.8537e-13 9.84699e-06 9.9079e-06 0.00173566 1.22505e-06 1.01899e-06 0.00149474 1.82354e-05 0.00120075 4.34591e-05 9.97097e-13 6.41838e-05 6.4512e-05 0.00474282 5.71462e-07 2.0998e-06 0.00746159 0.000211999 0.00526263 5.99027e+06 inf 
535 76.9368 5.61821e-06 79.3363 79.859 11504.2 9.43423 7.85365 10848.7 136.604 8532.2 0.0160032 2.41076e-17 0.0412969 0.0417487 185.96 1.87185e-05 5.36351e-05 468.424 0.382948 225.987 1.3348e-05 9.74722e-13 1.37643e-05 1.3855e-05 0.00199591 1.63678e-06 1.36256e-06 0.00188218 2.36999e-05 0.00148028 5.09734e-05 1.79789e-12 8.35182e-05 8.39712e-05 0.00531782 7.53986e-07 2.72924e-06 0.00881623 0.000256666 0.00608408 5.76391e+06 inf 
545 89.1315 1.06432e-05 105.51 106.249 12706.6 12.0437 10.0275 13034 168.924 10057.8 0.0209936 7.3306e-17 0.0653861 0.0661414 224.655 3.13404e-05 8.65571e-05 615.777 0.518714 287.82 1.59502e-05 1.90461e-12 1.88812e-05 1.90134e-05 0.00227386 2.15523e-06 1.79443e-06 0.00233246 3.02292e-05 0.00179985 5.91812e-05 3.08069e-12 0.00010651 0.000107119 0.00591877 9.81532e-07 3.50279e-06 0.0102349 0.000303168 0.00694739 5.58812e+06 inf 
555 102.846 1.96008e-05 138.571 139.602 13986.3 15.171 12.7082 15500.7 206.629 11749.6 0.0273102 2.31592e-16 0.102701 0.103957 268.917 5.13217e-05 0.000137781 800.246 0.708077 361.46 1.90501e-05 3.63065e-12 2.56674e-05 2.58584e-05 0.00259066 2.81011e-06 2.35392e-06 0.00287117 3.82737e-05 0.00217637 6.85254e-05 5.45124e-12 0.000135515 0.000136335 0.00656504 1.26868e-06 4.46992e-06 0.0118315 0.000360127 0.00788773 5.39872e+06 inf 
565 118.888 3.51452e-05 181.17 182.597 15409.4 18.8924 16.0473 18380.6 253.175 13696.5 0.0355225 6.76404e-16 0.15845 0.160494 322.263 8.23675e-05 0.000216979 1032.38 0.952598 452.497 2.28776e-05 6.76302e-12 3.48627e-05 3.51373e-05 0.00296523 3.63547e-06 3.08799e-06 0.00353699 4.87186e-05 0.00263562 7.94496e-05 9.18817e-12 0.0001711 0.00017219 0.00729525 1.62278e-06 5.67606e-06 0.0136437 0.000425365 0.00895141 5.19668e+06 inf 
575 137.337 6.19365e-05 234.97 236.924 16985.8 23.4124 20.1747 21681.7 309.011 15899 0.0460836 1.91835e-15 0.242821 0.246113 385.201 0.000130147 0.000337374 1321.61 1.29 562.052 2.72863e-05 1.23057e-11 4.66843e-05 4.70725e-05 0.00337477 4.65162e-06 4.00835e-06 0.00430776 6.13949e-05 0.00315884 9.17139e-05 1.51562e-11 0.000214627 0.000216061 0.00807115 2.05434e-06 7.13885e-06 0.0156212 0.000502525 0.0100842 5.03317e+06 inf 
585 157.892 0.000106188 301.466 304.11 18626.1 28.6035 25.1432 25346.5 373.019 18302.1 0.0590276 5.43778e-15 0.364063 0.36926 455.372 0.000201336 0.00051729 1663.36 1.69722 688.59 3.26422e-05 2.1953e-11 6.23245e-05 6.28709e-05 0.00385071 5.91342e-06 5.19804e-06 0.00524008 7.71171e-05 0.00378373 0.000105535 2.53429e-11 0.000267173 0.000269049 0.00890587 2.57976e-06 8.94001e-06 0.0177882 0.00058731 0.0113155 4.83705e+06 inf 
595 182.081 0.000178877 386.154 389.711 20466.8 34.7156 31.2311 29555.4 453.881 21036.9 0.0767649 1.47015e-14 0.552374 0.560581 543.769 0.000307153 0.000790189 2096.45 2.32767 844.091 3.91204e-05 3.84321e-11 8.29662e-05 8.37303e-05 0.00439734 7.45872e-06 6.71007e-06 0.00635005 9.75174e-05 0.00451982 0.000122322 4.10078e-11 0.000334358 0.000336796 0.00987387 3.2187e-06 1.11691e-05 0.020251 0.000700425 0.0126857 4.65436e+06 inf 
605 209.552 0.000298584 489.761 494.505 22469.1 42.1188 38.6783 34299.1 543.891 24095.5 0.0974054 4.0256e-14 0.804171 0.816767 639.188 0.000463373 0.00118982 2591.7 2.98552 1022.32 4.63144e-05 6.59918e-11 0.000108245 0.000109294 0.00496603 9.30893e-06 8.54852e-06 0.00758066 0.000120209 0.00532548 0.000139223 6.73966e-11 0.000407453 0.000410577 0.0107986 3.96947e-06 1.37802e-05 0.0227011 0.000803366 0.0140566 4.52456e+06 inf 
615 239.978 0.000489453 615.272 621.52 24541.1 50.7162 47.4835 39418.7 649.757 27345.8 0.124075 1.03707e-13 1.17554 1.19473 749.422 0.000687838 0.00177025 3184.45 3.96036 1226.82 5.44992e-05 1.11155e-10 0.000139729 0.000141148 0.0055733 1.15177e-05 1.07835e-05 0.008952 0.00014756 0.00621024 0.000158768 1.05813e-10 0.000497436 0.0005014 0.0117954 4.85296e-06 1.69039e-05 0.0253585 0.000936817 0.0154933 4.40334e+06 inf 
625 277.229 0.000787221 775.396 783.633 26989.5 60.6796 58.3839 45493.8 782.141 31185.5 0.159184 2.58606e-13 1.71348 1.74256 885.745 0.00100905 0.00262635 3914.24 5.25321 1476.91 6.47555e-05 1.8388e-10 0.000181118 0.000183042 0.00630424 1.41736e-05 1.36374e-05 0.0106265 0.000182693 0.00728435 0.000181629 1.63075e-10 0.000606162 0.000611167 0.0129286 5.89955e-06 2.06758e-05 0.0283085 0.00109255 0.0170856 4.28117e+06 inf 
635 318.016 0.00124416 965.975 976.69 29493.3 71.8554 71.1786 51941.2 933.521 35201.1 0.202263 6.35543e-13 2.45937 2.50288 1037.67 0.00145612 0.00385347 4754.67 6.82987 1757.93 7.66919e-05 3.00038e-10 0.000232952 0.000235536 0.00711251 1.73284e-05 1.71652e-05 0.012526 0.000225125 0.00848901 0.000207113 2.51481e-10 0.00073405 0.000740345 0.0141299 7.13292e-06 2.51922e-05 0.0314598 0.00126348 0.0187583 4.14667e+06 inf 
645 364.5 0.00193506 1195.36 1209.19 32195.8 84.6302 86.371 59034.7 1107.55 39607.3 0.255456 1.52828e-12 3.47424 3.53826 1209.82 0.00207497 0.00559215 5713.48 8.78423 2079.24 9.06578e-05 4.81285e-10 0.000297308 0.000300748 0.00800769 2.10491e-05 2.14821e-05 0.014683 0.000275469 0.00985108 0.000235197 3.85327e-10 0.000880748 0.000888584 0.0153877 8.5451e-06 3.04859e-05 0.0347197 0.00145221 0.0204964 4.02061e+06 inf 
655 417.051 0.00296433 1469.86 1487.57 35082.4 98.9518 104.412 66736.4 1311.87 44344.5 0.321812 3.56314e-12 4.87088 4.96414 1406.28 0.00291765 0.00805071 6837.84 11.319 2446.11 0.000107143 7.61555e-10 0.000377616 0.000382166 0.00901286 2.54213e-05 2.68239e-05 0.017145 0.000337027 0.0113924 0.000266826 5.79159e-10 0.00105298 0.00106267 0.0167347 1.01646e-05 3.67253e-05 0.0382457 0.00167163 0.0223301 3.89248e+06 inf 
665 479.332 0.00450988 1807.74 1830.34 38334.5 115.567 126.042 75343.7 1563.91 49607.7 0.410844 8.25524e-12 6.90149 7.03787 1648.86 0.00407393 0.0116006 8185.71 14.9218 2879.27 0.000126371 1.18898e-09 0.000476591 0.000482548 0.0101065 3.04681e-05 3.32296e-05 0.0198635 0.000412307 0.0130785 0.000303883 8.73344e-10 0.00126189 0.00127382 0.0182363 1.20724e-05 4.42058e-05 0.0419942 0.0019401 0.0242496 3.79306e+06 inf 
675 548.52 0.00676685 2201.66 2230.23 41737.3 134.179 151.325 84482.5 1843.71 55184.8 0.514822 1.84518e-11 9.49736 9.69242 1908.34 0.00561564 0.0164655 9653.76 18.7881 3357.28 0.000148388 1.8306e-09 0.000595603 0.000603331 0.0112909 3.62986e-05 4.09371e-05 0.0228545 0.000498767 0.0149288 0.000342422 1.28085e-09 0.00148813 0.00150267 0.0197172 1.4198e-05 5.27113e-05 0.0457082 0.00219861 0.0261793 3.69653e+06 inf 
685 627.717 0.0100194 2670.08 2705.92 45398.1 154.915 180.996 94328.4 2178.16 61121.5 0.649098 4.04375e-11 13.0922 13.3699 2214.96 0.00765575 0.0232562 11385.4 24.1447 3902.99 0.000174266 2.78158e-09 0.000741263 0.000751216 0.0126034 4.30074e-05 5.02479e-05 0.0261873 0.000604699 0.0169685 0.000387083 1.86789e-09 0.00175647 0.00177409 0.0213558 1.66055e-05 6.27018e-05 0.0497496 0.00251741 0.0282066 3.60206e+06 inf 
695 718.642 0.0146834 3225.11 3269.88 49365.1 178.14 215.961 104917 2568.02 67512.5 0.818819 8.72406e-11 17.9956 18.3897 2565.4 0.0103407 0.0327053 13321.3 31.0268 4514.57 0.000204384 4.176e-09 0.000917233 0.000929966 0.0140396 5.06636e-05 6.14202e-05 0.0298389 0.000730355 0.0192008 0.000437152 2.71525e-09 0.00206802 0.00208932 0.0230759 1.93428e-05 7.43577e-05 0.0538355 0.00287936 0.0302538 3.51613e+06 inf 
705 820.659 0.0212819 3868.85 3924.27 53558.4 203.998 256.602 115954 3012.83 74166.2 1.02736 1.83855e-10 24.4239 24.9746 2958.71 0.0138296 0.0455909 15439.9 39.5009 5181.7 0.00023877 6.19196e-09 0.00112564 0.00114176 0.0155828 5.9353e-05 7.4658e-05 0.0337366 0.000876579 0.0215786 0.000491831 3.89258e-09 0.00241641 0.00244186 0.0248598 2.23813e-05 8.76972e-05 0.0579142 0.00327481 0.0322796 3.43703e+06 inf 
715 939.728 0.0305637 4634.88 4703.22 58185 232.613 304.275 127972 3552.15 81356.5 1.29743 3.80361e-10 33.2028 33.9723 3429.12 0.0183348 0.0634153 17941.2 50.7438 5956.76 0.000279492 9.09021e-09 0.0013785 0.00139882 0.0173053 6.91835e-05 9.0497e-05 0.0380613 0.00105647 0.0241969 0.000554765 5.52216e-09 0.00282398 0.00285434 0.0268404 2.58215e-05 0.000103301 0.0623489 0.00373845 0.0344407 3.36227e+06 inf 
725 1071.18 0.0435435 5503.31 5586.85 62990.6 264.634 359.329 140196 4144.59 88745.4 1.6189 7.72153e-10 44.3011 45.3578 3933.84 0.0240952 0.0871992 20526.9 63.7801 6775.3 0.000324367 1.31855e-08 0.00166647 0.00169177 0.0190743 8.01344e-05 0.000108809 0.042453 0.00125503 0.0268732 0.00062049 7.7434e-09 0.00326157 0.0032974 0.0287643 2.95769e-05 0.000120688 0.0664344 0.00421169 0.036462 3.30238e+06 inf 
735 1223.97 0.0614715 6527.18 6628.93 68264.3 299.761 423.53 153265 4856.5 96604.7 2.03213 1.54269e-09 59.2134 60.6633 4532.88 0.031398 0.119723 23495.1 81.0004 7701.91 0.000377217 1.8945e-08 0.00201162 0.00204298 0.0210385 9.23838e-05 0.000130528 0.0472349 0.00149673 0.0297728 0.000695697 1.0795e-08 0.00376861 0.0038108 0.030893 3.37912e-05 0.000140926 0.0707803 0.00476691 0.0385648 3.24473e+06 inf 
745 1396.94 0.0859803 7703.46 7826.64 73930.3 338.598 498.092 166803 5670.59 104833 2.54609 3.02554e-09 78.6344 80.6089 5207.56 0.0406234 0.163549 26683.1 102.344 8711.32 0.000437561 2.69315e-08 0.00241295 0.00245153 0.0231571 0.000106059 0.000156017 0.0522476 0.00177619 0.0328368 0.000778491 1.49124e-08 0.00433685 0.00438623 0.0330894 3.84182e-05 0.000163973 0.0750207 0.00537607 0.0406249 3.19255e+06 inf 
755 1592.47 0.119022 9050.68 9198.84 79932.4 380.33 583.675 180519 6613.47 113219 3.19334 5.83611e-09 103.982 106.652 5985.22 0.0520845 0.222182 30123.6 129.784 9800.55 0.000508005 3.79684e-08 0.0028872 0.00293446 0.0254987 0.000121327 0.000186195 0.0575863 0.00210972 0.0361173 0.000872135 2.04974e-08 0.00498344 0.00504095 0.0354841 4.35316e-05 0.000190285 0.0793306 0.00607871 0.0426844 3.13476e+06 inf 
765 1809.77 0.162448 10565.3 10742.2 86189.2 424.157 680.838 194165 7668.06 121693 3.97637 1.10048e-08 135.879 139.445 6834.89 0.0660465 0.299422 33636.5 162.134 10946.5 0.000590335 5.29895e-08 0.00344635 0.00350405 0.0281143 0.000138357 0.000222085 0.0633353 0.00250127 0.0396953 0.000973945 2.79609e-08 0.0056961 0.00576261 0.0379352 4.9002e-05 0.000219882 0.0834304 0.00682868 0.0446651 3.06567e+06 inf 
775 2067.18 0.220019 12358.1 12569.1 93354.9 472.214 795.467 208829 8950.31 130915 5.00748 2.04297e-08 178.783 183.558 7878.23 0.08344 0.404457 37608.1 206.106 12252.2 0.000689624 7.33998e-08 0.00412273 0.00419312 0.0311438 0.000157534 0.000265373 0.0696667 0.00298588 0.043674 0.00109314 3.77881e-08 0.0065304 0.00660711 0.0407221 5.49479e-05 0.000253982 0.0877088 0.00773582 0.0466905 2.99755e+06 inf 
785 2344.01 0.296062 14309.7 14558.8 100492 523.756 923.26 222346 10327.8 139725 6.21517 3.73588e-08 230.884 237.173 8972.95 0.104386 0.539709 41350.6 255.901 13554.6 0.000797337 1.00708e-07 0.00486757 0.00495232 0.0341832 0.000178161 0.000314056 0.0756333 0.00351311 0.0475288 0.0012159 5.06538e-08 0.00740568 0.00749342 0.0434021 6.13725e-05 0.000291472 0.0913532 0.00864323 0.0484949 2.9398e+06 inf 
795 2665.41 0.394901 16570.8 16864.5 108454 579.044 1071.8 236244 11951.5 149082 7.74594 6.73139e-08 298.044 306.322 10259.2 0.129946 0.720361 45320.2 318.691 15000.9 0.000925702 1.3715e-07 0.00575507 0.00585707 0.0376664 0.000201103 0.000372238 0.0820481 0.00415079 0.0517764 0.00135398 6.75879e-08 0.00838991 0.00849006 0.0463065 6.84699e-05 0.000334099 0.09491 0.00966712 0.0502897 2.87934e+06 inf 
805 3024.24 0.523257 19101.3 19444.6 116819 637.644 1239.02 249124 13815 158108 9.68618 1.19634e-07 384.654 395.482 11753.4 0.16044 0.956691 49279.1 399.878 16493.6 0.00107153 1.85397e-07 0.00676787 0.00688951 0.0413907 0.000225926 0.000439003 0.0882681 0.00489483 0.0560198 0.00151122 8.95319e-08 0.00951231 0.00962597 0.0495097 7.618e-05 0.00038242 0.0983312 0.01085 0.0520162 2.82236e+06 inf 
815 3426.09 0.689951 21934.6 22334.1 125764 701.521 1429.95 261195 15902.4 167242 12.0628 2.10012e-07 492.517 506.565 13427.9 0.197136 1.26428 52984 497.797 18045.5 0.0012345 2.48605e-07 0.00790353 0.00804749 0.0453156 0.000252774 0.000515243 0.0941145 0.00573002 0.0602611 0.00168003 1.17761e-07 0.0107238 0.010852 0.052772 8.44854e-05 0.000435974 0.101162 0.0121051 0.0535799 2.77529e+06 inf 
825 3876.35 0.903583 25103.1 25565.1 135289 769.128 1645.65 271905 18269.9 176159 15.0197 3.63942e-07 628.348 646.458 15344.7 0.240623 1.66465 56366.2 618.509 19646.1 0.00142059 3.31143e-07 0.00919972 0.00936902 0.0495804 0.000281868 0.000603094 0.0996471 0.00669552 0.0645582 0.00186716 1.54016e-07 0.0120682 0.012212 0.0562608 9.34525e-05 0.000496321 0.103573 0.0134848 0.0550645 2.72868e+06 inf 
835 4387.16 1.1785 28686.1 29218.6 145702 843.026 1893.5 281430 20956 185245 18.6795 6.236e-07 798.189 821.421 17536.7 0.292701 2.18524 59285.5 765.674 21309.8 0.00163038 4.37963e-07 0.0106605 0.0108584 0.0541469 0.000313291 0.000703675 0.104587 0.00778781 0.0688418 0.0020697 1.99837e-07 0.0135271 0.0136878 0.0598767 0.000103074 0.000562969 0.105327 0.0149631 0.0563922 2.69087e+06 inf 
845 4942.55 1.52333 32577.5 33186.3 156339 919.286 2167.7 287759 23886.7 193441 23.1366 1.0526e-06 1006.7 1036.22 19973.7 0.353356 2.8514 61215.4 941.732 22901 0.0018675 5.75575e-07 0.0123091 0.0125391 0.0590712 0.000347344 0.000819048 0.108727 0.00902536 0.0730899 0.00229224 2.57738e-07 0.015128 0.0153068 0.0636982 0.000113422 0.000637601 0.10634 0.0165641 0.0575397 2.64662e+06 inf 
855 5566.95 1.95413 36931.1 37624.2 167874 999.418 2477.15 291912 27194.3 201544 28.6211 1.75228e-06 1264.66 1302.01 22761 0.424327 3.70645 62348.9 1154.16 24540.2 0.00214062 7.51408e-07 0.0142009 0.0144674 0.0645513 0.000384299 0.000952521 0.112247 0.0104568 0.0774984 0.00253441 3.30424e-07 0.0168708 0.0170689 0.0677143 0.00012441 0.000719665 0.106655 0.0182881 0.0585685 2.60062e+06 inf 
865 6259.16 2.49495 41737.2 42522 180164 1084.94 2825.47 292644 30845 209154 35.3259 2.88638e-06 1581.05 1627.96 25925.2 0.507395 4.79838 62276.8 1408.27 26124 0.00244641 9.75159e-07 0.0163131 0.0166198 0.0704176 0.000424051 0.00110435 0.114381 0.0120559 0.0817485 0.00279684 4.2097e-07 0.0187575 0.0189756 0.0719327 0.000136006 0.000809866 0.106104 0.0201267 0.0593954 2.5585e+06 inf 
875 7052.46 3.16982 47216.3 48102 193921 1176.72 3222.57 290287 35058.9 216695 43.9313 4.70775e-06 1987.23 2046.11 29752.6 0.605192 6.21909 61194.3 1733.75 27748.9 0.00279864 1.25788e-06 0.0187369 0.0190884 0.0769538 0.000466961 0.00127882 0.115195 0.0139125 0.0859913 0.00309854 5.34709e-07 0.020917 0.0211564 0.0767129 0.000148683 0.000912445 0.104947 0.0222362 0.0601424 2.51996e+06 inf 
885 7908.5 4.00074 53103.2 54095.8 208083 1272.27 3661.24 282503 39514.8 223255 54.0945 7.58778e-06 2467.23 2540.3 33901.9 0.717662 8.00129 58224.8 2099.29 29205.3 0.00318896 1.61323e-06 0.0214129 0.0218132 0.083906 0.000513022 0.00147633 0.113914 0.0159337 0.0900235 0.00341221 6.76111e-07 0.0231593 0.0234205 0.0814256 0.000161841 0.00102314 0.102478 0.0243438 0.0605993 2.47996e+06 inf 
895 8863.33 5.02029 59637.6 60744.8 223391 1372.5 4152.61 269489 44461.4 229222 66.6811 1.20982e-05 3061.43 3151.75 38739.6 0.847909 10.2674 53786.9 2543.66 30588.8 0.00363598 2.05946e-06 0.024465 0.0249192 0.0916411 0.000563038 0.00170352 0.110552 0.0182393 0.0940333 0.00375953 8.49495e-07 0.0256388 0.0259224 0.0865676 0.000175569 0.00114455 0.0992128 0.026661 0.0608777 2.43767e+06 inf 
905 9935.32 6.26426 66940.3 68169.9 240274 1478.71 4702.67 251053 49988.2 234800 82.3544 1.90626e-05 3799.82 3911.03 44455.9 0.998381 13.1441 48082.3 3082.92 31927.7 0.00414107 2.61096e-06 0.0279009 0.0284134 0.100147 0.000616331 0.00196008 0.104639 0.0208352 0.0978651 0.00414452 1.06218e-06 0.028378 0.0286846 0.0921951 0.000190429 0.00127928 0.0953488 0.0291696 0.0610733 2.39922e+06 inf 
915 11096 7.76476 74809 76166.3 257801 1588.43 5308.72 224736 55820.8 239189 101.04 2.97186e-05 4677.35 4813.16 50775.4 1.17049 16.7357 40758.1 3693.27 33028 0.00471151 3.29703e-06 0.031765 0.0323413 0.109466 0.000674473 0.00225416 0.0954261 0.0237023 0.101563 0.00455024 1.32232e-06 0.0312579 0.0315876 0.097863 0.000205168 0.00142302 0.0905558 0.0317241 0.0609026 2.35508e+06 inf 
925 12396 9.6076 83582.2 85074.4 277041 1706.29 5991.4 190696 62254.9 243032 124.23 4.60922e-05 5762.58 5927.96 58216.3 1.37029 21.3027 32688.5 4426.03 34019.6 0.00535112 4.14742e-06 0.0360809 0.036725 0.119594 0.000736572 0.00258638 0.0823197 0.0268743 0.104913 0.00499933 1.64197e-06 0.034435 0.0347888 0.104059 0.000221337 0.00158323 0.0856415 0.0344733 0.0606548 2.31652e+06 inf 
935 13839.9 11.8337 93287.2 94920.2 298086 1831.66 6750.92 148364 69258.7 246269 152.639 7.06823e-05 7087.12 7287.46 66906.9 1.59953 27.0163 24805.8 5290.6 34868.7 0.006063 5.18416e-06 0.0408675 0.0415829 0.130586 0.000802419 0.00295746 0.0649956 0.030341 0.107886 0.0054871 2.02218e-06 0.037876 0.038254 0.110716 0.000238426 0.0017575 0.0815019 0.0373784 0.0602987 2.28268e+06 inf 
945 15400.4 14.5304 103725 105504 320148 1964.16 7585.64 95773.1 76576 248485 186.372 0.000107591 8651.96 8892.76 76613.5 1.8611 34.067 18182.2 6257.3 35468.4 0.00683767 6.45141e-06 0.0460535 0.0468431 0.142144 0.000872075 0.00336798 0.0425227 0.0339993 0.110326 0.00599953 2.47971e-06 0.0414788 0.0418815 0.11752 0.000256523 0.0019448 0.0791492 0.0402772 0.0597996 2.25228e+06 inf 
955 17152.2 17.7979 115400 117331 344702 2108.07 8525.63 32807.2 84579.1 250402 227.857 0.000162582 10567 10855.6 88058.3 2.16398 42.9192 14828.8 7394.76 35953 0.00769879 7.98859e-06 0.0517971 0.052664 0.15472 0.000946208 0.00382673 0.0147255 0.0379634 0.112393 0.00655761 3.0261e-06 0.0453878 0.0458153 0.124847 0.00027567 0.00214951 0.0802438 0.043335 0.0592055 2.22791e+06 inf 
965 19063.4 21.6673 128087 130170 370888 2255.13 9553 -41932.6 93072.3 251042 278.553 0.000243338 12895.5 13239.6 101429 2.50645 53.9091 17169.6 8716.75 36195.6 0.00867348 9.85825e-06 0.058277 0.0592251 0.168747 0.00102604 0.00434644 -0.0190786 0.0423462 0.11422 0.00717686 3.67825e-06 0.0497092 0.0501615 0.132938 0.000296005 0.00237405 0.0863011 0.0466129 0.0584997 2.19789e+06 inf 
975 21148.9 26.2762 141882 144124 398935 2410.91 10680.4 -129764 102004 250994 339.312 0.000361534 15670.8 16079.2 116685 2.89792 67.4328 28692.5 10203.5 36241.7 0.00975076 1.21147e-05 0.065415 0.0664484 0.18393 0.00111155 0.00492422 -0.0598279 0.047029 0.115721 0.00783346 4.46325e-06 0.0542763 0.0547536 0.141307 0.000317085 0.00261573 0.098231 0.0499262 0.0576015 2.16895e+06 inf 
985 23529.1 31.8362 157587 159998 431115 2584.53 11966.1 -231244 111953 251327 413.731 0.000533388 19052.4 19536.4 134884 3.35434 84.3145 53698.8 11938 36284.8 0.0109481 1.48133e-05 0.0733251 0.0744469 0.200597 0.00120258 0.00556779 -0.107597 0.0520914 0.116942 0.0085234 5.36188e-06 0.0590632 0.0595645 0.150074 0.00033849 0.00286899 0.115796 0.0533029 0.0566374 2.14916e+06 inf 
995 26077.9 38.3035 174341 176914 464655 2757.49 13347.4 -347527 122180 250010 504.077 0.000780694 23135.1 23705.6 155980 3.86371 105.073 98120 13916.5 36018 0.0123036 1.80716e-05 0.0822542 0.0834681 0.219225 0.00130099 0.0062973 -0.163964 0.0576446 0.117955 0.0092976 6.46132e-06 0.064416 0.0649414 0.159787 0.000361016 0.00314925 0.139316 0.0569464 0.0554978 2.11954e+06 inf 
1005 28888 45.9362 192767 195506 501347 2941.35 14867.4 -479826 133096 248277 613.051 0.00113449 28030.4 28700.4 180589 4.44475 130.52 169026 16159.3 35631.8 0.01381 2.19599e-05 0.0921526 0.093462 0.23967 0.00140612 0.00710738 -0.229382 0.0636269 0.118689 0.0101171 7.75281e-06 0.0700563 0.0706057 0.169968 0.000384248 0.00344682 0.16789 0.060635 0.0542837 2.09182e+06 inf 
1015 31932.9 54.8378 212664 215568 540672 3133.24 16518.8 -627819 144460 245915 743.173 0.00163207 33841.3 34624.2 209039 5.09914 161.34 273627 18673.9 35097.6 0.0154681 2.65631e-05 0.103013 0.10442 0.261898 0.00151772 0.00800159 -0.304111 0.0699757 0.11912 0.0109875 9.21786e-06 0.076032 0.0766044 0.180738 0.000408064 0.00375856 0.200148 0.0644119 0.0530237 2.06444e+06 inf 
1025 35287.6 65.318 234530 237603 583634 3337.19 18335.8 -794680 156540 243165 901.034 0.00233712 40851.9 41764.4 242494 5.84476 199.127 424462 21537 34450.3 0.017307 3.20355e-05 0.115026 0.116533 0.286246 0.00163674 0.00899288 -0.389754 0.0767759 0.119261 0.0119325 1.09535e-05 0.0824919 0.0830875 0.192341 0.000433213 0.0040977 0.237215 0.0683256 0.0517016 2.03892e+06 inf 
1035 38980.2 77.6034 258542 261785 630601 3553.64 20331.2 -981440 169337 240051 1092.14 0.0033292 49290.9 50352 281875 6.6936 245.275 634498 24778.2 33707 0.0193473 3.85175e-05 0.128324 0.129934 0.312991 0.0017638 0.0100911 -0.487126 0.0840482 0.119147 0.0129518 1.29927e-05 0.0894308 0.0900493 0.204797 0.000459653 0.00446189 0.278629 0.072348 0.0503403 2.01476e+06 inf 
1045 43071.3 91.9281 285087 288506 682630 3786.05 22534 -1.18871e+06 183123 237154 1322.34 0.00470365 59400.7 60631.9 328264 7.65835 301.216 916688 28467.9 32976.5 0.0215968 4.60945e-05 0.142948 0.144662 0.342284 0.0018984 0.011299 -0.596042 0.0918215 0.118914 0.0140224 1.52904e-05 0.096698 0.0973386 0.217806 0.000485937 0.00483412 0.323078 0.0764406 0.0489346 1.99434e+06 inf 
1055 47514.3 108.517 313838 317432 738532 4027.34 24913.9 -1.41843e+06 197514 233650 1598.89 0.0066104 71468.6 72892.9 382456 8.74656 368.867 1.29339e+06 32598.5 32131.9 0.024101 5.50437e-05 0.15919 0.161014 0.374611 0.00204282 0.0126373 -0.719483 0.100187 0.118516 0.015171 1.79787e-05 0.104451 0.105112 0.231652 0.000513291 0.00523475 0.372024 0.0806088 0.0474593 1.97146e+06 inf 
1065 52372.1 127.886 345168 348941 799380 4285.27 27515.6 -1.67152e+06 212656 230057 1929.69 0.00923542 85814.3 87457.1 445833 9.97597 450.093 1.78293e+06 37228 31241.6 0.0268079 6.54616e-05 0.176683 0.178614 0.409182 0.00219352 0.0140845 -0.855608 0.108853 0.11776 0.016404 2.10272e-05 0.112736 0.11342 0.246537 0.000543068 0.00565836 0.424935 0.0848946 0.0460903 1.95361e+06 inf 
1075 57640.7 149.976 379094 383042 865010 4549.39 30302.1 -1.94748e+06 228616 226048 2326.85 0.0128032 102947 104837 520378 11.3476 547.266 2.41173e+06 42477.4 30305.8 0.0298331 7.76232e-05 0.196207 0.198251 0.447703 0.00235463 0.0156834 -1.00796 0.118325 0.116996 0.0177284 2.45188e-05 0.121594 0.1223 0.262476 0.000573493 0.00610556 0.481934 0.0893545 0.0446919 1.93211e+06 inf 
1085 63482.4 175.839 416590 420722 937629 4836.56 33388.8 -2.25339e+06 245733 222324 2806.04 0.0176937 123487 125660 608544 12.9114 664.677 3.21608e+06 48429.1 29391.6 0.0331327 9.17737e-05 0.217426 0.219583 0.489367 0.00252429 0.0174263 -1.17609 0.128253 0.116035 0.0191507 2.85004e-05 0.131058 0.131787 0.27952 0.000605503 0.00657516 0.543461 0.0939536 0.0433115 1.91601e+06 inf 
1095 69801.9 205.198 457035 461350 1.01576e+06 5132.25 36677.2 -2.58573e+06 263718 218340 3377.28 0.0242586 147809 150300 711688 14.6531 803.546 4.22638e+06 55108.3 28448.9 0.0367862 0.000108141 0.240861 0.243136 0.535317 0.00270474 0.0193292 -1.3627 0.138982 0.115067 0.020655 3.30152e-05 0.141006 0.141755 0.297492 0.00063773 0.00706102 0.608593 0.0986236 0.0418621 1.8975e+06 inf 
1105 76898.4 239.436 502368 506879 1.10366e+06 5454.43 40332.3 -2.95483e+06 283574 214803 4073.2 0.0331691 177279 180137 835623 16.6404 971.453 5.50072e+06 62862.4 27579.4 0.0408167 0.000127089 0.266651 0.269045 0.585807 0.00289514 0.0214079 -1.56839 0.150518 0.114015 0.0222711 3.81312e-05 0.15164 0.152411 0.316811 0.000671336 0.00757217 0.678144 0.103494 0.0404895 1.88399e+06 inf 
1115 84576.3 278.355 551246 555956 1.19827e+06 5789.55 44241.8 -3.35599e+06 304509 211230 4900.77 0.0450315 212081 215353 980413 18.8543 1169.19 7.07863e+06 71624.4 26720.6 0.0452316 0.000148864 0.294807 0.297326 0.640835 0.00309626 0.0236606 -1.79479 0.162852 0.112966 0.02398 4.38441e-05 0.162818 0.163609 0.33713 0.000704617 0.00809087 0.751268 0.108555 0.0391009 1.86985e+06 inf 
1125 92714.2 321.843 602828 607729 1.29779e+06 6123.91 48314.1 -3.78319e+06 326005 207107 5875.52 0.0606295 252756 256486 1.14799e+06 21.2699 1398.67 9.00351e+06 81381 25805.6 0.0500848 0.000173861 0.325652 0.328299 0.701074 0.00330817 0.0260996 -2.0437 0.17611 0.11188 0.0257974 5.02457e-05 0.174617 0.175429 0.358673 0.000739007 0.00862435 0.82887 0.113788 0.0377243 1.85114e+06 inf 
1135 102122 373.148 662338 667462 1.41348e+06 6508.12 52963.8 -4.26921e+06 350868 204232 7072.97 0.0815993 302406 306677 1.35184e+06 24.0802 1676.48 1.14142e+07 92980.2 25067.1 0.0553965 0.000202416 0.359289 0.362069 0.76675 0.00353037 0.0287305 -2.31586 0.19033 0.110787 0.0277128 5.73725e-05 0.186958 0.18779 0.381325 0.000773916 0.00916376 0.910214 0.119214 0.0363874 1.84347e+06 inf 
1145 111940 429.904 724120 729452 1.53315e+06 6881.87 57719.6 -4.77997e+06 376023 200535 8475.14 0.108856 360057 364921 1.58656e+06 27.0961 1994.64 1.43129e+07 105902 24246.7 0.0611981 0.00023503 0.395879 0.398794 0.838178 0.00376234 0.0315555 -2.61323 0.205573 0.109633 0.0298025 6.53646e-05 0.20031 0.201164 0.406003 0.000811376 0.0097328 0.997983 0.125046 0.0351605 1.82914e+06 inf 
1155 122963 494.983 793274 798835 1.66766e+06 7288.02 62952.1 -5.34811e+06 404228 197528 10174.5 0.144751 429417 434968 1.86805e+06 30.5156 2371.83 1.78863e+07 121100 23544.3 0.0676182 0.000272194 0.436226 0.439284 0.917054 0.00400773 0.0346177 -2.94096 0.222287 0.108622 0.0319816 7.42285e-05 0.214116 0.214991 0.431586 0.000847844 0.0102905 1.08929 0.131081 0.0338886 1.81849e+06 inf 
1165 134743 567.786 866758 872548 1.81071e+06 7701.42 68439.7 -5.95544e+06 433781 194363 12167.1 0.191039 509982 516296 2.19364e+06 34.2295 2803.67 2.21575e+07 138232 22833.8 0.074543 0.000314112 0.47951 0.482713 1.00173 0.0042606 0.0378624 -3.29468 0.239978 0.107526 0.0342704 8.37894e-05 0.228481 0.229378 0.458386 0.000885335 0.0108394 1.18451 0.137419 0.0327164 1.80759e+06 inf 
1175 147575 649.02 946412 952434 1.96601e+06 8121.52 74217.8 -6.61035e+06 465812 191172 14561.5 0.250936 605888 613069 2.58018e+06 38.3025 3303.81 2.73283e+07 158206 22161.5 0.0822719 0.000361823 0.527616 0.530973 1.09603 0.00452767 0.0413758 -3.68521 0.259686 0.106577 0.0367323 9.47585e-05 0.243718 0.244638 0.486969 0.000923845 0.011397 1.28628 0.14409 0.0315631 1.79375e+06 inf 
1185 162175 743.051 1.03667e+06 1.04296e+06 2.14301e+06 8593.99 80663.6 -7.34923e+06 502450 188969 17464.9 0.328887 721179 729370 3.04476e+06 42.9406 3891.61 3.36563e+07 182039 21622.3 0.090655 0.000415362 0.579493 0.58301 1.19793 0.004804 0.0450906 -4.10818 0.280867 0.105633 0.0392999 0.0001064 0.259466 0.26041 0.516689 0.000961883 0.0119261 1.3916 0.151238 0.0304709 1.78892e+06 inf 
1195 177325 845.494 1.12956e+06 1.13611e+06 2.32533e+06 9050.46 87165.3 -8.11699e+06 539658 186188 20812.4 0.426916 852499 861784 3.57302e+06 47.8132 4545.52 4.10397e+07 208518 21027.3 0.0996474 0.000475123 0.634756 0.638433 1.30671 0.00508589 0.0489823 -4.56132 0.30326 0.104628 0.0420222 0.000119006 0.275942 0.276912 0.548042 0.00100113 0.012453 1.50217 0.158776 0.0294836 1.77952e+06 inf 
1205 194116 960.424 1.23191e+06 1.23872e+06 2.52707e+06 9525.89 94080 -8.95554e+06 581123 183637 24862.4 0.552142 1.00968e+06 1.02022e+06 4.20619e+06 53.1609 5296.65 4.9931e+07 240107 20486.2 0.109613 0.000542329 0.695629 0.699475 1.42698 0.00537905 0.0531248 -5.05699 0.328147 0.103695 0.0449918 0.000132894 0.293677 0.294672 0.582119 0.00104141 0.0129866 1.61919 0.167041 0.0285538 1.77092e+06 inf 
1215 213013 1092.19 1.34634e+06 1.35345e+06 2.75371e+06 10046.6 101656 -9.89346e+06 627951 181727 29759.7 0.713318 1.19752e+06 1.20952e+06 4.96359e+06 59.1609 6166.65 6.07414e+07 277789 20034.2 0.120468 0.00061768 0.76141 0.765432 1.55733 0.00568176 0.057491 -5.59516 0.355132 0.102774 0.0481443 0.000147925 0.312255 0.313282 0.617919 0.0010842 0.0135012 1.74525 0.176017 0.0277065 1.76822e+06 inf 
1225 232687 1234.11 1.46426e+06 1.47166e+06 2.9881e+06 10546.9 109222 -1.08646e+07 676188 179430 35394.3 0.911858 1.41038e+06 1.42395e+06 5.82393e+06 65.3705 7115.17 7.3189e+07 320175 19551.5 0.132073 0.000700484 0.831116 0.835316 1.69605 0.00598645 0.0619945 -6.16678 0.383805 0.101845 0.0514442 0.000163993 0.331327 0.332387 0.655044 0.00112549 0.0139735 1.87428 0.185541 0.0269275 1.7618e+06 inf 
1235 254803 1393.91 1.59591e+06 1.60363e+06 3.25126e+06 11083.3 117377 -1.19411e+07 730877 177697 42194.9 1.16267 1.66387e+06 1.67925e+06 6.85259e+06 72.2197 8197.01 8.81328e+07 370757 19148.4 0.144873 0.000792532 0.907383 0.91177 1.84856 0.00630157 0.066737 -6.78929 0.415552 0.101033 0.054795 0.000181512 0.350253 0.35134 0.692087 0.00116272 0.0143781 2.00374 0.195234 0.0260676 1.75881e+06 inf 
1245 278395 1569.38 1.73472e+06 1.74276e+06 3.53005e+06 11617 125678 -1.30831e+07 789072 175748 50163.7 1.4734 1.95596e+06 1.97335e+06 8.0424e+06 79.4448 9383.54 1.05593e+08 429395 18731 0.158648 0.000894336 0.988558 0.993138 2.01165 0.00662011 0.0716194 -7.45561 0.449666 0.100153 0.0584583 0.000199505 0.370662 0.371785 0.732351 0.00120295 0.0147656 2.14192 0.206151 0.0253689 1.7548e+06 inf 
1255 304226 1762.66 1.88516e+06 1.89353e+06 3.83405e+06 12159.7 134305 -1.43124e+07 853192 173973 59641.9 1.85732 2.29764e+06 2.31728e+06 9.44176e+06 87.0815 10694 1.26083e+08 498841 18341.7 0.173608 0.00100587 1.07578 1.08055 2.18792 0.00693899 0.0766419 -8.16745 0.486878 0.0992788 0.0624123 0.000219338 0.392252 0.393412 0.775238 0.00124253 0.0151196 2.28971 0.218211 0.0247082 1.75237e+06 inf 
1265 332337 1975.25 2.04689e+06 2.05561e+06 4.16312e+06 12713.1 143201 -1.56355e+07 923347 172382 70798.3 2.3281 2.69202e+06 2.71417e+06 1.10684e+07 95.1465 12123.1 1.49976e+08 580051 17981.8 0.189743 0.00112774 1.16865 1.17362 2.37688 0.00725839 0.0817584 -8.92686 0.527172 0.098419 0.066474 0.000239561 0.41381 0.415009 0.818405 0.00127998 0.0153971 2.43684 0.230785 0.0240865 1.75151e+06 inf 
1275 363195 2211.52 2.22235e+06 2.23144e+06 4.52251e+06 13288.6 152514 -1.70718e+07 1.00054e+06 171059 83962.5 2.90694 3.14844e+06 3.17341e+06 1.29641e+07 103.69 13685.5 1.77897e+08 675267 17649.5 0.206988 0.00126036 1.26654 1.27172 2.57742 0.00757331 0.086919 -9.72939 0.570214 0.0974882 0.0707598 0.000261109 0.436126 0.437368 0.863297 0.00131859 0.0156381 2.59312 0.244328 0.023551 1.75467e+06 inf 
1285 396200 2465.6 2.40701e+06 2.41647e+06 4.90379e+06 13841.6 161712 -1.85809e+07 1.0838e+06 169501 99407.6 3.60452 3.67151e+06 3.69957e+06 1.51565e+07 112.381 15338.4 2.10013e+08 787250 17301.3 0.225736 0.00140478 1.3714 1.37679 2.79395 0.00788631 0.0921359 -10.5865 0.617496 0.0965735 0.075373 0.000283318 0.45946 0.460746 0.910653 0.00135476 0.0158149 2.75327 0.2593 0.0230441 1.75515e+06 inf 
1295 431818 2741.21 2.60311e+06 2.61294e+06 5.31203e+06 14387.6 170941 -2.0181e+07 1.1741e+06 167937 117467 4.44241 4.26822e+06 4.29968e+06 1.76816e+07 121.214 17078.7 2.46815e+08 918152 16947.6 0.245781 0.00156024 1.48163 1.48723 3.02349 0.00818908 0.0972956 -11.4865 0.668274 0.0955858 0.0803191 0.000306888 0.483882 0.485215 0.960464 0.00138973 0.0159484 2.92243 0.275683 0.0225735 1.75692e+06 inf 
1305 471284 3046.18 2.81715e+06 2.82739e+06 5.76164e+06 14955.7 180548 -2.19219e+07 1.27481e+06 166727 138839 5.45474 4.95636e+06 4.9916e+06 2.06273e+07 130.396 18936.2 2.89362e+08 1.07294e+06 16626.3 0.267235 0.00172729 1.59742 1.60323 3.26705 0.00848038 0.102377 -12.4305 0.722864 0.0945402 0.0855103 0.000330884 0.508589 0.509969 1.01133 0.0014221 0.016013 3.09223 0.293023 0.0221322 1.76356e+06 inf 
1315 514253 3377.35 3.04604e+06 3.05669e+06 6.24696e+06 15520.2 190140 -2.37813e+07 1.38558e+06 165598 163942 6.66224 5.74232e+06 5.78174e+06 2.40324e+07 139.702 20861.5 3.38147e+08 1.25608e+06 16316.1 0.290275 0.00190638 1.71937 1.72538 3.52616 0.00876057 0.107326 -13.4236 0.782108 0.0934733 0.0909886 0.000355373 0.533934 0.535365 1.06373 0.00145209 0.0160177 3.26752 0.311956 0.0217374 1.7716e+06 inf 
1325 560175 3731.81 3.28523e+06 3.2963e+06 6.75986e+06 16054.6 199393 -2.5717e+07 1.50421e+06 164210 193063 8.08425 6.62455e+06 6.66845e+06 2.79092e+07 148.748 22798 3.92836e+08 1.46842e+06 15965.3 0.314805 0.00209719 1.84622 1.85244 3.79888 0.00902229 0.112054 -14.4523 0.845332 0.0922819 0.096926 0.000380724 0.560631 0.562112 1.11927 0.00148013 0.0159942 3.44888 0.33261 0.0213579 1.77944e+06 inf 
1335 609246 4106.01 3.53506e+06 3.54654e+06 7.30168e+06 16548.3 208122 -2.7723e+07 1.6324e+06 162639 226824 9.73391 7.61342e+06 7.66215e+06 3.23178e+07 157.377 24705.3 4.53885e+08 1.71707e+06 15598.5 0.341144 0.00229914 1.97944 1.98587 4.08854 0.00926617 0.116537 -15.5234 0.914055 0.0910689 0.103101 0.000405462 0.58729 0.588826 1.17475 0.00150348 0.0158989 3.62991 0.354918 0.0209946 1.78589e+06 inf 
1345 664268 4522.82 3.80997e+06 3.82189e+06 7.90436e+06 17077.1 217242 -2.99279e+07 1.7766e+06 161549 266636 11.6937 8.73915e+06 8.79319e+06 3.74221e+07 166.113 26654.3 5.23512e+08 2.01046e+06 15257.2 0.368893 0.00251169 2.11582 2.12244 4.38959 0.00948354 0.120643 -16.6201 0.986615 0.0897144 0.109502 0.000430561 0.613582 0.615166 1.23021 0.00152021 0.0157305 3.80777 0.378249 0.0205961 1.80071e+06 inf 
1355 723137 4962.16 4.09609e+06 4.10845e+06 8.54001e+06 17554.2 225629 -3.22067e+07 1.93279e+06 160198 312778 13.9432 9.99228e+06 1.0052e+07 4.32044e+07 174.077 28492 6.00494e+08 2.35512e+06 14885 0.398459 0.00273422 2.25701 2.26382 4.70567 0.00967262 0.124325 -17.7464 1.06499 0.0882714 0.116514 0.000454904 0.641732 0.643369 1.28955 0.00153611 0.0155831 3.99332 0.404344 0.0202487 1.81483e+06 inf 
1365 785799 5423.26 4.3918e+06 4.40459e+06 9.2071e+06 17976.5 233225 -3.45517e+07 2.10055e+06 158617 365502 16.4964 1.13616e+07 1.14272e+07 4.96575e+07 181.024 30168.4 6.84458e+08 2.7529e+06 14477.7 0.429559 0.00296464 2.40079 2.40778 5.03308 0.00982688 0.127493 -18.8878 1.14827 0.0867082 0.123621 0.00047826 0.668639 0.670326 1.34666 0.0015459 0.0154007 4.1728 0.431694 0.0198978 1.82932e+06 inf 
1375 854823 5921.88 4.70872e+06 4.72195e+06 9.93241e+06 18383.1 240518 -3.7054e+07 2.28712e+06 157166 426918 19.4246 1.28838e+07 1.29557e+07 5.69893e+07 187.142 31704.4 7.77298e+08 3.22222e+06 14057.9 0.462174 0.00320176 2.54585 2.553 5.37012 0.00993914 0.13004 -20.0339 1.23657 0.0849746 0.131208 0.000500919 0.696047 0.697782 1.40499 0.0015476 0.0152009 4.34773 0.461565 0.0194918 1.84957e+06 inf 
1385 926227 6427.47 5.02345e+06 5.03707e+06 1.06675e+07 18684.8 246234 -3.95342e+07 2.48266e+06 155174 495570 22.637 1.44909e+07 1.45691e+07 6.49412e+07 191.468 32901.1 8.75265e+08 3.75485e+06 13577.6 0.496178 0.00344318 2.69105 2.69835 5.71455 0.0100094 0.131907 -21.1784 1.32996 0.0831262 0.138865 0.000520686 0.72181 0.723587 1.4604 0.00154301 0.0150206 4.51138 0.492625 0.0190664 1.86672e+06 inf 
1395 1.00573e+06 6974.52 5.36483e+06 5.37888e+06 1.14749e+07 18982.4 251681 -4.22082e+07 2.70321e+06 153552 575155 26.2471 1.62606e+07 1.63455e+07 7.3903e+07 194.802 33882.6 9.82385e+08 4.38387e+06 13112.6 0.531297 0.00368444 2.83409 2.84151 6.06185 0.0100278 0.132956 -22.2974 1.42803 0.0811171 0.14684 0.000538941 0.746957 0.748772 1.51488 0.00153333 0.0148997 4.66821 0.525929 0.0186289 1.89297e+06 inf 
1405 1.08932e+06 7535.9 5.70818e+06 5.72262e+06 1.23061e+07 19186.6 255620 -4.48913e+07 2.93783e+06 151530 664298 30.176 1.81139e+07 1.82054e+07 8.36049e+07 196.191 34461.1 1.09429e+09 5.1006e+06 12594.2 0.567463 0.00392569 2.97357 2.98109 6.41061 0.00999491 0.133161 -23.3853 1.53041 0.0789368 0.155046 0.00055552 0.770697 0.772543 1.56733 0.00151777 0.0148363 4.8143 0.561175 0.0181569 1.91964e+06 inf 
1415 1.17998e+06 8124.55 6.06606e+06 6.08089e+06 1.31897e+07 19333.5 258466 -4.76736e+07 3.19523e+06 149462 765145 34.4418 2.00701e+07 2.01681e+07 9.4194e+07 195.816 34650.9 1.21164e+09 5.92574e+06 12046.9 0.604442 0.00416177 3.10732 3.11491 6.75636 0.00990353 0.132398 -24.4206 1.63674 0.0765614 0.163072 0.000567771 0.790842 0.792703 1.61309 0.00149202 0.0148495 4.92856 0.597086 0.0175882 1.95219e+06 inf 
1425 1.27489e+06 8714.86 6.42057e+06 6.43573e+06 1.40893e+07 19363.8 259330 -5.04141e+07 3.46951e+06 146987 876813 38.9149 2.20625e+07 2.21667e+07 1.05422e+08 193.095 34318.2 1.33028e+09 6.86266e+06 11456.3 0.642092 0.00438919 3.23368 3.24132 7.09601 0.00975246 0.13061 -25.3908 1.7474 0.0740294 0.171231 0.000578167 0.809282 0.811152 1.65584 0.00146309 0.0150064 5.02973 0.634774 0.0170166 1.98553e+06 inf 
1435 1.37725e+06 9329.55 6.7866e+06 6.80209e+06 1.50392e+07 19336.4 259076 -5.32384e+07 3.76894e+06 144542 1.00082e+06 43.6297 2.40967e+07 2.42068e+07 1.17374e+08 188.574 33582.9 1.45092e+09 7.92781e+06 10849.2 0.679351 0.00460194 3.34759 3.35523 7.41832 0.00953797 0.127793 -26.2606 1.85908 0.0712975 0.179304 0.000585798 0.824446 0.826313 1.69262 0.00142963 0.015305 5.10557 0.674028 0.0163772 2.02731e+06 inf 
1445 1.48409e+06 9938.66 7.14422e+06 7.15998e+06 1.59999e+07 19179.3 256703 -5.59711e+07 4.08607e+06 141609 1.13516e+06 48.392 2.60719e+07 2.6187e+07 1.29662e+08 181.53 32315.7 1.56657e+09 9.10729e+06 10185.3 0.716237 0.00479648 3.44786 3.45547 7.72171 0.0092561 0.123887 -27.0121 1.97197 0.0683416 0.186656 0.000590063 0.833513 0.835357 1.71788 0.0013902 0.0157431 5.13663 0.711738 0.0156502 2.07207e+06 inf 
1455 1.59765e+06 10554.1 7.50259e+06 7.51857e+06 1.69923e+07 18933.5 252746 -5.86977e+07 4.42818e+06 138553 1.28034e+06 53.1564 2.79742e+07 2.80936e+07 1.42233e+08 172.549 30621.8 1.67703e+09 1.04167e+07 9502.87 0.751685 0.00496562 3.52992 3.53744 7.99474 0.00890808 0.118915 -27.6169 2.08343 0.0651885 0.193293 0.000593542 0.837476 0.839282 1.73307 0.00135256 0.016326 5.13228 0.748556 0.0148827 2.12543e+06 inf 
1465 1.71472e+06 11146.9 7.84267e+06 7.85881e+06 1.79758e+07 18549.6 246540 -6.12693e+07 4.7887e+06 135055 1.43343e+06 57.6997 2.96982e+07 2.98207e+07 1.54604e+08 161.393 28475.3 1.77619e+09 1.18481e+07 8785.75 0.785507 0.00510634 3.59269 3.60008 8.23463 0.00849747 0.112939 -28.0672 2.19368 0.0618679 0.199059 0.000597676 0.834984 0.836732 1.73618 0.00131396 0.0170083 5.0891 0.784407 0.0140381 2.18295e+06 inf 
1475 1.83643e+06 11718.8 8.16717e+06 8.18341e+06 1.89585e+07 18047.7 238413 -6.37042e+07 5.17018e+06 131265 1.59115e+06 61.8391 3.11625e+07 3.12867e+07 1.66362e+08 148.415 25967 1.85919e+09 1.33696e+07 8043.52 0.815981 0.00520701 3.62892 3.63613 8.42382 0.00801914 0.105934 -28.3057 2.29726 0.0583249 0.202897 0.000603255 0.823036 0.824706 1.72011 0.00127996 0.017773 4.98811 0.814303 0.0131215 2.25058e+06 inf 
1485 1.96248e+06 12275.7 8.47377e+06 8.49003e+06 1.99393e+07 17442.7 228708 -6.60203e+07 5.5724e+06 127242 1.74955e+06 65.515 3.22971e+07 3.24213e+07 1.77147e+08 134.143 23237.4 1.92403e+09 1.49585e+07 7288.03 0.841668 0.00526481 3.63423 3.64121 8.55159 0.00748082 0.0980883 -28.3148 2.38989 0.0545716 0.204802 0.000616346 0.802444 0.804017 1.68682 0.00125245 0.0185677 4.8425 0.838946 0.0121506 2.33165e+06 inf 
1495 2.08628e+06 12749.8 8.7307e+06 8.74688e+06 2.0837e+07 16663.6 216358 -6.79293e+07 5.98268e+06 122597 1.90091e+06 68.2119 3.29674e+07 3.30898e+07 1.86019e+08 118.507 20258.4 1.96074e+09 1.65747e+07 6516.42 0.862757 0.00527253 3.61048 3.61717 8.6169 0.00689101 0.0894722 -28.0913 2.47407 0.0506986 0.204323 0.000639225 0.773125 0.774585 1.6355 0.00123334 0.019296 4.66043 0.856307 0.0111552 2.41816e+06 inf 
1505 2.2108e+06 13178 8.95226e+06 8.96825e+06 2.16905e+07 15780.7 202545 -6.95898e+07 6.40527e+06 117680 2.03786e+06 69.9577 3.31113e+07 3.32298e+07 1.92575e+08 102.444 17254.7 1.96839e+09 1.81247e+07 5745.8 0.87588 0.0052209 3.54672 3.55306 8.59339 0.00625203 0.0802446 -27.5702 2.53765 0.0466227 0.2005 0.000676917 0.73406 0.735391 1.56476 0.00122413 0.0199196 4.44098 0.860812 0.0101346 2.52409e+06 inf 
1515 2.32546e+06 13490.6 9.09561e+06 9.11128e+06 2.23937e+07 14734.7 186549 -7.06589e+07 6.81231e+06 112028 2.1452e+06 70.2958 3.25556e+07 3.26679e+07 1.95575e+08 86.0999 14260.6 1.93645e+09 1.94739e+07 4969.43 0.880157 0.00510603 3.44257 3.4485 8.47572 0.0055769 0.0706063 -26.7435 2.57837 0.042401 0.193012 0.000731105 0.685989 0.68718 1.47807 0.00121899 0.0203023 4.20823 0.85008 0.00911169 2.6421e+06 inf 
1525 2.43263e+06 13711.3 9.17696e+06 9.19218e+06 2.29772e+07 13596 169444 -7.12749e+07 7.21039e+06 106042 2.2164e+06 69.2859 3.13485e+07 3.14526e+07 1.94884e+08 70.4861 11469.5 1.86819e+09 2.05382e+07 4220.87 0.873271 0.00492209 3.29436 3.29983 8.24841 0.0048807 0.0608273 -25.5864 2.5884 0.0380672 0.181789 0.00080336 0.633043 0.634091 1.38694 0.00121737 0.0204301 3.99785 0.820374 0.00813043 2.78566e+06 inf 
1535 2.51575e+06 13763.6 9.14116e+06 9.15576e+06 2.3298e+07 12323.6 150877 -7.10379e+07 7.54832e+06 99240.4 2.22852e+06 66.5843 2.933e+07 2.94238e+07 1.89101e+08 55.8298 8922.02 1.7554e+09 2.10592e+07 3494.96 0.853041 0.00466696 3.09958 3.10453 7.89988 0.00417868 0.0511592 -24.0875 2.55948 0.0336504 0.167237 0.000892646 0.581219 0.582139 1.30849 0.00121218 0.0201993 3.87453 0.767992 0.007261 2.94916e+06 inf 
1545 2.57705e+06 13664.3 9.00623e+06 9.02006e+06 2.33878e+07 10977.7 131667 -7.00684e+07 7.83219e+06 91960.7 2.17983e+06 62.3656 2.66638e+07 2.67457e+07 1.78697e+08 42.7434 6701.36 1.60611e+09 2.09718e+07 2819.82 0.81778 0.00433611 2.85797 2.86236 7.4217 0.00348359 0.0417821 -22.235 2.48541 0.0291821 0.151551 0.00099435 0.541567 0.542395 1.2746 0.00119518 0.0195144 3.90877 0.691229 0.00657455 3.15127e+06 inf 
1555 2.59529e+06 13347.1 8.71789e+06 8.73074e+06 2.30911e+07 9563.24 112151 -6.79797e+07 7.98737e+06 83873.8 2.05303e+06 56.667 2.33577e+07 2.34267e+07 1.63134e+08 31.5352 4857.84 1.42118e+09 2.00162e+07 2202.18 0.765774 0.00393821 2.57232 2.57611 6.81332 0.00282175 0.0330915 -20.0582 2.35677 0.024748 0.139145 0.00110035 0.524546 0.525335 1.30896 0.00115869 0.0183934 4.12344 0.593018 0.0061087 3.38911e+06 inf 
1565 2.5623e+06 12808.4 8.27353e+06 8.28523e+06 2.23749e+07 8136.86 93121.1 -6.47588e+07 7.97704e+06 75153.1 1.85382e+06 49.8827 1.96676e+07 1.97235e+07 1.43505e+08 22.4179 3398.23 1.2144e+09 1.81915e+07 1662.16 0.696647 0.0034824 2.24944 2.25262 6.08339 0.00221228 0.0253181 -17.6069 2.16883 0.0204329 0.136768 0.00119799 0.536037 0.536838 1.41747 0.00109585 0.0168201 4.49161 0.492094 0.00586605 3.67804e+06 inf 
1575 2.46476e+06 12013.9 7.65491e+06 7.6653e+06 2.11603e+07 6729.41 74987.7 -6.02368e+07 7.74946e+06 65803.1 1.59689e+06 42.3649 1.58484e+07 1.58917e+07 1.21122e+08 15.3017 2285.86 9.98026e+08 1.56648e+07 1208.25 0.612898 0.00298744 1.90351 1.90609 5.26183 0.00167337 0.0186468 -14.9788 1.92702 0.0163629 0.146447 0.00126881 0.56356 0.56439 1.55946 0.00100242 0.0148563 4.87956 0.426466 0.0057187 4.02148e+06 inf 
1585 2.30361e+06 11010.7 6.89177e+06 6.90075e+06 1.9498e+07 5411.62 58616 -5.46609e+07 7.29652e+06 56238.2 1.30997e+06 34.7643 1.22107e+07 1.22429e+07 9.80417e+07 10.0497 1483.51 7.89727e+08 1.27684e+07 846.595 0.519101 0.00248117 1.55301 1.55503 4.39374 0.00121947 0.0132087 -12.3174 1.64422 0.0126729 0.160394 0.00129525 0.582873 0.583709 1.66974 0.000881767 0.0126423 5.1225 0.416918 0.00549296 4.43769e+06 inf 
1595 2.07699e+06 9797.96 5.99827e+06 6.00577e+06 1.73888e+07 4210.91 44254.9 -4.80823e+07 6.61119e+06 46636 1.01935e+06 27.4414 8.96253e+06 8.98541e+06 7.58034e+07 6.33697 926.68 5.99489e+08 9.83417e+06 570.309 0.422208 0.00199172 1.21932 1.22085 3.53478 0.000855989 0.00899609 -9.77412 1.34392 0.00948012 0.170158 0.00126938 0.57892 0.579721 1.70721 0.000745289 0.0103656 5.1313 0.439282 0.0051048 4.91935e+06 inf 
1605 1.8047e+06 8468.33 5.04293e+06 5.04901e+06 1.50024e+07 3174.52 32325.9 -4.09934e+07 5.75809e+06 37516.9 753350 20.892 6.27282e+06 6.28837e+06 5.60787e+07 3.8472 558.978 4.37389e+08 7.17046e+06 369.979 0.328976 0.00154367 0.919266 0.920374 2.73475 0.000578676 0.00589261 -7.4726 1.04963 0.00683887 0.170592 0.00119391 0.546269 0.546998 1.65638 0.000605336 0.00819586 4.88783 0.453171 0.00454671 5.48583e+06 inf 
1615 1.50644e+06 7092.94 4.083e+06 4.08775e+06 1.2486e+07 2317.11 22842.6 -3.37907e+07 4.80648e+06 29214.4 528730 15.3598 4.18586e+06 4.19598e+06 3.97061e+07 2.25577 326.751 3.07053e+08 4.95138e+06 231.513 0.245902 0.00115781 0.666485 0.667261 2.03815 0.000378232 0.0037287 -5.5158 0.784583 0.0047688 0.160745 0.00108015 0.488951 0.489581 1.52557 0.00047451 0.00627964 4.43819 0.438936 0.00387935 6.12616e+06 inf 
1625 1.20611e+06 5744.88 3.17803e+06 3.18161e+06 1.00068e+07 1634.79 15582.1 -2.68738e+07 3.83963e+06 21975.8 352799 10.8805 2.66402e+06 2.67032e+06 2.69102e+07 1.27188 183.811 2.07153e+08 3.2421e+06 139.55 0.176454 0.00084048 0.464947 0.465472 1.464 0.00023917 0.00227967 -3.93165 0.56174 0.00321508 0.143103 0.000940966 0.41662 0.41714 1.33928 0.00035899 0.00465777 3.8534 0.398459 0.00317484 6.83524e+06 inf 
1635 927045 4509.88 2.38012e+06 2.38274e+06 7.73305e+06 1119.45 10319.9 -2.06579e+07 2.93757e+06 15998.8 224812 7.47784 1.62402e+06 1.62779e+06 1.75495e+07 0.695157 100.414 1.35157e+08 2.02139e+06 81.5472 0.122088 0.000593935 0.313454 0.313798 1.01842 0.000147427 0.0013591 -2.72057 0.386867 0.00210698 0.121249 0.000795013 0.340036 0.340449 1.12873 0.000264225 0.00337299 3.22463 0.341385 0.00251 7.59322e+06 inf 
1645 685443 3433.93 1.71774e+06 1.71958e+06 5.77102e+06 744.325 6631.54 -1.53638e+07 2.157e+06 11284.5 137344 4.98127 950615 952794 1.1036e+07 0.366953 52.8968 8.53197e+07 1.20586e+06 46.2234 0.0817442 0.000409522 0.204853 0.205073 0.688237 8.87664e-05 0.000790861 -1.83225 0.257238 0.00134577 0.0984745 0.000652951 0.267214 0.267532 0.917853 0.000189427 0.00238388 2.6111 0.278633 0.0019239 8.38522e+06 inf 
1655 488746 2541.41 1.1971e+06 1.19836e+06 4.16861e+06 481.53 4142.48 -1.10792e+07 1.52395e+06 7727.92 80758.3 3.21941 535635 536851 6.70976e+06 0.186778 26.8535 5.22109e+07 691617 25.4567 0.0532255 0.000276765 0.130367 0.130504 0.453971 5.24396e-05 0.000451125 -1.20655 0.165961 0.000841587 0.0772126 0.000523452 0.203313 0.203551 0.724305 0.000132629 0.00164951 2.05672 0.218576 0.00143667 9.18256e+06 inf 
1665 337082 1831.64 807600 808437 2.92189e+06 303.488 2515.6 -7.76505e+06 1.03951e+06 5150.33 45798.2 2.01814 290886 291542 3.9486e+06 0.09153 13.0639 3.09929e+07 382553 13.633 0.0336452 0.000182821 0.080609 0.0806926 0.291643 3.0292e-05 0.00025109 -0.775054 0.103757 0.000514071 0.0586452 0.000409894 0.150121 0.150294 0.555937 9.06548e-05 0.00111396 1.57886 0.165585 0.00104713 1.00187e+07 inf 
1675 225582 1288.48 528809 529351 1.99273e+06 186.659 1487.62 -5.30185e+06 686982 3348.25 25047.2 1.22856 152129 152470 2.24848e+06 0.0433247 6.16412 1.78386e+07 204135 7.09405 0.0206436 0.000117912 0.0483927 0.0484423 0.18236 1.70816e-05 0.000136136 -0.485186 0.0628674 0.000306406 0.043197 0.000313887 0.10761 0.107732 0.415342 6.0605e-05 0.000738621 1.18197 0.121361 0.000745191 1.09275e+07 inf 
1685 146802 885.455 336656 336998 1.32458e+06 112.007 853.979 -3.53139e+06 440931 2126.19 13202.2 0.722687 76509.2 76679.9 1.23661e+06 0.0196564 2.77993 9.92591e+06 105099 3.577 0.0123366 7.44099e-05 0.0282911 0.0283199 0.111312 9.41257e-06 7.17647e-05 -0.296763 0.037054 0.000178676 0.0309398 0.000234936 0.0750274 0.0751122 0.302538 3.95378e-05 0.000477979 0.86375 0.0863658 0.000518335 1.18997e+07 inf 
1695 92817.9 593.219 208078 208288 856922 65.3314 472.639 -2.29053e+06 274769 1316.48 6649.91 0.40799 36671.1 36752.7 651546 0.00848647 1.19009 5.29772e+06 51775.8 1.73372 0.00715131 4.57056e-05 0.0160317 0.0160479 0.066023 5.03357e-06 3.64152e-05 -0.176477 0.0211701 0.000101431 0.0214759 0.000171305 0.0506791 0.050736 0.214104 2.50702e-05 0.00030061 0.614026 0.0595061 0.000351126 1.29791e+07 inf 
1705 57138 388.599 125130 125255 540846 37.2168 253.917 -1.45062e+06 166572 796.937 3208.96 0.222595 16814.2 16851.7 330353 0.00353049 0.489181 2.72794e+06 24433.4 0.812826 0.0040323 2.74239e-05 0.00883055 0.00883943 0.0381681 2.62643e-06 1.79193e-05 -0.102372 0.0117552 5.62408e-05 0.0144983 0.000122298 0.033296 0.0333333 0.14784 1.55645e-05 0.000184935 0.426655 0.039826 0.000232807 1.41701e+07 inf 
1715 34145.1 247.879 72974 73047.1 331893 20.5987 131.265 -893459 97972.9 469.802 1471.32 0.116196 7314.8 7331.13 159775 0.0014007 0.191207 1.34215e+06 10951 0.364993 0.00218635 1.58719e-05 0.0046726 0.00467728 0.0212515 1.31896e-06 8.40501e-06 -0.0572092 0.00627331 3.00819e-05 0.00945676 8.47834e-05 0.0211315 0.0211552 0.0988885 9.37809e-06 0.000110329 0.287518 0.0257265 0.000149887 1.56174e+07 inf 
1725 19695.6 153.315 41033.6 41074.6 197012 11.0437 65.087 -532703 55575.4 268.489 639.89 0.0578782 3012.13 3018.88 73627.5 0.000522473 0.0679578 630241 4652.02 0.156846 0.00113958 8.87076e-06 0.0023742 0.00237657 0.0113991 6.38989e-07 3.76592e-06 -0.0308221 0.00321559 1.55347e-05 0.00597706 5.71851e-05 0.0129863 0.0130009 0.0642662 5.46094e-06 6.25927e-05 0.188456 0.0160881 9.39879e-05 1.72831e+07 inf 
1735 10985.2 92.0852 22282.4 22304.7 113316 5.74378 30.9411 -307892 30449.9 148.957 263.939 0.0274045 1173.05 1175.7 32263.2 0.000183065 0.0221547 281489 1873.44 0.0642846 0.000572282 4.79726e-06 0.00116082 0.00116198 0.00590328 2.99227e-07 1.6119e-06 -0.0160399 0.00158631 7.76002e-06 0.00366369 3.74786e-05 0.00773069 0.00773943 0.0405701 3.07366e-06 3.39348e-05 0.12003 0.00975099 5.73476e-05 1.91954e+07 inf 
1745 5875.6 53.2584 11583.9 11595.6 62632.4 2.86835 13.8109 -171084 15983.8 79.5663 101.774 0.0120398 424.514 425.478 13203.1 5.74277e-05 0.00600763 117058 706.581 0.0246004 0.000269764 2.44523e-06 0.000531847 0.000532382 0.00287561 1.31693e-07 6.34095e-07 -0.00785489 0.000733857 3.65309e-06 0.00214474 2.33838e-05 0.00438265 0.00438763 0.0244524 1.61843e-06 1.65959e-05 0.0728884 0.00564822 3.34084e-05 2.17806e+07 inf 
1755 2999.97 29.5125 5735.88 5741.66 33111.3 1.36627 5.66493 -90953 8002.06 40.7258 35.8774 0.00477523 139.351 139.668 4919.44 1.56546e-05 0.00128592 44108.2 244.605 0.00856023 0.000119668 1.17725e-06 0.000228803 0.000229034 0.0013208 5.45005e-08 2.25973e-07 -0.0036281 0.000319201 1.62454e-06 0.0011903 1.37513e-05 0.00234656 0.00234923 0.013946 7.88345e-07 7.15851e-06 0.0417888 0.00310731 1.84073e-05 2.50691e+07 inf 
1765 1445.74 15.4908 2672.9 2675.61 16553.4 0.613358 2.07106 -45732.2 3778.4 19.7493 11.0675 0.00164645 39.7033 39.7935 1599.97 3.61454e-06 0.000207994 14452.8 74.2947 0.00260134 4.98655e-05 5.34299e-07 9.21921e-05 9.22855e-05 0.00057095 2.11555e-08 7.14337e-08 -0.00157737 0.000130322 6.81179e-07 0.000615828 7.51683e-06 0.00116659 0.00116791 0.0074067 3.52452e-07 2.67748e-06 0.0222712 0.00159547 9.44774e-06 2.89928e+07 inf 
1775 644.174 7.54688 1147.17 1148.33 7667.23 0.253955 0.631137 -21299.7 1648.41 8.88973 2.75521 0.00045685 9.04555 9.06594 419.516 6.5156e-07 2.08918e-05 3799.16 18.2378 0.0006376 1.85521e-05 2.17349e-07 3.30382e-05 3.30718e-05 0.000220815 7.31387e-09 1.81767e-08 -0.000613427 4.74738e-05 2.56023e-07 0.000281079 3.62077e-06 0.000509332 0.000509906 0.00346889 1.36789e-07 7.75468e-07 0.0104422 0.000723181 4.27753e-06 3.47224e+07 inf 
1785 252.191 3.24728 430.503 430.941 3128.55 0.0924694 0.141288 -8720.96 630.689 3.52946 0.472552 8.82623e-05 1.40762 1.41075 76.1144 8.12338e-08 9.82275e-07 685.401 3.06532 0.000108104 5.70874e-06 7.35073e-08 9.7451e-06 9.75503e-06 7.08196e-05 2.09319e-09 3.19827e-09 -0.000197412 1.42766e-05 7.98949e-08 0.000103268 1.41158e-06 0.000178238 0.000178436 0.00131071 4.28307e-08 1.49081e-07 0.00393397 0.000263029 1.56228e-06 4.41764e+07 inf 
1795 79.9809 1.14849 130.138 130.271 1040.87 0.0277546 0.0207067 -2900.32 194.091 1.14422 0.048048 1.05673e-05 0.129262 0.129543 8.33437 6.53735e-09 1.81469e-08 73.7006 0.297502 1.10458e-05 1.34989e-06 1.93837e-08 2.19642e-06 2.19866e-06 1.75674e-05 4.68432e-10 3.49479e-10 -4.89505e-05 3.2758e-06 1.93118e-08 2.84449e-05 4.21871e-07 4.66563e-05 4.67071e-05 0.000374641 1.04936e-08 1.74972e-08 0.00111422 7.07841e-05 4.31339e-07 5.92501e+07 inf 
1805 17.9281 0.295419 27.6248 27.6527 247.804 0.00606038 0.00176725 -683.023 41.3069 0.264395 0.00253243 7.1269e-07 0.00611785 0.00613072 0.488983 3.06153e-10 1.16009e-10 4.12609 0.0140083 5.94908e-07 2.03964e-07 3.36091e-09 3.14281e-07 3.14598e-07 2.8192e-06 6.89473e-11 2.01055e-11 -7.77057e-06 4.69938e-07 3.00795e-09 5.36369e-06 8.99822e-08 8.33681e-06 8.34558e-06 7.45324e-05 1.86501e-09 1.14865e-09 0.00021652 1.26154e-05 8.22136e-08 8.78986e+07 inf 
1815 3.0229 0.0594088 4.37493 4.38018 45.0987 0.00101972 0.00010943 -151.804 7.80446 0.0569669 8.94074e-05 3.37573e-08 0.000195764 0.000196163 0.0195281 1.03414e-11 5.19694e-13 1.95789 0.0016955 2.49402e-07 2.15267e-08 4.23063e-10 3.11548e-08 3.11923e-08 3.21158e-07 7.26169e-12 7.79278e-13 -1.08103e-06 5.55773e-08 4.05674e-10 7.97638e-07 1.54989e-08 1.1803e-06 1.1815e-06 1.17882e-05 2.71276e-10 6.08297e-11 0.000118074 3.47433e-06 4.21412e-08 1.40425e+08 inf 
1825 0.379095 0.0113441 0.482276 0.48755 6.70499 0.00013224 3.09809e-06 -308.391 8.07061 0.10805 1.37079e-06 6.64082e-10 2.94167e-06 2.9456e-06 0.000323888 1.4907e-13 3.83241e-16 9.06147 0.00420242 1.09623e-06 1.28436e-09 3.84332e-11 1.63393e-09 1.6518e-09 2.27162e-08 4.48023e-13 1.04962e-14 -1.04482e-06 2.73428e-08 3.66069e-10 6.8136e-08 1.49947e-09 9.98177e-08 9.9884e-08 1.04728e-06 2.24687e-11 1.13943e-12 0.000175211 3.77318e-06 6.09413e-08 2.95164e+08 inf 
1835 0.0967028 0.0161999 0.0643016 0.0619238 3.88875 4.99323e-05 1.95174e-08 667.054 -3.5965 -0.226036 1.93731e-08 2.12732e-10 2.89351e-08 2.7716e-08 1.5445e-05 3.16572e-15 1.45765e-19 51.4008 0.00311249 5.8981e-06 7.11049e-11 1.19117e-11 4.72806e-11 4.55322e-11 2.85937e-09 3.67149e-14 1.4351e-17 4.9048e-07 -2.64448e-09 -1.66203e-10 3.77358e-09 3.95321e-10 4.61233e-09 4.51412e-09 1.06529e-07 1.52525e-12 1.03528e-14 0.000194408 1.51281e-06 6.58545e-08 1.36e+09 inf 
1845 0.0150568 0.00486443 0.00597259 0.00562533 0.883238 1.05395e-05 3.9e-10 -10.0418 -0.507109 0.00325878 7.27312e-10 6.8954e-11 3.52609e-10 1.38762e-10 2.29171e-06 3.31566e-16 1.41437e-21 22.3369 0.000476002 2.50979e-06 1.40289e-11 4.53232e-12 5.56483e-12 5.24127e-12 8.22938e-10 9.81991e-15 3.63374e-19 -9.35625e-09 -4.72488e-10 3.03629e-12 8.23079e-10 2.53428e-10 5.73154e-10 3.59529e-10 4.62014e-08 5.55727e-13 1.14796e-15 0.000144263 6.65961e-07 4.83574e-08 1.07327e+09 inf 
1855 2.36975e-09 2.09739e-10 1.49202e-09 1.70858e-09 7.30207e-08 9.84592e-13 3.24004e-20 -2.79001e-05 3.08358e-07 8.91666e-09 6.25009e-20 4.90247e-22 3.2474e-20 3.24597e-20 5.93892e-17 1.07944e-26 5.83353e-41 2.64301e-13 3.17395e-17 2.69505e-20 1.12145e-14 9.92557e-16 7.06075e-15 8.08558e-15 3.45559e-13 4.65942e-18 1.53329e-25 -1.32033e-10 1.45925e-12 4.21966e-14 5.43737e-13 4.81563e-14 3.91954e-13 3.91848e-13 1.6761e-11 2.25967e-16 1.66144e-23 1.11055e-09 1.21685e-11 3.54624e-13 211312 inf 
1865 0 0 0 0 0 0 0 0 0 0 0 0 0 0 0 0 0 0 0 0 0.0 0.0 0.0 0.0 0.0 0.0 0.0 0.0 0.0 0.0 0.0 0.0 0.0 0.0 0.0 0.0 0.0 0.0 0.0 0.0 0 -nan 
1875 0 0 0 0 0 0 0 0 0 0 0 0 0 0 0 0 0 0 0 0 0.0 0.0 0.0 0.0 0.0 0.0 0.0 0.0 0.0 0.0 0.0 0.0 0.0 0.0 0.0 0.0 0.0 0.0 0.0 0.0 0 -nan 
1885 0 0 0 0 0 0 0 0 0 0 0 0 0 0 0 0 0 0 0 0 0.0 0.0 0.0 0.0 0.0 0.0 0.0 0.0 0.0 0.0 0.0 0.0 0.0 0.0 0.0 0.0 0.0 0.0 0.0 0.0 0 -nan 
1895 0 0 0 0 0 0 0 0 0 0 0 0 0 0 0 0 0 0 0 0 0.0 0.0 0.0 0.0 0.0 0.0 0.0 0.0 0.0 0.0 0.0 0.0 0.0 0.0 0.0 0.0 0.0 0.0 0.0 0.0 0 -nan 
