255 0 0 0 0 0 0 0 0 0 0 0 0 0 0 0 0 0 0 0 0 0.0 0.0 0.0 0.0 0.0 0.0 0.0 0.0 0.0 0.0 0.0 0.0 0.0 0.0 0.0 0.0 0.0 0.0 0.0 0.0 0 -nan 
265 0 0 0 0 0 0 0 0 0 0 0 0 0 0 0 0 0 0 0 0 0.0 0.0 0.0 0.0 0.0 0.0 0.0 0.0 0.0 0.0 0.0 0.0 0.0 0.0 0.0 0.0 0.0 0.0 0.0 0.0 0 -nan 
275 0 0 0 0 0 0 0 0 0 0 0 0 0 0 0 0 0 0 0 0 0.0 0.0 0.0 0.0 0.0 0.0 0.0 0.0 0.0 0.0 0.0 0.0 0.0 0.0 0.0 0.0 0.0 0.0 0.0 0.0 0 -nan 
285 0 0 0 0 0 0 0 0 0 0 0 0 0 0 0 0 0 0 0 0 0.0 0.0 0.0 0.0 0.0 0.0 0.0 0.0 0.0 0.0 0.0 0.0 0.0 0.0 0.0 0.0 0.0 0.0 0.0 0.0 0 -nan 
295 0.000724981 6.16712e-08 0.0514789 -1.33334e-07 0.026464 4.29693e-10 10.5236 0.00532206 0.0270925 1.04421e-06 6.7945e-15 6.88061e-20 3.27127e-11 5.06129e-18 8.64506e-12 8.8656e-22 1.36388e-06 9.63424e-12 9.13723e-12 8.40154e-18 0.0 0.0 0.0 0.0 0.0 0.0 0.0 0.0 0.0 0.0 0.0 0.0 0.0 0.0 0.0 0.0 0.0 0.0 0.0 0.0 -1.35736e+08 -inf 
305 0.0212501 1.61199e-06 1.35921 -6.38026e-06 0.698735 9.67984e-08 261.657 0.0659842 0.817133 2.70699e-05 2.51187e-11 1.03929e-17 1.23692e-08 2.23449e-15 3.26883e-09 1.73304e-19 0.00044812 3.49652e-08 4.6689e-09 1.73458e-15 6.37427e-11 4.8354e-15 4.07715e-09 -1.91385e-14 2.09596e-09 2.90361e-16 7.84878e-07 1.97929e-10 2.45111e-09 8.12003e-14 2.66991e-10 1.76498e-13 4.52548e-09 2.58888e-12 2.32643e-09 2.27984e-14 8.53328e-07 1.02393e-08 2.82792e-09 2.27959e-12 3.33373e+08 inf 
315 0.0221046 1.50583e-06 1.37126 -7.25779e-06 0.704927 4.67923e-07 241.764 0.118931 0.994185 6.38904e-05 9.41911e-10 1.05201e-17 2.84437e-08 2.10154e-14 7.51689e-09 1.30329e-17 0.000843258 7.83225e-07 1.51815e-08 1.1636e-13 2.11276e-10 1.43927e-14 1.31065e-08 -6.937e-14 6.7377e-09 4.47242e-15 2.31079e-06 1.13674e-09 9.50243e-09 6.10665e-13 2.99302e-09 3.16772e-13 1.00043e-08 1.41725e-11 5.14294e-09 3.52915e-13 1.64928e-06 8.65146e-08 7.40327e-09 3.33436e-11 1.04624e+08 inf 
325 0.0114574 4.25774e-07 1.23096 -9.83221e-06 0.632804 1.99292e-06 198.5 0.305369 1.0742 0.000186006 1.31859e-08 6.17294e-18 6.24221e-08 1.16748e-13 1.64964e-08 2.78251e-16 0.00138694 6.07244e-06 5.1107e-08 1.73682e-12 1.77117e-10 6.58192e-15 1.9029e-08 -1.51993e-13 9.78233e-09 3.08079e-14 3.06855e-06 4.72061e-09 1.66057e-08 2.8754e-12 1.4276e-08 3.0884e-13 2.45532e-08 4.24823e-11 1.26222e-08 2.07375e-12 3.46761e-06 3.06349e-07 2.26782e-08 1.63831e-10 6.46885e+07 inf 
335 -0.0136536 1.71584e-07 1.20967 -9.53856e-06 0.621858 5.84486e-06 179.006 0.639575 1.25817 0.00045754 9.66638e-08 8.9172e-19 1.73558e-07 3.2734e-14 4.58667e-08 2.51826e-15 0.00295136 2.49593e-05 2.27447e-07 1.06491e-11 -2.89341e-10 3.63613e-15 2.56347e-08 -2.02137e-13 1.31781e-08 1.23861e-13 3.79341e-06 1.35536e-08 2.66626e-08 9.69596e-12 4.52589e-08 1.37418e-13 5.49621e-08 2.63371e-11 2.82546e-08 7.30413e-12 6.9393e-06 7.27147e-07 6.41018e-08 4.74948e-10 4.71887e+07 inf 
345 -0.0658713 5.88311e-08 1.23793 -8.08021e-06 0.636388 1.37058e-05 168.531 1.14619 1.52121 0.000942466 4.31713e-07 8.25654e-19 4.63691e-07 5.16608e-14 1.22541e-07 1.2795e-14 0.0063737 7.12749e-05 9.15828e-07 4.19358e-11 -1.76147e-09 1.57321e-15 3.31037e-08 -2.16074e-13 1.70177e-08 3.66508e-13 4.5067e-06 3.06505e-08 4.0679e-08 2.52026e-11 1.07431e-07 1.48581e-13 1.06319e-07 3.71675e-11 5.4656e-08 1.84938e-11 1.22527e-05 1.38023e-06 1.51114e-07 1.05867e-09 3.73956e+07 inf 
355 -0.162022 2.63432e-08 1.32473 -7.33725e-06 0.681011 2.81402e-05 165.9 1.86194 1.91286 0.00172805 1.41612e-06 2.01303e-18 1.12261e-06 1.73433e-13 2.96676e-07 4.54231e-14 0.0130873 0.000163809 3.11589e-06 1.24288e-10 -5.74389e-09 9.33901e-16 4.69635e-08 -2.60115e-13 2.41427e-08 9.97606e-13 5.88139e-06 6.6008e-08 6.78132e-08 6.12616e-11 2.23987e-07 2.6714e-13 1.93888e-07 7.84114e-11 9.96728e-08 4.01162e-11 2.07213e-05 2.40892e-06 3.25367e-07 2.09819e-09 2.82077e+07 inf 
365 -0.319388 2.33714e-08 1.5316 -7.31229e-06 0.787358 5.32791e-05 176.899 2.79742 2.58013 0.00291381 4.48583e-06 1.38004e-17 2.55721e-06 1.12047e-12 6.758e-07 1.8134e-13 0.0250732 0.000346616 1.04512e-05 3.65358e-10 -1.35831e-08 9.93951e-16 6.51369e-08 -3.10981e-13 3.34852e-08 2.26588e-12 7.52328e-06 1.1897e-07 1.09729e-07 1.2392e-10 4.36568e-07 7.661e-13 3.23283e-07 2.18293e-10 1.66191e-07 8.77895e-11 3.17762e-05 3.83756e-06 6.57598e-07 3.9399e-09 2.35136e+07 inf 
375 -0.559059 -7.51462e-09 1.83021 6.64578e-09 0.940865 9.15424e-05 195.836 3.92412 3.57216 0.00450611 1.08541e-05 3.70304e-17 5.12866e-06 2.66473e-12 1.35536e-06 4.68091e-13 0.0437775 0.000608294 2.80537e-05 7.73946e-10 -2.6876e-08 -3.61255e-16 8.7985e-08 3.19487e-16 4.52308e-08 4.40078e-12 9.41455e-06 1.88647e-07 1.71727e-07 2.16625e-10 7.21853e-07 1.33424e-12 4.88684e-07 3.57915e-10 2.5122e-07 1.49945e-10 4.48989e-05 5.40438e-06 1.14854e-06 6.09586e-09 2.08014e+07 inf 
385 -0.916249 -5.7135e-08 2.23915 1.23117e-05 1.15109 0.000151701 223.047 5.35897 5.02705 0.00674362 2.57057e-05 1.14828e-16 9.86034e-06 7.56838e-12 2.60581e-06 1.29655e-12 0.0732317 0.00106751 7.28888e-05 1.7031e-09 -5.15073e-08 -3.21187e-15 1.25875e-07 6.92106e-13 6.4709e-08 8.52794e-12 1.25387e-05 3.01257e-07 2.82598e-07 3.79096e-10 1.201e-06 2.54069e-12 7.33798e-07 6.52272e-10 3.77226e-07 2.6984e-10 6.29248e-05 7.74078e-06 2.0044e-06 9.77736e-09 1.77887e+07 inf 
395 -1.43764 -1.2718e-07 2.79694 2.81221e-05 1.43784 0.000240451 260.471 7.14453 7.16947 0.00973352 5.27133e-05 5.5475e-16 1.77072e-05 3.27251e-11 4.67951e-06 2.64131e-12 0.116976 0.00171011 0.000165029 3.09396e-09 -8.78416e-08 -7.77089e-15 1.70897e-07 1.7183e-12 8.78537e-08 1.46919e-11 1.59151e-05 4.36541e-07 4.38064e-07 5.94731e-10 1.79252e-06 5.82202e-12 1.02602e-06 1.41405e-09 5.27453e-07 4.01462e-10 8.30306e-05 1.02127e-05 3.14509e-06 1.37365e-08 1.63663e+07 inf 
405 -2.14243 -3.13355e-07 3.51138 7.04092e-05 1.80511 0.000373588 307.19 9.25811 10.213 0.0137475 0.000110014 4.23214e-15 3.14576e-05 2.38484e-10 8.31337e-06 6.8609e-12 0.183131 0.00281849 0.000383091 6.4676e-09 -1.3716e-07 -2.00612e-14 2.24801e-07 4.50765e-12 1.15565e-07 2.39173e-11 1.96665e-05 5.92711e-07 6.53842e-07 8.80123e-10 2.65035e-06 1.64604e-11 1.40121e-06 3.90741e-09 7.20328e-07 6.6232e-10 0.000106477 1.34198e-05 4.909e-06 2.03294e-08 1.56199e+07 inf 
415 -3.12481 -1.82093e-07 4.43719 6.17405e-05 2.28104 0.000567555 365.822 11.8606 14.558 0.0190801 0.000211286 6.25095e-14 5.41625e-05 2.11291e-09 1.43136e-05 1.48038e-11 0.281904 0.00425393 0.000836468 1.17368e-08 -2.27853e-07 -1.32778e-14 3.23548e-07 4.50196e-12 1.66328e-07 4.13847e-11 2.66748e-05 8.64847e-07 1.06153e-06 1.39127e-09 3.91849e-06 6.75132e-11 1.96079e-06 1.24124e-08 1.00799e-06 1.03814e-09 0.000140869 1.75908e-05 7.73733e-06 2.92212e-08 1.37141e+07 inf 
425 -4.36774 9.364e-07 5.50729 -0.000106369 2.83116 0.000819896 429.552 14.7127 20.2239 0.0254173 0.00036423 2.13511e-13 8.69795e-05 5.53579e-09 2.29863e-05 2.76117e-11 0.411448 0.00592468 0.00165106 1.88543e-08 -3.52488e-07 7.55698e-14 4.44452e-07 -8.58425e-12 2.28481e-07 6.61676e-11 3.46659e-05 1.18735e-06 1.63212e-06 2.05124e-09 5.41018e-06 1.31266e-10 2.61188e-06 2.11365e-08 1.3427e-06 1.49129e-09 0.000178894 2.18341e-05 1.14272e-05 3.89536e-08 1.23912e+07 inf 
435 -6.07009 2.27057e-06 6.83569 -0.000320161 3.51405 0.0011949 505.412 18.3041 28.0254 0.0339338 0.000659121 3.44109e-13 0.000141037 8.10685e-09 3.72722e-05 5.89434e-11 0.599489 0.00874336 0.00336463 3.31686e-08 -5.4594e-07 2.04214e-13 6.14798e-07 -2.87951e-11 3.16051e-07 1.07469e-10 4.54565e-05 1.64626e-06 2.52058e-06 3.05199e-09 7.68003e-06 1.75923e-10 3.50811e-06 2.70023e-08 1.80343e-06 2.29995e-09 0.000227709 2.7994e-05 1.72122e-05 5.4533e-08 1.11186e+07 inf 
445 -8.23194 3.39293e-06 8.46665 -0.000469495 4.35248 0.00170053 595.371 22.5755 38.4608 0.0446965 0.00110236 7.12364e-13 0.000221449 1.77941e-08 5.85227e-05 1.08952e-10 0.857117 0.0122874 0.00634307 5.38862e-08 -8.0491e-07 3.31757e-13 8.27859e-07 -4.59067e-11 4.25581e-07 1.66276e-10 5.82147e-05 2.2074e-06 3.76066e-06 4.37037e-09 1.03508e-05 2.63921e-10 4.57904e-06 4.17119e-08 2.35397e-06 3.25968e-09 0.000283582 3.45916e-05 2.46186e-05 7.24557e-08 1.02272e+07 inf 
455 -11.0158 6.65744e-06 10.4417 -0.000971821 5.3678 0.00238646 699.707 27.6055 52.3523 0.0580605 0.00179591 1.74336e-12 0.000340029 4.46806e-08 8.98602e-05 1.90499e-10 1.20466 0.0168769 0.0116547 8.29949e-08 -1.1469e-06 6.93136e-13 1.08713e-06 -1.01181e-10 5.58865e-07 2.48465e-10 7.28496e-05 2.87413e-06 5.45063e-06 6.04494e-09 1.36259e-05 4.26038e-10 5.84979e-06 6.82047e-08 3.00723e-06 4.44656e-09 0.000346576 4.18194e-05 3.44051e-05 9.276e-08 9.60482e+06 inf 
465 -14.4813 9.10823e-06 12.862 -0.00118514 6.612 0.0033173 823.884 33.5578 70.7708 0.0748732 0.00293097 3.14253e-12 0.000516202 6.66291e-08 0.000136418 3.58814e-10 1.67302 0.0241031 0.0210952 1.3705e-07 -1.61554e-06 1.01612e-12 1.43489e-06 -1.32214e-10 7.37637e-07 3.70079e-10 9.19128e-05 3.74372e-06 7.89522e-06 8.35289e-09 1.80103e-05 5.92099e-10 7.45177e-06 8.62157e-08 3.83076e-06 6.31605e-09 0.000422131 5.17198e-05 4.7865e-05 1.23368e-07 8.96376e+06 inf 
475 -18.7939 9.15924e-06 15.6982 -0.0010356 8.07005 0.00455327 962.826 40.4897 94.5507 0.0955736 0.00447816 3.21763e-12 0.000771111 4.61544e-08 0.000203783 6.06151e-10 2.30717 0.0316755 0.0373961 2.01721e-07 -2.29067e-06 1.11636e-12 1.91335e-06 -1.26222e-10 9.83604e-07 5.54967e-10 0.000117352 4.93502e-06 1.15242e-05 1.16488e-08 2.32501e-05 6.26238e-10 9.50393e-06 7.50029e-08 4.88572e-06 8.57739e-09 0.00051714 6.19384e-05 6.65218e-05 1.56367e-07 8.20457e+06 inf 
485 -23.9301 1.59661e-05 19.0522 -0.00178325 9.79422 0.00616763 1121.57 48.4257 124.95 0.120833 0.00676757 8.24811e-12 0.0011336 1.1583e-07 0.000299578 1.06965e-09 3.13435 0.0431469 0.0643317 3.16185e-07 -3.12342e-06 2.08394e-12 2.48674e-06 -2.32754e-10 1.27837e-06 8.05016e-10 0.000146391 6.32065e-06 1.63088e-05 1.57715e-08 2.95562e-05 1.03758e-09 1.1907e-05 1.22957e-07 6.12107e-06 1.17884e-08 0.000622635 7.47777e-05 9.01708e-05 2.02536e-07 7.6615e+06 inf 
495 -30.2987 2.50464e-05 23.1346 -0.00266566 11.8929 0.00827216 1309.71 57.6656 164.732 0.15124 0.0101581 1.49225e-11 0.00164204 1.94123e-07 0.000433947 1.83992e-09 4.2 0.0578838 0.109538 4.73849e-07 -4.20604e-06 3.47692e-12 3.21152e-06 -3.70044e-10 1.65096e-06 1.14833e-09 0.000181812 8.00508e-06 2.28679e-05 2.0995e-08 3.73155e-05 1.43928e-09 1.47524e-05 1.64158e-07 7.58383e-06 1.59404e-08 0.000741609 8.92821e-05 0.000121174 2.55614e-07 7.20362e+06 inf 
505 -38.24 1.81994e-05 28.1682 -0.00182396 14.4805 0.0112162 1535.22 69.4772 217.021 0.191936 0.0149359 8.11173e-12 0.00241397 9.18957e-08 0.000637945 3.12228e-09 5.72573 0.077277 0.187261 7.14543e-07 -5.64306e-06 2.68567e-12 4.15676e-06 -2.69161e-10 2.13688e-06 1.65516e-09 0.000226552 1.02527e-05 3.20257e-05 2.83239e-08 4.66073e-05 1.09409e-09 1.84106e-05 1.16451e-07 9.4644e-06 2.14012e-08 0.000890852 0.000106295 0.00016312 3.23485e-07 6.77647e+06 inf 
515 -47.2672 2.0843e-05 33.9297 -0.00192871 17.4424 0.0148013 1784.75 82.1257 281.721 0.237874 0.0211502 1.03956e-11 0.00341798 9.83327e-08 0.000903276 5.08837e-09 7.59224 0.100843 0.303744 1.04437e-06 -7.45982e-06 3.28949e-12 5.35486e-06 -3.04393e-10 2.75279e-06 2.33597e-09 0.000281673 1.29613e-05 4.44618e-05 3.75418e-08 5.72916e-05 1.28087e-09 2.26e-05 1.24575e-07 1.16181e-05 2.82418e-08 0.00105777 0.000125488 0.000214385 4.04247e-07 6.33624e+06 inf 
525 -57.781 2.66083e-05 40.5998 -0.00223063 20.8713 0.0193821 2064.24 96.6162 362.222 0.29292 0.029761 1.09989e-11 0.00479225 7.84197e-08 0.00126646 8.13789e-09 9.98051 0.131542 0.488581 1.49721e-06 -9.64582e-06 4.44192e-12 6.77762e-06 -3.72376e-10 3.4842e-06 3.23559e-09 0.000344599 1.61289e-05 6.04684e-05 4.88992e-08 6.98225e-05 1.35503e-09 2.74603e-05 1.14416e-07 1.41166e-05 3.67158e-08 0.00124393 0.000147306 0.000279116 4.97543e-07 5.99027e+06 inf 
535 -70.5179 2.49713e-05 48.7506 -0.00200415 25.0614 0.0255374 2397.12 114.486 466.113 0.363573 0.0415792 9.15602e-12 0.00677699 5.95914e-08 0.00179097 1.31091e-08 13.2265 0.173613 0.786193 2.18256e-06 -1.22344e-05 4.33235e-12 8.45791e-06 -3.47706e-10 4.34799e-06 4.43057e-09 0.000415885 1.98625e-05 8.08675e-05 6.30775e-08 8.40478e-05 1.26035e-09 3.32299e-05 1.01679e-07 1.70826e-05 4.74838e-08 0.00145662 0.000172413 0.000360361 6.12112e-07 5.76391e+06 inf 
545 -85.5327 2.11721e-05 58.3497 -0.00159098 29.9961 0.0333001 2778.73 135.384 596.363 0.447762 0.0567792 9.04074e-12 0.00944936 5.4849e-08 0.0024972 2.0487e-08 17.3379 0.224578 1.23827 3.0794e-06 -1.53062e-05 3.78878e-12 1.04418e-05 -2.84708e-10 5.36784e-06 5.9591e-09 0.000497258 2.42272e-05 0.00010672 8.01276e-08 9.96315e-05 1.27194e-09 3.97737e-05 9.90718e-08 2.04466e-05 6.02549e-08 0.00168979 0.000199001 0.000458476 7.37999e-07 5.58812e+06 inf 
555 -102.218 1.50831e-05 69.5014 -0.00104516 35.7288 0.0430737 3212.54 158.548 757.454 0.547322 0.0762639 6.14051e-12 0.0130243 3.20444e-08 0.00344196 3.23861e-08 22.6014 0.290254 1.93382 4.38606e-06 -1.89337e-05 2.79382e-12 1.28737e-05 -1.93593e-10 6.61802e-06 7.9785e-09 0.000595055 2.93676e-05 0.000140302 1.0138e-07 0.000117336 1.06649e-09 4.73999e-05 7.70423e-08 2.43671e-05 7.70402e-08 0.00195764 0.000230002 0.00058182 8.95627e-07 5.39872e+06 inf 
565 -121.959 1.6911e-05 82.8955 -0.00110032 42.6144 0.0557227 3720.42 186.806 960.979 0.670944 0.101664 7.77346e-12 0.0179636 3.36407e-08 0.00474728 4.95875e-08 29.4659 0.374447 2.98366 6.13558e-06 -2.34686e-05 3.2542e-12 1.59516e-05 -2.11736e-10 8.20032e-06 1.07228e-08 0.000715923 3.59472e-05 0.000184922 1.2911e-07 0.000137886 1.22305e-09 5.65888e-05 8.04578e-08 2.90908e-05 9.70936e-08 0.00227103 0.000266013 0.000734814 1.07889e-06 5.19668e+06 inf 
575 -144.436 1.59437e-05 98.7297 -0.00102891 50.7544 0.0718392 4308.18 219.814 1213.93 0.821321 0.134338 5.69002e-12 0.0246265 2.65704e-08 0.00650809 7.67583e-08 38.3025 0.486349 4.57372 8.67762e-06 -2.86969e-05 3.16772e-12 1.96158e-05 -2.04426e-10 1.0084e-05 1.42731e-08 0.000855957 4.36731e-05 0.000241185 1.63182e-07 0.000160832 1.06325e-09 6.7142e-05 7.26568e-08 3.4516e-05 1.22665e-07 0.00262247 0.000307768 0.00092225 1.30286e-06 5.03317e+06 inf 
585 -168.925 1.66097e-05 117.012 -0.00101629 60.1527 0.0917083 4969.97 256.795 1522.77 0.996486 0.172106 5.49238e-12 0.0334969 2.534e-08 0.0088523 1.15888e-07 49.4085 0.61485 6.91129 1.19493e-05 -3.49231e-05 3.43385e-12 2.41907e-05 -2.10106e-10 1.24358e-05 1.89596e-08 0.00102748 5.30893e-05 0.000314815 2.06011e-07 0.000185368 1.06558e-09 7.96234e-05 7.23787e-08 4.09323e-05 1.5362e-07 0.00302636 0.000352554 0.00115313 1.55818e-06 4.83705e+06 inf 
595 -198.088 1.59712e-05 138.907 -0.000855194 71.4085 0.118151 5745.59 303.043 1912.01 1.22165 0.227108 4.76733e-12 0.0458018 1.66673e-08 0.0121042 1.82301e-07 64.1349 0.817836 10.5484 1.72382e-05 -4.25597e-05 3.43145e-12 2.98445e-05 -1.8374e-10 1.53423e-05 2.53849e-08 0.00123445 6.51094e-05 0.0004108 2.62473e-07 0.000216757 1.01206e-09 9.46041e-05 5.98412e-08 4.86335e-05 1.96274e-07 0.00350081 0.000414095 0.00144831 1.90651e-06 4.65436e+06 inf 
605 -228.619 2.09241e-05 164.574 -0.00108002 84.6031 0.149552 6643.19 353.52 2387.25 1.47596 0.281768 8.78938e-12 0.061523 2.64718e-08 0.0162588 2.64403e-07 82.2923 1.01891 15.5843 2.30485e-05 -5.05285e-05 4.62456e-12 3.63734e-05 -2.38702e-10 1.86986e-05 3.30535e-08 0.00146825 7.81335e-05 0.00052762 3.2621e-07 0.000244381 1.39376e-09 0.000110791 7.64894e-08 5.69546e-05 2.39468e-07 0.00400402 0.00046807 0.00177933 2.23331e-06 4.52456e+06 inf 
615 -261.526 1.90827e-05 193.95 -0.000849587 99.7049 0.18924 7642.61 411.711 2961.2 1.78333 0.351623 1.08598e-11 0.0826541 2.30298e-08 0.0218432 4.0496e-07 105.514 1.30867 23.0958 3.24366e-05 -5.93926e-05 4.33369e-12 4.40462e-05 -1.92942e-10 2.2643e-05 4.29765e-08 0.00173564 9.34998e-05 0.000672491 4.04995e-07 0.000276272 1.57043e-09 0.000129733 7.23191e-08 6.66925e-05 3.00199e-07 0.00457709 0.000537083 0.00218925 2.68372e-06 4.40334e+06 inf 
625 -300.366 1.83025e-05 230.343 -0.000735851 118.413 0.241203 8870.14 484.687 3695.9 2.17388 0.441563 4.80558e-12 0.111501 1.17244e-08 0.0294667 6.16673e-07 136.184 1.70039 34.262 4.55487e-05 -7.01598e-05 4.27512e-12 5.38037e-05 -1.71881e-10 2.76591e-05 5.63405e-08 0.00207189 0.000113214 0.000863292 5.07777e-07 0.000313398 1.05947e-09 0.00015215 5.23313e-08 7.82166e-05 3.75325e-07 0.00524569 0.000619969 0.00269401 3.22203e-06 4.28117e+06 inf 
635 -340.434 2.25006e-05 271.683 -0.000776931 139.665 0.304845 10225.9 567.025 4573.31 2.63126 0.541408 5.74306e-12 0.14961 1.14587e-08 0.0395379 9.04472e-07 174.55 2.17095 50.207 6.20467e-05 -8.20981e-05 5.42619e-12 6.55183e-05 -1.87363e-10 3.36812e-05 7.35156e-08 0.00246605 0.000136742 0.00110289 6.34546e-07 0.000351887 1.17684e-09 0.000178289 5.25672e-08 9.16538e-05 4.61211e-07 0.00600104 0.000710523 0.00330021 3.81581e-06 4.14667e+06 inf 
645 -382.073 2.41466e-05 319.746 -0.000664326 164.373 0.382591 11785 660.916 5637.45 3.16948 0.65105 5.73188e-12 0.198082 8.398e-09 0.0523476 1.3211e-06 222.6 2.7503 72.5805 8.42801e-05 -9.50285e-05 6.0057e-12 7.95267e-05 -1.6523e-10 4.08826e-05 9.51575e-08 0.00293116 0.000164382 0.00140214 7.88309e-07 0.000391021 1.19398e-09 0.000207225 4.57024e-08 0.000106529 5.65268e-07 0.00683908 0.000810574 0.00401075 4.51005e-06 4.02061e+06 inf 
655 -425.096 2.89535e-05 375.879 -0.000655455 193.23 0.479463 13565.8 770.245 6926.02 3.81749 0.774935 4.84413e-12 0.263056 7.5308e-09 0.0695184 1.92484e-06 283.714 3.49258 104.368 0.000114675 -0.00010921 7.43832e-12 9.65656e-05 -1.6839e-10 4.96419e-05 1.23177e-07 0.00348514 0.00019788 0.00177934 9.80735e-07 0.000432618 1.11554e-09 0.000241362 4.3985e-08 0.000124078 6.92337e-07 0.00779368 0.000926341 0.00486279 5.33844e-06 3.89248e+06 inf 
665 -473.147 3.17063e-05 443.202 -0.000439008 227.839 0.606265 15670.8 905.794 8536.47 4.64178 0.929134 4.46073e-12 0.351612 5.9526e-09 0.0929213 2.91807e-06 364.558 4.55017 152.143 0.000161994 -0.00012474 8.35901e-12 0.000116845 -1.1574e-10 6.00672e-05 1.59835e-07 0.00413144 0.000238803 0.00225055 1.22375e-06 0.000478953 1.08441e-09 0.000281151 3.96147e-08 0.000144532 8.62421e-07 0.0088906 0.00106891 0.00591996 6.41952e-06 3.79306e+06 inf 
675 -517.944 4.1948e-05 520.274 -0.000389012 267.459 0.755895 18049.4 1055.49 10448.6 5.57544 1.07163 7.13562e-12 0.462121 7.97785e-09 0.122126 4.12833e-06 463.286 5.71304 215.964 0.000214165 -0.000140116 1.1348e-11 0.000140747 -1.05237e-10 7.23542e-05 2.04488e-07 0.0048828 0.000285536 0.00282661 1.50829e-06 0.000519875 1.38933e-09 0.000324353 4.64563e-08 0.000166742 1.03682e-06 0.0100741 0.00120995 0.00710168 7.46068e-06 3.69653e+06 inf 
685 -562.537 5.43157e-05 610.742 -0.000221838 313.966 0.945558 20785.1 1234.42 12769.9 6.7306 1.23277 9.46196e-12 0.612053 9.61596e-09 0.161749 5.99198e-06 591.093 7.30265 307.63 0.000292404 -0.000156171 1.50791e-11 0.000169553 -6.15864e-11 8.7163e-05 2.62505e-07 0.00577033 0.000342698 0.00354515 1.86854e-06 0.000563782 1.62068e-09 0.000375725 5.16679e-08 0.00019315 1.26277e-06 0.0114369 0.001382 0.00853439 8.81393e-06 3.60206e+06 inf 
695 -603.429 6.53017e-05 716.577 0.000246923 368.374 1.18264 23953.4 1443.16 15591 8.12529 1.39429 6.68904e-12 0.80823 6.88157e-09 0.213593 8.82089e-06 754.72 9.36595 438.832 0.000402498 -0.000171617 1.8572e-11 0.000203797 7.02258e-11 0.000104767 3.36347e-07 0.00681243 0.000410439 0.00443415 2.31086e-06 0.000605879 1.37915e-09 0.00043397 4.42396e-08 0.000223093 1.54776e-06 0.0129706 0.00157964 0.010254 1.04466e-05 3.51613e+06 inf 
705 -638.001 8.08848e-05 838.666 0.000919667 431.136 1.47125 27536.8 1683.54 18957.5 9.77368 1.54979 3.65981e-12 1.06291 3.79778e-09 0.280897 1.27686e-05 957.982 11.9674 619.417 0.000549652 -0.000185626 2.35334e-11 0.000244009 2.67576e-10 0.000125439 4.2806e-07 0.00801182 0.000489824 0.00551567 2.84364e-06 0.000645331 1.03163e-09 0.000499712 3.32399e-08 0.000256889 1.8793e-06 0.014647 0.00180055 0.0122391 1.23221e-05 3.43703e+06 inf 
715 -667.639 0.000107076 983.779 0.00177765 505.735 1.83984 31738.5 1975.39 23076.8 11.8335 1.70068 3.79158e-12 1.40526 3.41069e-09 0.371371 1.86142e-05 1225.05 15.4057 877.021 0.000756857 -0.000198568 3.18465e-11 0.000292594 5.28705e-10 0.000150415 5.47202e-07 0.0094396 0.000587517 0.00686346 3.5195e-06 0.000682922 1.06145e-09 0.000576489 3.18453e-08 0.000296358 2.2884e-06 0.0165905 0.00205834 0.0146197 1.45848e-05 3.36227e+06 inf 
725 -680.418 0.000139005 1147.83 0.00309952 590.072 2.27572 36445.3 2298.49 27904.3 14.1878 1.8051 3.66549e-12 1.83027 2.84026e-09 0.483689 2.65625e-05 1550.42 19.548 1221.53 0.00102144 -0.000206039 4.20925e-11 0.000347578 9.38572e-10 0.000178681 6.89115e-07 0.0110361 0.000696012 0.00844978 4.29623e-06 0.000710039 1.0527e-09 0.000658344 2.93119e-08 0.000338438 2.7511e-06 0.0186465 0.0023313 0.017277 1.70542e-05 3.30238e+06 inf 
735 -681.286 0.000185962 1342.61 0.00495857 690.198 2.82977 41938.7 2690.43 33794 17.1197 1.89068 6.18819e-12 2.40455 3.77795e-09 0.635456 3.82017e-05 1974.28 25.0042 1709.08 0.0013934 -0.000209967 5.73118e-11 0.00041378 1.52819e-09 0.000212714 8.72111e-07 0.0129252 0.000829168 0.010415 5.27616e-06 0.000733899 1.37981e-09 0.000754884 3.40881e-08 0.000388066 3.31856e-06 0.0210095 0.00264926 0.0204512 2.00399e-05 3.24473e+06 inf 
745 -658.99 0.000246603 1567.69 0.00767745 805.911 3.50974 48224 3142.38 40809.1 20.6221 1.91119 6.69284e-12 3.14472 4.02879e-09 0.831062 5.5053e-05 2510.76 31.9974 2382.57 0.0019002 -0.000206415 7.72431e-11 0.000491047 2.4048e-09 0.000252435 1.09935e-06 0.0151051 0.000984283 0.0127826 6.45944e-06 0.000745676 1.44583e-09 0.00086249 3.54422e-08 0.000443384 4.00445e-06 0.0236279 0.00300894 0.0241432 2.3526e-05 3.19255e+06 inf 
755 -611.886 0.000328284 1827.38 0.0115515 939.406 4.35171 55363.6 3673.95 49163.1 24.8653 1.90161 6.26771e-12 4.11177 3.0585e-09 1.08663 7.95871e-05 3191.28 41.1831 3311.96 0.00261428 -0.000195194 1.04724e-10 0.00058294 3.68496e-09 0.000299674 1.38821e-06 0.0176612 0.001172 0.0156832 7.93214e-06 0.000754003 1.41013e-09 0.000985826 3.10176e-08 0.000506787 4.8437e-06 0.0265728 0.00342987 0.0284704 2.77677e-05 3.13476e+06 inf 
765 -529.948 0.000433848 2123.98 0.0169898 1091.88 5.36471 63404 4278.93 58964.1 29.8351 1.80624 6.1283e-12 5.34805 2.85761e-09 1.41334 0.000113246 4035.64 52.4745 4565.17 0.00353986 -0.000172865 1.41518e-10 0.000692829 5.54196e-09 0.000356166 1.74993e-06 0.020682 0.00139576 0.0192337 9.73203e-06 0.000747865 1.40676e-09 0.00112449 3.00237e-08 0.000578073 5.82046e-06 0.0298103 0.0038947 0.0334543 3.25571e-05 3.06567e+06 inf 
775 -413.91 0.000582718 2479.31 0.0246155 1274.55 6.67131 72920.9 5025.71 70988.2 36.153 1.69482 8.72959e-12 7.01345 3.75214e-09 1.85346 0.000164713 5146.37 68.1966 6341.84 0.00491458 -0.000138083 1.94398e-10 0.000827112 8.21188e-09 0.000425197 2.22559e-06 0.0243269 0.00167661 0.0236821 1.20609e-05 0.000739144 1.69542e-09 0.00128671 3.44137e-08 0.000661463 7.07078e-06 0.033542 0.0044654 0.0394314 3.86532e-05 2.99755e+06 inf 
785 -243.091 0.000775672 2872.67 0.0349402 1476.76 8.19673 83324.6 5844.85 84719.7 43.3124 1.50983 1.29281e-11 9.07537 5.32458e-09 2.39837 0.000233224 6491.52 86.7576 8665.28 0.0066363 -8.26897e-05 2.63853e-10 0.000977166 1.18853e-08 0.000502336 2.7882e-06 0.0283437 0.00198818 0.0288182 1.47331e-05 0.000711861 2.08038e-09 0.00146021 4.0865e-08 0.000750658 8.45928e-06 0.0374805 0.00505555 0.0460118 4.51701e-05 2.9398e+06 inf 
795 -16.1132 0.00103011 3335.63 0.0492808 1714.76 10.1088 95478.2 6827.26 101273 52.1292 1.3466 1.99145e-11 11.769 8.66529e-09 3.11022 0.000330361 8228.63 110.81 11849.7 0.00899318 -5.59615e-06 3.57761e-10 0.00115847 1.71153e-08 0.000595541 3.5108e-06 0.0331598 0.00237112 0.0351725 1.81046e-05 0.000683846 2.60545e-09 0.00165691 5.21205e-08 0.000851773 1.01198e-05 0.0419315 0.00573258 0.0536498 5.28732e-05 2.87934e+06 inf 
805 274.11 0.00136852 3863.88 0.068803 1986.32 12.4869 109062 7985.72 120655 62.914 1.27984 3.47283e-11 15.3126 1.38756e-08 4.04671 0.000475578 10431.4 143.262 16232.9 0.0124164 9.7121e-05 4.84884e-10 0.00136902 2.43778e-08 0.00070378 4.42427e-06 0.0386422 0.00282945 0.0427498 2.22913e-05 0.000666356 3.47414e-09 0.00188448 6.57423e-08 0.000968761 1.22037e-05 0.0469336 0.00653864 0.0626418 6.24693e-05 2.82236e+06 inf 
815 646.279 0.00180044 4466.75 0.0952018 2296.24 15.3688 124438 9315.93 143318 75.7131 1.41393 2.0772e-11 19.8162 1.43289e-08 5.23686 0.000679034 13184.6 184.365 22089.2 0.0169795 0.000232869 6.48739e-10 0.00160947 3.43034e-08 0.000827389 5.53774e-06 0.044838 0.00335675 0.0516409 2.72812e-05 0.000674718 2.65777e-09 0.00213303 6.31373e-08 0.00109654 1.46289e-05 0.0523476 0.00742721 0.0727492 7.33065e-05 2.77529e+06 inf 
825 1108.04 0.00239159 5155.42 0.13022 2650.27 18.9119 141739 10871.4 169814 91.1727 1.91136 3.73747e-11 25.6446 2.59017e-08 6.77715 0.000973853 16652 237.716 29994.8 0.0233814 0.000406071 8.76464e-10 0.00188934 4.77228e-08 0.000971263 6.93077e-06 0.0519441 0.00398413 0.0622331 3.34127e-05 0.00073183 3.59566e-09 0.00241424 8.49406e-08 0.0012411 1.75744e-05 0.0583472 0.00844063 0.0843769 8.6327e-05 2.72868e+06 inf 
835 1681.61 0.00316116 5949.73 0.177061 3058.6 23.2611 161517 12688.7 201037 109.787 3.04609 6.54548e-11 33.1013 4.54279e-08 8.74776 0.00139251 21022.3 306.057 40579.2 0.0321346 0.00062493 1.17477e-09 0.00221108 6.58007e-08 0.00113666 8.64443e-06 0.0600242 0.00471546 0.0747106 4.07997e-05 0.000861088 4.79006e-09 0.00272259 1.12038e-07 0.00139961 2.1042e-05 0.0648811 0.00956575 0.097461 0.000101378 2.69087e+06 inf 
845 2373.6 0.00413088 6833.67 0.238766 3513.01 28.4926 183167 14754.2 236680 131.75 5.15516 7.68967e-11 42.5703 7.31668e-08 11.2501 0.00197813 26419 392.995 54570 0.0439198 0.000896845 1.56082e-09 0.00258204 9.02154e-08 0.00132736 1.07657e-05 0.069208 0.00557475 0.0894273 4.97804e-05 0.00106935 5.15932e-09 0.00306886 1.39666e-07 0.00157762 2.513e-05 0.0720586 0.0108357 0.112346 0.000118813 2.64662e+06 inf 
855 3204.52 0.00541014 7842.77 0.319407 4031.76 34.898 207692 17160.3 278182 158.172 8.76065 1.22242e-10 54.6101 1.25129e-07 14.4319 0.00280483 33204.2 503.664 73110.4 0.0599471 0.00123221 2.08032e-09 0.00301572 1.22819e-07 0.00155031 1.34191e-05 0.0798624 0.00659855 0.106967 6.08206e-05 0.00136027 6.53279e-09 0.00345025 1.81742e-07 0.00177369 2.99742e-05 0.079936 0.0122527 0.129115 0.000139111 2.60062e+06 inf 
865 4189.48 0.00705254 8984.11 0.424373 4618.5 42.6641 235020 19934 326021 189.653 14.4789 1.85507e-10 69.8968 2.10028e-07 18.4718 0.00396336 41610.9 645.317 97508.2 0.08155 0.00163747 2.75651e-09 0.00351147 1.65868e-07 0.00180516 1.66754e-05 0.0918582 0.00779126 0.127426 7.41265e-05 0.00172563 8.05654e-09 0.00387156 2.3362e-07 0.00199027 3.56514e-05 0.0884637 0.0138391 0.147898 0.000162417 2.5585e+06 inf 
875 5365.29 0.00926529 10306 0.56205 5298.07 52.4625 266249 23262 382405 228.951 23.3651 3.0452e-10 90.022 3.55884e-07 23.7903 0.00570892 52370.7 837.973 130706 0.113429 0.00212912 3.67675e-09 0.00408976 2.23039e-07 0.00210244 2.08188e-05 0.105656 0.00923107 0.15175 9.0855e-05 0.00217689 1.03597e-08 0.0043586 3.02456e-07 0.00224065 4.28025e-05 0.0980771 0.0157264 0.169824 0.000191723 2.51996e+06 inf 
885 6732.34 0.0120205 11764.7 0.737961 6047.93 64.0354 300306 26975.2 445920 274.381 36.436 4.47746e-10 114.815 5.88931e-07 30.3425 0.00809422 65413.5 1073.96 173211 0.155176 0.0027147 4.84707e-09 0.00474391 2.9757e-07 0.00243872 2.58212e-05 0.121093 0.0108773 0.179809 0.000110639 0.00270603 1.2532e-08 0.00487776 3.85912e-07 0.00250753 5.0962e-05 0.108228 0.0177409 0.193683 0.000224345 2.47996e+06 inf 
895 8327.63 0.0156084 13417 0.96384 6897.32 78.2464 338405 31297.9 519079 329.324 55.3355 7.04219e-10 146.47 9.72019e-07 38.708 0.0115271 81708.1 1382.21 229250 0.213181 0.00341622 6.403e-09 0.00550401 3.95394e-07 0.00282947 3.20988e-05 0.138823 0.0128392 0.212941 0.000135098 0.00332108 1.57446e-08 0.0054582 4.92354e-07 0.00280592 6.08145e-05 0.119361 0.0200543 0.220683 0.000263061 2.43767e+06 inf 
905 10177.9 0.0202692 15292 1.25138 7861.2 95.7441 381052 36361.7 603342 396.131 82.1874 1.11835e-09 186.802 1.5877e-06 49.3665 0.0165005 102018 1786.4 303009 0.295032 0.00424219 8.44825e-09 0.00637373 5.21579e-07 0.00327657 3.99064e-05 0.158823 0.0151557 0.251474 0.000165108 0.00403234 1.98685e-08 0.00610204 6.24269e-07 0.0031369 7.26974e-05 0.131516 0.022691 0.251108 0.000309369 2.39922e+06 inf 
915 12302.6 0.0261585 17364.7 1.61457 8926.74 116.635 427644 42058.2 698189 474.337 119.324 1.75696e-09 236.9 2.57024e-06 62.6062 0.0233778 126783 2289.4 397431 0.403922 0.00522388 1.11073e-08 0.00737331 6.85569e-07 0.00379043 4.95249e-05 0.181584 0.0178585 0.296461 0.000201411 0.00483504 2.49531e-08 0.00679895 7.88263e-07 0.00349517 8.64515e-05 0.144434 0.0255575 0.284369 0.000361863 2.35508e+06 inf 
925 14757 0.0338162 19721.8 2.07749 10138.5 142.4 479880 48696.6 807194 569.523 170.71 2.78743e-09 301.035 4.14933e-06 79.5552 0.0334036 157726 2947.45 521245 0.557992 0.00637032 1.45978e-08 0.00851352 8.96813e-07 0.00437658 6.14714e-05 0.207155 0.0210214 0.348451 0.000245852 0.00575426 3.14672e-08 0.00758097 9.93435e-07 0.00389718 0.000103155 0.158663 0.0288177 0.32186 0.000424772 2.31652e+06 inf 
935 17562.5 0.0435983 22365.2 2.65634 11497.4 173.743 537627 56357.9 931105 683.714 240.235 4.38451e-09 381.421 6.60556e-06 100.799 0.0477108 195684 3796.64 681036 0.770721 0.00769382 1.90996e-08 0.00979781 1.1637e-06 0.0050368 7.61139e-05 0.235525 0.0246894 0.407901 0.000299523 0.00678585 3.94459e-08 0.00843188 1.2408e-06 0.00433461 0.000122914 0.173936 0.0324604 0.363272 0.000497921 2.28268e+06 inf 
945 20730.4 0.0558601 25280.8 3.37617 12996.2 211.087 600712 64935.1 1.0695e+06 817.3 332.078 6.8271e-09 480.537 1.04111e-05 126.993 0.06751 241703 4851.24 882805 1.05515 0.00920418 2.48015e-08 0.0112245 1.499e-06 0.00577024 9.37214e-05 0.266713 0.0288308 0.474854 0.000362876 0.00791985 4.91536e-08 0.00934695 1.54126e-06 0.00480503 0.000145569 0.190207 0.036369 0.408013 0.000580345 2.25228e+06 inf 
955 24364.3 0.0716448 28591.4 4.2791 14698.1 256.88 671367 74890 1.22787e+06 979.073 454.451 1.06881e-08 606.091 1.63443e-05 160.173 0.0960284 298544 6215.37 1.1431e+06 1.45315 0.0109359 3.21578e-08 0.0128332 1.92068e-06 0.00659724 0.000115301 0.301343 0.0336144 0.551132 0.000439457 0.0091862 6.13452e-08 0.0103611 1.90975e-06 0.00532637 0.00017265 0.207831 0.0407411 0.457529 0.000677587 2.22791e+06 inf 
965 28442.8 0.0917374 32244.4 5.39224 16576 312.421 747996 86232.1 1.40466e+06 1172.54 615.983 1.67343e-08 762.536 2.54066e-05 201.517 0.137071 367778 7977.46 1.4759e+06 2.00879 0.012941 4.17388e-08 0.0146706 2.45337e-06 0.00754179 0.000142146 0.340324 0.039234 0.639092 0.000533482 0.0106204 7.66269e-08 0.0114766 2.35383e-06 0.00589984 0.000205327 0.226962 0.0457197 0.512901 0.000793322 2.19789e+06 inf 
975 33042.6 0.117156 36298.6 6.7674 18660.2 379.36 832234 99037.1 1.60262e+06 1401.68 826.173 2.62228e-08 956.893 3.9348e-05 252.88 0.195411 452075 10196.1 1.89648e+06 2.7716 0.0152344 5.40151e-08 0.0167355 3.12012e-06 0.0086033 0.000174905 0.383703 0.0456613 0.738893 0.000646246 0.0121993 9.57728e-08 0.0126925 2.89936e-06 0.00652489 0.000243932 0.24739 0.0511465 0.573075 0.000927479 2.16895e+06 inf 
985 38334.1 0.149461 40962.5 8.47755 21057.8 461.36 927955 114008 1.83081e+06 1679.24 1097.76 4.03637e-08 1201.04 6.02051e-05 317.403 0.276775 555880 13021.3 2.43135e+06 3.80562 0.0178368 6.95442e-08 0.0190598 3.94459e-06 0.00979815 0.00021467 0.431776 0.0530479 0.851872 0.000781346 0.0138792 1.18088e-07 0.0139846 3.52896e-06 0.00718912 0.000287575 0.268737 0.0569625 0.636882 0.00107715 2.14916e+06 inf 
995 44160.8 0.190694 46037.7 10.5646 23666.8 560.523 1.02991e+06 130765 2.08072e+06 2009.94 1450.2 6.31344e-08 1505.51 9.21763e-05 397.865 0.396301 681431 16664 3.10906e+06 5.27552 0.0208351 8.99694e-08 0.0217206 4.98438e-06 0.011166 0.000264455 0.485911 0.0616952 0.981683 0.000948291 0.0158147 1.47283e-07 0.015444 4.31796e-06 0.00793935 0.000342109 0.292216 0.0636853 0.709333 0.00126085 2.11954e+06 inf 
1005 50713 0.242855 51703.1 13.1184 26579.2 680.72 1.14213e+06 149846 2.36085e+06 2404.93 1900.02 9.82096e-08 1883.96 0.000140047 497.88 0.565754 833983 21266 3.96064e+06 7.29649 0.0242435 1.16097e-07 0.0247168 6.27131e-06 0.0127063 0.00032542 0.545999 0.0716344 1.12861 0.00114969 0.0179043 1.8295e-07 0.017021 5.25552e-06 0.00875006 0.000405663 0.317133 0.070956 0.787167 0.00147185 2.09182e+06 inf 
1015 57931.4 0.307561 57905.9 16.1863 29767.9 823.87 1.26332e+06 171125 2.66864e+06 2869.11 2464.14 1.51024e-07 2345.14 0.00020979 619.755 0.803087 1.01618e+06 27008.1 5.01177e+06 10.0473 0.0280616 1.48981e-07 0.0280492 7.84053e-06 0.0144194 0.000399077 0.611944 0.0828917 1.29267 0.00138978 0.0201534 2.25743e-07 0.0186872 6.33616e-06 0.00960659 0.00047932 0.343158 0.0788131 0.869864 0.00171329 2.06444e+06 inf 
1025 66014.9 0.390038 64840.7 19.9374 33333 998.221 1.3965e+06 195299 3.01246e+06 3426.58 3182.71 2.33597e-07 2922.55 0.000314309 772.351 1.14448 1.23771e+06 34325.6 6.3331e+06 13.8823 0.0323773 1.91296e-07 0.0318014 9.7784e-06 0.0163483 0.000489582 0.68492 0.0957851 1.47747 0.00168058 0.0226426 2.79239e-07 0.0205438 7.65096e-06 0.0105611 0.000567119 0.371383 0.0875236 0.960818 0.00199607 2.03892e+06 inf 
1035 75036.5 0.494281 72550.8 24.488 37296.5 1209.38 1.5422e+06 222619 3.39495e+06 4092.61 4089.89 3.62126e-07 3638.18 0.000468708 961.473 1.63348 1.50535e+06 43575.1 7.98081e+06 19.2182 0.0372435 2.4533e-07 0.0360097 1.21543e-05 0.0185117 0.00060026 0.765454 0.110494 1.68504 0.00203132 0.0253553 3.4576e-07 0.0225625 9.21465e-06 0.0115988 0.000671154 0.40155 0.0970518 1.05916 0.00232647 2.01476e+06 inf 
1045 85086.6 0.624762 81171.2 29.9687 41728.1 1464.03 1.70271e+06 253514 3.82059e+06 4885.98 5223.34 5.55656e-07 4519.01 0.000691597 1194.25 2.32453 1.82725e+06 55172.6 1.00149e+07 26.5301 0.0426641 3.13268e-07 0.0407008 1.50269e-05 0.0209233 0.000734093 0.85377 0.127117 1.91572 0.00244992 0.0282641 4.24829e-07 0.0246853 1.09988e-05 0.0126901 0.000791626 0.432776 0.107266 1.16263 0.00270196 1.99434e+06 inf 
1055 96159.4 0.789189 90677.3 36.5741 46614.9 1771.19 1.87653e+06 288008 4.28785e+06 5830.26 6633.52 8.54583e-07 5610.67 0.00101915 1482.75 3.31064 2.2147e+06 69683.9 1.25244e+07 36.6912 0.0487757 4.00306e-07 0.045995 1.85518e-05 0.0236448 0.000898416 0.951845 0.146089 2.17496 0.00295733 0.031396 5.22715e-07 0.0270261 1.31447e-05 0.0138935 0.00093388 0.466229 0.11834 1.27373 0.00314092 1.97146e+06 inf 
1065 108391 0.994242 101179 44.4693 52013.6 2139.36 2.06558e+06 326452 4.80128e+06 6946.54 8380.9 1.31075e-06 6945.16 0.0014892 1835.42 4.70733 2.67668e+06 87733.2 1.55901e+07 50.6398 0.0554824 5.08926e-07 0.0517909 2.27627e-05 0.0266244 0.00109508 1.05731 0.167102 2.45765 0.00355575 0.034809 6.41818e-07 0.0295423 1.5625e-05 0.015187 0.00110016 0.502202 0.130327 1.39287 0.00364387 1.95361e+06 inf 
1075 121806 1.25147 112728 53.8777 57950.5 2582.04 2.26859e+06 369241 5.36049e+06 8271.65 10542.4 2.00873e-06 8592.09 0.00216737 2270.66 6.69831 3.22808e+06 110254 1.93355e+07 69.9883 0.0630433 6.47724e-07 0.0583444 2.78855e-05 0.0299934 0.00133639 1.17415 0.191108 2.77443 0.00428116 0.038496 7.87472e-07 0.0322944 1.85517e-05 0.0166018 0.0012965 0.540479 0.143324 1.51987 0.00423031 1.93211e+06 inf 
1085 136678 1.57541 125702 65.2092 64620.5 3117.32 2.4927e+06 417202 5.9792e+06 9856.94 13210.7 3.08492e-06 10632.7 0.00314381 2809.95 9.54743 3.89078e+06 138313 2.39112e+07 96.9429 0.0713347 8.22239e-07 0.0656065 3.40339e-05 0.0337267 0.00162699 1.30099 0.217746 3.12066 0.00514452 0.0425006 9.66439e-07 0.0352876 2.19661e-05 0.0181405 0.00152836 0.581466 0.157402 1.65565 0.00491225 1.91601e+06 inf 
1095 152965 1.9785 139894 78.6 71916 3757.38 2.73341e+06 470151 6.64947e+06 11725.8 16481 4.72182e-06 13125.2 0.0045313 3468.64 13.578 4.67703e+06 172885 2.94326e+07 134.009 0.0806136 1.04269e-06 0.0737253 4.14229e-05 0.0379003 0.00198017 1.44053 0.247774 3.50433 0.00617962 0.0467663 1.18374e-06 0.0384924 2.59264e-05 0.019788 0.00179851 0.624264 0.172396 1.79747 0.00569529 1.8975e+06 inf 
1105 171223 2.48942 155989 94.749 80190.2 4536.98 3.00054e+06 530149 7.39629e+06 13981.4 20530.6 7.24157e-06 16234.6 0.00652027 4290.37 19.3454 5.6244e+06 216136 3.61857e+07 185.758 0.0908831 1.32136e-06 0.082797 5.02916e-05 0.0425639 0.00240817 1.59265 0.281396 3.92586 0.00742114 0.0513578 1.44836e-06 0.0419733 3.05226e-05 0.0215775 0.002114 0.669943 0.188517 1.94797 0.00659732 1.88399e+06 inf 
1115 191061 3.12471 173702 113.826 89296 5467.32 3.28856e+06 595858 8.20156e+06 16640.9 25436.2 1.10851e-05 20046.2 0.00933089 5297.68 27.5237 6.74718e+06 268957 4.42539e+07 257.262 0.10218 1.6711e-06 0.0928961 6.08742e-05 0.0477557 0.00292393 1.75873 0.318666 4.38621 0.00889957 0.0562368 1.77081e-06 0.0457277 3.58401e-05 0.0235076 0.00248402 0.71783 0.205648 2.10433 0.00764079 1.86985e+06 inf 
1125 212284 3.90598 192746 136.012 99086.1 6565.51 3.59079e+06 666648 9.05138e+06 19737.5 31339 1.68638e-05 24649.4 0.0132492 6514.2 39.0119 8.05891e+06 332852 5.37814e+07 354.946 0.114677 2.11004e-06 0.104123 7.34747e-05 0.0535269 0.00354673 1.93977 0.360127 4.88961 0.0106623 0.0614713 2.15817e-06 0.0497415 4.19376e-05 0.025571 0.00291465 0.768626 0.223868 2.2682 0.0088351 1.85114e+06 inf 
1135 236662 4.90117 214947 163.001 110499 7915.84 3.93792e+06 748204 1.00212e+07 23515.2 38652.3 2.57495e-05 30443.2 0.0188189 8045.38 55.4733 9.65704e+06 412485 6.5419e+07 491.88 0.128379 2.65867e-06 0.116599 8.84209e-05 0.0599409 0.00429399 2.13615 0.405868 5.43604 0.012756 0.0669784 2.62668e-06 0.0540252 4.88893e-05 0.0277732 0.00341371 0.821823 0.242953 2.43646 0.0102034 1.84347e+06 inf 
1145 262324 6.12516 238614 194.183 122666 9500.79 4.29632e+06 834588 1.10259e+07 27893.3 47362.2 3.92781e-05 37451.2 0.0265642 9897.44 78.6753 1.1507e+07 507894 7.89839e+07 680.204 0.143413 3.34864e-06 0.130451 0.000106161 0.0670618 0.00519412 2.34881 0.456272 6.02788 0.0152494 0.0729773 3.20314e-06 0.0587988 5.70325e-05 0.0302272 0.00400415 0.879766 0.263596 2.61637 0.0118037 1.82914e+06 inf 
1155 290956 7.66845 265560 231.48 136519 11423.8 4.6958e+06 931460 1.21362e+07 33161 57973.4 5.99835e-05 46199 0.0374624 12209.3 111.778 1.37318e+07 624866 9.52361e+07 942.86 0.159999 4.21693e-06 0.146033 0.000127292 0.0750724 0.00628203 2.58225 0.512215 6.67375 0.0182354 0.0792491 3.89908e-06 0.06387 6.63135e-05 0.0328343 0.0046908 0.939774 0.285049 2.79857 0.0136365 1.81849e+06 inf 
1165 321659 9.56291 294905 274.799 151604 13686.3 5.11912e+06 1.0354e+06 1.33083e+07 39290.8 70563 9.1067e-05 56789.2 0.052431 15008.1 157.85 1.6316e+07 763851 1.14088e+08 1300.49 0.177949 5.29042e-06 0.163148 0.000152025 0.0838709 0.00757155 2.83201 0.572808 7.36245 0.0217366 0.0858551 4.732e-06 0.0692802 7.67749e-05 0.0356157 0.00547705 1.00305 0.30736 2.98503 0.0157156 1.80759e+06 inf 
1175 355004 11.9369 327384 325.703 168301 16399.7 5.57286e+06 1.14866e+06 1.45568e+07 46583 85750.9 0.000138944 69893.5 0.0733488 18471.3 223.613 1.93698e+07 931981 1.36248e+08 1800.52 0.197911 6.65471e-06 0.182513 0.000181576 0.0938262 0.00914269 3.10682 0.640368 8.11528 0.0259696 0.0929325 5.75974e-06 0.075192 8.90014e-05 0.0386549 0.00640885 1.07059 0.330907 3.17796 0.0181481 1.79375e+06 inf 
1185 392800 14.9282 364799 386.708 187536 19696.9 6.08736e+06 1.2766e+06 1.59545e+07 55370.9 104248 0.00021163 86262.9 0.102444 22797.4 316.791 2.30449e+07 1.13671e+06 1.62634e+08 2494.75 0.219573 8.34477e-06 0.203921 0.000216168 0.104832 0.0110104 3.4028 0.713613 8.91851 0.0309521 0.100308 6.97602e-06 0.0814663 0.000102651 0.0418805 0.00747359 1.14144 0.355204 3.3722 0.0208932 1.78892e+06 inf 
1195 432001 18.5582 404743 456.314 208070 23506.9 6.61556e+06 1.40914e+06 1.73736e+07 65437.3 125646 0.000320293 105915 0.141835 27991.2 445.168 2.72275e+07 1.37324e+06 1.92296e+08 3433.4 0.242762 1.04288e-05 0.227445 0.000256424 0.116925 0.0132097 3.7176 0.79186 9.76305 0.0367723 0.108043 8.43971e-06 0.0882493 0.000118111 0.0453676 0.00869861 1.21651 0.380325 3.56973 0.0240247 1.77952e+06 inf 
1205 475449 23.145 449727 538.563 231196 28106 7.19143e+06 1.55524e+06 1.89059e+07 77507.3 151656 0.000488768 130458 0.196555 34477.3 628.278 3.21798e+07 1.65915e+06 2.27059e+08 4750.85 0.268475 1.30695e-05 0.25395 0.000304114 0.130551 0.0158708 4.06083 0.878208 10.6757 0.0437666 0.116438 1.0256e-05 0.0957897 0.000136032 0.0492442 0.0101435 1.29647 0.406981 3.77403 0.0276981 1.77092e+06 inf 
1215 523971 28.9217 501295 636.808 257706 33674.8 7.83712e+06 1.71762e+06 2.05898e+07 92026.8 182991 0.000745094 161215 0.272521 42606.1 887.943 3.8125e+07 2.00227e+06 2.67804e+08 6586.99 0.296327 1.63564e-05 0.283503 0.000360141 0.145744 0.0190445 4.43222 0.971383 11.6444 0.052045 0.125217 1.24036e-05 0.103924 0.00015627 0.0534259 0.01181 1.38445 0.434489 3.98283 0.0318832 1.76822e+06 inf 
1225 574401 35.9352 556644 748.52 286161 40092.9 8.50088e+06 1.88493e+06 2.2289e+07 108656 219061 0.00113064 198243 0.374527 52391.9 1244.58 4.48528e+07 2.39311e+06 3.1286e+08 9073.41 0.32603 2.03969e-05 0.315952 0.000424861 0.162425 0.0227568 4.82511 1.06989 12.6513 0.061673 0.134327 1.5024e-05 0.112683 0.000179096 0.0579289 0.0137315 1.4754 0.462241 4.18632 0.0366948 1.7618e+06 inf 
1235 630839 44.7881 619998 881.273 318730 47840.7 9.23847e+06 2.07059e+06 2.41451e+07 128633 262487 0.00172008 244708 0.515396 64672.1 1746.89 5.28454e+07 2.85867e+06 3.65151e+08 12527.9 0.358674 2.5465e-05 0.35251 0.000501063 0.18122 0.0272006 5.25269 1.17727 13.7281 0.0731366 0.143507 1.81524e-05 0.121941 0.000204874 0.0626887 0.015917 1.56698 0.489269 4.37622 0.042119 1.75881e+06 inf 
1245 690879 55.6755 689576 1034.63 354500 56921.7 1.00193e+07 2.26531e+06 2.60571e+07 151913 313273 0.00260773 301602 0.705801 79708.6 2442.52 6.20855e+07 3.39432e+06 4.23606e+08 17250.3 0.393709 3.17276e-05 0.392966 0.000589599 0.202018 0.0324378 5.70965 1.29092 14.849 0.0865701 0.153353 2.18956e-05 0.1321 0.000233634 0.0679121 0.018431 1.66745 0.517518 4.57217 0.0483321 1.7548e+06 inf 
1255 756350 69.334 767833 1214.15 394732 67724.2 1.08605e+07 2.47456e+06 2.80719e+07 179536 373465 0.00397633 372534 0.966188 98455.4 3419.15 7.28401e+07 4.01782e+06 4.89523e+08 23819.6 0.431615 3.95658e-05 0.438168 0.000692862 0.225256 0.0386472 6.19757 1.41212 16.0194 0.102453 0.163793 2.65266e-05 0.143519 0.000267026 0.0737826 0.0213904 1.7767 0.546535 4.76748 0.0556424 1.75237e+06 inf 
1265 827278 86.2329 855433 1423.21 439768 80452.9 1.17686e+07 2.6974e+06 3.01816e+07 211997 443997 0.00603687 460134 1.31791 121607 4764.18 8.53155e+07 4.73206e+06 5.62957e+08 32787.4 0.472323 4.92335e-05 0.488398 0.00081256 0.251079 0.0459335 6.7191 1.54004 17.2318 0.121037 0.17437 3.19802e-05 0.155481 0.000303624 0.0799328 0.0247014 1.88771 0.574431 4.94764 0.0637934 1.75151e+06 inf 
1275 904775 107.3 954507 1668.57 490702 95520.7 1.27578e+07 2.93639e+06 3.24132e+07 250329 526724 0.0091633 569151 1.79573 150420 6622.99 9.98346e+07 5.5505e+06 6.44814e+08 45080.6 0.515639 6.11514e-05 0.543982 0.000950935 0.279655 0.0544381 7.27078 1.67347 18.4726 0.142665 0.185205 3.85065e-05 0.168665 0.000345147 0.0867113 0.028478 2.00806 0.602301 5.12335 0.0730656 1.75467e+06 inf 
1285 987444 133.436 1.06423e+06 1951.92 547113 113188 1.38006e+07 3.18558e+06 3.46792e+07 295223 623373 0.0139351 704190 2.44028 186111 9192.56 1.16511e+08 6.4788e+06 7.34286e+08 61990.1 0.562599 7.60255e-05 0.60635 0.00111212 0.311719 0.0644894 7.86294 1.815 19.7586 0.168204 0.196598 4.64725e-05 0.183178 0.000391862 0.094173 0.0328421 2.13463 0.630166 5.28781 0.0838234 1.75515e+06 inf 
1295 1.07628e+06 165.849 1.18673e+06 2280.25 610090 133889 1.49123e+07 3.44706e+06 3.70021e+07 347829 735645 0.0211839 871442 3.30755 230316 12721 1.35637e+08 7.52412e+06 8.31375e+08 85136.9 0.612594 9.43977e-05 0.675461 0.00129786 0.34725 0.0762066 8.48773 1.96199 21.0608 0.197976 0.208426 5.60935e-05 0.199394 0.00044512 0.10251 0.0378561 2.2715 0.658145 5.44465 0.0962462 1.75692e+06 inf 
1305 1.1742e+06 206.49 1.32686e+06 2667.03 682135 158424 1.61315e+07 3.7291e+06 3.94603e+07 410294 867496 0.0322405 1.08131e+06 4.48188 285786 17570.3 1.57821e+08 8.7123e+06 9.37896e+08 116918 0.665813 0.000117087 0.752379 0.0015123 0.386794 0.0898317 9.14711 2.11453 22.3754 0.232651 0.220441 6.76173e-05 0.216951 0.00050431 0.111537 0.0435117 2.41255 0.684795 5.58231 0.110317 1.76356e+06 inf 
1315 1.28024e+06 257.141 1.48488e+06 3117.69 763375 187285 1.74461e+07 4.02666e+06 4.19877e+07 483910 1.02101e+06 0.0490646 1.34353e+06 6.06373 355091 24211.7 1.83439e+08 1.00461e+07 1.05274e+09 160470 0.722643 0.000145146 0.838159 0.00175981 0.430895 0.105715 9.84766 2.27289 23.7004 0.273148 0.232611 8.14105e-05 0.236341 0.000570781 0.121507 0.0499087 2.56272 0.710333 5.70269 0.126368 1.7716e+06 inf 
1325 1.39295e+06 319.785 1.66059e+06 3637.13 853709 220764 1.88269e+07 4.33202e+06 4.45028e+07 569594 1.19752e+06 0.0746032 1.66815e+06 8.1768 440894 33214.8 2.12377e+08 1.15083e+07 1.17311e+09 219670 0.782803 0.000179712 0.933212 0.00204398 0.479764 0.124064 10.5803 2.43449 25.0095 0.320098 0.245352 9.81274e-05 0.258028 0.000646001 0.132658 0.0572196 2.72186 0.735263 5.81232 0.144868 1.77944e+06 inf 
1335 1.51261e+06 397.241 1.85619e+06 4233.98 954272 259570 2.02758e+07 4.64441e+06 4.69884e+07 669454 1.3999e+06 0.113231 2.07105e+06 10.9882 547385 45371.1 2.45087e+08 1.31017e+07 1.29831e+09 300122 0.846977 0.000222433 1.03937 0.0023708 0.534341 0.145345 11.3534 2.60062 26.311 0.374858 0.257868 0.000118011 0.28177 0.000729442 0.144865 0.0654231 2.88738 0.75697 5.89185 0.165932 1.78589e+06 inf 
1345 1.64612e+06 494.912 2.08296e+06 4942.04 1.07086e+06 305568 2.18891e+07 4.98098e+06 4.96332e+07 788635 1.6363e+06 0.172342 2.58032e+06 14.7845 681996 61880.1 2.82892e+08 1.48602e+07 1.43157e+09 410367 0.91415 0.000274843 1.15674 0.0027445 0.594688 0.169693 12.1558 2.76612 27.5632 0.437958 0.270239 0.000142019 0.308049 0.000823486 0.158377 0.0746229 3.05557 0.775222 5.93924 0.18996 1.80071e+06 inf 
1355 1.7882e+06 616.32 2.33675e+06 5758.04 1.20134e+06 358933 2.35842e+07 5.3215e+06 5.22124e+07 928103 1.90758e+06 0.26232 3.21565e+06 19.8342 849928 84121.2 3.25491e+08 1.67439e+07 1.56698e+09 560666 0.985323 0.000339601 1.28758 0.00317276 0.661958 0.197777 12.9952 2.93223 28.7698 0.511398 0.283276 0.000170918 0.337642 0.000928724 0.173594 0.0850659 3.23636 0.792565 5.97701 0.217731 1.81483e+06 inf 
1365 1.93908e+06 766.545 2.62034e+06 6696.47 1.34715e+06 420378 2.53593e+07 5.66373e+06 5.47105e+07 1.09029e+06 2.21526e+06 0.398395 4.00415e+06 26.5159 1.05835e+06 113679 3.72941e+08 1.87207e+07 1.7016e+09 763364 1.06 0.000419033 1.43241 0.00366064 0.736421 0.229801 13.8627 3.09609 29.9076 0.596007 0.295581 0.000205412 0.370225 0.00104628 0.190348 0.0966146 3.41956 0.804942 5.97622 0.24914 1.82932e+06 inf 
1375 2.1051e+06 955.959 2.94656e+06 7799.83 1.51487e+06 492562 2.72898e+07 6.02076e+06 5.72455e+07 1.28321e+06 2.57141e+06 0.607121 5.00071e+06 35.4662 1.32177e+06 153432 4.26723e+08 2.08253e+07 1.83719e+09 1.04116e+06 1.13815 0.000516855 1.59311 0.00421711 0.819041 0.266312 14.7547 3.25522 30.9507 0.693789 0.308027 0.000247207 0.407098 0.00117959 0.209308 0.109698 3.60758 0.814286 5.94657 0.28562 1.84957e+06 inf 
1385 2.27632e+06 1187.87 3.30504e+06 9048.47 1.69918e+06 574226 2.92515e+07 6.36144e+06 5.95216e+07 1.50461e+06 2.96669e+06 0.92023 6.22535e+06 47.1415 1.64549e+06 205339 4.85241e+08 2.29294e+07 1.96246e+09 1.41186e+06 1.21942 0.000636337 1.7705 0.00484724 0.91025 0.307612 15.67 3.40781 31.8856 0.806017 0.319797 0.000296717 0.447474 0.00132584 0.230069 0.123995 3.794 0.818595 5.88148 0.326601 1.86672e+06 inf 
1395 2.46713e+06 1480.38 3.72016e+06 10517.7 1.91262e+06 670175 3.1414e+07 6.72099e+06 6.18657e+07 1.76882e+06 3.42317e+06 1.3981 7.77168e+06 62.6515 2.05425e+06 274308 5.51363e+08 2.51334e+07 2.08541e+09 1.91741e+06 1.30332 0.00078204 1.96525 0.00555621 1.01038 0.354035 16.5951 3.55051 32.6819 0.934415 0.331251 0.000356356 0.493299 0.00149183 0.253633 0.139888 3.98385 0.81925 5.7928 0.373877 1.89297e+06 inf 
1405 2.66797e+06 1842.59 4.18404e+06 12200.6 2.15113e+06 779501 3.36471e+07 7.06643e+06 6.39702e+07 2.07535e+06 3.93274e+06 2.12019 9.68884e+06 82.9455 2.56104e+06 364095 6.23203e+08 2.72875e+07 2.1935e+09 2.59516e+06 1.38983 0.000959864 2.1796 0.00635567 1.12059 0.406066 17.5278 3.68113 33.3241 1.08111 0.342154 0.000427942 0.544584 0.00167762 0.280005 0.157412 4.17387 0.814992 5.67194 0.427893 1.91964e+06 inf 
1415 2.88619e+06 2296.39 4.71381e+06 14157.8 2.42352e+06 905893 3.6031e+07 7.41143e+06 6.59584e+07 2.43705e+06 4.50872e+06 3.21572 1.2087e+07 109.59 3.19499e+06 481047 7.01901e+08 2.94003e+07 2.28788e+09 3.50897e+06 1.47844 0.00117632 2.41463 0.00725225 1.24144 0.46404 18.4568 3.79648 33.7869 1.24837 0.351842 0.000513343 0.600874 0.00188202 0.30895 0.176298 4.34674 0.804349 5.51371 0.488908 1.95219e+06 inf 
1425 3.11467e+06 2858.86 5.30597e+06 16391.9 2.72799e+06 1.04925e+06 3.84743e+07 7.73042e+06 6.76023e+07 2.85748e+06 5.14441e+06 4.86987 1.50565e+07 144.193 3.98001e+06 631478 7.86044e+08 3.1335e+07 2.35836e+09 4.73224e+06 1.56869 0.00143985 2.67232 0.00825568 1.37394 0.528449 19.3774 3.89338 34.0475 1.43915 0.360789 0.000616045 0.664683 0.00211323 0.341762 0.196931 4.51708 0.789481 5.34243 0.558755 1.98553e+06 inf 
1435 3.36224e+06 3561.42 5.98292e+06 18984.9 3.07606e+06 1.21351e+06 4.10745e+07 8.04093e+06 6.90825e+07 3.35187e+06 5.8514e+06 7.36374 1.87542e+07 189.169 4.95754e+06 823817 8.76521e+08 3.30919e+07 2.40783e+09 6.36892e+06 1.65848 0.00175672 2.95116 0.00936457 1.51731 0.598581 20.2606 3.96631 34.076 1.65336 0.368442 0.000739056 0.735804 0.00236967 0.378334 0.219227 4.67604 0.769079 5.15066 0.638719 2.02731e+06 inf 
1445 3.62286e+06 4433.78 6.74102e+06 21943.5 3.46587e+06 1.39867e+06 4.37148e+07 8.31675e+06 7.01587e+07 3.92682e+06 6.62437e+06 11.1087 2.32986e+07 246.93 6.15895e+06 1.06579e+06 9.70062e+08 3.45252e+07 2.42627e+09 8.5396e+06 1.74842 0.00213978 3.25327 0.0105901 1.67266 0.675012 21.0971 4.01374 33.8592 1.89512 0.374158 0.00088458 0.812598 0.00264943 0.417823 0.242316 4.80321 0.743028 4.94899 0.727887 2.07207e+06 inf 
1455 3.90191e+06 5520.31 7.60092e+06 25347.2 3.90802e+06 1.60849e+06 4.64704e+07 8.56552e+06 7.09256e+07 4.60103e+06 7.46663e+06 16.7112 2.88869e+07 320.784 7.63634e+06 1.36791e+06 1.06712e+09 3.56008e+07 2.41491e+09 1.14164e+07 1.83582 0.00259727 3.57618 0.0119257 1.8387 0.756784 21.864 4.03002 33.37 2.16475 0.377822 0.00105675 0.89555 0.00295047 0.46048 0.266218 4.90273 0.713369 4.75819 0.827756 2.12543e+06 inf 
1465 4.19225e+06 6864.99 8.56129e+06 29208.5 4.40184e+06 1.84277e+06 4.9239e+07 8.76169e+06 7.1178e+07 5.38487e+06 8.36512e+06 25.0658 3.56988e+07 414.291 9.43727e+06 1.74055e+06 1.16461e+09 3.61779e+07 2.36677e+09 1.52175e+07 1.92045 0.00314482 3.92189 0.0133803 2.01646 0.844165 22.5561 4.01369 32.6063 2.46678 0.379331 0.00126199 0.986025 0.00327925 0.507005 0.291072 4.97243 0.680593 4.58676 0.941304 2.18295e+06 inf 
1475 4.49926e+06 8527.32 9.63649e+06 33589.4 4.95471e+06 2.10402e+06 5.20387e+07 8.90915e+06 7.09772e+07 6.29782e+06 9.31495e+06 37.3529 4.38705e+07 530.686 1.15978e+07 2.18995e+06 1.25913e+09 3.62081e+07 2.28312e+09 2.01663e+07 1.99915 0.00378894 4.28178 0.0149248 2.20152 0.934879 23.1223 3.9586 31.5372 2.79831 0.377218 0.00149698 1.07673 0.00361261 0.553648 0.314738 4.98267 0.646381 4.45633 1.063 2.25058e+06 inf 
1485 4.82495e+06 10588.9 1.08476e+07 38586.2 5.57745e+06 2.39517e+06 5.48771e+07 9.00577e+06 7.03404e+07 7.36316e+06 1.03064e+07 55.3862 5.36544e+07 675.018 1.41846e+07 2.7257e+06 1.34848e+09 3.56639e+07 2.16685e+09 2.65882e+07 2.06933 0.00454138 4.65231 0.0165489 2.39206 1.02724 23.5357 3.8624 30.1676 3.15792 0.371644 0.00176917 1.16934 0.00395443 0.601276 0.337304 4.94022 0.614351 4.38541 1.19613 2.33165e+06 inf 
1495 5.15213e+06 13106.1 1.21681e+07 44102.3 6.25648e+06 2.71108e+06 5.75408e+07 9.00833e+06 6.89375e+07 8.58761e+06 1.12944e+07 81.5143 6.50779e+07 848.982 1.72049e+07 3.34874e+06 1.42587e+09 3.43966e+07 2.01189e+09 3.48406e+07 2.1306 0.00541989 5.03196 0.018238 2.58729 1.12114 23.7953 3.72529 28.5083 3.55131 0.362241 0.00208185 1.26156 0.00429676 0.6487 0.357615 4.84089 0.588647 4.39004 1.3402 2.41816e+06 inf 
1505 5.49522e+06 16197.5 1.36351e+07 50294.7 7.01084e+06 3.05594e+06 6.01354e+07 8.94108e+06 6.70185e+07 1.0008e+07 1.22694e+07 118.75 7.82024e+07 1055.58 2.06752e+07 4.04997e+06 1.48759e+09 3.25053e+07 1.83009e+09 4.52608e+07 2.17711 0.00641717 5.40197 0.0199258 2.77757 1.21071 23.8246 3.5423 26.5515 3.965 0.348003 0.00242205 1.34205 0.00460009 0.690098 0.37243 4.66343 0.574593 4.47934 1.48672 2.52409e+06 inf 
1515 5.83073e+06 19917.9 1.52001e+07 56983.8 7.81564e+06 3.41695e+06 6.23668e+07 8.75999e+06 6.42824e+07 1.16174e+07 1.31537e+07 170.635 9.26676e+07 1291.05 2.45e+07 4.80077e+06 1.52361e+09 2.99148e+07 1.62058e+09 5.81261e+07 2.20686 0.00753865 5.75305 0.0215676 2.95812 1.29327 23.605 3.31554 24.3301 4.39703 0.329089 0.00278423 1.40568 0.00484593 0.722825 0.380096 4.41239 0.574066 4.62797 1.63282 2.6421e+06 inf 
1525 6.16928e+06 24404.8 1.68899e+07 64267.5 8.68461e+06 3.79606e+06 6.43253e+07 8.48741e+06 6.09607e+07 1.34599e+07 1.39253e+07 241.402 1.08182e+08 1552.05 2.86024e+07 5.57107e+06 1.53206e+09 2.68318e+07 1.39903e+09 7.37421e+07 2.21466 0.0087609 6.06318 0.0230709 3.11762 1.36272 23.0916 3.04683 21.8838 4.83186 0.306922 0.00314733 1.43987 0.00498936 0.740412 0.378048 4.09379 0.590735 4.82983 1.76783 2.78566e+06 inf 
1535 6.47575e+06 29622 1.86022e+07 71756.4 9.56518e+06 4.16541e+06 6.56074e+07 8.08166e+06 5.68076e+07 1.5479e+07 1.44567e+07 332.935 1.23375e+08 1819.22 3.26201e+07 6.27248e+06 1.50085e+09 2.32767e+07 1.16887e+09 9.15891e+07 2.19579 0.0100442 6.30764 0.0243311 3.24336 1.4124 22.2461 2.74033 19.2623 5.24862 0.283648 0.00346482 1.43097 0.00498558 0.735845 0.363296 3.74382 0.619101 5.03039 1.87297 2.94916e+06 inf 
1545 6.76212e+06 35706.3 2.03469e+07 79456.9 1.04624e+07 4.52459e+06 6.62848e+07 7.56839e+06 5.20472e+07 1.77214e+07 1.47333e+07 447.029 1.37265e+08 2076.38 3.62935e+07 6.84906e+06 1.43169e+09 1.95217e+07 9.44413e+08 1.11312e+08 2.14584 0.0113308 6.45673 0.0252142 3.32006 1.4358 21.0343 2.40169 16.5162 5.62357 0.265948 0.00367019 1.36721 0.00481104 0.703071 0.334524 3.44675 0.653247 5.18713 1.92313 3.15127e+06 inf 
1555 6.98082e+06 42345.5 2.19271e+07 86586.7 1.12751e+07 4.8251e+06 6.58791e+07 6.92885e+06 4.66265e+07 2.00249e+07 1.46147e+07 574.37 1.47109e+08 2280.47 3.88973e+07 7.16165e+06 1.31792e+09 1.57408e+07 7.34702e+08 1.30291e+08 2.05978 0.0124946 6.46987 0.0255485 3.32686 1.42371 19.4384 2.04444 13.7577 5.9086 0.263775 0.00365526 1.24383 0.00448956 0.63963 0.293585 3.31893 0.681753 5.24478 1.87944 3.38911e+06 inf 
1565 7.11295e+06 49188.2 2.32045e+07 92565.6 1.19321e+07 5.0356e+06 6.42573e+07 6.18907e+06 4.07715e+07 2.2246e+07 1.40598e+07 698.714 1.50952e+08 2397.25 3.99145e+07 7.13345e+06 1.16736e+09 1.21861e+07 5.49729e+08 1.45211e+08 1.93389 0.0133735 6.30893 0.0251671 3.24415 1.3691 17.4705 1.68271 11.0851 6.04833 0.287568 0.00333459 1.11302 0.00428837 0.57235 0.255026 3.48796 0.694041 5.15585 1.70238 3.67804e+06 inf 
1575 7.11292e+06 55520.9 2.39478e+07 96408 1.23145e+07 5.10863e+06 6.11357e+07 5.36344e+06 3.46049e+07 2.41162e+07 1.30364e+07 799.248 1.47609e+08 2400.31 3.90314e+07 6.73512e+06 9.90503e+08 9.01727e+06 3.93838e+08 1.52743e+08 1.76873 0.0138061 5.95497 0.0239733 3.06219 1.27034 15.2023 1.3337 8.60503 5.99686 0.336555 0.00285246 1.11507 0.00470689 0.57337 0.247049 3.89785 0.680826 4.88745 1.42108 4.02148e+06 inf 
1585 6.9654e+06 60677.1 2.40505e+07 97639.9 1.23675e+07 5.02333e+06 5.6637e+07 4.50532e+06 2.8493e+07 2.53944e+07 1.16195e+07 861.94 1.37913e+08 2295.35 3.64686e+07 6.02735e+06 8.05524e+08 6.3825e+06 2.70513e+08 1.51516e+08 1.5696 0.0136731 5.4196 0.0220024 2.78693 1.13197 12.7627 1.01524 6.42069 5.72244 0.393356 0.00269766 1.30598 0.00575604 0.671512 0.277244 4.31641 0.638384 4.44217 1.18175 4.43769e+06 inf 
1595 6.62838e+06 63717.7 2.3339e+07 95472.6 1.20019e+07 4.75336e+06 5.07476e+07 3.64588e+06 2.26233e+07 2.5769e+07 9.89166e+06 876.011 1.22832e+08 2090.09 3.24815e+07 5.09929e+06 6.25745e+08 4.3077e+06 1.77614e+08 1.41636e+08 1.34741 0.0129525 4.74434 0.0194076 2.43973 0.966258 10.3159 0.74113 4.59883 5.23828 0.441873 0.00321061 1.56859 0.0069439 0.806549 0.320817 4.55878 0.571306 3.8673 1.16276 4.91935e+06 inf 
1605 6.12096e+06 64248.7 2.18737e+07 90087.3 1.12485e+07 4.32467e+06 4.39562e+07 2.84337e+06 1.73305e+07 2.51719e+07 8.0422e+06 842.104 1.04524e+08 1816.35 2.76409e+07 4.08636e+06 4.65157e+08 2.78078e+06 1.11822e+08 1.25372e+08 1.11578 0.0117118 3.9873 0.0164218 2.05047 0.788335 8.01268 0.518312 3.15914 4.58853 0.470148 0.00404227 1.77622 0.00783727 0.913337 0.351314 4.53755 0.488114 3.22547 1.34135 5.48583e+06 inf 
1615 5.46037e+06 62026.8 1.97443e+07 81811.6 1.01537e+07 3.77182e+06 3.67074e+07 2.13276e+06 1.2786e+07 2.36001e+07 6.22973e+06 765.853 8.50149e+07 1507.62 2.24823e+07 3.10226e+06 3.31162e+08 1.72018e+06 6.76593e+07 1.05259e+08 0.89132 0.0101249 3.22295 0.0133545 1.65743 0.61569 5.99191 0.34814 2.08711 3.85235 0.471651 0.00474342 1.86813 0.00823128 0.960621 0.356819 4.26075 0.399489 2.58617 1.5301 6.12616e+06 inf 
1625 4.69406e+06 57240.2 1.71309e+07 71356.5 8.80989e+06 3.14867e+06 2.94986e+07 1.53704e+06 9.07365e+06 2.12027e+07 4.5976e+06 659.2 6.60659e+07 1194.48 1.74716e+07 2.23357e+06 2.25757e+08 1.01918e+06 3.92767e+07 8.38582e+07 0.686745 0.00837428 2.50626 0.0104395 1.28889 0.460653 4.31567 0.22487 1.32748 3.10197 0.448345 0.00512961 1.8396 0.00810984 0.945971 0.338484 3.79519 0.313912 1.996 1.62674 6.83524e+06 inf 
1635 3.88792e+06 50530.8 1.43041e+07 59867.1 7.35629e+06 2.51804e+06 2.28462e+07 1.06766e+06 6.21562e+06 1.82679e+07 3.24094e+06 539.088 4.93081e+07 908.744 1.30402e+07 1.53203e+06 1.48235e+08 582516 2.20425e+07 6.36132e+07 0.512025 0.00665472 1.88379 0.00788429 0.968797 0.331616 3.00876 0.140607 0.818575 2.40582 0.405771 0.00516823 1.7161 0.00758396 0.882482 0.302975 3.23565 0.238631 1.49427 1.60924 7.59322e+06 inf 
1645 3.10577e+06 42753.6 1.15108e+07 48381.8 5.91991e+06 1.93287e+06 1.70768e+07 715919 4.11482e+06 1.51198e+07 2.18964e+06 420.796 3.5445e+07 665.385 9.37406e+06 1.00535e+06 9.39291e+07 320749 1.19287e+07 4.6142e+07 0.370387 0.00509869 1.37276 0.0057699 0.705994 0.23051 2.03653 0.0853787 0.490723 1.80314 0.352058 0.00491797 1.53056 0.00678679 0.787083 0.258382 2.65599 0.175961 1.0871 1.50048 8.38522e+06 inf 
1655 2.39467e+06 34752.7 8.94744e+06 37753.1 4.60167e+06 1.42774e+06 1.23484e+07 464722 2.63961e+06 1.20429e+07 1.42335e+06 315.275 2.46427e+07 470.66 6.51734e+06 634112 5.7607e+07 170065 6.22147e+06 3.21708e+07 0.260784 0.00378465 0.974396 0.00411139 0.501132 0.155484 1.34477 0.0506093 0.287459 1.3115 0.294953 0.00447332 1.31689 0.00586108 0.677214 0.211851 2.11308 0.12633 0.771297 1.33546 9.18256e+06 inf 
1665 1.78674e+06 27245.2 6.74004e+06 28536.8 3.46647e+06 1.01824e+06 8.66255e+06 292510 1.64309e+06 9.26397e+06 892815 227.681 1.66147e+07 322.328 4.39422e+06 385485 3.42424e+07 86671.9 3.11947e+06 2.16539e+07 0.17834 0.00271942 0.672744 0.00284834 0.345999 0.101634 0.864636 0.0291963 0.164002 0.924666 0.239394 0.00391539 1.09808 0.00490505 0.5647 0.167771 1.63409 0.0883095 0.533354 1.14295 1.00187e+07 inf 
1675 1.29443e+06 20681 4.93617e+06 20958.9 2.53877e+06 703501 5.91137e+06 178826 994207 6.90901e+06 541804 158.739 1.0863e+07 213.614 2.87307e+06 225883 1.97136e+07 42520 1.50944e+06 1.41042e+07 0.118457 0.00189257 0.451721 0.00191801 0.232329 0.0643791 0.540964 0.0163648 0.0909824 0.632261 0.188547 0.00330829 0.888848 0.00398367 0.457105 0.128555 1.22939 0.0601939 0.360354 0.943903 1.09275e+07 inf 
1685 912079 15240 3.52217e+06 14987.1 1.81156e+06 471940 3.93096e+06 106182 584498 5.00755e+06 318505 106.969 6.88433e+06 136.803 1.82081e+06 127552 1.09709e+07 19967.4 699995 8.90628e+06 0.0766473 0.0012807 0.295989 0.00125945 0.152235 0.0396598 0.330341 0.00892305 0.0491187 0.420813 0.144537 0.00271091 0.700657 0.00314803 0.360329 0.095635 0.901565 0.0399794 0.237512 0.755885 1.18997e+07 inf 
1695 625528 10910.2 2.44826e+06 10429.2 1.25923e+06 307254 2.54384e+06 60888.9 331921 3.53192e+06 180521 69.2479 4.19988e+06 84.0584 1.11082e+06 68843.5 5.85354e+06 8895.69 308528 5.42898e+06 0.0481949 0.000840594 0.188631 0.000803534 0.0970198 0.0236729 0.195994 0.00469129 0.0255734 0.272123 0.107637 0.00215145 0.536661 0.00241469 0.275994 0.068875 0.642325 0.0257561 0.152043 0.586715 1.29791e+07 inf 
1705 418451 7605.03 1.66175e+06 7079.79 854715 194543 1.60597e+06 33857.3 182931 2.4292e+06 98892.7 43.0651 2.47119e+06 49.6754 653614 35575.1 3.008e+06 3818.14 131300 3.19314e+06 0.0295306 0.000536697 0.117272 0.000499629 0.0603183 0.0137291 0.113335 0.00238935 0.0129097 0.171432 0.0781468 0.00165865 0.400802 0.00180445 0.206126 0.0481881 0.44658 0.0162401 0.0953903 0.442668 1.41701e+07 inf 
1715 273068 5152.42 1.09857e+06 4674.79 565056 119446 985497 18131.5 97161.9 1.62834e+06 52046.1 25.5052 1.38941e+06 27.96 367495 17450.2 1.47494e+06 1569.29 53598.4 1.79753e+06 0.0174849 0.000329915 0.0703426 0.000299332 0.0361811 0.00764827 0.0631024 0.00116098 0.00622138 0.104265 0.0550168 0.00123462 0.289857 0.00130411 0.149071 0.0325402 0.300766 0.00995669 0.0582517 0.322841 1.56174e+07 inf 
1725 172949 3373.23 703755 2987.81 361986 70703.8 584907 9320.67 49579 1.05811e+06 26200.7 14.3313 745377 14.9742 197152 8112.43 689643 609.293 20545.7 962418 0.0100068 0.000195175 0.0407192 0.000172874 0.0209445 0.00409091 0.0338426 0.000539293 0.00286863 0.0612219 0.0376276 0.000889445 0.20364 0.000914615 0.104731 0.0212755 0.196869 0.00591293 0.034359 0.227897 1.72831e+07 inf 
1735 106569 2137.38 437536 1851.01 225057 40408.6 336250 4608.3 24352.8 667489 12636.8 7.63198 380505 7.60002 100644 3571.91 306626 223.129 7407.97 489310 0.00555181 0.000111349 0.0227938 9.64301e-05 0.0117245 0.00210512 0.0175172 0.000240074 0.00126868 0.0347734 0.02505 0.000620642 0.138936 0.000621797 0.0714541 0.0134778 0.125168 0.00340095 0.019604 0.155826 1.91954e+07 inf 
1745 63499.7 1301.05 262064 1103.32 134801 22117.3 185702 2164.22 11358.4 405951 5774.12 3.81361 182586 3.60518 48294.7 1469.48 127199 72.2371 2335.49 233812 0.00291543 5.97346e-05 0.012032 5.0656e-05 0.00618904 0.00101546 0.00852603 9.93648e-05 0.000521491 0.0186382 0.0160189 0.000414155 0.0907646 0.000403679 0.04668 0.00815084 0.0759429 0.00181844 0.010342 0.101919 2.17806e+07 inf 
1755 36454.6 757.793 150632 630.182 77483.4 11540.6 98058.5 953.128 4960.4 236982 2470.56 1.76231 80890.9 1.56621 21396.1 552.359 47938.4 19.4959 608.746 103967 0.00145417 3.02282e-05 0.00600868 2.51378e-05 0.0030908 0.000460352 0.00391154 3.80201e-05 0.000197869 0.00945315 0.00982017 0.00026341 0.0564856 0.000248684 0.0290505 0.00467136 0.043554 0.000881047 0.00492378 0.0637015 2.50691e+07 inf 
1765 20015 418.376 82303.2 341.501 42336.4 5676.07 48940.4 384.288 1979.43 131648 964.938 0.724872 31845.3 0.59905 8423.35 181.253 15720.5 4.166 125.305 41777.8 0.000690345 1.44303e-05 0.00283875 1.17788e-05 0.00146024 0.000195775 0.00168802 1.32546e-05 6.82731e-05 0.0045407 0.0057276 0.00015746 0.0330201 0.00014326 0.0169824 0.00249265 0.0232244 0.000378834 0.00207781 0.0376876 2.89928e+07 inf 
1775 10378.9 215.413 42060.7 172.675 21636.1 2577.17 22607.3 134.438 682.774 68624.3 326.117 0.248457 10442.3 0.188955 2762.14 47.8095 4133.2 0.5967 17.1681 14423.2 0.00029891 6.20386e-06 0.00121134 4.973e-06 0.000623118 7.42221e-05 0.000651085 3.87179e-06 1.96638e-05 0.00197637 0.00305004 8.43625e-05 0.0172994 7.36013e-05 0.00889724 0.00117107 0.0108909 0.000131034 0.000702887 0.020285 3.47224e+07 inf 
1785 4931.06 98.9975 19248.8 77.9385 9901.82 1024.26 9168.41 36.6014 182.093 32425.8 85.2593 0.0613043 2476.99 0.0427423 655.226 8.58631 742.89 0.0442963 1.21263 3802.53 0.000111622 2.24096e-06 0.000435726 1.76426e-06 0.000224143 2.31858e-05 0.000207541 8.28529e-07 4.12195e-06 0.000734009 0.00138474 3.71846e-05 0.00747533 3.10552e-05 0.00384471 0.000440258 0.00409553 3.16548e-05 0.000165628 0.00924864 4.41764e+07 inf 
1795 2034.24 37.5913 7335.54 29.2485 3773.6 326.568 3008.36 6.87195 33.1369 13054.4 15.1177 0.00924397 367.015 0.00604394 97.0912 0.887074 78.609 0.00138888 0.0360627 665.09 3.43332e-05 6.34452e-07 0.000123806 4.93644e-07 6.36894e-05 5.51169e-06 5.0774e-05 1.15982e-07 5.59271e-07 0.000220327 0.000503957 1.24745e-05 0.00248576 1.00878e-05 0.00127852 0.000122235 0.00115072 4.84019e-06 2.46645e-05 0.00334314 5.92501e+07 inf 
1805 636.316 10.1221 2013.01 7.92812 1035.6 71.5318 689.572 0.821729 3.62014 3926.12 1.55866 0.00071533 29.0587 0.000462291 7.68811 0.0441082 4.18115 1.67074e-05 0.000350577 67.1415 7.23921e-06 1.15156e-07 2.29015e-05 9.01961e-08 1.17818e-05 8.13799e-07 7.84508e-06 9.3486e-09 4.11853e-08 4.46664e-05 0.000132966 2.85041e-06 0.000574516 2.29156e-06 0.000295511 2.23863e-05 0.000217959 4.35876e-07 1.99668e-06 0.000872844 8.78986e+07 inf 
1815 153.171 2.05162 423.829 1.65709 218.051 11.5893 119.393 0.0724363 0.57883 901.679 0.112952 3.61793e-05 1.55444 2.41573e-05 0.411301 0.00143252 0.149755 1.80394e-06 8.49786e-06 4.50632 1.09076e-06 1.461e-08 3.01818e-06 1.18005e-08 1.55279e-06 8.25299e-08 8.50227e-07 5.15835e-10 4.12198e-09 6.42105e-06 2.83402e-05 5.07373e-07 0.000105169 4.14597e-07 5.40977e-05 3.19287e-06 3.26453e-05 1.1334e-07 2.45964e-07 0.000179023 1.40425e+08 inf 
1825 26.5867 0.291943 64.5368 0.250102 33.2029 1.29212 14.924 0.393297 1.34872 144.052 0.00425066 7.70936e-07 0.0346362 5.26314e-07 0.00916657 1.93236e-05 0.00212577 6.64965e-06 2.90726e-05 0.14444 9.00745e-08 9.89089e-10 2.18648e-07 8.47335e-10 1.1249e-07 4.37763e-09 5.05619e-08 1.33247e-09 4.56939e-09 4.8804e-07 3.7938e-06 5.10971e-08 1.08304e-05 4.22186e-08 5.57165e-06 2.55829e-07 2.68318e-06 1.5009e-07 3.13808e-07 2.2116e-05 2.95164e+08 inf 
1835 1.66431 0.0262188 7.88573 0.0318539 4.05593 0.0834257 2.61784 -0.0470158 7.52595 12.3262 0.000184665 6.55986e-09 0.000259016 3.98506e-09 6.86047e-05 1.38158e-07 1.39081e-05 7.95015e-06 9.58024e-05 0.00223021 1.22375e-09 1.92785e-11 5.79833e-09 2.3422e-11 2.9823e-09 6.13424e-11 1.92488e-09 -3.45704e-11 5.53378e-09 9.06336e-09 3.68485e-07 2.19614e-09 4.36371e-07 1.71162e-09 2.24579e-07 1.00788e-08 1.01108e-07 7.64571e-08 2.65353e-07 1.28054e-06 1.36e+09 inf 
1845 0.446169 0.00388123 2.52964 0.0113161 1.3005 0.0077035 0.581103 -0.165953 1.67334 0.786715 0.000118153 1.61367e-11 9.92713e-07 3.55453e-11 2.6273e-07 7.11118e-10 2.05106e-07 2.00489e-07 8.79361e-06 6.81086e-06 4.15708e-10 3.61625e-12 2.35694e-09 1.05435e-11 1.21172e-09 7.17756e-12 5.4143e-10 -1.54623e-10 1.55909e-09 7.33004e-10 3.31793e-07 1.22564e-10 3.03213e-08 1.81679e-10 1.55989e-08 8.13952e-10 1.38134e-08 1.36666e-08 9.05031e-08 7.96576e-08 1.07327e+09 inf 
1855 3.68475e-07 2.03183e-07 7.67803e-05 2.85653e-07 3.94711e-05 9.78329e-07 2.49426e-05 2.95563e-08 8.73699e-07 3.43724e-06 4.70373e-17 1.89573e-17 2.70411e-12 3.77164e-17 7.1463e-13 3.29576e-16 2.08673e-13 1.31069e-18 1.14409e-15 3.99252e-15 1.74375e-12 9.61533e-13 3.6335e-10 1.35181e-12 1.86791e-10 4.62978e-12 1.18037e-10 1.3987e-13 4.13464e-12 1.62662e-11 1.48174e-11 9.42273e-12 3.55875e-09 1.32913e-11 1.82948e-09 3.92203e-11 9.86702e-10 2.48658e-12 7.34652e-11 1.36489e-10 211312 inf 
1865 0 0 0 0 0 0 0 0 0 0 0 0 0 0 0 0 0 0 0 0 0.0 0.0 0.0 0.0 0.0 0.0 0.0 0.0 0.0 0.0 0.0 0.0 0.0 0.0 0.0 0.0 0.0 0.0 0.0 0.0 0 -nan 
1875 0 0 0 0 0 0 0 0 0 0 0 0 0 0 0 0 0 0 0 0 0.0 0.0 0.0 0.0 0.0 0.0 0.0 0.0 0.0 0.0 0.0 0.0 0.0 0.0 0.0 0.0 0.0 0.0 0.0 0.0 0 -nan 
1885 0 0 0 0 0 0 0 0 0 0 0 0 0 0 0 0 0 0 0 0 0.0 0.0 0.0 0.0 0.0 0.0 0.0 0.0 0.0 0.0 0.0 0.0 0.0 0.0 0.0 0.0 0.0 0.0 0.0 0.0 0 -nan 
1895 0 0 0 0 0 0 0 0 0 0 0 0 0 0 0 0 0 0 0 0 0.0 0.0 0.0 0.0 0.0 0.0 0.0 0.0 0.0 0.0 0.0 0.0 0.0 0.0 0.0 0.0 0.0 0.0 0.0 0.0 0 -nan 
