255 0 0 0 0 0 0 0 0 0 0 0 0 0 0 0 0 0 0 0 0 0.0 0.0 0.0 0.0 0.0 0.0 0.0 0.0 0.0 0.0 0.0 0.0 0.0 0.0 0.0 0.0 0.0 0.0 0.0 0.0 0 -nan 
265 0 0 0 0 0 0 0 0 0 0 0 0 0 0 0 0 0 0 0 0 0.0 0.0 0.0 0.0 0.0 0.0 0.0 0.0 0.0 0.0 0.0 0.0 0.0 0.0 0.0 0.0 0.0 0.0 0.0 0.0 0 -nan 
275 0 0 0 0 0 0 0 0 0 0 0 0 0 0 0 0 0 0 0 0 0.0 0.0 0.0 0.0 0.0 0.0 0.0 0.0 0.0 0.0 0.0 0.0 0.0 0.0 0.0 0.0 0.0 0.0 0.0 0.0 0 -nan 
285 0 0 0 0 0 0 0 0 0 0 0 0 0 0 0 0 0 0 0 0 0.0 0.0 0.0 0.0 0.0 0.0 0.0 0.0 0.0 0.0 0.0 0.0 0.0 0.0 0.0 0.0 0.0 0.0 0.0 0.0 0 -nan 
295 9.84717e-09 1.41054e-05 1.10241e-06 -4.03961e-42 0.537731 0.0283374 0.0100108 16.1001 0.823521 4.95122e-16 2.7541e-21 9.53219e-17 5.80982e-19 8.59637e-92 5.2788e-06 1.16485e-07 1.45967e-08 0.000683604 2.33143e-07 9.50707e-38 0.0 0.0 0.0 0.0 0.0 0.0 0.0 0.0 0.0 0.0 0.0 0.0 0.0 0.0 0.0 0.0 0.0 0.0 0.0 0.0 -1.35736e+08 -inf 
305 6.59381e-09 0.000651006 4.47744e-05 -6.64602e-40 34.9687 3.18802 1.16829 871.952 32.8478 6.65629e-14 2.31823e-18 1.01185e-13 5.4688e-16 7.16994e-85 0.0128536 0.00124546 0.000168615 10.8643 0.000616804 1.21809e-32 1.97791e-17 1.95279e-12 1.34308e-13 -1.99357e-48 1.04894e-07 9.56294e-09 3.50446e-09 2.61555e-06 9.8532e-08 1.99665e-22 8.33898e-14 1.7312e-11 1.27374e-12 4.63331e-47 6.20848e-06 1.93283e-06 7.11178e-07 0.000180506 1.35665e-06 6.04141e-21 3.33373e+08 inf 
315 -1.86584e-06 0.00149751 8.78048e-05 -1.51057e-37 149.088 14.7604 5.66393 3366.04 76.0825 8.56816e-13 1.72107e-16 2.21748e-11 7.86766e-14 3.8856e-76 0.195168 0.016708 0.00247935 201.371 0.0131082 1.52231e-29 -1.78337e-14 1.43132e-11 8.39238e-13 -1.4438e-45 1.42498e-06 1.4108e-07 5.41359e-08 3.21726e-05 7.27197e-07 8.18945e-21 1.28245e-12 4.60155e-10 2.74096e-11 1.92714e-42 4.3167e-05 1.26363e-05 4.86772e-06 0.00138696 1.11696e-05 3.8136e-19 1.04624e+08 inf 
325 -5.45828e-06 0.0036759 0.000181591 -7.20118e-35 381.011 34.5595 13.9683 8646.43 162.744 9.96301e-12 1.32754e-14 5.8098e-10 1.2991e-12 1.84267e-70 1.09948 0.0786394 0.0130711 1207.59 0.0755269 9.3638e-27 -8.43779e-14 5.68246e-11 2.80716e-12 -1.11321e-42 5.88994e-06 5.34245e-07 2.15932e-07 0.000133663 2.51581e-06 1.54015e-19 1.43253e-11 2.99633e-09 1.41685e-10 1.68776e-39 0.000130237 3.48623e-05 1.42132e-05 0.00431856 3.40767e-05 1.20303e-17 6.46885e+07 inf 
335 -2.79235e-06 0.010039 0.000418411 -1.00059e-32 791.176 59.4713 25.3824 17086.4 316.896 9.09277e-11 4.5836e-13 7.65814e-09 1.0914e-11 6.0976e-66 3.8648 0.207357 0.0390249 3944.99 0.247576 2.77587e-24 -5.91742e-14 2.12742e-10 8.86677e-12 -2.1204e-40 1.67662e-05 1.26029e-06 5.37892e-07 0.000362087 6.7155e-06 1.9269e-18 9.85563e-11 1.27374e-08 4.80839e-10 3.59468e-37 0.000285692 6.62769e-05 2.87525e-05 0.00913615 7.21208e-05 2.42531e-16 4.71887e+07 inf 
345 3.83439e-05 0.0261062 0.000933788 -2.3986e-30 1429.08 88.7792 40.0636 28829.8 535.586 6.05259e-10 5.22805e-12 5.13066e-08 5.6216e-11 1.81564e-61 10.5364 0.41353 0.0877845 9375.88 0.611361 1.55378e-22 1.02536e-12 6.9811e-10 2.49705e-11 -6.41413e-38 3.82152e-05 2.37406e-06 1.07135e-06 0.00077094 1.43222e-05 1.61853e-17 3.73902e-10 3.70339e-08 1.22583e-09 6.96795e-35 0.00052943 0.000105131 4.84387e-05 0.0158154 0.000127056 2.03831e-15 3.73956e+07 inf 
355 0.000204586 0.0617943 0.0019117 -3.38657e-29 2361.65 122.689 58.6085 44038.3 819.353 3.05782e-09 2.9657e-11 2.15414e-07 1.93083e-10 2.81807e-59 25.0183 0.717659 0.17096 18848.6 1.27527 2.88676e-21 7.25282e-12 2.19069e-09 6.77723e-11 -1.20058e-36 8.37236e-05 4.34948e-06 2.07775e-06 0.00156122 2.90471e-05 1.08404e-16 1.02534e-09 8.73608e-08 2.61543e-09 9.9952e-34 0.000938042 0.000159446 7.7823e-05 0.0258025 0.000210633 1.01157e-14 2.82077e+07 inf 
365 0.000779805 0.137117 0.00369173 -2.25085e-27 3649.02 158.366 80.3488 62061.3 1162.18 1.51499e-08 2.88959e-10 1.14684e-06 7.39971e-10 1.50119e-55 53.7975 1.10309 0.30039 33552.1 2.34245 1.4609e-19 3.3164e-11 5.83139e-09 1.57004e-10 -9.57252e-35 0.000155188 6.73506e-06 3.41712e-06 0.00263938 4.94256e-05 6.44303e-16 3.50541e-09 2.2077e-07 5.6076e-09 7.99019e-32 0.00150461 0.000216489 0.000112976 0.0376823 0.000311734 7.882e-14 2.35136e+07 inf 
375 0.0021409 0.273665 0.00646954 -2.3203e-26 5352.94 192.526 103.855 82558.4 1555.8 5.70271e-08 1.12614e-09 3.41804e-06 1.80419e-09 1.1726e-53 104.888 1.44803 0.451176 52325.9 3.89356 1.56425e-18 1.02921e-10 1.31561e-08 3.11014e-10 -1.11545e-33 0.000257335 9.25541e-06 4.99267e-06 0.00396888 7.47929e-05 2.7415e-15 7.35709e-09 4.05148e-07 9.30791e-09 7.50806e-31 0.00223072 0.000263679 0.00014719 0.0499975 0.000426126 2.74211e-13 2.08014e+07 inf 
385 0.00531172 0.520221 0.0109181 -3.08318e-25 7565.81 230.872 132.504 105996 2008.65 1.9963e-07 5.14842e-09 1.1e-05 4.63357e-09 1.95438e-51 196.08 1.97192 0.699677 80322.7 6.117 1.96617e-17 2.98601e-10 2.92445e-08 6.13764e-10 -1.73322e-32 0.000425315 1.29786e-05 7.44875e-06 0.00595863 0.000112917 1.12223e-14 1.70098e-08 7.85822e-07 1.61277e-08 1.04817e-29 0.00329269 0.000332692 0.000198185 0.0669318 0.00057543 1.05127e-12 1.77887e+07 inf 
395 0.0117117 0.933732 0.0175586 -3.62929e-24 10417.3 272.471 166.258 133026 2517.57 6.0486e-07 1.29686e-08 2.52247e-05 9.16548e-09 1.88558e-49 345.677 2.58937 1.02758 117121 9.18536 9.71866e-17 7.15598e-10 5.70523e-08 1.07286e-09 -2.21755e-31 0.000636512 1.66483e-05 1.01586e-05 0.00812807 0.000153827 3.69577e-14 2.81404e-08 1.24016e-06 2.36405e-08 1.07336e-28 0.0045515 0.000397413 0.000250366 0.0842031 0.000733195 2.43657e-12 1.63663e+07 inf 
405 0.0247171 1.61912 0.0273543 -3.47347e-23 13889.7 312.841 203.619 161455 3058.97 1.77415e-06 4.9428e-08 7.21343e-05 2.12008e-08 1.34722e-47 589.47 3.29504 1.51272 165629 13.219 7.15998e-16 1.58241e-09 1.03657e-07 1.75124e-09 -2.22374e-30 0.000889226 2.00283e-05 1.30358e-05 0.0103365 0.000195837 1.13582e-13 5.62309e-08 2.14647e-06 3.67998e-08 9.28705e-28 0.00607845 0.000458857 0.000310926 0.102454 0.000898852 6.76948e-12 1.56199e+07 inf 
415 0.0496032 2.73315 0.0416967 -4.53669e-22 18349.6 355.684 246.888 194062 3683.19 4.97917e-06 1.52848e-07 0.00017554 4.27111e-08 3.25405e-45 976.737 3.93409 2.07507 222799 18.5594 5.37526e-15 3.61694e-09 1.99294e-07 3.04042e-09 -3.30803e-29 0.00133801 2.59356e-05 1.80024e-05 0.0141505 0.000268569 3.63068e-13 1.05509e-07 3.57214e-06 5.57238e-08 1.54037e-26 0.00833252 0.000534968 0.000388567 0.126671 0.00113189 1.97944e-11 1.37141e+07 inf 
425 0.0912687 4.36028 0.0605133 -2.76069e-21 23642 394.782 291.462 227847 4334.25 1.24788e-05 3.85143e-07 0.000363716 7.45878e-08 9.0865e-44 1524.66 4.47325 2.64487 283702 24.9913 2.63748e-14 7.36561e-09 3.51885e-07 4.88358e-09 -2.22795e-28 0.00190797 3.18599e-05 2.35217e-05 0.0183878 0.000349784 1.00707e-12 1.76147e-07 5.40638e-06 7.7431e-08 8.56328e-26 0.0109272 0.00059999 0.000461404 0.150191 0.00137641 4.61248e-11 1.23912e+07 inf 
435 0.166336 6.87853 0.0869547 -1.87208e-20 30119.2 438.331 345.815 265648 5037.64 3.11381e-05 1.07848e-06 0.000812615 1.37489e-07 4.14472e-42 2401.42 5.21415 3.58412 367111 33.3619 1.31712e-13 1.49602e-08 6.18651e-07 7.82065e-09 -1.68373e-27 0.00270891 3.94233e-05 3.11024e-05 0.0238923 0.000453082 2.80054e-12 3.11085e-07 8.52663e-06 1.10926e-07 6.10549e-25 0.0144445 0.000683669 0.00056691 0.18013 0.00167191 1.08804e-10 1.11186e+07 inf 
445 0.289404 10.566 0.122778 -9.10666e-20 37856.3 485.898 408.267 306795 5792.65 7.15403e-05 2.49959e-06 0.00162482 2.39952e-07 1.07209e-40 3645.9 6.01905 4.65636 463887 43.6332 4.94565e-13 2.82976e-08 1.03313e-06 1.20051e-08 -8.90439e-27 0.00370155 4.75105e-05 3.99199e-05 0.029998 0.000566399 6.99513e-12 4.93565e-07 1.25621e-05 1.52703e-07 3.2377e-24 0.0185146 0.000765688 0.000673572 0.210852 0.00198635 2.19793e-10 1.02272e+07 inf 
455 0.488678 15.8466 0.169489 -4.09834e-19 47145.1 533.826 478.476 351199 6602.96 0.000159577 5.55642e-06 0.00312117 3.91289e-07 1.24279e-39 5487.58 6.63281 5.87794 574605 56.1594 1.61759e-12 5.08784e-08 1.64986e-06 1.76463e-08 -4.26696e-26 0.00490848 5.55789e-05 4.98162e-05 0.0365649 0.000687463 1.66142e-11 7.5889e-07 1.7951e-05 2.01066e-07 1.1375e-23 0.0233932 0.000829145 0.000780702 0.241842 0.00231828 4.10046e-10 9.60482e+06 inf 
465 0.801727 23.2924 0.23084 -1.9377e-18 58232.4 586.967 560.84 399809 7497.23 0.000343905 1.23112e-05 0.00592632 6.51958e-07 2.41088e-38 8092.78 8.02093 8.08126 723495 71.2226 5.87154e-12 8.94409e-08 2.59851e-06 2.57526e-08 -2.1617e-25 0.00649643 6.54822e-05 6.25676e-05 0.0446028 0.000836394 3.83662e-11 1.16852e-06 2.5581e-05 2.68458e-07 5.18608e-23 0.0293365 0.000943679 0.000947436 0.280578 0.00269185 8.0843e-10 8.96376e+06 inf 
475 1.29345 33.7607 0.30959 -8.17911e-18 71175.4 638.174 649.426 451218 8426.93 0.000724874 2.69993e-05 0.0109465 1.01971e-06 4.29601e-37 11736.9 8.53275 9.67488 863219 89.2377 2.03927e-11 1.5765e-07 4.11487e-06 3.77338e-08 -9.96897e-25 0.0086751 7.77827e-05 7.91542e-05 0.0549959 0.0010271 8.835e-11 1.80718e-06 3.62942e-05 3.50516e-07 2.28824e-22 0.0368141 0.00101683 0.00108302 0.319668 0.00313395 1.57408e-09 8.20457e+06 inf 
485 2.01993 47.7846 0.407922 -3.35418e-17 86049.4 689.911 748.055 504675 9400.47 0.00145511 5.60267e-05 0.0196155 1.59775e-06 5.65573e-36 16643.7 9.45628 12.2986 1.03426e+06 110.027 6.38718e-11 2.63647e-07 6.23698e-06 5.32431e-08 -4.37796e-24 0.0112314 9.00491e-05 9.76382e-05 0.0658716 0.00122698 1.89925e-10 2.69133e-06 5.02132e-05 4.5355e-07 8.59175e-22 0.0452354 0.00110732 0.00126321 0.361464 0.00358547 2.88109e-09 7.6615e+06 inf 
495 3.09284 66.5947 0.530632 -1.42372e-16 103950 745.496 860.902 564255 10496 0.00288429 0.000113682 0.033856 2.42855e-06 1.45864e-34 23510 10.4961 15.4764 1.23298e+06 134.839 2.25461e-10 4.29345e-07 9.24462e-06 7.36618e-08 -1.9764e-23 0.0144302 0.000103489 0.00011951 0.0783293 0.00145704 4.00394e-10 3.9493e-06 6.79294e-05 5.75937e-07 4.49981e-21 0.0552758 0.00120264 0.00146087 0.406234 0.00407372 5.58014e-09 7.20362e+06 inf 
505 4.72539 92.8452 0.691714 -5.09082e-16 125170 811.955 998.2 631295 11699.1 0.005587 0.000233962 0.0597457 3.73141e-06 1.18528e-33 33117.6 11.2219 18.7159 1.46061e+06 165.309 6.78428e-10 6.97323e-07 1.37011e-05 1.02076e-07 -7.5125e-23 0.0184713 0.00011982 0.000147304 0.0931598 0.00172643 8.2447e-10 5.83432e-06 9.28919e-05 7.34999e-07 1.32252e-20 0.0674237 0.00128127 0.00165535 0.454821 0.00462752 9.97173e-09 6.77647e+06 inf 
515 6.99861 126.339 0.882492 -1.57244e-15 149254 872.559 1140.35 698972 12949 0.0104426 0.000438788 0.0983056 5.45205e-06 7.99688e-33 45508.5 12.3909 23.214 1.70616e+06 199.248 1.86164e-09 1.10454e-06 1.99392e-05 1.39277e-07 -2.48166e-22 0.0235556 0.000137709 0.000179973 0.110313 0.00204364 1.64807e-09 8.24806e-06 0.000122952 9.17092e-07 3.5525e-20 0.0814088 0.00139162 0.0019056 0.507051 0.005222 1.70614e-08 6.33624e+06 inf 
525 10.1779 169.35 1.11084 -5.11905e-15 176545 933.548 1297.51 769508 14247.5 0.0190484 0.000815352 0.159259 7.74275e-06 7.72886e-32 62024.4 13.2547 28.4298 1.97898e+06 238.065 5.13105e-09 1.69907e-06 2.82709e-05 1.85441e-07 -8.54561e-22 0.0294719 0.000155844 0.000216603 0.12846 0.00237844 3.17989e-09 1.15424e-05 0.000160583 1.12168e-06 1.13585e-19 0.097394 0.00147933 0.00216773 0.560235 0.00583823 2.90939e-08 5.99027e+06 inf 
535 14.7332 226.512 1.39948 -1.58152e-14 208803 1005.7 1485.48 848627 15695.6 0.0342451 0.00151176 0.2593 1.1217e-05 6.31176e-31 84156.4 14.5469 34.8038 2.30106e+06 284.062 1.36926e-08 2.55611e-06 3.92983e-05 2.42801e-07 -2.74383e-21 0.0362259 0.000174483 0.000257721 0.147231 0.00272308 5.94129e-09 1.59921e-05 0.000208429 1.37373e-06 3.30904e-19 0.115275 0.00157903 0.00244373 0.614444 0.00647053 4.83764e-08 5.76391e+06 inf 
545 20.9878 299.395 1.7479 -4.4617e-14 246105 1082.24 1696.93 934677 17256.8 0.0601518 0.00268652 0.407268 1.58515e-05 3.13044e-30 113129 15.3429 41.6927 2.64695e+06 337.831 3.35251e-08 3.75579e-06 5.35772e-05 3.12789e-07 -7.98426e-21 0.0440408 0.000193668 0.000303667 0.167261 0.00308812 1.07642e-08 2.16021e-05 0.000264595 1.65494e-06 7.4842e-19 0.135296 0.00164564 0.00271454 0.667607 0.00713574 7.67039e-08 5.58812e+06 inf 
555 29.4869 391.123 2.15368 -1.36823e-13 288542 1155.65 1922.56 1.02297e+06 18917.4 0.104145 0.00477025 0.634557 2.18251e-05 2.71417e-29 150561 16.8459 51.0257 3.02635e+06 398.575 9.03214e-08 5.46183e-06 7.24473e-05 3.98923e-07 -2.53436e-20 0.0534464 0.00021406 0.000356115 0.189483 0.00350406 1.92906e-08 2.92191e-05 0.000335097 1.97066e-06 2.24205e-18 0.158214 0.00175343 0.00305362 0.724337 0.00784533 1.27898e-07 5.39872e+06 inf 
565 41.1058 508.452 2.65228 -3.75784e-13 337710 1240.77 2189.11 1.12058e+06 20727.3 0.176877 0.00823163 0.973667 3.02614e-05 1.51537e-28 199424 17.8246 60.8286 3.46005e+06 469.485 2.14707e-07 7.91001e-06 9.78417e-05 5.10379e-07 -7.23123e-20 0.0649857 0.000238763 0.000421251 0.215634 0.00398856 3.40366e-08 3.90057e-05 0.000421652 2.35855e-06 5.39955e-18 0.184803 0.00183657 0.00339527 0.78697 0.00862755 2.00394e-07 5.19668e+06 inf 
575 56.6767 655.767 3.24511 -9.8905e-13 394598 1333.64 2492.4 1.22684e+06 22717.4 0.295664 0.0140428 1.47745 4.12411e-05 6.63435e-28 263082 19.411 74.352 3.95309e+06 551.287 5.2047e-07 1.12606e-05 0.000130289 6.44744e-07 -1.96506e-19 0.0783995 0.000264969 0.000495194 0.243751 0.00451353 5.8743e-08 5.16066e-05 0.000525896 2.78893e-06 1.14793e-17 0.214763 0.00194587 0.00381145 0.852052 0.00944239 3.1616e-07 5.03317e+06 inf 
585 77.183 837.021 3.93648 -2.72149e-12 457870 1420.94 2810.4 1.33405e+06 24774.7 0.485653 0.023532 2.20275 5.57705e-05 4.89122e-27 342047 20.1915 86.1041 4.43557e+06 642.526 1.2355e-06 1.59566e-05 0.000173044 8.13819e-07 -5.62635e-19 0.094659 0.000293763 0.000581016 0.275799 0.00512187 1.00403e-07 6.78994e-05 0.000652263 3.2966e-06 3.17944e-17 0.248503 0.00202189 0.00417892 0.917025 0.0103248 4.95321e-07 4.83705e+06 inf 
595 104.558 1064.63 4.76195 -7.05719e-12 531700 1532.43 3209.87 1.45568e+06 27038.2 0.788982 0.0391787 3.28078 7.51172e-05 2.85702e-26 448742 22.6356 108.981 5.08658e+06 750.29 2.86239e-06 2.24644e-05 0.000228739 1.02312e-06 -1.51625e-18 0.114237 0.000329246 0.000689649 0.312755 0.00580922 1.69515e-07 8.8955e-05 0.000807813 3.88489e-06 7.83331e-17 0.288727 0.00218057 0.00478948 0.997521 0.0112896 7.65673e-07 4.65436e+06 inf 
605 140.234 1344.43 5.7242 -1.90693e-11 615179 1631.75 3608.2 1.58089e+06 29501.8 1.26262 0.0635114 4.76785 9.92152e-05 1.62752e-25 575679 23.1659 123.481 5.65206e+06 869.718 6.53141e-06 3.0994e-05 0.000297141 1.26514e-06 -4.21462e-18 0.135964 0.000360643 0.000797469 0.349402 0.00652038 2.79059e-07 0.000114352 0.000982588 4.50861e-06 1.89613e-16 0.32977 0.00223382 0.00516288 1.06166 0.0122355 1.16862e-06 4.52456e+06 inf 
615 185.86 1680.18 6.81948 -4.7042e-11 707476 1735.75 4054.59 1.70823e+06 32032.1 1.98774 0.102456 6.90067 0.000129995 7.05867e-25 736407 24.9367 148.76 6.31168e+06 1003.26 1.45798e-05 4.22088e-05 0.000381569 1.54871e-06 -1.06833e-17 0.160668 0.000394189 0.000920799 0.387939 0.0072745 4.51416e-07 0.000146582 0.00119229 5.20801e-06 4.00236e-16 0.376064 0.00234686 0.00573896 1.13265 0.0132259 1.76275e-06 4.40334e+06 inf 
625 246.409 2105.2 8.15702 -1.13491e-10 818113 1867.69 4605.06 1.85951e+06 34991.3 3.10833 0.162998 9.92771 0.00017097 2.93022e-24 948268 27.0981 180.974 7.11676e+06 1165.54 3.17495e-05 5.75563e-05 0.000491735 1.90532e-06 -2.65093e-17 0.191095 0.000436257 0.00107565 0.434347 0.00817331 7.26046e-07 0.000186442 0.00144122 6.02536e-06 8.26886e-16 0.430093 0.00247776 0.00641211 1.21395 0.0143334 2.62468e-06 4.28117e+06 inf 
635 322.592 2607.72 9.6664 -2.71126e-10 938658 1996.4 5188.66 2.00934e+06 37966.5 4.78893 0.256415 14.1228 0.000224318 1.03098e-23 1.20833e+06 28.6291 211.884 7.93568e+06 1341.89 6.77183e-05 7.77955e-05 0.000628871 2.33112e-06 -6.53839e-17 0.226364 0.000481446 0.00125128 0.484568 0.00915589 1.15489e-06 0.000236187 0.00173504 6.9758e-06 1.57544e-15 0.490059 0.00258309 0.00703788 1.29574 0.0154847 3.8726e-06 4.14667e+06 inf 
645 418.754 3210.13 11.3728 -6.44517e-10 1.0729e+06 2125.94 5817.2 2.16555e+06 41128.7 7.27099 0.395639 19.7812 0.000284713 4.93624e-23 1.52504e+06 30.3719 249.637 8.7826e+06 1540.05 0.000142082 0.000104152 0.00079842 2.82864e-06 -1.60303e-16 0.266849 0.00052876 0.00144684 0.538613 0.0102295 1.80843e-06 0.000295897 0.00206941 7.92542e-06 3.50023e-15 0.555066 0.00269712 0.0077457 1.37633 0.0166852 5.66286e-06 4.02061e+06 inf 
655 539.472 3927.37 13.3403 -1.48026e-09 1.22271e+06 2265.17 6516.72 2.32823e+06 44453 10.908 0.604441 27.5353 0.000367078 1.74699e-22 1.91679e+06 32.4404 293.746 9.71298e+06 1760.02 0.000289324 0.000138593 0.00100896 3.4272e-06 -3.80289e-16 0.314121 0.000581936 0.00167418 0.598136 0.0114202 2.80233e-06 0.000368885 0.00246089 9.08619e-06 6.68855e-15 0.627505 0.00282763 0.00852421 1.46204 0.017937 8.15328e-06 3.89248e+06 inf 
665 693.225 4797.3 15.6217 -3.42345e-09 1.39548e+06 2433.94 7362.64 2.51194e+06 48124.4 16.2902 0.926993 38.4295 0.000468658 7.07765e-22 2.42316e+06 35.46 356.541 1.08523e+07 2020.12 0.000599935 0.000182761 0.00126476 4.11849e-06 -9.02554e-16 0.367902 0.00064168 0.00194108 0.662245 0.0126875 4.29474e-06 0.000459336 0.00292095 1.03245e-05 1.36301e-14 0.709569 0.00298946 0.00949897 1.55645 0.0192772 1.18204e-05 3.79306e+06 inf 
675 881.596 5811.38 18.1525 -7.58529e-09 1.58418e+06 2588.25 8216.45 2.69468e+06 51931.7 23.9406 1.38283 52.5264 0.000588421 2.50933e-21 3.0201e+06 37.0357 410.146 1.19037e+07 2302.36 0.00117965 0.000238493 0.00157212 4.91068e-06 -2.052e-15 0.428558 0.000700185 0.00222275 0.728975 0.0140488 6.47652e-06 0.000563214 0.00342609 1.16218e-05 2.59735e-14 0.795832 0.00308687 0.0102963 1.63977 0.020627 1.66487e-05 3.69653e+06 inf 
685 1114.58 7006.75 21.0487 -1.65659e-08 1.79401e+06 2764.59 9198.77 2.88794e+06 55946.7 34.8412 2.06195 71.8097 0.000749043 8.35643e-21 3.75873e+06 39.5925 481.587 1.31382e+07 2622.18 0.00230558 0.000309428 0.0019452 5.84351e-06 -4.59902e-15 0.498052 0.000767503 0.00255375 0.801747 0.0155319 9.67259e-06 0.000690429 0.00401894 1.31834e-05 4.79453e-14 0.891873 0.0032253 0.0112772 1.73338 0.0220619 2.33777e-05 3.60206e+06 inf 
695 1401.97 8413.41 24.2751 -3.59004e-08 2.02918e+06 2946.35 10273.6 3.09025e+06 60234.1 50.3797 3.06105 97.6472 0.000934491 3.00348e-20 4.67701e+06 42.4673 568.29 1.44475e+07 2980.73 0.00455217 0.000398724 0.0023928 6.90394e-06 -1.02102e-14 0.577106 0.000837954 0.00292185 0.878879 0.0171308 1.43282e-05 0.00084356 0.00469529 1.47685e-05 9.18573e-14 0.998553 0.00337279 0.0123728 1.8266 0.0235429 3.30054e-05 3.51613e+06 inf 
705 1748.4 10031.1 27.8698 -7.61821e-08 2.28643e+06 3132.05 11432 3.29696e+06 64677.8 71.9552 4.46317 131.051 0.00116745 1.11922e-19 5.77275e+06 45.2818 666.308 1.58151e+07 3369.98 0.00866109 0.000508697 0.00291855 8.10868e-06 -2.21651e-14 0.665236 0.000911268 0.00332614 0.959246 0.018818 2.09353e-05 0.0010197 0.00544162 1.65505e-05 1.79088e-13 1.11222 0.00351344 0.0135203 1.91866 0.0250275 4.56251e-05 3.43703e+06 inf 
715 2174.55 11940.2 31.971 -1.58224e-07 2.5762e+06 3346.66 12770.4 3.52243e+06 69469 102.099 6.51458 176.317 0.00145836 3.79945e-19 7.13768e+06 48.7756 783.83 1.74035e+07 3821.14 0.016363 0.00064675 0.00355123 9.50877e-06 -4.70588e-14 0.766208 0.000995356 0.00379814 1.04763 0.0206613 3.0366e-05 0.00123259 0.00631099 1.85291e-05 3.32848e-13 1.23927 0.00367641 0.0147885 2.01955 0.026638 6.28057e-05 3.36227e+06 inf 
725 2678.69 14098.1 36.3545 -3.22843e-07 2.8884e+06 3541.51 14114.4 3.74258e+06 74387.3 143.092 9.31083 233.087 0.00178738 1.20309e-18 8.72931e+06 52.01 914.725 1.8927e+07 4300.58 0.0301608 0.000811139 0.00426908 1.10086e-05 -9.77607e-14 0.874644 0.00107241 0.00427402 1.1333 0.0225254 4.333e-05 0.0014702 0.00723578 2.04952e-05 5.95611e-13 1.37053 0.00382089 0.0160849 2.10878 0.0281936 8.51797e-05 3.30238e+06 inf 
735 3291.25 16616.6 41.3522 -6.49959e-07 3.24017e+06 3764.01 15657.2 3.98267e+06 79684.5 199.549 13.3273 308.742 0.00220942 3.66035e-18 1.07003e+07 55.2503 1053.44 2.06864e+07 4848.48 0.0553446 0.00101434 0.00512109 1.27444e-05 -2.00312e-13 0.998593 0.00116004 0.00482541 1.22743 0.0245581 6.14995e-05 0.00175456 0.00830218 2.27707e-05 1.04306e-12 1.51676 0.00396005 0.0173603 2.20654 0.0298524 0.000115215 3.24473e+06 inf 
745 4021.04 19496.2 46.807 -1.28444e-06 3.62524e+06 3981.52 17280.9 4.22836e+06 85284 275.943 18.918 406.119 0.00269731 1.15289e-17 1.30492e+07 59.1949 1227.72 2.25015e+07 5454.43 0.100528 0.0012595 0.00610677 1.46613e-05 -4.02323e-13 1.13553 0.00124713 0.00541289 1.32444 0.0267134 8.64332e-05 0.0020831 0.00948237 2.50982e-05 1.85723e-12 1.6727 0.00412144 0.0188483 2.30086 0.0315417 0.000154976 3.19255e+06 inf 
755 4883.4 22759.6 52.766 -2.50306e-06 4.0467e+06 4209.23 19065.1 4.48132e+06 91021.2 378.506 26.6475 531.246 0.00329054 3.48719e-17 1.58895e+07 64.275 1442.1 2.45279e+07 6112.61 0.180269 0.00155782 0.0072604 1.68325e-05 -7.98485e-13 1.29091 0.00134276 0.00608185 1.42956 0.0290361 0.000120745 0.00246451 0.0108054 2.76832e-05 3.23832e-12 1.84454 0.00432446 0.0205681 2.40434 0.0332694 0.000207189 3.13476e+06 inf 
765 5888.11 26410.4 59.2179 -4.76849e-06 4.50126e+06 4414.49 20867.1 4.73406e+06 96954.2 514 37.0757 687.716 0.00399138 1.06833e-16 1.91935e+07 67.8322 1642.52 2.65026e+07 6832.46 0.317414 0.00192066 0.00861488 1.93165e-05 -1.55545e-12 1.46828 0.00143998 0.00680671 1.54422 0.0316258 0.000167663 0.00289912 0.012252 3.04768e-05 5.69464e-12 2.02607 0.00447805 0.0221234 2.50207 0.0350501 0.00027464 3.06567e+06 inf 
775 7102.36 30681.7 66.5742 -8.93074e-06 5.02212e+06 4655.98 23001.5 5.0222e+06 103543 696.691 51.7206 893.827 0.0048623 2.94466e-16 2.33516e+07 74.0592 1935.85 2.89434e+07 7667.02 0.556386 0.00236939 0.0102356 2.22096e-05 -2.97935e-12 1.67541 0.00155326 0.00767343 1.67544 0.0345425 0.00023242 0.00341179 0.0139075 3.35981e-05 9.45299e-12 2.23232 0.00472165 0.0242266 2.61698 0.0369402 0.00036276 2.99755e+06 inf 
785 8478.57 35315.8 74.1689 -1.64883e-05 5.56395e+06 4828.03 24974.2 5.28833e+06 109977 932.413 70.8821 1143.75 0.00582627 8.67175e-16 2.80318e+07 78.5419 2202.12 3.11527e+07 8527.38 0.955646 0.00288407 0.012013 2.52293e-05 -5.60864e-12 1.89263 0.0016423 0.00849523 1.79888 0.0374097 0.000317169 0.00397409 0.0156444 3.66789e-05 1.62333e-11 2.43993 0.00490098 0.0260174 2.71311 0.0387452 0.000473789 2.9398e+06 inf 
795 10113.6 40647.2 82.5899 -2.99934e-05 6.1755e+06 4992.35 27119.4 5.58152e+06 117036 1244.69 97.0575 1464.43 0.00697443 2.38784e-15 3.37496e+07 83.5695 2504.63 3.36433e+07 9521.39 1.63303 0.00351246 0.0141169 2.86837e-05 -1.04168e-11 2.14476 0.00173386 0.00941863 1.93848 0.0406468 0.000432284 0.00462287 0.0175874 3.99935e-05 2.68476e-11 2.66857 0.00510075 0.0279491 2.81544 0.0406773 0.000616673 2.87934e+06 inf 
805 11988.9 46530.6 91.6874 -5.37999e-05 6.83088e+06 5131.8 29440 5.87964e+06 124100 1647.11 132.308 1868.43 0.00837268 6.71027e-15 4.0605e+07 89.9613 2882.38 3.64627e+07 10601.2 2.76513 0.00424782 0.0164864 3.24861e-05 -1.90621e-11 2.42027 0.00181827 0.010431 2.08324 0.0439705 0.000583592 0.00536977 0.0197536 4.37174e-05 4.48796e-11 2.92048 0.00534494 0.030207 2.92905 0.0426937 0.000799464 2.82236e+06 inf 
815 14152.2 53092.2 101.419 -9.52622e-05 7.54438e+06 5192.23 31704.3 6.18409e+06 131514 2165.6 178.862 2367.98 0.00997021 1.87789e-14 4.86017e+07 96.3818 3286.93 3.93458e+07 11770.4 4.62798 0.00509936 0.0191304 3.65436e-05 -3.43252e-11 2.71842 0.00187088 0.0114238 2.22827 0.0473877 0.000780314 0.00620037 0.0220741 4.75085e-05 7.47546e-11 3.18159 0.00558824 0.0324631 3.03513 0.0446718 0.00102892 2.77529e+06 inf 
825 16632.1 60357.7 111.894 -0.000166336 8.31403e+06 5169.47 33993.4 6.49763e+06 139095 2827.6 240.546 2989.09 0.0118631 5.14264e-14 5.80902e+07 102.972 3731.53 4.24573e+07 13050.6 7.66647 0.00609527 0.0221197 4.10067e-05 -6.09583e-11 3.0469 0.00189449 0.0124578 2.38124 0.0509752 0.00103625 0.0071416 0.0246202 5.16334e-05 1.23007e-10 3.46484 0.00584362 0.0348185 3.14473 0.0467362 0.00131749 2.72868e+06 inf 
835 19503.6 68521.7 123.314 -0.00028702 9.16722e+06 5022.49 36225.9 6.83062e+06 147339 3679.85 321.669 3758.15 0.0140396 1.36933e-13 6.93827e+07 109.78 4216.19 4.57985e+07 14495.5 12.5983 0.00724805 0.0254645 4.58268e-05 -1.06664e-10 3.40678 0.00186649 0.0134625 2.53844 0.054755 0.00136753 0.00818574 0.027353 5.58337e-05 1.98772e-10 3.76541 0.00610847 0.0372238 3.25212 0.0488753 0.00167682 2.69087e+06 inf 
845 22713.4 77301.4 135.143 -0.000487382 1.00596e+07 4687.96 38173.3 7.14908e+06 155316 4746.32 426.629 4690.88 0.0165543 3.54707e-13 8.23908e+07 116.077 4705.22 4.91727e+07 15995.6 20.4331 0.00858207 0.0292076 5.10626e-05 -1.84153e-10 3.80093 0.0017713 0.0144234 2.70122 0.0586846 0.00179335 0.00935661 0.0303203 6.03946e-05 3.16402e-10 4.08455 0.00638133 0.0396205 3.359 0.0509894 0.00212235 2.64662e+06 inf 
855 26389.8 87075.9 147.821 -0.000815557 1.104e+07 4154.18 39928.7 7.48864e+06 163828 6094.27 563.567 5840.47 0.0193815 9.14445e-13 9.78784e+07 123.086 5233.03 5.28623e+07 17683.6 32.8977 0.0101475 0.0334827 5.68405e-05 -3.136e-10 4.24515 0.00159738 0.0153535 2.87955 0.0629958 0.00234339 0.0106646 0.0335366 6.49753e-05 5.03269e-10 4.42891 0.00669162 0.0421484 3.46914 0.0532097 0.00267553 2.60062e+06 inf 
865 30540.4 97769.3 161.439 -0.00135001 1.20953e+07 3331.59 41329.9 7.83625e+06 172604 7782.05 739.216 7231.85 0.0227083 2.307e-12 1.15923e+08 130.059 5742.27 5.67809e+07 19516.5 52.4383 0.0119368 0.0382134 6.30989e-05 -5.27656e-10 4.7275 0.00130216 0.0161539 3.06282 0.067463 0.00304164 0.0121011 0.0369638 6.99581e-05 7.89479e-10 4.79162 0.00700987 0.0445358 3.5794 0.0554692 0.00335323 2.5585e+06 inf 
875 35336.4 109814 176.462 -0.00221009 1.3275e+07 2202.42 42644.2 8.22502e+06 182080 9912.74 972.418 8984.27 0.0267465 5.77225e-12 1.37913e+08 140.965 6385.66 6.1457e+07 21579.9 83.311 0.0140226 0.0435777 7.00256e-05 -8.77031e-10 5.26793 0.000873988 0.0169225 3.26394 0.0722549 0.00393368 0.0137569 0.0408194 7.55661e-05 1.23346e-09 5.19397 0.00742802 0.0474095 3.70604 0.057817 0.00419363 2.51996e+06 inf 
885 40640.7 122694 191.936 -0.00357163 1.45149e+07 571.088 42953.4 8.60203e+06 191569 12535.8 1264.57 11049.9 0.0311607 1.42225e-11 1.62825e+08 152.975 6939.38 6.59978e+07 23764.7 130.822 0.0163876 0.0494742 7.73947e-05 -1.4402e-09 5.85287 0.000230281 0.0173202 3.46862 0.077247 0.00505484 0.0155358 0.0448105 8.10869e-05 1.91332e-09 5.60359 0.00785057 0.0499819 3.81853 0.0601299 0.0052154 2.47996e+06 inf 
895 46641.9 136872 208.517 -0.00570609 1.5861e+07 -1600.76 42606.7 8.99857e+06 201400 15789.6 1640.13 13570.7 0.0363058 3.44471e-11 1.92413e+08 172.201 7533.43 7.1125e+07 26173.8 204.088 0.0191338 0.0561485 8.55396e-05 -2.34079e-09 6.50664 -0.000656676 0.0174784 3.69146 0.0826196 0.00647733 0.0175136 0.0491369 8.70438e-05 2.9414e-09 6.04953 0.00837917 0.0527724 3.94342 0.0625395 0.00646273 2.43767e+06 inf 
905 53426.4 152521 226.529 -0.00899493 1.73422e+07 -4409.53 41587.1 9.43596e+06 211848 19792.5 2121.73 16647.5 0.0423106 8.1729e-11 2.27712e+08 204.371 8234.54 7.70294e+07 28852.3 315.754 0.0222682 0.0635711 9.44176e-05 -3.74911e-09 7.22826 -0.0018379 0.0173336 3.93293 0.0882988 0.00824957 0.0197096 0.053828 9.33834e-05 4.47314e-09 6.53169 0.00904458 0.0559618 4.07898 0.0650311 0.00797191 2.39922e+06 inf 
915 60930.1 169289 245.113 -0.0140115 1.89118e+07 -8078.59 38878.7 9.86569e+06 222405 24691.8 2725.46 20293.9 0.0489731 1.91073e-10 2.68305e+08 252.31 8692.74 8.29722e+07 31735.3 484.606 0.0258718 0.0718826 0.000104079 -5.94949e-09 8.03025 -0.00343029 0.0165085 4.18912 0.0944363 0.0104845 0.0220889 0.0587364 9.98115e-05 6.76285e-09 7.03147 0.00976564 0.0584683 4.20506 0.067506 0.0097901 2.35508e+06 inf 
925 69448.5 187874 265.4 -0.021683 2.06236e+07 -12798.8 34732.4 1.03275e+07 233416 30714.9 3500.86 24753.4 0.0568548 4.42461e-10 3.16511e+08 335.463 9207.61 8.96991e+07 34899.8 741.087 0.0299796 0.0811018 0.000114568 -9.36014e-09 8.90283 -0.00552499 0.0149933 4.45819 0.100762 0.0132591 0.0247483 0.0640942 0.000106852 1.01681e-08 7.5744 0.0106905 0.0612368 4.3412 0.0700907 0.0120046 2.31652e+06 inf 
935 78964.2 208157 287.205 -0.0331464 2.24919e+07 -18753.4 28940.3 1.0828e+07 245000 38023.7 4475.57 30098.7 0.0659039 9.98969e-10 3.73437e+08 475.798 9820.07 9.73206e+07 38370.9 1122.32 0.0345928 0.0911897 0.00012582 -1.45208e-08 9.85331 -0.00821554 0.0126782 4.74356 0.10733 0.0166575 0.0276406 0.0697863 0.000114196 1.50591e-08 8.15526 0.011872 0.0643526 4.48699 0.0727315 0.0146355 2.28268e+06 inf 
945 89472.5 229946 309.757 -0.050268 2.44825e+07 -26373.3 20344.1 1.1332e+07 256874 46873.2 5685.76 36404 0.0758422 2.22701e-09 4.38858e+08 706.601 10252.8 1.05226e+08 42129.1 1686.9 0.0397253 0.102095 0.00013753 -2.23187e-08 10.8701 -0.0117096 0.00903264 5.03133 0.114051 0.0208114 0.0307628 0.075762 0.000121486 2.21508e-08 8.75736 0.0132896 0.0668625 4.62658 0.0754822 0.0177724 2.25228e+06 inf 
955 101360 254113 334.64 -0.0756057 2.6682e+07 -35902 9043.16 1.18894e+07 269667 57645.5 7217.62 44037.5 0.0876766 4.89339e-09 5.1637e+08 1085.13 10787.8 1.14213e+08 46290.6 2521.8 0.0454955 0.114059 0.000150203 -3.39357e-08 11.9762 -0.0161146 0.00405903 5.33656 0.12104 0.0258742 0.0342022 0.0822002 0.000129587 3.23229e-08 9.39908 0.0150791 0.0694667 4.77343 0.0782742 0.0215044 2.22791e+06 inf 
965 114452 280026 360.779 -0.112372 2.90143e+07 -47434.5 -5331.12 1.24654e+07 282309 70508.1 9129.84 53129.3 0.101169 1.05183e-08 6.07304e+08 1685.7 11671.7 1.24317e+08 50760.1 3743.02 0.0520737 0.127407 0.000164148 -5.11272e-08 13.201 -0.0215818 -0.00242556 5.67154 0.128445 0.0320799 0.0379769 0.0891088 0.000138151 4.66008e-08 10.1018 0.0173547 0.0728323 4.93921 0.0812199 0.0259593 2.19789e+06 inf 
975 128978 308105 388.131 -0.165724 3.15477e+07 -61674.9 -24191.8 1.30701e+07 295739 86038.2 11511.5 63931.1 0.116198 2.25191e-08 7.13794e+08 2630.62 12837.6 1.35201e+08 55702.8 5533.28 0.0594655 0.142052 0.000178949 -7.64074e-08 14.5451 -0.0284353 -0.0111537 6.02601 0.136351 0.0396681 0.0420866 0.0964195 0.000146802 6.74119e-08 10.8414 0.0201069 0.0761209 5.10119 0.0842035 0.0312662 2.16895e+06 inf 
985 145604 339845 419.339 -0.242423 3.44245e+07 -79125.8 -47715 1.37767e+07 310879 104897 14499.2 76991.3 0.134072 4.67804e-08 8.4082e+08 4104.52 14727.6 1.47995e+08 61317.2 8116.87 0.0677494 0.158129 0.000195118 -1.12799e-07 16.0177 -0.0368171 -0.0222017 6.41026 0.144651 0.0488086 0.0464379 0.104015 0.000155925 9.50958e-08 11.6046 0.0235442 0.0797485 5.26975 0.087217 0.0373429 2.14916e+06 inf 
995 163671 373332 451.597 -0.350968 3.74034e+07 -99614.7 -76752.9 1.44741e+07 325138 127065 18217.2 92478.7 0.154676 9.70002e-08 9.88754e+08 6304.52 17885.1 1.61924e+08 67180.8 11859 0.0772201 0.176138 0.000213064 -1.65587e-07 17.647 -0.0469983 -0.0362121 6.82887 0.1534 0.0599494 0.0513027 0.11228 0.000166073 1.35447e-07 12.4531 0.0276701 0.0844209 5.4555 0.0903566 0.0447341 2.11954e+06 inf 
1005 183763 409840 486.39 -0.504218 4.06657e+07 -124215 -112589 1.5234e+07 340308 153576 22829.4 110908 0.178318 1.98202e-07 1.16288e+09 9611.22 22998.5 1.77602e+08 73667.2 17236.5 0.0878485 0.195925 0.00023252 -2.41043e-07 19.4404 -0.0593815 -0.0538236 7.28267 0.162685 0.0734175 0.0565356 0.120968 0.000176578 1.91441e-07 13.3414 0.0326881 0.0899862 5.64497 0.0935431 0.0533839 2.09182e+06 inf 
1015 205752 448954 522.878 -0.71604 4.41404e+07 -153246 -155700 1.60289e+07 355695 184627 28464.7 132523 0.204642 3.93253e-07 1.36449e+09 14461.7 31221.2 1.94965e+08 80636.1 24777.1 0.0996649 0.21747 0.000253279 -3.46845e-07 21.3813 -0.0742313 -0.0754202 7.76431 0.172296 0.089432 0.0620888 0.129999 0.000187022 2.6493e-07 14.2755 0.0386637 0.0971347 5.84426 0.0968176 0.0632753 2.06444e+06 inf 
1025 230230 491643 562.6 -1.01132 4.79259e+07 -187672 -208077 1.68852e+07 371771 221550 35475.2 158336 0.23579 7.76744e-07 1.60293e+09 21539.8 44273 2.14627e+08 88279.1 35540.7 0.112917 0.241128 0.00027593 -4.96008e-07 23.5055 -0.0920444 -0.102052 8.28141 0.182337 0.10866 0.0681807 0.139692 0.000198764 3.67333e-07 15.2859 0.0457398 0.106298 6.05667 0.100251 0.0749937 2.03892e+06 inf 
1035 257356 538032 605.277 -1.41928 5.20424e+07 -228199 -271231 1.78055e+07 388407 265142 44144.6 189014 0.271516 1.51896e-06 1.88309e+09 31729.1 64576.7 2.36776e+08 96540.5 50711.7 0.127736 0.267046 0.000300422 -7.04444e-07 25.8306 -0.113264 -0.134622 8.83756 0.192781 0.1316 0.0747944 0.150004 0.000210975 5.07616e-07 16.3533 0.054034 0.11802 6.27841 0.103693 0.0886092 2.01476e+06 inf 
1045 287599 589021 652.258 -1.9732 5.65575e+07 -275326 -346164 1.88216e+07 406142 316340 54789.4 225364 0.312808 2.90028e-06 2.21392e+09 46112.5 94960.5 2.62185e+08 105650 71846.8 0.144207 0.295347 0.000327055 -9.89399e-07 28.359 -0.138054 -0.173573 9.4375 0.203647 0.158619 0.081711 0.160537 0.000223345 6.89452e-07 17.4891 0.0637399 0.13224 6.51139 0.107251 0.104238 1.99434e+06 inf 
1055 320836 643859 702.122 -2.72587 6.13907e+07 -330061 -435632 1.98855e+07 424098 376299 67928.7 268490 0.360608 5.49756e-06 2.59896e+09 66318.4 140646 2.90372e+08 115424 101270 0.16274 0.32659 0.000356143 -1.38266e-06 31.1397 -0.16742 -0.220969 10.0867 0.215118 0.190873 0.0892837 0.171836 0.000236805 9.36382e-07 18.6711 0.074899 0.150046 6.74881 0.110777 0.12221 1.97146e+06 inf 
1065 357416 703157 755.664 -3.74242 6.66298e+07 -393840 -541256 2.10267e+07 442681 446223 83925.6 319068 0.414776 1.02738e-05 3.05065e+09 94446.1 207473 3.22227e+08 125959 141885 0.182952 0.359927 0.000386805 -1.91565e-06 34.106 -0.201596 -0.277055 10.763 0.226597 0.22841 0.0974064 0.183779 0.00025039 1.26064e-06 19.9581 0.0877688 0.171583 7.00694 0.114582 0.143025 1.95361e+06 inf 
1075 397294 766505 813.163 -5.09306 7.22407e+07 -465882 -664469 2.22401e+07 461299 526996 103478 378640 0.478269 1.89197e-05 3.57915e+09 132594 303958 3.58372e+08 137241 197539 0.205627 0.39672 0.000420868 -2.63601e-06 37.3896 -0.241126 -0.343909 11.5108 0.238754 0.272757 0.106181 0.196433 0.000265344 1.68632e-06 21.3184 0.102394 0.197601 7.27901 0.11844 0.166865 1.93211e+06 inf 
1085 441969 836510 876.938 -6.90168 7.83668e+07 -549067 -810044 2.35563e+07 480596 620989 127582 449606 0.55273 3.4464e-05 4.20047e+09 184447 442558 3.99355e+08 149233 273530 0.230672 0.436591 0.000457691 -3.60212e-06 40.9011 -0.286569 -0.422777 12.2945 0.250832 0.324106 0.115664 0.209872 0.000281069 2.23878e-06 22.7905 0.118932 0.228559 7.56815 0.122355 0.194205 1.91601e+06 inf 
1095 490475 911043 944.384 -9.27628 8.49639e+07 -643106 -979342 2.49568e+07 500416 729605 156755 532411 0.638038 6.1976e-05 4.92672e+09 253967 638529 4.4565e+08 162241 376917 0.258485 0.480127 0.000497699 -4.88868e-06 44.7767 -0.338922 -0.516122 13.1524 0.263724 0.384508 0.125686 0.223747 0.00029757 2.96018e-06 24.3201 0.137748 0.264818 7.86606 0.126303 0.225371 1.8975e+06 inf 
1105 545077 993942 1020.49 -12.4226 9.2266e+07 -750208 -1.17828e+06 2.65204e+07 521239 855678 192805 631556 0.739773 0.000110421 5.787e+09 346228 914796 4.99538e+08 176151 516349 0.28932 0.527572 0.000541664 -6.59377e-06 48.9737 -0.398201 -0.625415 14.0767 0.276667 0.454183 0.1365 0.238516 0.000315059 3.88999e-06 25.947 0.158775 0.307275 8.18502 0.130208 0.260363 1.88399e+06 inf 
1115 604753 1.08301e+06 1102.19 -16.509 1.00088e+08 -870205 -1.40842e+06 2.81692e+07 542219 999794 236543 747821 0.857726 0.000193852 6.78821e+09 466773 1.29665e+06 5.59902e+08 190832 702504 0.323423 0.579198 0.000589454 -8.82904e-06 53.5273 -0.465387 -0.753227 15.0649 0.28998 0.534691 0.14799 0.253901 0.000333552 5.07155e-06 27.6617 0.181785 0.355105 8.5138 0.134049 0.299675 1.86985e+06 inf 
1125 668312 1.17578e+06 1187.08 -21.75 1.08278e+08 -1.00178e+06 -1.67071e+06 2.98619e+07 562041 1.16187e+06 288781 881687 0.991276 0.000335575 7.94365e+09 621772 1.81996e+06 6.2707e+08 205913 948741 0.361026 0.635162 0.000641267 -1.17495e-05 58.4925 -0.541168 -0.902528 16.1316 0.303618 0.62765 0.160192 0.269929 0.000352519 6.57493e-06 29.4929 0.207419 0.410605 8.86112 0.138028 0.344343 1.85114e+06 inf 
1135 741836 1.28264e+06 1286.41 -28.6283 1.17719e+08 -1.15325e+06 -1.98277e+06 3.18429e+07 584952 1.35253e+06 353784 1.0439e+06 1.1528 0.000576662 9.33435e+09 823573 2.54538e+06 7.06729e+08 222690 1.27808e+06 0.402413 0.695775 0.00069782 -1.55296e-05 63.8573 -0.625588 -1.07556 17.2734 0.31731 0.733687 0.173135 0.286652 0.000372011 8.46439e-06 31.3961 0.235353 0.473197 9.21956 0.141822 0.393705 1.84347e+06 inf 
1145 819115 1.39219e+06 1388.92 -37.3599 1.27416e+08 -1.31644e+06 -2.3343e+06 3.38283e+07 605485 1.56341e+06 430976 1.22952e+06 1.33812 0.000978481 1.09241e+10 1.07644e+06 3.52176e+06 7.94432e+08 239229 1.7052e+06 0.447813 0.761116 0.000759325 -2.04248e-05 69.6589 -0.719703 -1.27617 18.4941 0.331021 0.854723 0.187295 0.304775 0.000393674 1.08521e-05 33.4643 0.265562 0.544741 9.6067 0.145645 0.449095 1.82914e+06 inf 
1155 906249 1.51461e+06 1505.09 -48.5417 1.38189e+08 -1.49729e+06 -2.7435e+06 3.60444e+07 627400 1.80551e+06 525912 1.45155e+06 1.56075 0.00164329 1.28054e+10 1.39436e+06 4.84846e+06 8.96211e+08 256909 2.26609e+06 0.498352 0.832893 0.000827659 -2.66934e-05 75.9912 -0.82337 -1.50867 19.821 0.345011 0.992863 0.202107 0.323273 0.000416229 1.38246e-05 35.5964 0.298041 0.6246 9.99793 0.149141 0.510255 1.81849e+06 inf 
1165 999734 1.64359e+06 1629.01 -62.6401 1.49588e+08 -1.69323e+06 -3.20803e+06 3.83581e+07 648264 2.07448e+06 638595 1.70652e+06 1.81714 0.00272248 1.49695e+10 1.78608e+06 6.61402e+06 1.00986e+09 274677 2.98326e+06 0.553075 0.90927 0.000901205 -3.46539e-05 82.7554 -0.936732 -1.77475 21.2206 0.358634 1.14765 0.217699 0.342512 0.000439443 1.74712e-05 37.855 0.332619 0.713635 10.4098 0.152771 0.577327 1.80759e+06 inf 
1175 1.10171e+06 1.78204e+06 1763.66 -80.3625 1.6184e+08 -1.90125e+06 -3.73802e+06 4.08256e+07 668221 2.3747e+06 775323 2.00659e+06 2.11977 0.00447645 1.75072e+10 2.2588e+06 8.98081e+06 1.1397e+09 292580 3.9049e+06 0.614193 0.993469 0.000983226 -4.48013e-05 90.2243 -1.05993 -2.08391 22.7599 0.372527 1.32388 0.234527 0.362867 0.000463705 2.21003e-05 40.2449 0.36852 0.814879 10.8332 0.155994 0.651384 1.79375e+06 inf 
1185 1.21781e+06 1.93877e+06 1918.16 -102.936 1.75769e+08 -2.13522e+06 -4.35958e+06 4.36469e+07 690791 2.72063e+06 942753 2.36482e+06 2.48453 0.00729096 2.05397e+10 2.84388e+06 1.21584e+07 1.29238e+09 312013 5.09553e+06 0.680751 1.08376 0.00107224 -5.75407e-05 98.2542 -1.19358 -2.43698 24.3984 0.386148 1.52082 0.252135 0.383907 0.000489019 2.76529e-05 42.7514 0.406315 0.926072 11.2762 0.159069 0.731777 1.78892e+06 inf 
1195 1.33918e+06 2.09909e+06 2079.37 -130.677 1.89966e+08 -2.37805e+06 -5.04823e+06 4.6464e+07 709821 3.09119e+06 1.13836e+06 2.76947e+06 2.90248 0.0117028 2.39442e+10 3.53005e+06 1.62778e+07 1.45823e+09 329796 6.56095e+06 0.75255 1.17958 0.0011685 -7.34338e-05 106.751 -1.33634 -2.83684 26.1104 0.398882 1.73709 0.270862 0.406077 0.000515415 3.4407e-05 45.383 0.444857 1.04862 11.7345 0.161929 0.818195 1.77952e+06 inf 
1205 1.47302e+06 2.27361e+06 2259.37 -165.36 2.0561e+08 -2.6376e+06 -5.83843e+06 4.95705e+07 728973 3.50659e+06 1.37529e+06 3.24606e+06 3.40859 0.0186671 2.79851e+10 4.34381e+06 2.17387e+07 1.65236e+09 347916 8.41342e+06 0.831783 1.28386 0.00127582 -9.3375e-05 116.103 -1.48939 -3.29683 27.9913 0.411634 1.98009 0.291089 0.429748 0.000545018 4.26848e-05 48.1929 0.484313 1.18586 12.2285 0.164369 0.911108 1.77092e+06 inf 
1215 1.62428e+06 2.46929e+06 2463.11 -209.003 2.23104e+08 -2.92131e+06 -6.76003e+06 5.30312e+07 749173 3.97618e+06 1.66541e+06 3.81504e+06 4.01478 0.0295935 3.27857e+10 5.31191e+06 2.90139e+07 1.87743e+09 366512 1.07533e+07 0.9186 1.39649 0.00139299 -0.0001182 126.174 -1.65212 -3.82308 29.9913 0.423689 2.24869 0.313099 0.455404 0.00057454 5.25841e-05 51.2026 0.524025 1.33889 12.7391 0.16663 1.01232 1.76822e+06 inf 
1225 1.78236e+06 2.66986e+06 2677.96 -261.727 2.41073e+08 -3.20712e+06 -7.77636e+06 5.65298e+07 765720 4.47149e+06 2.00229e+06 4.4552e+06 4.717 0.0462062 3.8183e+10 6.39392e+06 3.83136e+07 2.12362e+09 382795 1.35485e+07 1.01167 1.51541 0.00152001 -0.000148557 136.833 -1.82036 -4.41387 32.0864 0.434623 2.53802 0.3362 0.481973 0.000605755 6.44798e-05 54.3085 0.561675 1.50485 13.2603 0.168456 1.11739 1.7618e+06 inf 
1235 1.95941e+06 2.89263e+06 2922.43 -326.971 2.61178e+08 -3.51026e+06 -8.95217e+06 6.04567e+07 783125 5.0253e+06 2.41043e+06 5.2116e+06 5.57063 0.0717198 4.45852e+10 7.63675e+06 5.05762e+07 2.41106e+09 399055 1.69995e+07 1.11405 1.64465 0.00166159 -0.000185905 148.497 -1.99582 -5.0899 34.3737 0.445259 2.85722 0.359691 0.508194 0.000637481 7.88473e-05 57.4303 0.598928 1.68784 13.7586 0.169217 1.22542 1.75881e+06 inf 
1245 2.14898e+06 3.12727e+06 3185.04 -406.458 2.82477e+08 -3.82311e+06 -1.02743e+07 6.45434e+07 798012 5.62044e+06 2.89235e+06 6.07949e+06 6.57134 0.110127 5.19664e+10 9.03331e+06 6.6398e+07 2.73308e+09 413629 2.11521e+07 1.22463 1.78213 0.00181505 -0.000231627 160.974 -2.17866 -5.85498 36.7811 0.454761 3.2029 0.385391 0.537146 0.000671115 9.5428e-05 60.8371 0.63342 1.88604 14.3052 0.170017 1.33989 1.7548e+06 inf 
1255 2.35592e+06 3.38033e+06 3478.57 -503.215 3.05613e+08 -4.13892e+06 -1.17709e+07 6.89737e+07 811197 6.26087e+06 3.46726e+06 7.08765e+06 7.78331 0.167857 6.05787e+10 1.05514e+07 8.68485e+07 3.10266e+09 426195 2.60955e+07 1.34442 1.929 0.00198506 -0.000287162 174.4 -2.36189 -6.71714 39.3602 0.462914 3.57279 0.413706 0.568825 0.000707892 0.00011544 64.4539 0.66535 2.10728 14.877 0.170062 1.45831 1.75237e+06 inf 
1265 2.58136e+06 3.65288e+06 3802.61 -620.319 3.30657e+08 -4.46124e+06 -1.34693e+07 7.37351e+07 823272 6.95091e+06 4.14751e+06 8.25047e+06 9.22525 0.253305 7.05591e+10 1.22008e+07 1.132e+08 3.52169e+09 437290 3.19359e+07 1.47379 2.08556 0.00217105 -0.000354163 188.784 -2.54708 -7.69009 42.098 0.470036 3.96853 0.44261 0.600771 0.000744034 0.000138527 68.1573 0.691548 2.34364 15.4408 0.169502 1.57613 1.75151e+06 inf 
1275 2.82877e+06 3.94884e+06 4165.37 -762.975 3.58048e+08 -4.79091e+06 -1.54111e+07 7.88987e+07 834007 7.69216e+06 4.95418e+06 9.59441e+06 10.9632 0.379851 8.21651e+10 1.39756e+07 1.47258e+08 3.99746e+09 446185 3.87614e+07 1.61214 2.25048 0.00237388 -0.000434826 204.055 -2.73038 -8.78294 44.9651 0.475308 4.38383 0.473744 0.635045 0.00078277 0.00016555 72.0303 0.714039 2.60453 16.0102 0.168425 1.69485 1.75467e+06 inf 
1285 3.09279e+06 4.25979e+06 4560.61 -933.34 3.87214e+08 -5.10882e+06 -1.7582e+07 8.43327e+07 841574 8.46925e+06 5.90157e+06 1.11309e+07 13.0406 0.564309 9.55967e+10 1.58044e+07 1.90734e+08 4.53595e+09 452289 4.66304e+07 1.76213 2.42703 0.00259842 -0.000531773 220.616 -2.91076 -10.0174 48.0488 0.479489 4.82538 0.507284 0.671881 0.000823496 0.00019681 76.1247 0.729427 2.88503 16.6038 0.166683 1.81204 1.75515e+06 inf 
1295 3.37701e+06 4.5902e+06 4995.6 -1136.97 4.18571e+08 -5.41637e+06 -2.00253e+07 9.01145e+07 846314 9.27978e+06 7.0108e+06 1.28831e+07 15.5239 0.831179 1.11091e+11 1.76596e+07 2.46192e+08 5.14273e+09 455040 5.55338e+07 1.92212 2.61263 0.00284338 -0.00064714 238.241 -3.08288 -11.3979 51.2911 0.481703 5.28184 0.543929 0.711984 0.000866627 0.000233019 80.4471 0.739792 3.19594 17.2146 0.164197 1.92633 1.75692e+06 inf 
1305 3.69079e+06 4.95193e+06 5490.16 -1382.77 4.53241e+08 -5.71979e+06 -2.28299e+07 9.64761e+07 850021 1.01419e+07 8.32182e+06 1.4906e+07 18.5563 1.21694 1.29201e+11 1.95227e+07 3.17522e+08 5.83754e+09 455375 6.56164e+07 2.09281 2.80792 0.00311311 -0.00078408 257.003 -3.24332 -12.9454 54.7053 0.481992 5.75081 0.582174 0.753531 0.000911369 0.000274347 84.916 0.742238 3.53038 17.8162 0.160927 2.03347 1.76356e+06 inf 
1315 4.03139e+06 5.34017e+06 6039.24 -1675.83 4.9092e+08 -6.00819e+06 -2.60056e+07 1.0332e+08 851656 1.10419e+07 9.86224e+06 1.7226e+07 22.2159 1.76811 1.50242e+11 2.1341e+07 4.08569e+08 6.62664e+09 453188 7.68796e+07 2.27556 3.01431 0.00340891 -0.000945939 277.105 -3.39138 -14.6791 58.3202 0.480726 6.2327 0.623442 0.798313 0.000958799 0.000321293 89.5471 0.738029 3.89153 18.4184 0.157192 2.13282 1.7716e+06 inf 
1325 4.39278e+06 5.74596e+06 6640.49 -2022.19 5.31136e+08 -6.26596e+06 -2.95679e+07 1.10502e+08 849215 1.19516e+07 1.16382e+07 1.98291e+07 26.5923 2.5477 1.74431e+11 2.30036e+07 5.24028e+08 7.50761e+09 446837 8.90763e+07 2.46864 3.22909 0.0037318 -0.00113642 298.486 -3.52132 -16.6165 62.0998 0.477239 6.71651 0.667979 0.846424 0.00100893 0.000374543 94.5117 0.726498 4.28763 19.0452 0.152823 2.22425 1.77944e+06 inf 
1335 4.77632e+06 6.17075e+06 7300.69 -2426.52 5.74025e+08 -6.48082e+06 -3.35347e+07 1.18061e+08 843177 1.28621e+07 1.36888e+07 2.27613e+07 31.8579 3.63296 2.02234e+11 2.44123e+07 6.69311e+08 8.49355e+09 437106 1.02093e+08 2.67448 3.45528 0.00408799 -0.00135872 321.423 -3.6289 -18.7776 66.1078 0.472133 7.20209 0.715656 0.897837 0.00106162 0.000433753 99.6372 0.707554 4.70956 19.6388 0.147804 2.30135 1.78589e+06 inf 
1345 5.20471e+06 6.64258e+06 8059.73 -2913.42 6.22298e+08 -6.68311e+06 -3.81533e+07 1.26506e+08 836688 1.38184e+07 1.60989e+07 2.61319e+07 38.318 5.16485 2.34832e+11 2.56441e+07 8.56526e+08 9.62244e+09 425027 1.1607e+08 2.89037 3.68887 0.00447587 -0.00161793 345.586 -3.71138 -21.188 70.2536 0.464644 7.67388 0.765554 0.950927 0.00111625 0.000500539 104.794 0.683213 5.1702 20.2022 0.141912 2.35993 1.80071e+06 inf 
1355 5.66041e+06 7.13765e+06 8896.06 -3481.81 6.74065e+08 -6.83108e+06 -4.33203e+07 1.35413e+08 826271 1.47598e+07 1.88772e+07 2.99231e+07 46.116 7.27713 2.72495e+11 2.64904e+07 1.09236e+09 1.08893e+10 409695 1.30562e+08 3.11897 3.93295 0.00490186 -0.00191853 371.42 -3.76402 -23.8702 74.6144 0.455287 8.13287 0.820756 1.00994 0.00117575 0.000573632 110.437 0.65478 5.66785 20.805 0.135873 2.40794 1.81483e+06 inf 
1365 6.14266e+06 7.65443e+06 9818.75 -4144.06 7.29583e+08 -6.92166e+06 -4.91254e+07 1.44797e+08 812286 1.56745e+07 2.20384e+07 3.41279e+07 55.5124 10.1729 3.15622e+11 2.6907e+07 1.38961e+09 1.22945e+10 391276 1.45155e+08 3.3579 4.18431 0.00536744 -0.00226536 398.828 -3.78374 -26.8545 79.1538 0.444038 8.5685 0.878578 1.07127 0.00123958 0.000655119 116.066 0.626148 6.20234 21.3419 0.129314 2.43515 1.82932e+06 inf 
1375 6.67161e+06 8.21649e+06 10871.3 -4929.06 7.91392e+08 -6.96618e+06 -5.58182e+07 1.55116e+08 796695 1.65951e+07 2.57028e+07 3.88912e+07 67.0685 14.162 3.66203e+11 2.69017e+07 1.76992e+09 1.38942e+10 370841 1.59957e+08 3.60711 4.44238 0.00587774 -0.00266498 427.879 -3.76638 -30.179 83.8662 0.430746 8.97244 0.940926 1.13684 0.00130915 0.000744867 122.119 0.599358 6.79445 21.8763 0.122307 2.44514 1.84957e+06 inf 
1385 7.21672e+06 8.78579e+06 12008.5 -5825.08 8.56188e+08 -6.92757e+06 -6.3224e+07 1.65636e+08 776332 1.74349e+07 2.97868e+07 4.40575e+07 80.8211 19.495 4.23423e+11 2.63378e+07 2.24411e+09 1.56299e+10 347570 1.73905e+08 3.86598 4.70653 0.00643294 -0.00312048 458.658 -3.71108 -33.869 88.731 0.415879 9.33986 1.00546 1.20419 0.00138311 0.000840255 128.294 0.58051 7.42002 22.3541 0.115051 2.43462 1.86672e+06 inf 
1395 7.82107e+06 9.41409e+06 13315.1 -6882.3 9.29639e+08 -6.83637e+06 -7.18136e+07 1.77408e+08 756030 1.82815e+07 3.45001e+07 4.98999e+07 97.7334 26.7056 4.90944e+11 2.53193e+07 2.84903e+09 1.76118e+10 323964 1.87535e+08 4.13165 4.9732 0.00703398 -0.00363572 491.102 -3.61146 -37.9371 93.7195 0.399389 9.65758 1.07468 1.27593 0.00146725 0.000943035 134.798 0.576892 8.1143 22.8139 0.107837 2.4084 1.89297e+06 inf 
1405 8.45237e+06 1.00604e+07 14758.3 -8101.27 1.00831e+09 -6.65639e+06 -8.15029e+07 1.89712e+08 732080 1.90475e+07 3.97435e+07 5.62254e+07 118.147 36.322 5.68048e+11 2.37559e+07 3.61162e+09 1.97847e+10 298541 1.9973e+08 4.4031 5.24076 0.00768805 -0.00422021 525.258 -3.46752 -42.4574 98.8267 0.381363 9.92242 1.14731 1.35054 0.00156209 0.00105411 141.485 0.59287 8.87548 23.2323 0.100405 2.36456 1.91964e+06 inf 
1415 9.13238e+06 1.07498e+07 16388.4 -9519.75 1.09576e+09 -6.39582e+06 -9.26767e+07 2.03083e+08 706991 1.97774e+07 4.56257e+07 6.31495e+07 142.994 49.088 6.57997e+11 2.17299e+07 4.58311e+09 2.22115e+10 272885 2.10728e+08 4.67803 5.50653 0.00839491 -0.00487645 561.301 -3.27623 -47.4732 104.029 0.362153 10.1309 1.2197 1.42345 0.00166536 0.00116849 148.315 0.630346 9.69371 23.5753 0.0928946 2.3043 1.95219e+06 inf 
1425 9.83997e+06 1.14565e+07 18183.2 -11136.9 1.19001e+09 -6.02686e+06 -1.05309e+08 2.17031e+08 679313 2.04115e+07 5.21013e+07 7.0571e+07 172.851 65.7716 7.61245e+11 1.92413e+07 5.8089e+09 2.48552e+10 246994 2.19745e+08 4.95585 5.77001 0.00915787 -0.00560905 599.344 -3.03539 -53.0385 109.306 0.342132 10.2802 1.2962 1.4999 0.00178579 0.00128999 155.511 0.690776 10.6085 23.8816 0.0856885 2.23429 1.98553e+06 inf 
1435 1.06011e+07 1.22103e+07 20219.7 -13010.4 1.29507e+09 -5.56599e+06 -1.19944e+08 2.32193e+08 651538 2.10064e+07 5.92684e+07 7.85883e+07 209.156 87.5561 8.81234e+11 1.64874e+07 7.37001e+09 2.77736e+10 221905 2.27084e+08 5.22914 6.02292 0.00997366 -0.00641755 638.813 -2.74551 -59.164 114.533 0.321381 10.3617 1.37517 1.57773 0.00192239 0.00141541 163.094 0.771261 11.6187 24.1258 0.0785635 2.15566 2.02731e+06 inf 
1445 1.13881e+07 1.29771e+07 22474.3 -15149.2 1.40969e+09 -4.97793e+06 -1.36681e+08 2.48156e+08 622292 2.15181e+07 6.69504e+07 8.69168e+07 252.695 115.701 1.01944e+12 1.35266e+07 9.35231e+09 3.09407e+10 197547 2.32342e+08 5.496 6.26288 0.0108463 -0.00731114 680.328 -2.40239 -65.9635 119.762 0.300324 10.3848 1.45082 1.6502 0.00207624 0.00154452 170.716 0.869812 12.7406 24.2747 0.0717177 2.07013 2.07207e+06 inf 
1455 1.22242e+07 1.37836e+07 25009.2 -17604 1.53722e+09 -4.26473e+06 -1.56134e+08 2.65352e+08 593494 2.19895e+07 7.52466e+07 9.56705e+07 305.029 151.778 1.17948e+12 1.06109e+07 1.18839e+10 3.43867e+10 174773 2.35865e+08 5.7514 6.4851 0.0117667 -0.00828256 723.251 -2.00653 -73.46 124.846 0.279235 10.3459 1.52461 1.71927 0.00224934 0.00167625 178.459 0.982956 13.962 24.3341 0.065248 1.98364 2.12543e+06 inf 
1465 1.30878e+07 1.46039e+07 27814.6 -20373.6 1.67693e+09 -3.39531e+06 -1.78507e+08 2.8334e+08 564457 2.23966e+07 8.40351e+07 1.04656e+08 367.483 197.327 1.3641e+12 7.97547e+06 1.51111e+10 3.80662e+10 153542 2.37634e+08 5.99548 6.68998 0.0127418 -0.00933305 768.195 -1.55538 -81.7731 129.797 0.258575 10.2598 1.59698 1.78505 0.00244745 0.00181348 186.448 1.111 15.3453 24.3056 0.0589572 1.89621 2.18295e+06 inf 
1475 1.39868e+07 1.54466e+07 30932.9 -23515.4 1.83303e+09 -2.35558e+06 -2.04707e+08 3.02588e+08 536998 2.27981e+07 9.31072e+07 1.13605e+08 441.017 254.272 1.57786e+12 5.98416e+06 1.92615e+10 4.19912e+10 134481 2.38333e+08 6.21473 6.86337 0.0137444 -0.0104486 814.468 -1.04665 -90.9572 134.449 0.238604 10.1298 1.65751 1.8364 0.00265485 0.00195139 194.245 1.25038 16.8887 24.1134 0.0531226 1.81229 2.25058e+06 inf 
1485 1.49278e+07 1.63174e+07 34444.3 -27120.7 2.0081e+09 -1.12228e+06 -2.3567e+08 3.23338e+08 511885 2.32435e+07 1.02385e+08 1.22406e+08 528.162 325.775 1.82452e+12 5.14208e+06 2.46288e+10 4.61567e+10 117669 2.38706e+08 6.40226 6.9982 0.0147725 -0.0116315 861.234 -0.481323 -101.074 138.673 0.219538 9.9687 1.70935 1.87686 0.00287968 0.00210385 201.93 1.40487 18.6224 23.7779 0.0476361 1.73247 2.33165e+06 inf 
1495 1.58684e+07 1.71702e+07 38233.4 -31068.6 2.20049e+09 372160 -2.71554e+08 3.4461e+08 488525 2.37066e+07 1.11544e+08 1.30692e+08 628.018 411.634 2.10852e+12 6.0744e+06 3.15195e+10 5.04213e+10 103076 2.39084e+08 6.56219 7.10053 0.015811 -0.0128481 909.985 0.153902 -112.298 142.51 0.202024 9.80359 1.75077 1.90486 0.0031181 0.00227014 209.474 1.57744 20.5841 23.2848 0.0425727 1.66136 2.41816e+06 inf 
1505 1.68384e+07 1.80368e+07 42454.6 -35547.6 2.41919e+09 2.16417e+06 -3.14672e+08 3.67615e+08 469596 2.43401e+07 1.20245e+08 1.38086e+08 742.416 515.95 2.43642e+12 9.74471e+06 4.05404e+10 5.48265e+10 91025.8 2.41213e+08 6.67109 7.14585 0.0168198 -0.0140833 958.44 0.857407 -124.668 145.643 0.186045 9.64312 1.77072 1.90896 0.00335078 0.00246375 216.002 1.76792 22.7905 22.5723 0.038077 1.60451 2.52409e+06 inf 
1515 1.77705e+07 1.88447e+07 46973.4 -40436.9 2.66e+09 4.3424e+06 -3.65516e+08 3.91105e+08 454530 2.5153e+07 1.27775e+08 1.43823e+08 868.843 638.186 2.8075e+12 1.75444e+07 5.22549e+10 5.91312e+10 81274.9 2.45959e+08 6.72591 7.13249 0.0177788 -0.0153048 1006.77 1.64354 -138.343 148.028 0.172034 9.52007 1.76731 1.88758 0.00357195 0.00270311 221.378 1.98472 25.2775 21.635 0.0341443 1.56866 2.6421e+06 inf 
1525 1.87018e+07 1.96353e+07 51910.1 -45853 2.93524e+09 7.01997e+06 -4.2727e+08 4.16245e+08 446407 2.63518e+07 1.33918e+08 1.47761e+08 1006.57 780.075 3.23427e+12 3.16336e+07 6.77408e+10 6.3367e+10 74239.2 2.56187e+08 6.7136 7.04872 0.0186348 -0.0164604 1053.7 2.52004 -153.382 149.424 0.160252 9.45981 1.7325 1.83282 0.00375306 0.0030146 225.301 2.23725 28.135 20.4934 0.0311411 1.57434 2.78566e+06 inf 
1535 1.95273e+07 2.02992e+07 57003 -51613 3.23687e+09 1.0324e+07 -5.01063e+08 4.41273e+08 444915 2.79959e+07 1.37443e+08 1.48665e+08 1145.84 937.852 3.70394e+12 5.50835e+07 8.80239e+10 6.71059e+10 69652.6 2.73714e+08 6.62132 6.88304 0.0193285 -0.0175009 1097.56 3.50066 -169.9 149.627 0.150862 9.49283 1.66203 1.74155 0.00386497 0.003424 226.493 2.53438 31.3209 19.132 0.0293013 1.64228 2.94916e+06 inf 
1545 2.02856e+07 2.08787e+07 62320.7 -57801.1 3.58431e+09 1.45552e+07 -5.92842e+08 4.67894e+08 454252 3.04482e+07 1.38159e+08 1.46491e+08 1279.94 1109.3 4.23439e+12 9.35246e+07 1.15389e+11 7.04507e+10 68125.5 3.04443e+08 6.43727 6.62547 0.0197764 -0.0183422 1137.42 4.61883 -188.128 148.478 0.144149 9.66219 1.55044 1.60914 0.00388093 0.00394757 223.591 2.88873 34.9933 17.6247 0.0289754 1.80326 3.15127e+06 inf 
1555 2.08245e+07 2.12215e+07 67358.9 -64110.6 3.96287e+09 1.99534e+07 -7.04768e+08 4.93935e+08 475439 3.39157e+07 1.34534e+08 1.39838e+08 1387.25 1285.23 4.79087e+12 1.5482e+08 1.51746e+11 7.28669e+10 69843.3 3.54164e+08 6.14454 6.26165 0.0198751 -0.0189166 1169.29 5.8875 -207.951 145.742 0.140284 10.0073 1.393 1.43265 0.00378255 0.00462436 215.313 3.31949 39.1294 16.1148 0.0304714 2.08695 3.38911e+06 inf 
1565 2.10748e+07 2.12645e+07 71759.1 -70371.7 4.375e+09 2.69724e+07 -8.43456e+08 5.19491e+08 512617 3.88796e+07 1.26096e+08 1.28502e+08 1449.54 1455.44 5.35091e+12 2.52102e+08 2.0044e+11 7.41891e+10 75664.6 4.34317e+08 5.72991 5.78148 0.0195101 -0.0191329 1189.49 7.33336 -229.322 141.241 0.139372 10.5707 1.20487 1.22966 0.00366892 0.00544445 199.847 3.84244 43.6775 14.8903 0.0338726 2.5186 3.67804e+06 inf 
1575 2.08987e+07 2.08794e+07 74839.4 -76031.3 4.79797e+09 3.61694e+07 -1.01319e+09 5.43035e+08 569461 4.5873e+07 1.13048e+08 1.12976e+08 1452.27 1601.25 5.85292e+12 4.05835e+08 2.64697e+11 7.41481e+10 86777.5 5.62341e+08 5.19677 5.19198 0.0186099 -0.0189063 1193.09 8.99407 -251.945 135.034 0.141605 11.407 1.05097 1.0661 0.0038468 0.00638173 178.779 4.47478 48.4219 14.2795 0.039071 3.11684 4.02148e+06 inf 
1585 2.02455e+07 2.00294e+07 76277.6 -80847.2 5.21462e+09 4.81184e+07 -1.21957e+09 5.64613e+08 649573 5.55248e+07 9.68946e+07 9.49919e+07 1399.79 1713.07 6.24078e+12 6.38821e+08 3.4727e+11 7.27498e+10 103970 7.58887e+08 4.56218 4.51348 0.0171886 -0.0182183 1175.08 10.8431 -274.821 127.231 0.146376 12.5121 1.01043 1.01694 0.00447046 0.00735668 159.721 5.13616 52.2306 14.3463 0.0447532 3.80219 4.43769e+06 inf 
1595 1.90207e+07 1.86366e+07 75429.9 -83956.8 5.56994e+09 6.32743e+07 -1.45913e+09 5.81807e+08 753679 6.82923e+07 7.91788e+07 7.61801e+07 1294.41 1768.1 6.42691e+12 9.78331e+08 4.47221e+11 6.98785e+10 127817 1.04846e+09 3.86651 3.78842 0.0153333 -0.0170666 1132.25 12.8623 -296.611 118.269 0.153207 13.8824 1.07028 1.06474 0.00529308 0.00825511 156.405 5.78226 54.1514 14.7395 0.0501016 4.51774 4.91935e+06 inf 
1605 1.73091e+07 1.67989e+07 72341.3 -85105 5.83148e+09 8.23154e+07 -1.73139e+09 5.96171e+08 884826 8.49125e+07 6.18212e+07 5.83951e+07 1151.19 1762.97 6.37133e+12 1.4572e+09 5.62038e+11 6.60131e+10 158980 1.4626e+09 3.15524 3.06223 0.0131869 -0.0155136 1063.01 15.0051 -315.611 108.675 0.161293 15.4785 1.14617 1.12582 0.0059961 0.00898309 177.279 6.36208 53.3125 14.939 0.0544488 5.19907 5.48583e+06 inf 
1615 1.52077e+07 1.46222e+07 67098.1 -83834.5 5.94336e+09 1.05289e+08 -2.02055e+09 6.07144e+08 1.03886e+06 1.05492e+08 4.6143e+07 4.28076e+07 985.015 1693.99 6.04152e+12 2.09284e+09 6.81172e+11 6.14686e+10 196081 2.01963e+09 2.48241 2.38684 0.0109527 -0.0136847 970.159 17.1868 -329.824 99.1066 0.169578 17.22 1.17036 1.13607 0.00638956 0.00944709 212.072 6.79976 49.0606 14.5485 0.0570128 5.75724 6.12616e+06 inf 
1625 1.28697e+07 1.22615e+07 60037.8 -80003.4 5.86998e+09 1.32189e+08 -2.30863e+09 6.15888e+08 1.2116e+06 1.30082e+08 3.28943e+07 2.99833e+07 809.485 1565.32 5.46129e+12 2.8989e+09 7.91736e+11 5.6745e+10 237593 2.73538e+09 1.88285 1.79386 0.00878356 -0.0117045 858.783 19.3393 -337.755 90.1049 0.177257 19.031 1.12576 1.08103 0.00642473 0.00959224 247.956 7.07828 41.8718 13.5256 0.0577924 6.16514 6.83524e+06 inf 
1635 1.04949e+07 9.90986e+06 51881.9 -73977.3 5.61093e+09 1.61898e+08 -2.56975e+09 6.22641e+08 1.39007e+06 1.57675e+08 2.24673e+07 2.01297e+07 642.136 1396.25 4.70213e+12 3.83773e+09 8.77953e+11 5.21622e+10 278601 3.57982e+09 1.38214 1.30509 0.00683266 -0.00974254 738.94 21.3214 -338.427 81.9995 0.183067 20.7653 1.02399 0.973522 0.00615481 0.00943206 270.593 7.12839 33.0169 12.0689 0.0563674 6.34451 7.59322e+06 inf 
1645 8.25298e+06 7.72512e+06 43336 -66274.4 5.19204e+09 1.93308e+08 -2.78317e+09 6.28233e+08 1.56345e+06 1.87237e+08 1.47344e+07 1.29817e+07 492.535 1202.37 3.86266e+12 4.86266e+09 9.28893e+11 4.79793e+10 315141 4.51372e+09 0.984229 0.921279 0.00516814 -0.00790372 619.19 23.0535 -331.914 74.9215 0.186453 22.3294 0.887962 0.836311 0.0056594 0.00899573 277.947 6.9603 24.7128 10.4242 0.0530865 6.3003 8.38522e+06 inf 
1655 6.26461e+06 5.81423e+06 35048.6 -57550.5 4.63941e+09 2.24888e+08 -2.92856e+09 6.32274e+08 1.71963e+06 2.17293e+08 9.31089e+06 8.07026e+06 366.533 1002.12 3.02583e+12 5.91139e+09 9.37636e+11 4.4248e+10 343766 5.48172e+09 0.682229 0.633182 0.00381686 -0.00626738 505.242 24.4908 -318.926 68.856 0.187271 23.6636 0.740634 0.691339 0.00503466 0.00835782 272.488 6.63057 19.9169 8.80591 0.0486452 6.083 9.18256e+06 inf 
1665 4.60199e+06 4.23588e+06 27530.2 -48528.6 4.01651e+09 2.56875e+08 -3.01253e+09 6.37846e+08 1.86158e+06 2.48045e+08 5.68491e+06 4.84945e+06 265.331 809.005 2.27158e+12 6.97086e+09 9.10034e+11 4.1153e+10 365000 6.47211e+09 0.459339 0.422796 0.00274787 -0.00484379 400.901 25.6395 -300.69 63.6654 0.18581 24.7581 0.597022 0.552524 0.00435117 0.00756881 256.929 6.19663 20.4652 7.37107 0.0436628 5.74771 1.00187e+07 inf 
1675 3.28137e+06 2.99601e+06 21068.1 -39846.3 3.38672e+09 2.89444e+08 -3.04467e+09 6.46793e+08 1.99155e+06 2.79631e+08 3.35636e+06 2.81876e+06 186.891 634.471 1.64422e+12 8.02109e+09 8.54626e+11 3.8707e+10 379179 7.46615e+09 0.300287 0.274172 0.00192799 -0.00364644 309.927 26.4877 -278.625 59.1897 0.182252 25.5897 0.465808 0.42753 0.00365864 0.00669071 233.263 5.69475 24.0219 6.22587 0.0385189 5.3304 1.09275e+07 inf 
1685 2.27486e+06 2.06074e+06 15738.7 -31890 2.79087e+09 3.21298e+08 -3.02374e+09 6.5694e+08 2.10167e+06 3.10769e+08 1.91777e+06 1.58617e+06 128.006 482.426 1.15088e+12 8.98931e+09 7.77478e+11 3.66091e+10 384419 8.39525e+09 0.19117 0.173176 0.00132261 -0.0026799 234.533 27.0005 -254.102 55.2064 0.176616 26.1157 0.353009 0.321411 0.00300129 0.00577574 204.229 5.13752 27.7147 5.35918 0.0333436 4.84467 1.18997e+07 inf 
1695 1.53446e+06 1.37938e+06 11480.4 -24879.1 2.26389e+09 3.52986e+08 -2.96607e+09 6.69205e+08 2.19727e+06 3.41952e+08 1.05502e+06 859581 84.7808 354.051 7.82615e+11 9.87034e+09 6.89573e+11 3.47936e+10 382473 9.25259e+09 0.118225 0.106277 0.000884524 -0.00191685 174.425 27.1964 -228.526 51.56 0.169292 26.3462 0.259439 0.234378 0.00239785 0.00485841 172.84 4.56448 30.0876 4.72186 0.0284326 4.33093 1.29791e+07 inf 
1705 1.0089e+06 900158 8197.74 -18965.7 1.81945e+09 3.83534e+08 -2.87691e+09 6.81524e+08 2.27381e+06 3.72216e+08 559017 448800 54.4022 251.772 5.1884e+11 1.06077e+10 5.97576e+11 3.30331e+10 372984 9.98349e+09 0.0711991 0.0635253 0.000578524 -0.00133843 128.401 27.0664 -203.027 48.096 0.160465 26.2677 0.185422 0.166243 0.00187204 0.00399705 141.875 4.0003 30.8485 4.2383 0.0239347 3.81497 1.41701e+07 inf 
1715 646131 572273 5719.18 -14118.6 1.47796e+09 4.15887e+08 -2.78342e+09 6.97981e+08 2.34989e+06 4.04387e+08 282926 223879 33.511 172.323 3.38024e+11 1.12618e+10 5.10334e+11 3.14238e+10 359761 1.06422e+10 0.0413724 0.0366433 0.000366206 -0.000904029 94.6356 26.6297 -178.225 44.6925 0.150466 25.8933 0.12808 0.113985 0.00141832 0.00319637 112.642 3.45881 30.2148 3.83198 0.0198964 3.31204 1.56174e+07 inf 
1725 400930 352562 3879.93 -10215.9 1.22612e+09 4.47578e+08 -2.67819e+09 7.13565e+08 2.41186e+06 4.36049e+08 135946 106068 19.7735 113.039 2.16632e+11 1.1746e+10 4.28893e+11 2.96756e+10 341328 1.11446e+10 0.0231977 0.0203992 0.000224492 -0.000591091 70.9431 25.8968 -154.96 41.2868 0.13955 25.2297 0.0856018 0.075637 0.0010458 0.00248818 86.6106 2.99619 28.3392 3.52526 0.0165834 2.87806 1.72831e+07 inf 
1735 241341 210747 2563.88 -7202.31 1.05591e+09 4.76938e+08 -2.56326e+09 7.25173e+08 2.45237e+06 4.65566e+08 61842.6 47594.9 11.1409 71.0911 1.38699e+11 1.19835e+10 3.55027e+11 2.7606e+10 317091 1.14155e+10 0.0125729 0.0109791 0.000133567 -0.000375211 55.0083 24.8465 -133.535 37.7785 0.127758 24.2541 0.0553504 0.0485691 0.000750036 0.00188753 64.8052 2.63546 25.7644 3.30827 0.0140322 2.53734 1.91954e+07 inf 
1745 139928 121361 1639.18 -4917 9.64372e+08 5.121e+08 -2.4787e+09 7.44118e+08 2.51388e+06 5.00867e+08 26308.9 19981.3 5.92897 42.2347 9.0605e+10 1.21664e+10 2.93357e+11 2.56443e+10 293425 1.16352e+10 0.00642446 0.00557198 7.52589e-05 -0.000225752 44.2767 23.5118 -113.803 34.1643 0.115419 22.9961 0.034156 0.0297715 0.000516285 0.0013741 46.8985 2.40512 22.7509 3.19225 0.012265 2.32017 2.17806e+07 inf 
1755 77760.6 66998.9 1010.61 -3238.96 9.34729e+08 5.5007e+08 -2.41044e+09 7.6461e+08 2.57947e+06 5.39021e+08 10347.6 7758.73 2.94132 23.3443 6.23157e+10 1.22084e+10 2.41379e+11 2.35813e+10 268685 1.17194e+10 0.00310186 0.00267257 4.03128e-05 -0.000129202 37.2862 21.9422 -96.1521 30.5001 0.102895 21.5015 0.0200784 0.0173883 0.000340152 0.000956298 33.0984 2.35164 19.5793 3.22414 0.0114222 2.27424 2.50691e+07 inf 
1765 41041.5 35136.8 596.156 -2044 9.36523e+08 5.82246e+08 -2.33116e+09 7.73974e+08 2.60943e+06 5.71607e+08 3655.78 2707.07 1.31846 11.7134 4.5805e+10 1.18683e+10 1.95618e+11 2.09948e+10 238585 1.14347e+10 0.00141558 0.00121191 2.05622e-05 -7.05001e-05 32.3019 20.0824 -80.4049 26.6954 0.0900027 19.7155 0.0111395 0.00958653 0.000212256 0.000631697 23.1616 2.45992 16.7987 3.39032 0.0113406 2.38681 2.89928e+07 inf 
1775 20279.1 17255 332.321 -1220.87 9.74247e+08 6.21805e+08 -2.29081e+09 7.88894e+08 2.66429e+06 6.11562e+08 1107.18 809.731 0.508091 5.06511 3.64457e+10 1.13837e+10 1.58514e+11 1.83795e+10 209182 1.10071e+10 0.000584036 0.00049694 9.57079e-06 -3.5161e-05 28.0581 17.9079 -65.9749 22.72 0.0767311 17.6129 0.00561654 0.00480346 0.000120587 0.000380313 16.1979 2.6749 14.577 3.62333 0.0116944 2.60528 3.47224e+07 inf 
1785 9075.09 7675.49 169.068 -669.764 1.05326e+09 6.8143e+08 -2.32509e+09 8.2226e+08 2.79324e+06 6.71422e+08 258.467 186.633 0.149655 1.69516 3.10653e+10 1.08811e+10 1.29648e+11 1.59414e+10 182999 1.05582e+10 0.000205429 0.000173747 3.82713e-06 -1.51612e-05 23.8421 15.4252 -52.632 18.6131 0.0632292 15.1987 0.0024101 0.00204805 5.80778e-05 0.000195302 11.6089 2.89373 12.8319 3.79603 0.0120225 2.8288 4.41764e+07 inf 
1795 3471.74 2919.04 73.8993 -320.756 1.14776e+09 7.54172e+08 -2.39899e+09 8.60596e+08 2.95824e+06 7.44408e+08 41.1596 29.3342 0.0295674 0.390891 2.70828e+10 1.01442e+10 1.04875e+11 1.33631e+10 156243 9.87652e+09 5.85947e-05 4.92664e-05 1.24724e-06 -5.4136e-06 19.3715 12.7286 -40.4893 14.5248 0.049928 12.5638 0.00083141 0.000701901 2.23041e-05 8.10432e-05 9.0464 3.03196 11.4303 3.81666 0.0120087 2.97363 5.92501e+07 inf 
1805 1004.6 839.68 24.1314 -117.887 1.30127e+09 8.74411e+08 -2.59404e+09 9.36339e+08 3.28443e+06 8.64571e+08 3.96718 2.78879 0.00339167 0.0544858 2.40793e+10 9.43805e+09 8.49502e+10 1.10358e+10 133325 9.21934e+09 1.14291e-05 9.55281e-06 2.74537e-07 -1.34117e-06 14.8042 9.94794 -29.5117 10.6525 0.0373661 9.83599 0.000212139 0.000177865 6.20571e-06 2.4861e-05 7.40121 2.90046 9.77313 3.475 0.0109808 2.85294 8.78986e+07 inf 
1815 222.274 184.759 6.19886 -34.016 1.41803e+09 9.92155e+08 -2.73239e+09 9.85372e+08 3.56972e+06 9.8259e+08 0.257708 0.178827 0.000271927 0.00553354 1.99438e+10 8.07228e+09 6.34173e+10 8.24538e+09 104685 7.90958e+09 1.58287e-06 1.31571e-06 4.41434e-08 -2.42236e-07 10.0981 7.06535 -19.4579 7.01705 0.0254208 6.99724 4.281e-05 3.56614e-05 1.39086e-06 6.27271e-06 6.32875 2.7505 8.54385 3.07866 0.0099635 2.71375 1.40425e+08 inf 
1825 34.273 28.3415 1.17707 -7.30668 1.51166e+09 1.17419e+09 -2.92106e+09 1.05204e+09 4.04925e+06 1.16492e+09 0.0086274 0.00589905 9.79122e-06 0.000286749 1.3819e+10 6.0427e+09 4.0572e+10 5.19953e+09 72095 5.93986e+09 1.16115e-07 9.60196e-08 3.98784e-09 -2.47547e-08 5.12143 3.9781 -9.89641 3.56425 0.0137187 3.94668 5.40516e-06 4.4695e-06 1.82089e-07 9.85331e-07 4.53752 2.15572 6.28625 2.21627 0.00748683 2.13252 2.95164e+08 inf 
1835 3.21963 2.63679 0.122479 -0.955392 1.58828e+09 1.57329e+09 -3.1672e+09 1.19891e+09 5.19962e+06 1.56386e+09 0.000150864 0.000101446 9.01042e-08 5.44315e-06 6.22825e+09 3.31598e+09 1.72965e+10 2.24084e+09 36510.8 3.27065e+09 2.36737e-09 1.93881e-09 9.00579e-11 -7.02493e-10 1.16785 1.15683 -2.32882 0.881547 0.00382324 1.14989 3.33052e-07 2.73109e-07 8.1391e-09 6.32599e-08 1.79324 1.04879 2.70085 0.933031 0.00349699 1.0405 1.36e+09 inf 
1845 0.179211 0.146459 0.0430684 -0.294701 3.03946e+08 3.64098e+08 -6.02867e+08 2.47853e+08 1.17301e+06 3.62242e+08 4.5886e-07 3.04312e-07 2.92584e-10 1.98083e-07 6.01943e+08 3.4541e+08 1.50073e+09 1.98972e+08 3562.86 3.4121e+08 1.66976e-10 1.3646e-10 4.0128e-11 -2.74582e-10 0.283195 0.33924 -0.561708 0.230932 0.00109292 0.337511 2.06762e-08 1.6838e-08 5.20575e-10 1.35825e-08 0.693288 0.454691 1.04056 0.363398 0.00145778 0.451665 1.07327e+09 inf 
1855 4.16015e-07 3.4407e-07 1.23762e-08 9.96144e-06 502036 479261 -1.01939e+06 357526 1480.06 476416 7.2791e-17 4.57949e-17 1.80546e-19 9.18345e-16 1.27874e+06 1.14572e+06 5.25091e+06 642899 10.923 1.13206e+06 1.96872e-12 1.62826e-12 5.85682e-14 4.71409e-11 2.3758 2.26802 -4.8241 1.69193 0.00700414 2.25456 1.84552e-11 1.4631e-11 9.22483e-13 4.60831e-11 0.637964 0.527239 1.25586 0.423997 0.00162283 0.523694 211312 inf 
1865 0 0 0 0 0 0 0 0 0 0 0 0 0 0 0 0 0 0 0 0 0.0 0.0 0.0 0.0 0.0 0.0 0.0 0.0 0.0 0.0 0.0 0.0 0.0 0.0 0.0 0.0 0.0 0.0 0.0 0.0 0 -nan 
1875 0 0 0 0 0 0 0 0 0 0 0 0 0 0 0 0 0 0 0 0 0.0 0.0 0.0 0.0 0.0 0.0 0.0 0.0 0.0 0.0 0.0 0.0 0.0 0.0 0.0 0.0 0.0 0.0 0.0 0.0 0 -nan 
1885 0 0 0 0 0 0 0 0 0 0 0 0 0 0 0 0 0 0 0 0 0.0 0.0 0.0 0.0 0.0 0.0 0.0 0.0 0.0 0.0 0.0 0.0 0.0 0.0 0.0 0.0 0.0 0.0 0.0 0.0 0 -nan 
1895 0 0 0 0 0 0 0 0 0 0 0 0 0 0 0 0 0 0 0 0 0.0 0.0 0.0 0.0 0.0 0.0 0.0 0.0 0.0 0.0 0.0 0.0 0.0 0.0 0.0 0.0 0.0 0.0 0.0 0.0 0 -nan 
