255 0 0 0 0 0 0 0 0 0 0 0 0 0 0 0 0 0 0 0 0 0.0 0.0 0.0 0.0 0.0 0.0 0.0 0.0 0.0 0.0 0.0 0.0 0.0 0.0 0.0 0.0 0.0 0.0 0.0 0.0 0 -nan 
265 0 0 0 0 0 0 0 0 0 0 0 0 0 0 0 0 0 0 0 0 0.0 0.0 0.0 0.0 0.0 0.0 0.0 0.0 0.0 0.0 0.0 0.0 0.0 0.0 0.0 0.0 0.0 0.0 0.0 0.0 0 -nan 
275 0 0 0 0 0 0 0 0 0 0 0 0 0 0 0 0 0 0 0 0 0.0 0.0 0.0 0.0 0.0 0.0 0.0 0.0 0.0 0.0 0.0 0.0 0.0 0.0 0.0 0.0 0.0 0.0 0.0 0.0 0 -nan 
285 0 0 0 0 0 0 0 0 0 0 0 0 0 0 0 0 0 0 0 0 0.0 0.0 0.0 0.0 0.0 0.0 0.0 0.0 0.0 0.0 0.0 0.0 0.0 0.0 0.0 0.0 0.0 0.0 0.0 0.0 0 -nan 
295 1.99806 1.48033e-10 7.40166e-11 1.64779e-07 4.1332e-07 9.59058e-05 0.00156854 2.06735e-09 0.00895566 1.44784e-07 5.01193e-08 5.80396e-22 1.45099e-22 5.71572e-17 3.59618e-16 7.24443e-12 3.04023e-14 2.33298e-24 2.37307e-11 1.64724e-22 0.0 0.0 0.0 0.0 0.0 0.0 0.0 0.0 0.0 0.0 0.0 0.0 0.0 0.0 0.0 0.0 0.0 0.0 0.0 0.0 -1.35736e+08 -inf 
305 65.5077 8.10794e-07 4.05397e-07 0.000303131 0.000760353 0.0819179 0.0447213 1.13979e-07 0.355666 5.66044e-06 5.60646e-05 5.74224e-16 1.43556e-16 2.97682e-11 1.87294e-10 8.89575e-07 1.36854e-11 3.41468e-21 3.02779e-08 5.35682e-19 1.965e-07 2.4321e-15 1.21605e-15 9.09285e-13 2.28079e-12 2.45725e-10 1.34148e-10 3.41896e-16 1.06687e-09 1.69793e-14 3.59947e-07 1.31243e-12 6.56213e-13 2.9882e-10 7.4954e-10 5.16561e-08 1.51841e-10 3.18213e-15 9.4702e-09 3.6312e-14 3.33373e+08 inf 
315 72.2303 3.09527e-05 1.54764e-05 0.00351256 0.00881067 0.604143 0.0502447 3.12646e-07 0.779508 1.41734e-05 0.00074052 2.26549e-12 5.66372e-13 3.33197e-09 2.09639e-08 2.21599e-05 3.59083e-11 1.50336e-18 8.83821e-07 2.00173e-17 6.90377e-07 2.95846e-13 1.47923e-13 3.35731e-11 8.42125e-11 5.7744e-09 4.80239e-10 2.98827e-15 7.45054e-09 1.3547e-13 2.56929e-06 1.47151e-10 7.35756e-11 5.64321e-09 1.41551e-08 4.60186e-07 3.35533e-10 1.19834e-13 9.16081e-08 4.15901e-13 1.04624e+08 inf 
325 69.0986 0.000275982 0.000137991 0.0166555 0.0417777 2.06502 0.0498257 9.87662e-07 1.71402 3.48151e-05 0.00579234 1.54935e-10 3.87338e-11 8.43832e-08 5.30917e-07 0.00018121 8.12041e-11 1.26518e-16 6.51527e-06 2.40575e-16 1.06818e-06 4.26633e-12 2.13316e-12 2.57473e-10 6.45828e-10 3.19226e-08 7.7024e-10 1.5268e-14 2.64965e-08 5.38196e-13 9.40218e-06 1.5476e-09 7.73802e-10 3.61163e-08 9.05917e-08 1.6734e-06 8.13659e-10 1.39842e-12 3.16252e-07 1.85184e-12 6.46885e+07 inf 
335 74.6787 0.00122988 0.000614942 0.0478292 0.119972 4.88907 0.0535794 3.75622e-06 3.63742 7.61741e-05 0.0235474 2.58682e-09 6.46705e-10 6.75276e-07 4.24866e-06 0.000798639 2.42838e-10 4.4997e-15 2.72609e-05 1.52469e-15 1.58256e-06 2.60631e-11 1.30315e-11 1.01357e-09 2.54238e-09 1.03607e-07 1.13543e-09 7.96e-14 7.70824e-08 1.61424e-12 2.22823e-05 7.40392e-09 3.70196e-09 1.19621e-07 3.00048e-07 4.11262e-06 1.9639e-09 9.76469e-12 7.56146e-07 5.4502e-12 4.71887e+07 inf 
345 88.7681 0.0039104 0.0019552 0.109575 0.274852 9.58892 0.0593431 1.3138e-05 6.72828 0.000148292 0.0705297 2.1961e-08 5.49026e-09 3.03227e-06 1.90783e-05 0.00245564 7.49148e-10 5.57289e-14 8.45773e-05 6.73583e-15 2.37376e-06 1.04568e-10 5.22842e-11 2.93017e-09 7.34984e-09 2.56419e-07 1.5869e-09 3.51326e-13 1.79922e-07 3.96549e-12 4.33637e-05 2.42333e-08 1.21166e-08 2.84742e-07 7.14227e-07 8.09943e-06 4.18507e-09 3.86022e-11 1.49309e-06 1.28218e-11 3.73956e+07 inf 
355 115.53 0.00994788 0.00497394 0.21831 0.547594 16.7418 0.0680946 3.98189e-05 11.298 0.000262363 0.170576 1.01637e-07 2.54092e-08 9.56335e-06 6.01701e-05 0.00599447 2.16505e-09 3.37994e-13 0.000216335 2.34168e-14 4.09569e-06 3.52665e-10 1.76333e-10 7.73937e-09 1.94129e-08 5.9352e-07 2.41404e-09 1.41163e-12 4.00527e-07 9.30111e-12 7.76554e-05 6.00253e-08 3.00126e-08 5.82214e-07 1.46039e-06 1.45657e-05 8.42177e-09 1.09455e-10 2.74024e-06 2.72699e-11 2.82077e+07 inf 
365 160.543 0.0253608 0.0126804 0.406998 1.02089 26.6623 0.0840875 0.000117053 17.5263 0.000429688 0.391766 6.6593e-07 1.66483e-07 3.18623e-05 0.000200469 0.0135968 6.02364e-09 3.78576e-12 0.000492499 6.89358e-14 6.82764e-06 1.07856e-09 5.39278e-10 1.7309e-08 4.34168e-08 1.13391e-06 3.57612e-09 4.97811e-12 7.4537e-07 1.8274e-11 0.000128898 1.68285e-07 8.41426e-08 1.16394e-06 2.91955e-06 2.40201e-05 1.56009e-08 4.01221e-10 4.51549e-06 5.09686e-11 2.35136e+07 inf 
375 224.55 0.0496098 0.0248049 0.674239 1.69122 39.7729 0.107285 0.000288504 25.5726 0.000668063 0.746087 1.97642e-06 4.94105e-07 7.0288e-05 0.000442233 0.0262799 1.44905e-08 1.58028e-11 0.000994096 1.79509e-13 1.07949e-05 2.38492e-09 1.19246e-09 3.24131e-08 8.13029e-08 1.91203e-06 5.15759e-09 1.38694e-11 1.22937e-06 3.21162e-11 0.000189078 3.08234e-07 1.54117e-07 1.83792e-06 4.61011e-06 3.54924e-05 2.58845e-08 8.71496e-10 6.80283e-06 8.71676e-11 2.08014e+07 inf 
385 314.136 0.0995862 0.0497931 1.09866 2.75581 56.7584 0.14033 0.000676405 35.9938 0.00100613 1.40634 7.01788e-06 1.75447e-06 0.000162975 0.00102539 0.0490384 3.36164e-08 8.1175e-11 0.00189179 4.25371e-13 1.76593e-05 5.59828e-09 2.79914e-09 6.17617e-08 1.54919e-07 3.1907e-06 7.88871e-09 3.80244e-11 2.02341e-06 5.65602e-11 0.000280618 6.28078e-07 3.14039e-07 3.0262e-06 7.59072e-06 5.24074e-05 4.27496e-08 2.13585e-09 1.0112e-05 1.43921e-10 1.77887e+07 inf 
395 436.663 0.175509 0.0877545 1.69657 4.25557 79.0108 0.187694 0.00144589 49.0134 0.00146433 2.42148 1.34129e-05 3.35322e-06 0.000296757 0.00186712 0.0846962 7.10875e-08 2.03362e-10 0.00339415 9.41258e-13 2.66807e-05 1.07238e-08 5.36192e-09 1.03663e-07 2.60021e-07 4.82766e-06 1.14684e-08 8.83459e-11 2.99478e-06 8.94725e-11 0.000383724 9.05223e-07 4.52612e-07 4.25693e-06 1.06778e-05 7.17757e-05 6.49001e-08 3.5239e-09 1.40861e-05 2.22501e-10 1.63663e+07 inf 
405 594.958 0.326078 0.163039 2.57896 6.4689 105.754 0.252989 0.00302682 64.5684 0.00205942 4.20751 4.3787e-05 1.09468e-05 0.00064962 0.00408723 0.143939 1.50996e-07 8.57716e-10 0.0058868 1.938e-12 3.80896e-05 2.08758e-08 1.04379e-08 1.65107e-07 4.14143e-07 6.77045e-06 1.61965e-08 1.93779e-10 4.13371e-06 1.31845e-10 0.000517607 1.67417e-06 8.37084e-07 6.44685e-06 1.61708e-05 9.57562e-05 9.69771e-08 7.4077e-09 1.89681e-05 3.26633e-10 1.56199e+07 inf 
415 806.747 0.55545 0.277725 3.78277 9.48844 140.138 0.343111 0.00608357 84.2044 0.00285034 6.88292 9.98537e-05 2.49634e-05 0.00118846 0.00747746 0.233487 3.08708e-07 2.8212e-09 0.00989978 3.83196e-12 5.88259e-05 4.0502e-08 2.0251e-08 2.7583e-07 6.91873e-07 1.02185e-05 2.50188e-08 4.43598e-10 6.13997e-06 2.07839e-10 0.000705991 2.69804e-06 1.34902e-06 9.30501e-06 2.33401e-05 0.00013008 1.47933e-07 1.43359e-08 2.61566e-05 4.86024e-10 1.37141e+07 inf 
425 1063.57 0.859081 0.429541 5.24165 13.1478 180.513 0.455821 0.0112882 107.085 0.00384907 10.3796 0.000186716 4.66789e-05 0.00188249 0.0118441 0.352001 5.79728e-07 7.51906e-09 0.0157553 7.19118e-12 8.58329e-05 6.933e-08 3.4665e-08 4.23014e-07 1.06106e-06 1.45678e-05 3.67859e-08 9.10989e-10 8.642e-06 3.10629e-10 0.000911203 3.88119e-06 1.94059e-06 1.23184e-05 3.08986e-05 0.000167914 2.13148e-07 2.46166e-08 3.45949e-05 6.95597e-10 1.23912e+07 inf 
435 1389.84 1.38536 0.692679 7.34987 18.4359 230.859 0.605789 0.0209612 134.339 0.00508484 15.9226 0.000428225 0.000107056 0.00332783 0.0209378 0.543417 1.10574e-06 2.28436e-08 0.0249997 1.3043e-11 0.000125002 1.24598e-07 6.22991e-08 6.61043e-07 1.65812e-06 2.07633e-05 5.44843e-08 1.88524e-09 1.20823e-05 4.57327e-10 0.00119014 6.20474e-06 3.10237e-06 1.72878e-05 4.33634e-05 0.000220099 3.10614e-07 4.52878e-08 4.58527e-05 9.818e-10 1.11186e+07 inf 
445 1797.41 2.1346 1.0673 10.1016 25.3381 291.656 0.801781 0.0371157 166.483 0.0065961 23.7543 0.000806496 0.000201624 0.00535762 0.0337087 0.808003 1.99798e-06 5.48507e-08 0.0385204 2.27946e-11 0.000175749 2.08719e-07 1.04359e-07 9.87722e-07 2.47753e-06 2.85178e-05 7.83972e-08 3.62913e-09 1.62785e-05 6.44959e-10 0.00151386 8.87777e-06 4.43888e-06 2.28667e-05 5.73573e-05 0.000279629 4.34988e-07 7.31442e-08 5.91734e-05 1.34642e-09 1.02272e+07 inf 
455 2290.63 3.19774 1.59887 13.645 34.2261 365.331 1.05545 0.0640062 204.183 0.00842658 34.5777 0.00135805 0.000339513 0.00814035 0.0512169 1.18305 3.52305e-06 1.25326e-07 0.0581195 3.86604e-11 0.000238487 3.3293e-07 1.66465e-07 1.42064e-06 3.56343e-06 3.80362e-05 1.09888e-07 6.66397e-09 2.12584e-05 8.77328e-10 0.00188233 1.18862e-05 5.9431e-06 2.90776e-05 7.29364e-05 0.000348892 5.95588e-07 1.14034e-07 7.48275e-05 1.80427e-09 9.60482e+06 inf 
465 2885.14 4.78448 2.39224 18.229 45.7243 452.613 1.38557 0.10757 249.072 0.0106391 49.3643 0.00266306 0.000665766 0.0132457 0.0833382 1.71721 6.09699e-06 2.94144e-07 0.0861102 6.35985e-11 0.000321868 5.33759e-07 2.66879e-07 2.03363e-06 5.10102e-06 5.04936e-05 1.54574e-07 1.20005e-08 2.77866e-05 1.18691e-09 0.00232454 1.72281e-05 8.61405e-06 3.83869e-05 9.62872e-05 0.000434768 8.10117e-07 1.80751e-07 9.39914e-05 2.3846e-09 8.96376e+06 inf 
475 3599.19 6.90612 3.45306 23.9329 60.0316 557.458 1.80084 0.178146 300.49 0.0131918 69.3192 0.00432082 0.00108021 0.018999 0.119537 2.43118 1.0458e-05 6.79484e-07 0.126095 1.02145e-10 0.000438681 8.4174e-07 4.2087e-07 2.91702e-06 7.31685e-06 6.79448e-05 2.19493e-07 2.1713e-08 3.66248e-05 1.60786e-09 0.0028734 2.29331e-05 1.14666e-05 4.80329e-05 0.000120482 0.000540096 1.10747e-06 2.8696e-07 0.000118438 3.14079e-09 8.20457e+06 inf 
485 4422.62 9.88511 4.94256 31.0218 77.8129 678.78 2.32298 0.285576 359.423 0.0160833 95.5626 0.00769245 0.00192311 0.0288426 0.18147 3.41635 1.74166e-05 1.47991e-06 0.181017 1.59174e-10 0.000577252 1.29023e-06 6.45116e-07 4.04905e-06 1.01564e-05 8.85963e-05 3.03201e-07 3.72742e-08 4.69129e-05 2.09924e-09 0.00348423 3.16603e-05 1.58302e-05 6.12228e-05 0.000153567 0.000661863 1.47693e-06 4.37919e-07 0.000146376 4.04586e-09 7.6615e+06 inf 
495 5383.56 13.7869 6.89344 39.5632 99.2376 822.637 2.99459 0.450162 429.371 0.0194328 127.85 0.0127411 0.00318528 0.0416256 0.261898 4.73563 2.85857e-05 3.23134e-06 0.256384 2.42898e-10 0.00074734 1.91388e-06 9.56941e-07 5.49212e-06 1.37761e-05 0.000114198 4.15707e-07 6.24911e-08 5.96049e-05 2.69764e-09 0.00414603 4.20125e-05 2.10062e-05 7.58173e-05 0.000190175 0.000802717 1.94819e-06 6.66834e-07 0.000178992 5.14214e-09 7.20362e+06 inf 
505 6562.34 19.5277 9.76388 51.0298 128 1001.72 3.86476 0.708064 511.693 0.0231269 174.217 0.0210083 0.00525207 0.0603314 0.379589 6.6455 4.75131e-05 7.00752e-06 0.364907 3.62284e-10 0.0009684 2.8817e-06 1.44085e-06 7.53043e-06 1.88888e-05 0.000147823 5.70321e-07 1.04489e-07 7.55102e-05 3.41283e-09 0.00497707 5.56046e-05 2.78023e-05 9.40551e-05 0.000235922 0.000979194 2.58577e-06 1.01152e-06 0.000219425 6.46642e-09 6.77647e+06 inf 
515 7870.49 26.5304 13.2652 63.9294 160.356 1201.06 4.92564 1.07848 604.448 0.0270908 228.105 0.0333273 0.00833182 0.0841457 0.529422 8.96575 7.53219e-05 1.37933e-05 0.504762 5.27462e-10 0.00124214 4.18708e-06 2.09354e-06 1.00895e-05 2.53078e-05 0.000189553 7.77375e-07 1.70208e-07 9.53954e-05 4.27553e-09 0.00587002 7.24034e-05 3.62017e-05 0.000114797 0.000287948 0.00117434 3.35904e-06 1.46558e-06 0.000265636 8.06009e-09 6.33624e+06 inf 
525 9338.72 35.6176 17.8088 79.2534 198.794 1430.16 6.22735 1.61442 708.857 0.0310173 294.219 0.0510668 0.0127667 0.115424 0.726219 12.051 0.000118254 2.701e-05 0.690373 7.46251e-10 0.00155898 5.94592e-06 2.97296e-06 1.32304e-05 3.31862e-05 0.000238747 1.03958e-06 2.69508e-07 0.000118335 5.17794e-09 0.0068327 9.21391e-05 4.60696e-05 0.00013818 0.0003466 0.00139813 4.31975e-06 2.10627e-06 0.000318192 9.88767e-09 5.99027e+06 inf 
535 11077.7 48.1069 24.0535 98.6942 247.558 1709.41 7.88935 2.40649 832.477 0.034889 380.945 0.0794268 0.0198567 0.161182 1.01412 16.3605 0.000186544 5.26569e-05 0.947264 1.03911e-09 0.00192191 8.34623e-06 4.17312e-06 1.71228e-05 4.29497e-05 0.000296571 1.36875e-06 4.17509e-07 0.000144429 6.05301e-09 0.00789922 0.000117091 5.85457e-05 0.000166346 0.00041725 0.00165846 5.52184e-06 2.99354e-06 0.000378793 1.1985e-08 5.76391e+06 inf 
545 13058.5 63.6845 31.8422 121.606 305.028 2039.04 9.94483 3.53006 973.915 0.0381896 485.176 0.117903 0.0294757 0.215621 1.35663 21.9065 0.000287985 9.83706e-05 1.28274 1.41239e-09 0.00233682 1.13964e-05 5.69821e-06 2.17615e-05 5.45851e-05 0.000364888 1.77964e-06 6.31708e-07 0.000174283 6.83407e-09 0.00902009 0.000144806 7.24033e-05 0.000195223 0.000489685 0.00194603 6.95472e-06 4.14783e-06 0.000446289 1.43542e-08 5.58812e+06 inf 
555 15255.1 83.3076 41.6538 148.003 371.24 2408.47 12.4703 5.1088 1134.19 0.0406337 609.31 0.176716 0.0441791 0.289642 1.82235 28.882 0.000442263 0.00018526 1.7208 1.87532e-09 0.00282568 1.5431e-05 7.71549e-06 2.74144e-05 6.87644e-05 0.000446119 2.30987e-06 9.46298e-07 0.000210085 7.52654e-09 0.010241 0.000180263 9.01317e-05 0.000229997 0.000576909 0.00226953 8.75125e-06 5.78101e-06 0.000524029 1.70503e-08 5.39872e+06 inf 
565 17782.7 108.639 54.3196 180.242 452.106 2853.59 15.6301 7.3309 1319.91 0.0418883 762.771 0.257649 0.0644124 0.384335 2.41814 38.2688 0.000672016 0.000334827 2.29847 2.43468e-09 0.00342193 2.09055e-05 1.04528e-05 3.4684e-05 8.69991e-05 0.000549118 3.00772e-06 1.41069e-06 0.000253991 8.06059e-09 0.011622 0.000221681 0.000110841 0.000269731 0.000676575 0.00265755 1.09668e-05 7.90195e-06 0.000614642 2.00881e-08 5.19668e+06 inf 
575 20642.4 140.697 70.3485 218.372 547.749 3371.76 19.5279 10.4035 1534.02 0.0410266 947.447 0.37809 0.0945225 0.510984 3.21498 50.4518 0.00101512 0.00060332 3.05129 3.08404e-09 0.00410126 2.79539e-05 1.3977e-05 4.33865e-05 0.000108828 0.000669907 3.87985e-06 2.06699e-06 0.000304782 8.15125e-09 0.0130928 0.00027265 0.000136325 0.000315659 0.000791779 0.00309436 1.36614e-05 1.07516e-05 0.000716481 2.33731e-08 5.03317e+06 inf 
585 23762.4 179.534 89.7669 261.531 656.007 3955.67 24.2554 14.5827 1772.01 0.0372657 1160.75 0.53667 0.134168 0.66033 4.15462 65.6203 0.00151604 0.00106714 4.00549 3.81434e-09 0.00491258 3.71164e-05 1.85582e-05 5.40683e-05 0.000135621 0.000817787 5.01451e-06 3.0148e-06 0.000366342 7.70423e-09 0.0146914 0.000331017 0.000165509 0.000365502 0.000916801 0.0035913 1.69787e-05 1.45441e-05 0.000832994 2.70039e-08 4.83705e+06 inf 
595 27313 230.515 115.258 314.96 790.025 4661.54 30.1577 20.3493 2047.81 0.029397 1422.88 0.791381 0.197845 0.882805 5.55438 86.7755 0.0022757 0.00187806 5.27876 4.64284e-09 0.00586827 4.95268e-05 2.47634e-05 6.76699e-05 0.000169739 0.00100154 6.47946e-06 4.3721e-06 0.000439976 6.31602e-09 0.0164703 0.000409362 0.000204681 0.000430225 0.00107915 0.0042001 2.11413e-05 1.96058e-05 0.000969833 3.09456e-08 4.65436e+06 inf 
605 31284.2 289.744 144.872 373.962 938.021 5458.53 37.3728 28.0684 2362.29 0.0152736 1723.32 1.08136 0.270341 1.11255 6.99989 111.453 0.00334289 0.00320452 6.85412 5.63373e-09 0.0069143 6.40381e-05 3.20191e-05 8.26516e-05 0.000207318 0.00120642 8.25999e-06 6.20357e-06 0.000522105 3.37572e-09 0.0182503 0.000484662 0.000242331 0.000488938 0.00122642 0.00481429 2.5896e-05 2.58799e-05 0.00111457 3.51248e-08 4.52456e+06 inf 
615 35504.2 362.612 181.306 441.536 1107.52 6355.66 46.0153 38.269 2707.75 -0.00740923 2068.04 1.53407 0.383519 1.43239 9.01221 143.382 0.00491095 0.00545596 8.84951 6.88716e-09 0.00806301 8.23494e-05 4.11747e-05 0.000100273 0.000251518 0.00144337 1.04501e-05 8.69092e-06 0.000614931 -1.68264e-09 0.0201157 0.000584472 0.000292236 0.000561464 0.00140834 0.00552075 3.17187e-05 3.41104e-05 0.00127734 3.95126e-08 4.40334e+06 inf 
625 40489.5 455.713 227.857 524.757 1316.27 7460.09 57.0365 52.1898 3120.66 -0.0392661 2489.62 2.15918 0.539797 1.8469 11.6202 185.992 0.00721078 0.00915852 11.4719 8.77677e-09 0.00945758 0.000106446 5.3223e-05 0.000122573 0.000307454 0.00174253 1.33226e-05 1.21905e-05 0.000728926 -9.17182e-09 0.0221829 0.000702149 0.000351075 0.000645273 0.00161856 0.00635671 3.88176e-05 4.46167e-05 0.0014657 4.43392e-08 4.28117e+06 inf 
635 45703.1 566.604 283.302 617.699 1549.4 8689.3 70.134 70.2935 3570.35 -0.0841412 2963.33 2.96511 0.741279 2.34022 14.724 239.4 0.0104933 0.0151715 14.726 1.18901e-08 0.0110216 0.000136641 6.83204e-05 0.000148963 0.000373648 0.00209549 1.69133e-05 1.69518e-05 0.000861016 -2.02913e-08 0.0243547 0.000834498 0.000417249 0.000736323 0.00184694 0.00730355 4.73758e-05 5.80634e-05 0.00167629 4.95544e-08 4.14667e+06 inf 
645 51423.9 697.369 348.685 722.483 1812.23 10094.2 86.0209 93.8035 4076.45 -0.145283 3504.96 4.00704 1.00176 2.9241 18.3976 304.234 0.0151067 0.024621 18.7611 1.7691e-08 0.0127901 0.000173449 8.67244e-05 0.000179695 0.000450735 0.00251061 2.1395e-05 2.33307e-05 0.00101389 -3.61345e-08 0.0266113 0.000983128 0.000491565 0.000833659 0.00209109 0.00832859 5.74419e-05 7.46952e-05 0.00190743 5.56272e-08 4.02061e+06 inf 
655 57574.4 855.226 427.614 842.267 2112.69 11697.3 105.186 124.185 4641.05 -0.225957 4123.39 5.41304 1.35326 3.65456 22.9935 386.381 0.0216272 0.0394794 23.7796 2.84601e-08 0.0147912 0.000219713 0.000109856 0.000216383 0.000542761 0.00300511 2.70229e-05 3.19037e-05 0.00119231 -5.80497e-08 0.0289921 0.00115861 0.000579304 0.000944487 0.00236909 0.00949909 6.94689e-05 9.55229e-05 0.00216507 6.27838e-08 3.89248e+06 inf 
665 64407.8 1052.95 526.477 986.382 2474.18 13619.8 129.046 164.209 5292.5 -0.33406 4853.57 7.46295 1.86575 4.6422 29.2075 496.385 0.0313472 0.0640214 30.3312 4.90608e-08 0.0169804 0.000277599 0.0001388 0.000260049 0.000652289 0.00359072 3.40216e-05 4.3292e-05 0.00139531 -8.80713e-08 0.0314842 0.00137494 0.000687472 0.00107529 0.00269717 0.0108616 8.43022e-05 0.000122492 0.00245959 7.19569e-08 3.79306e+06 inf 
675 71648.7 1277.89 638.949 1142.62 2866.08 15754.6 157.41 214.589 6009.24 -0.473738 5659.35 9.7676 2.44191 5.67205 35.6871 625.217 0.0444236 0.100227 38.1486 8.68594e-08 0.0193827 0.000345701 0.000172851 0.000309107 0.000775344 0.004262 4.25833e-05 5.80514e-05 0.00162564 -1.28158e-07 0.0339897 0.00158835 0.000794178 0.00119953 0.00300883 0.012287 0.000101016 0.000154091 0.00277081 8.41022e-08 3.69653e+06 inf 
685 79356.7 1550.64 775.322 1323.57 3319.97 18213.7 191.784 278.809 6809.57 -0.651329 6579.24 13.0069 3.25175 7.03185 44.2425 792.592 0.0631995 0.156874 48.0001 1.54125e-07 0.0220309 0.000430487 0.000215244 0.000367449 0.000921685 0.00505646 5.32429e-05 7.74027e-05 0.00189046 -1.80821e-07 0.0366219 0.00185085 0.000925428 0.00134802 0.00338128 0.0139453 0.000121287 0.000193804 0.0031228 1.00458e-07 3.60206e+06 inf 
695 87654.4 1872.78 936.394 1527.83 3832.3 21028.7 233.541 360.386 7707.54 -0.875394 7610.19 17.2788 4.31972 8.67753 54.5967 1000.93 0.0899914 0.245202 60.1953 2.70974e-07 0.0249292 0.000532626 0.000266314 0.00043452 0.00108992 0.00598063 6.642e-05 0.000102495 0.00219205 -2.48965e-07 0.0392797 0.00215185 0.00107593 0.00150967 0.00378676 0.0157765 0.000145541 0.000243375 0.00350922 1.2281e-07 3.51613e+06 inf 
705 96293.1 2244.78 1122.39 1753.82 4399.15 24208.8 283.298 461.809 8697.2 -1.15616 8734.75 22.6348 5.65875 10.6122 66.7694 1259.61 0.126772 0.375721 74.9879 4.68792e-07 0.0280164 0.000653117 0.000326559 0.000510271 0.00127993 0.00704352 8.24252e-05 0.000134363 0.00253044 -3.36385e-07 0.04191 0.00248174 0.00124087 0.00168144 0.00421761 0.0178009 0.000173465 0.000302097 0.00392613 1.52446e-07 3.43703e+06 inf 
715 105629 2697.5 1348.76 2019.43 5065.39 27934.3 344.23 590.215 9817.92 -1.5038 10041.3 29.8281 7.45708 13.0719 82.245 1592.4 0.179585 0.576235 93.7444 7.95998e-07 0.0314159 0.000802287 0.000401145 0.000600614 0.00150654 0.00830818 0.00010238 0.000175541 0.00292003 -4.47258e-07 0.0447158 0.00286841 0.00143421 0.00187805 0.00471079 0.0201142 0.000207196 0.000374924 0.0043994 1.91584e-07 3.36227e+06 inf 
725 115222 3198.81 1599.41 2301.07 5771.85 32018.9 415.838 746.357 11036.5 -1.9349 11421.1 38.2953 9.5739 15.7561 99.1333 1984.27 0.25044 0.863599 115.799 1.32515e-06 0.0348906 0.000968639 0.000484321 0.000696793 0.00174779 0.00969573 0.000125921 0.000226006 0.00334198 -5.85912e-07 0.0473402 0.00326466 0.00163234 0.00207017 0.00519269 0.0225134 0.000244909 0.000458726 0.00488842 2.4079e-07 3.30238e+06 inf 
735 125426 3801.07 1900.54 2628.45 6593.02 36790.3 503.061 941.622 12407.5 -2.45934 12983.1 49.5282 12.3822 19.1511 120.494 2489.7 0.351034 1.29559 143.414 2.16255e-06 0.0386553 0.00117146 0.000585732 0.000810066 0.00203192 0.0113385 0.000155039 0.0002902 0.0038239 -7.5795e-07 0.0500704 0.00372718 0.0018636 0.00229042 0.00574513 0.0252734 0.000290084 0.000561316 0.00543846 3.03302e-07 3.24473e+06 inf 
745 136109 4489.28 2244.65 2989.14 7497.76 42169.8 607.392 1180.85 13932 -3.09573 14684.6 63.5182 15.8797 23.1026 145.355 3108.6 0.490749 1.92968 176.987 3.46519e-06 0.0426334 0.00140617 0.00070309 0.000936284 0.00234851 0.0132088 0.000190253 0.000369877 0.0043639 -9.69673e-07 0.052745 0.00423301 0.00211652 0.00252186 0.00632566 0.0282707 0.000342813 0.000683829 0.00603272 3.80962e-07 3.19255e+06 inf 
755 146997 5283.44 2641.74 3391.15 8506.13 48266.6 731.616 1471.97 15602.8 -3.85413 16520.7 81.4628 20.3659 27.9314 175.737 3885 0.684083 2.84941 217.878 5.45176e-06 0.0468926 0.00168544 0.000842724 0.00108179 0.00271349 0.0153972 0.000233388 0.000469563 0.00497736 -1.22948e-06 0.055419 0.00481105 0.00240554 0.00278207 0.00697837 0.0316584 0.000404667 0.000829749 0.00668802 4.76973e-07 3.13476e+06 inf 
765 157999 6168.14 3084.09 3823.58 9590.8 55043.6 877.592 1820.56 17414.4 -4.73575 18452.5 102.584 25.6464 33.2646 209.292 4823.67 0.946017 4.15323 266.33 8.39244e-06 0.0515382 0.00201201 0.00100601 0.00124722 0.00312846 0.0179549 0.000286265 0.000593856 0.00568045 -1.54477e-06 0.0579906 0.00542348 0.00271176 0.00304879 0.00764738 0.0353705 0.000476064 0.00100105 0.0073897 5.9266e-07 3.06567e+06 inf 
775 169972 7232.22 3616.14 4333.61 10870.1 63108.9 1056.89 2253.19 19506.1 -5.78354 20653.5 131.013 32.7539 40.1939 252.889 6046.32 1.31816 6.07025 327.711 1.27627e-05 0.0567038 0.00241271 0.00120637 0.00144572 0.00362634 0.0210535 0.000352585 0.000751678 0.00650735 -1.92942e-06 0.0606203 0.00615514 0.00307759 0.00336435 0.0084389 0.0396716 0.000561632 0.00120833 0.00818418 7.31465e-07 2.99755e+06 inf 
785 181411 8367 4183.54 4856.33 12181.3 71745.2 1262.52 2757.52 21702.9 -7.0135 22849 163.065 40.767 47.5101 298.921 7469.24 1.80971 8.70376 398.412 1.90864e-05 0.0617087 0.00284612 0.00142307 0.00165193 0.00414359 0.0244048 0.000429458 0.000937996 0.00738247 -2.38571e-06 0.062963 0.00688243 0.00344125 0.00366499 0.00919302 0.0441037 0.000656625 0.00144251 0.00900127 8.94879e-07 2.9398e+06 inf 
795 193559 9687.08 4843.59 5453.2 13678.5 81808.9 1511.37 3371.83 24195.9 -8.44318 25287 202.864 50.7171 56.2747 354.066 9253.39 2.49131 12.4536 485.753 2.81874e-05 0.0672236 0.00336435 0.00168219 0.00189391 0.00475056 0.0284124 0.000524903 0.00117105 0.0084033 -2.93234e-06 0.0652933 0.00769002 0.00384505 0.00399468 0.01002 0.0490557 0.000767929 0.00171867 0.00990393 1.0913e-06 2.87934e+06 inf 
805 205278 11180.8 5590.45 6110.52 15327.2 93116.7 1802.71 4097.11 26891 -10.0961 27803.1 253.53 63.3841 67.0047 421.576 11506.4 3.42915 17.7469 591.483 4.10348e-05 0.0727329 0.0039615 0.00198077 0.00216504 0.00543064 0.0329925 0.000638724 0.00145166 0.00952785 -3.5772e-06 0.0675349 0.00861022 0.00430516 0.00436501 0.0109489 0.054666 0.000898348 0.00204466 0.0108991 1.32017e-06 2.82236e+06 inf 
815 217137 12828.4 6414.29 6819.04 17104.4 105753 2145.32 4954.61 29856.3 -12.0252 30419.1 313.485 78.3733 79.167 498.098 14236.4 4.69681 25.0659 717.765 5.90869e-05 0.0782395 0.00462238 0.00231122 0.00245706 0.00616312 0.0381053 0.000773008 0.00178526 0.0107579 -4.33296e-06 0.069565 0.00957025 0.00478519 0.00474221 0.011895 0.060644 0.00104634 0.00241757 0.0119539 1.58613e-06 2.77529e+06 inf 
825 228714 14664.9 7332.53 7593.01 19045.8 120001 2546.98 5963.32 33093.5 -14.2332 33117.3 385.764 96.4438 93.2873 586.939 17617 6.41877 35.1917 869.701 8.40305e-05 0.0838186 0.00537434 0.00268721 0.00278267 0.00697985 0.0439778 0.000933411 0.00218542 0.012128 -5.21613e-06 0.0714926 0.0106061 0.00530315 0.00514242 0.0128989 0.0672472 0.001217 0.00284972 0.013101 1.89401e-06 2.72868e+06 inf 
835 240511 16712.7 8356.47 8441.12 21173.1 136168 3022.46 7159.17 36704 -16.7948 35921.7 471.99 118.001 109.551 689.265 21748.2 8.74715 49.0938 1052.81 0.0001184 0.0893803 0.00621087 0.00310549 0.00313694 0.0078685 0.0506036 0.00112323 0.00266054 0.0136402 -6.24138e-06 0.0732163 0.0116974 0.0058488 0.00555622 0.0139369 0.0743067 0.00141033 0.00334157 0.0143247 2.24627e-06 2.69087e+06 inf 
845 251153 18898.3 9449.32 9324.71 23389.5 153826 3567.83 8533.73 40535.3 -19.6692 38604.1 572.245 143.067 127.812 804.158 26769.2 11.8565 67.8923 1268.79 0.000164797 0.0948957 0.00714055 0.00357034 0.00352326 0.0088375 0.0581218 0.00134807 0.00322439 0.0153159 -7.43183e-06 0.0747062 0.0128542 0.00642722 0.00598993 0.0150247 0.0820752 0.00163174 0.00390586 0.0156469 2.65236e-06 2.64662e+06 inf 
855 261674 21318 10659.2 10291 25813.2 173728 4206.15 10140.8 44762.6 -22.8998 41367.3 690.076 172.526 148.667 935.371 32865.8 16.0255 93.3379 1527.82 0.000226802 0.100619 0.00819726 0.00409872 0.00395712 0.00992578 0.0668023 0.00161736 0.00389937 0.0172122 -8.8055e-06 0.076042 0.0140767 0.00703853 0.00644258 0.0161601 0.0904163 0.00188317 0.00454813 0.0170652 3.11029e-06 2.60062e+06 inf 
865 271553 23930.6 11965.6 11319.6 28393.2 195890 4945.47 11999.7 49370.8 -26.5663 44037 827.053 206.773 172.3 1084.07 40309.4 21.5645 127.385 1835.93 0.00030951 0.106138 0.00935334 0.00467678 0.00442429 0.0110976 0.0765641 0.00193295 0.00469011 0.0192967 -1.03835e-05 0.0771156 0.0153548 0.00767761 0.00691156 0.0173365 0.0994635 0.00216616 0.00527179 0.01858 3.62702e-06 2.5585e+06 inf 
875 281344 26887.7 13444.2 12477.1 31296.8 221371 5820.61 14193.9 54559.1 -30.7189 46776.1 997.586 249.41 201.273 1266.36 49765.3 29.1685 174.297 2217.48 0.000419257 0.111646 0.0106699 0.00533508 0.00495131 0.0124195 0.0878469 0.0023098 0.00563258 0.0216507 -1.21902e-05 0.0780854 0.0167937 0.00839707 0.00744017 0.0186624 0.109687 0.00249796 0.00611885 0.0202784 4.21576e-06 2.51996e+06 inf 
885 289861 29930.1 14965.5 13650.2 34239.3 248947 6812.83 16675.4 60071.5 -35.33 49231.1 1181.36 295.36 231.603 1457.18 60857.7 39.0432 235.402 2658.35 0.000562183 0.116881 0.0120688 0.00603458 0.00550422 0.0138064 0.100384 0.00274715 0.00672406 0.0242228 -1.42462e-05 0.0786787 0.0181854 0.00909299 0.00794313 0.019924 0.120262 0.00286298 0.00705044 0.022027 4.87193e-06 2.47996e+06 inf 
895 297609 33232.9 16617 14914.7 37411 279771 7962.77 19541 66127.4 -40.468 51563.3 1398.29 349.597 266.918 1679.38 74486.4 52.1996 316.909 3189.99 0.000748169 0.122087 0.013633 0.00681676 0.00611842 0.015347 0.11477 0.00326655 0.00801627 0.0271273 -1.66011e-05 0.0790401 0.0196915 0.00984613 0.00848895 0.0212931 0.131849 0.00327771 0.00810827 0.0239318 5.59671e-06 2.43767e+06 inf 
905 304851 36850.3 18425.9 16299.2 40883.8 314506 9294.59 22847 72842.1 -46.1753 53820.2 1653.14 413.317 308.023 1938 91278.3 69.7076 425.283 3834.3 0.000987303 0.127062 0.0153593 0.00767994 0.00679353 0.0170404 0.131087 0.00387401 0.00952269 0.0303608 -1.9246e-05 0.0792941 0.0212867 0.0106438 0.00906823 0.0227461 0.144434 0.00374785 0.0093047 0.0260071 6.41118e-06 2.39922e+06 inf 
915 310549 40554.6 20278.2 17702.4 44403.4 352122 10804.4 26578.5 80014.2 -52.4475 55675.1 1929.11 482.322 351.712 2212.88 111146 92.4469 565.699 4586.28 0.001293 0.131864 0.0172201 0.00861043 0.00751669 0.0188544 0.149516 0.0045877 0.0112856 0.0339752 -2.227e-05 0.0790724 0.0228604 0.0114307 0.00963543 0.0241689 0.157604 0.00426701 0.0106225 0.0281618 7.28521e-06 2.35508e+06 inf 
925 315539 44546.9 22274.6 19215.7 48199.3 394266 12553.1 30880.3 87965.2 -59.4787 57346.7 2248.81 562.261 402.035 2529.5 135537 122.676 751.713 5498.33 0.0016858 0.136212 0.0192301 0.00961552 0.00829504 0.0208067 0.170197 0.00541895 0.0133305 0.0379729 -2.56758e-05 0.0787507 0.0245147 0.012258 0.0102344 0.0256713 0.171877 0.00485716 0.0121161 0.0305218 8.27533e-06 2.31652e+06 inf 
935 319742 48798.7 24400.8 20831.7 52252.9 441050 14552.9 35777 96702.9 -67.2554 58778 2613.04 653.338 459.198 2889.15 165099 162.135 993.511 6589.94 0.00218113 0.140073 0.0213779 0.0106895 0.00912601 0.0228911 0.193216 0.00637535 0.0156733 0.0423638 -2.94634e-05 0.0782884 0.0262243 0.013113 0.0108574 0.0272339 0.187068 0.0055121 0.0137691 0.0330491 9.34997e-06 2.28268e+06 inf 
945 322618 53108.6 26556 22466.9 56354.3 491347 16804.8 41262.1 106064 -75.8627 59788.9 3002.2 750.65 519.874 3270.91 199733 212.785 1302.1 7863.86 0.00280541 0.143241 0.0235799 0.0117907 0.00997515 0.025021 0.218155 0.00746122 0.0183201 0.0470918 -3.36826e-05 0.0776404 0.0278738 0.0139378 0.0114594 0.0287439 0.202703 0.00622939 0.0155724 0.0356913 1.05389e-05 2.25228e+06 inf 
955 325108 57723.4 28863.9 24231.2 60779.8 547614 19399.9 47552 116509 -85.4883 60605.7 3443.35 860.969 588.9 3705.2 241820 279.01 1703.12 9401.68 0.00359254 0.145925 0.0259092 0.0129556 0.0108762 0.027281 0.245797 0.00870764 0.0213437 0.0522949 -3.83715e-05 0.076869 0.0295679 0.0147851 0.0120846 0.0303121 0.219374 0.00702927 0.0175753 0.0385381 1.18383e-05 2.22791e+06 inf 
965 325939 62489.7 31247.5 26063.1 65375 608630 22321.1 54593.7 127751 -95.8583 61014.7 3936.22 984.226 666.405 4192.84 292290 364.756 2218.65 11234.9 0.00456685 0.148296 0.0284316 0.014217 0.0118582 0.0297444 0.276916 0.0101557 0.0248391 0.0581245 -4.36138e-05 0.0759526 0.0313456 0.0156742 0.0127508 0.0319833 0.237285 0.00792588 0.0198107 0.0416317 1.3254e-05 2.19789e+06 inf 
975 325876 67364.3 33685.4 27949.5 70106.7 674569 25619.6 62505.7 139964 -107.276 61092.4 4465.44 1116.58 749.943 4718.43 351587 474.836 2875.64 13400.8 0.00578003 0.150246 0.0310584 0.0155307 0.0128862 0.0323228 0.311012 0.011812 0.0288184 0.0645309 -4.946e-05 0.0747864 0.0330783 0.0165408 0.0134055 0.0336256 0.255679 0.00891074 0.0222558 0.04488 1.47851e-05 2.16895e+06 inf 
985 326309 72734.7 36371.4 30057.7 75394.6 749379 29442.6 71634 153867 -120.145 61165.1 5065.91 1266.76 845.945 5322.46 423290 616.776 3716.2 16022.5 0.00729493 0.151831 0.0338433 0.0169235 0.0139858 0.035081 0.348685 0.0136996 0.0333312 0.0715939 -5.59035e-05 0.0735347 0.0348107 0.0174074 0.0140718 0.0352967 0.274545 0.00996527 0.0248631 0.0482656 1.64048e-05 2.14916e+06 inf 
995 324598 78063.9 39036.9 32168.1 80688.3 828286 33673.6 81676.5 168528 -133.717 60715.3 5718.62 1430.02 951.364 5985.72 507792 799.09 4786.72 19123.5 0.00913486 0.153146 0.0368306 0.0184177 0.015177 0.0380688 0.390786 0.0158872 0.0385351 0.0795117 -6.30878e-05 0.0720551 0.0366272 0.018316 0.0147822 0.0370787 0.294725 0.0111627 0.0278106 0.051965 1.81596e-05 2.11954e+06 inf 
1005 322348 83635.9 41824 34406.1 86301.8 914073 38448.4 92956.2 184602 -148.552 60064.3 6429.62 1607.88 1068.06 6719.94 607434 1031.47 6139.22 22815 0.0113891 0.154099 0.0399824 0.0199941 0.0164479 0.0412568 0.436975 0.0183803 0.044438 0.0882494 -7.10156e-05 0.0704789 0.0384071 0.0192064 0.0154937 0.0388634 0.315339 0.0124604 0.0309861 0.0558464 2.00347e-05 2.09182e+06 inf 
1015 319282 89291.5 44653.1 36711.8 92085.2 1.00527e+06 43741.8 105389 201863 -164.513 59163.8 7196.63 1799.76 1196.02 7525.02 722558 1322.66 7818.16 27140.3 0.0141099 0.154658 0.0432522 0.0216297 0.0177829 0.0446055 0.486948 0.0211883 0.0510498 0.0977813 -7.9689e-05 0.0688429 0.0401902 0.0200985 0.0162207 0.0406869 0.335982 0.0138473 0.0343654 0.0598783 2.20093e-05 2.06444e+06 inf 
1025 315711 95166.8 47592.4 39146.4 98192.2 1.10359e+06 49696.6 119306 220728 -181.9 58072.6 8035.31 2009.59 1338.67 8422.54 857884 1693.49 9936.88 32299.1 0.0174163 0.154842 0.046675 0.0233419 0.0191995 0.0481588 0.54126 0.0243739 0.0585143 0.108257 -8.92137e-05 0.0671264 0.041981 0.0209945 0.0169687 0.042563 0.357479 0.0153782 0.0380744 0.0642003 2.41421e-05 2.03892e+06 inf 
1035 311669 101257 50639.5 41713.9 104632 1.20906e+06 56369.8 134824 241299 -200.751 56819.6 8948.44 2238.08 1497.32 9420.71 1.01541e+06 2162.81 12593.3 38435.1 0.0214098 0.154693 0.0502578 0.0251343 0.0207042 0.0519329 0.600101 0.0279785 0.0669184 0.119766 -9.96401e-05 0.0653589 0.0437676 0.0218886 0.0177345 0.0444841 0.379293 0.0170497 0.0421005 0.0687963 2.64266e-05 2.01476e+06 inf 
1045 307907 107735 53880.9 44491.8 111600 1.32302e+06 63845.1 152123 263899 -221.208 55588.3 9956.41 2490.33 1676.14 10545.8 1.19766e+06 2749.78 15883.9 45694.8 0.026188 0.154391 0.0540206 0.0270169 0.022309 0.0559584 0.663387 0.0320132 0.0762774 0.132324 -0.000110918 0.0635338 0.0455424 0.0227768 0.0185137 0.0464384 0.400559 0.0188136 0.0463275 0.0735025 2.87819e-05 1.99434e+06 inf 
1055 303358 114319 57175.6 47370.4 118821 1.44258e+06 72127.2 171187 288187 -243.05 54164.5 11036.4 2760.65 1872.67 11782.3 1.40632e+06 3486.2 19970.8 54266.6 0.0318937 0.153875 0.0579871 0.0290016 0.0240281 0.0602703 0.731733 0.0365856 0.0868324 0.146179 -0.000123284 0.0616184 0.0472821 0.0236477 0.0193014 0.0484141 0.42179 0.0207323 0.0508926 0.0784711 3.12848e-05 1.97146e+06 inf 
1065 298693 121103 60570.6 50396.9 126412 1.56855e+06 81289.7 192151 314423 -266.648 52663.8 12203.3 3052.75 2090.56 13153.2 1.64286e+06 4398.44 24980.5 64309.9 0.038657 0.152893 0.0619893 0.0310045 0.0257969 0.064707 0.802901 0.04161 0.098357 0.160945 -0.00013649 0.0598409 0.0490292 0.0245224 0.0201153 0.0504557 0.443045 0.0228046 0.0557923 0.0837573 3.4029e-05 1.95361e+06 inf 
1075 293488 128116 64081.1 53589.5 134420 1.69966e+06 91341.9 215042 342482 -291.329 51086.2 13482.1 3372.95 2335.58 14694.8 1.91096e+06 5528.93 31128.7 76115.3 0.046556 0.1519 0.066309 0.0331665 0.0277363 0.0695717 0.879693 0.0472758 0.111299 0.177258 -0.000150783 0.0580254 0.0508039 0.025411 0.0209648 0.0525865 0.463889 0.0250321 0.0610225 0.0893 3.68835e-05 1.93211e+06 inf 
1085 288652 135515 67785.1 57021.7 143029 1.83881e+06 102567 240456 373213 -318.239 49545.2 14881.8 3723.46 2611.06 16428 2.21397e+06 6932.84 38682.4 90040.5 0.0559167 0.150653 0.0707278 0.0353783 0.0297607 0.0746495 0.959712 0.0535318 0.125499 0.194787 -0.000166095 0.0562331 0.0525799 0.0263006 0.0218418 0.0547861 0.484214 0.0274359 0.0666268 0.0951413 3.99563e-05 1.91601e+06 inf 
1095 283479 143127 71596.7 60630.5 152081 1.98156e+06 114818 268031 405940 -346.372 47956.1 16395.4 4102.61 2918.02 18359.2 2.54982e+06 8652.62 47833.4 106259 0.0667555 0.149396 0.0754294 0.0377321 0.0319528 0.0801479 1.0443 0.06051 0.141254 0.213934 -0.000182541 0.0543514 0.0543225 0.0271736 0.0227341 0.0570244 0.503209 0.0299757 0.0724968 0.101152 4.31222e-05 1.8975e+06 inf 
1105 278888 151481 75780.1 64647.7 162157 2.13418e+06 128553 298798 442105 -376.85 46490.4 18111.1 4532.46 3274.03 20599.1 2.93027e+06 10785.7 59068.4 125510 0.0794501 0.14803 0.0804045 0.0402232 0.0343142 0.0860709 1.1328 0.0682344 0.158598 0.234664 -0.000200027 0.0525692 0.0561094 0.028069 0.0236717 0.0593761 0.521659 0.0326954 0.0787363 0.10748 4.64786e-05 1.88399e+06 inf 
1115 274249 160118 80105.7 68886.1 172788 2.28926e+06 143506 332081 480592 -408.849 45042.8 19983.9 5001.78 3673.85 23114.6 3.34404e+06 13376.7 72558.7 147795 0.0940475 0.146669 0.0856312 0.0428407 0.0368404 0.0924075 1.2243 0.0767473 0.177597 0.257021 -0.000218653 0.0507664 0.0579199 0.0289765 0.0246489 0.0618271 0.538041 0.0355488 0.0852275 0.113935 4.98756e-05 1.86985e+06 inf 
1125 268896 168737 84424.2 73230.8 183686 2.44101e+06 159407 367200 520338 -441.203 43500.3 21987.5 5504.06 4116.1 25897 3.78469e+06 16480.1 88515.2 173186 0.110445 0.145259 0.091153 0.0456065 0.0395597 0.0992283 1.31865 0.0861127 0.198364 0.28109 -0.00023834 0.0489791 0.0597407 0.0298894 0.0256626 0.0643697 0.552876 0.0385653 0.0920229 0.120601 5.34528e-05 1.85114e+06 inf 
1135 265163 178780 89455.6 78313.2 196434 2.60855e+06 177605 407216 565629 -477.415 42255.4 24331 6091.63 4643.01 29212.1 4.28071e+06 20317.5 108028 203461 0.129665 0.143839 0.09698 0.0485257 0.0424815 0.106557 1.41502 0.0963427 0.220897 0.306829 -0.000258977 0.0472433 0.0615905 0.0308171 0.0267199 0.0670216 0.56551 0.0417064 0.0990206 0.127376 5.71701e-05 1.84347e+06 inf 
1145 260364 188606 94380.8 83441.3 209297 2.7662e+06 196579 448556 611307 -513.058 40872.4 26833.9 6719.4 5226.36 32882.2 4.7927e+06 24842 130720 237397 0.150733 0.142342 0.103112 0.0515983 0.0456176 0.114423 1.51229 0.107471 0.245227 0.334204 -0.00028049 0.0456504 0.0635464 0.0317983 0.0278621 0.0698866 0.577207 0.0450696 0.106436 0.134512 6.1085e-05 1.82914e+06 inf 
1155 256459 199594 99888.6 89229 223814 2.93113e+06 217642 494174 661406 -551.001 39688.4 29713.5 7441.83 5912.66 37200 5.3478e+06 30328.4 157899 277001 0.174656 0.141028 0.109758 0.0549293 0.0490676 0.123077 1.61185 0.119683 0.27175 0.363711 -0.000302999 0.0439989 0.0655193 0.0327883 0.0290479 0.0728608 0.585441 0.0485162 0.113937 0.141557 6.50844e-05 1.81849e+06 inf 
1165 252350 210853 105534 95296 239031 3.09049e+06 239921 541973 713093 -589.255 38490.8 32846.8 8228.19 6683.28 42048.4 5.91657e+06 36744.2 189213 321268 0.200763 0.139605 0.116649 0.0583837 0.0527199 0.132237 1.70973 0.13273 0.299832 0.394499 -0.000325989 0.0424771 0.0675619 0.0338136 0.0302978 0.0759959 0.591609 0.0520635 0.121564 0.148672 6.92634e-05 1.80759e+06 inf 
1175 248207 222871 111561 101884 255556 3.24441e+06 263710 592556 767007 -627.156 37357.6 36389.3 9117.55 7579.4 47686.2 6.50245e+06 44348.9 225775 371528 0.228964 0.138373 0.124248 0.0621941 0.0567996 0.14247 1.80873 0.147016 0.330345 0.4276 -0.000349634 0.0409797 0.0696351 0.0348547 0.0316109 0.0792894 0.594602 0.0557715 0.129383 0.155828 7.34963e-05 1.79375e+06 inf 
1185 245346 236629 118461 109460 274558 3.40804e+06 290298 648703 826825 -668.488 36448.5 40538 10159.3 8648.61 54413 7.12558e+06 53451.4 268931 429649 0.260633 0.137147 0.132274 0.0662193 0.0611875 0.153476 1.90508 0.162275 0.362622 0.462191 -0.000373681 0.0395616 0.0718611 0.0359725 0.0330245 0.0828347 0.594847 0.059547 0.137247 0.162945 7.78125e-05 1.78892e+06 inf 
1195 241735 250151 125246 117137 293813 3.55245e+06 317325 705009 885625 -707.618 35445.6 44949.7 11267.7 9830.28 61847.3 7.71805e+06 63744.1 316821 492233 0.293396 0.135843 0.140572 0.0703818 0.0658247 0.165108 1.99629 0.17832 0.396178 0.497675 -0.000397644 0.0382798 0.074155 0.0371247 0.034514 0.0865706 0.593265 0.063426 0.145188 0.170085 8.21738e-05 1.77952e+06 inf 
1205 238423 265072 132734 125714 315327 3.6921e+06 346365 764869 947624 -746.661 34533.4 50080.1 12556.9 11238.7 70708 8.31252e+06 75796.3 371926 562708 0.32807 0.134632 0.14968 0.074952 0.0709879 0.178058 2.08484 0.195585 0.431904 0.535101 -0.000421622 0.0370726 0.076648 0.038377 0.0361517 0.0906781 0.589333 0.0674323 0.153223 0.177242 8.65338e-05 1.77092e+06 inf 
1215 235944 281789 141125 135409 339645 3.83281e+06 378237 829895 1.01474e+06 -787.697 33771.6 56035.6 14054 12912.2 81236.5 8.90944e+06 89985.6 435652 642601 0.365554 0.133436 0.159364 0.079812 0.0765796 0.192083 2.16761 0.213909 0.46934 0.573878 -0.000445475 0.0359725 0.079333 0.0397259 0.0379203 0.095114 0.583201 0.0716496 0.161553 0.184613 9.1037e-05 1.76822e+06 inf 
1225 232962 298507 149519 145375 364640 3.95036e+06 410276 894156 1.08e+06 -825.264 32957.9 62457.5 15669 14784.9 93018.1 9.43814e+06 105670 504465 726719 0.402561 0.13223 0.169433 0.0848671 0.0825148 0.20697 2.24223 0.232873 0.507524 0.613006 -0.00046842 0.0349611 0.0821187 0.0411254 0.0397898 0.0998028 0.574025 0.0758168 0.169571 0.191599 9.52706e-05 1.7618e+06 inf 
1235 230712 317327 158970 156686 393011 4.06566e+06 445034 963064 1.14983e+06 -863.2 32278.3 69907.3 17543.1 17013.2 107036 9.94954e+06 123803 582390 820442 0.440941 0.131175 0.180422 0.0903852 0.0890865 0.223453 2.3116 0.253031 0.547566 0.653757 -0.000490787 0.0338447 0.0848233 0.0424847 0.0416738 0.104528 0.559909 0.079783 0.176914 0.197683 9.91604e-05 1.75881e+06 inf 
1245 228181 336826 168765 168685 423106 4.15902e+06 480660 1.03234e+06 1.21914e+06 -898.697 31574.7 78210.7 19632.8 19580.3 123186 1.038e+07 144028 667077 920095 0.478882 0.130033 0.191946 0.0961737 0.0961279 0.241114 2.37009 0.273912 0.588295 0.694748 -0.000512137 0.0329375 0.0879 0.0440306 0.0437902 0.109836 0.545818 0.0839568 0.184536 0.204101 0.000103025 1.7548e+06 inf 
1255 225877 357960 179384 181888 456222 4.23821e+06 517697 1.10305e+06 1.2894e+06 -931.563 30918.4 87712.8 22024.9 22605.3 142217 1.0741e+07 166570 758941 1.02622e+06 0.515146 0.128898 0.204272 0.102366 0.103796 0.260345 2.41856 0.295427 0.629462 0.735804 -0.000531601 0.0320796 0.0912513 0.0457143 0.0461119 0.115659 0.529109 0.0881887 0.192018 0.210258 0.000106633 1.75237e+06 inf 
1265 223811 380626 190774 196293 492351 4.30084e+06 556110 1.17488e+06 1.36041e+06 -962.076 30311.8 98397.9 24715.9 26118.4 164317 1.10177e+07 191459 857327 1.13812e+06 0.54952 0.127782 0.217313 0.10892 0.112071 0.281101 2.4555 0.317503 0.670781 0.776706 -0.000549284 0.0312725 0.0946256 0.0474095 0.0484978 0.121643 0.510787 0.0922083 0.198826 0.21569 0.000109674 1.75151e+06 inf 
1275 222094 405104 203078 212098 531991 4.35031e+06 596213 1.24833e+06 1.43274e+06 -990.876 29751.6 110453 27753.1 30209.7 190056 1.12106e+07 218860 962288 1.25562e+06 0.581742 0.126573 0.230872 0.115736 0.120876 0.303186 2.47928 0.339787 0.711434 0.816531 -0.000564709 0.0305773 0.0982156 0.0492128 0.0510458 0.128033 0.492152 0.0963062 0.205617 0.221058 0.000112444 1.75467e+06 inf 
1285 220070 430769 215982 229062 574539 4.37183e+06 636228 1.31937e+06 1.50194e+06 -1014.1 29164.7 124020 31172.3 34979.5 220062 1.1281e+07 248265 1.0705e+06 1.37471e+06 0.609026 0.125385 0.245432 0.123057 0.130509 0.327345 2.49086 0.362493 0.751715 0.855735 -0.000577787 0.0299192 0.102099 0.0511627 0.053825 0.135003 0.472208 0.100241 0.211772 0.22575 0.0001147 1.75515e+06 inf 
1295 218039 457885 229620 247363 620440 4.37151e+06 676382 1.38836e+06 1.56863e+06 -1032.81 28568.5 139176 34993.6 40501.1 254797 1.12364e+07 279436 1.18026e+06 1.49344e+06 0.630999 0.124103 0.260618 0.130694 0.140794 0.35314 2.48817 0.384981 0.790222 0.89283 -0.000587852 0.0293081 0.106275 0.0532593 0.0568284 0.142536 0.452271 0.104107 0.217545 0.229965 0.000116536 1.75692e+06 inf 
1305 216469 487539 244535 267681 671398 4.35935e+06 717981 1.45777e+06 1.63587e+06 -1048.74 28026.8 156320 39317.6 46967.1 295472 1.11061e+07 312755 1.29228e+06 1.61345e+06 0.648092 0.122745 0.276452 0.13866 0.151785 0.380706 2.47191 0.40712 0.826606 0.927595 -0.000594674 0.0287352 0.110515 0.0553878 0.0599452 0.150353 0.432678 0.107684 0.22246 0.233338 0.000117703 1.76356e+06 inf 
1315 215002 519348 260538 289889 727097 4.3259e+06 759764 1.52479e+06 1.70055e+06 -1060.06 27503.9 175711 44209.4 54533.1 343068 1.08663e+07 347689 1.40352e+06 1.73113e+06 0.659115 0.12136 0.293152 0.147063 0.163631 0.410417 2.4418 0.428857 0.860682 0.959894 -0.000598361 0.0282226 0.115082 0.0576789 0.0632988 0.158763 0.413792 0.111081 0.226837 0.236128 0.000118358 1.7716e+06 inf 
1325 213200 552188 277063 313468 786233 4.26451e+06 799845 1.58539e+06 1.75844e+06 -1064.44 26912.6 196942 49567.9 63184.3 397488 1.04996e+07 382754 1.50704e+06 1.83868e+06 0.661641 0.119813 0.310316 0.155703 0.176162 0.441844 2.39655 0.449494 0.890952 0.988201 -0.000598192 0.0277299 0.119918 0.0601047 0.0668967 0.167787 0.396329 0.114254 0.230484 0.238233 0.000118294 1.77944e+06 inf 
1335 211161 586535 294351 338722 849570 4.17595e+06 837922 1.63913e+06 1.80924e+06 -1061.46 26294.3 220535 55524.3 73166.9 460283 1.00219e+07 417568 1.60137e+06 1.93501e+06 0.655514 0.118239 0.328428 0.164821 0.189666 0.475713 2.3383 0.46919 0.917824 1.01307 -0.000594358 0.0272582 0.124992 0.0626479 0.0706847 0.177287 0.379501 0.116942 0.232978 0.239124 0.000117432 1.78589e+06 inf 
1345 209746 624307 313364 366931 920319 4.07928e+06 877082 1.69177e+06 1.85962e+06 -1056.27 25718.9 246874 62175.9 84778.5 533325 9.47915e+06 452709 1.68807e+06 2.02304e+06 0.643841 0.11648 0.346701 0.174023 0.203771 0.511088 2.26538 0.487077 0.939505 1.03272 -0.000586587 0.0267408 0.129988 0.0651515 0.0745531 0.186988 0.363588 0.119008 0.23405 0.238668 0.000116038 1.80071e+06 inf 
1355 207992 663689 333191 397136 996071 3.95424e+06 913107 1.73503e+06 1.9005e+06 -1043.11 25091.5 276047 69545.1 98176.1 617599 8.83815e+06 485924 1.75858e+06 2.0928e+06 0.623156 0.114607 0.365702 0.183593 0.218828 0.54885 2.17885 0.503135 0.956028 1.04721 -0.000574771 0.0262898 0.135527 0.0679258 0.0788092 0.197662 0.35012 0.120856 0.23455 0.237756 0.000114046 1.81483e+06 inf 
1365 205939 704290 353637 429208 1.07651e+06 3.80605e+06 945556 1.76836e+06 1.93156e+06 -1022.54 24404.9 307537 77502.6 113347 713030 8.12783e+06 515985 1.80929e+06 2.14103e+06 0.594275 0.112577 0.385002 0.193316 0.234628 0.588474 2.08058 0.51689 0.966677 1.05589 -0.000558975 0.0258342 0.141031 0.0706809 0.0831357 0.208513 0.338029 0.122018 0.233645 0.235567 0.000111395 1.82932e+06 inf 
1375 204056 747953 375626 464477 1.16496e+06 3.6448e+06 976130 1.79472e+06 1.95631e+06 -996.987 23697.3 342318 86293.8 130879 823305 7.38005e+06 542870 1.84022e+06 2.16859e+06 0.55889 0.110326 0.404393 0.203089 0.251127 0.629852 1.97062 0.527761 0.970348 1.05771 -0.000539038 0.025307 0.146787 0.0735608 0.0877338 0.220045 0.326811 0.122394 0.231016 0.231799 0.000107757 1.84957e+06 inf 
1385 201469 791193 397409 500836 1.25614e+06 3.45645e+06 1.00001e+06 1.80577e+06 1.96564e+06 -962.662 22887.7 378682 95488.1 150292 945411 6.58731e+06 563477 1.84289e+06 2.16582e+06 0.516525 0.107926 0.42384 0.212891 0.268297 0.672912 1.85162 0.535701 0.967349 1.05299 -0.000515696 0.0247547 0.152377 0.0763556 0.0923467 0.231613 0.316748 0.121975 0.226864 0.226818 0.000103725 1.86672e+06 inf 
1395 199363 838711 421345 541343 1.35773e+06 3.26522e+06 1.02236e+06 1.8113e+06 1.97023e+06 -925.439 22103.8 418888 105655 172668 1.08616e+06 5.81205e+06 579822 1.82609e+06 2.14305e+06 0.471227 0.105318 0.443067 0.222584 0.285976 0.717248 1.72492 0.540081 0.95686 1.04081 -0.000488883 0.0241866 0.158045 0.079188 0.0971253 0.243598 0.308198 0.120894 0.221561 0.220952 9.96448e-05 1.89297e+06 inf 
1405 196738 886377 445360 583675 1.46389e+06 3.0564e+06 1.03801e+06 1.80221e+06 1.96042e+06 -881.471 21229.9 460664 116222 197440 1.24196e+06 5.03871e+06 588497 1.78065e+06 2.09004e+06 0.42224 0.102487 0.461741 0.232002 0.304054 0.762584 1.59218 0.540731 0.938829 1.02124 -0.000459186 0.0235739 0.163612 0.0819675 0.101997 0.255817 0.299664 0.119063 0.214934 0.214077 9.54285e-05 1.91964e+06 inf 
1415 194053 936277 470502 629317 1.57835e+06 2.83967e+06 1.04889e+06 1.78235e+06 1.94034e+06 -833.215 20307.5 504550 127325 225086 1.41585e+06 4.29578e+06 589905 1.71065e+06 2.01134e+06 0.371831 0.099403 0.479604 0.241013 0.322365 0.808503 1.45461 0.53729 0.913003 0.993929 -0.000426811 0.0228355 0.168623 0.0844664 0.106678 0.267557 0.290873 0.116172 0.206634 0.205929 9.11105e-05 1.95219e+06 inf 
1425 190840 986065 495588 676837 1.69752e+06 2.60971e+06 1.05158e+06 1.74653e+06 1.90428e+06 -779.015 19311.9 549447 138685 255355 1.60623e+06 3.58777e+06 582205 1.61397e+06 1.90387e+06 0.320639 0.0961155 0.496626 0.2496 0.340885 0.854946 1.31437 0.529624 0.879631 0.959079 -0.000392347 0.0220933 0.173461 0.0868766 0.111379 0.279346 0.281785 0.112795 0.197782 0.197587 8.69027e-05 1.98553e+06 inf 
1435 187665 1.03775e+06 521628 727730 1.82515e+06 2.38173e+06 1.04901e+06 1.70095e+06 1.85888e+06 -722.998 18288.5 595361 150302 288500 1.81469e+06 2.94796e+06 566756 1.49878e+06 1.77665e+06 0.271733 0.0925686 0.511885 0.257301 0.358964 0.900281 1.17483 0.517441 0.839021 0.916919 -0.00035663 0.0212633 0.177889 0.0890797 0.115984 0.290895 0.271867 0.108701 0.187986 0.188732 8.27766e-05 2.02731e+06 inf 
1445 183857 1.08829e+06 547094 780217 1.95677e+06 2.14784e+06 1.03736e+06 1.63974e+06 1.79764e+06 -662.739 17169.3 639535 161482 323597 2.03543e+06 2.3672e+06 541710 1.36288e+06 1.62641e+06 0.224823 0.0887308 0.525218 0.264032 0.37654 0.944355 1.03657 0.500637 0.791351 0.867556 -0.000319843 0.0203193 0.181083 0.0906631 0.119953 0.300851 0.260689 0.103907 0.177486 0.179628 7.87499e-05 2.07207e+06 inf 
1455 179890 1.13933e+06 572807 835446 2.09527e+06 1.9181e+06 1.01877e+06 1.56779e+06 1.72557e+06 -601.449 16018.9 682188 172278 360770 2.26922e+06 1.86138e+06 509155 1.21589e+06 1.46319e+06 0.182102 0.084637 0.536047 0.269502 0.393072 0.985811 0.902455 0.479327 0.737636 0.811869 -0.000282978 0.0193229 0.183355 0.0917835 0.123427 0.309564 0.247678 0.098995 0.167218 0.17114 7.48428e-05 2.12543e+06 inf 
1465 175347 1.18833e+06 597491 891787 2.23655e+06 1.69027e+06 990732 1.4822e+06 1.63915e+06 -538.488 14810.1 721178 182144 399139 2.51053e+06 1.42748e+06 468868 1.06016e+06 1.28875e+06 0.143789 0.0803258 0.54437 0.273708 0.408523 1.02455 0.774305 0.45385 0.678991 0.750888 -0.000246679 0.0182263 0.18447 0.0923231 0.126303 0.316778 0.233182 0.0938446 0.156924 0.162898 7.08411e-05 2.18295e+06 inf 
1475 170427 1.2355e+06 621244 949445 2.38114e+06 1.47108e+06 954514 1.38629e+06 1.54174e+06 -475.828 13558.9 754062 190467 437330 2.75071e+06 1.06785e+06 422615 902749 1.11061e+06 0.110637 0.0757257 0.548969 0.276037 0.421866 1.05801 0.653643 0.424119 0.61597 0.685038 -0.000211424 0.0170362 0.183533 0.091835 0.127857 0.320676 0.217315 0.0889017 0.147306 0.155554 6.67768e-05 2.25058e+06 inf 
1485 165204 1.28037e+06 643833 1.00836e+06 2.52887e+06 1.26508e+06 911145 1.28301e+06 1.43641e+06 -415.284 12285.4 779285 196851 474410 2.9839e+06 779758 372635 750578 936605 0.0830705 0.0708526 0.549124 0.276127 0.432465 1.08458 0.542569 0.390772 0.550259 0.616046 -0.000178107 0.0157756 0.180784 0.0904387 0.128217 0.32158 0.200105 0.0843371 0.138285 0.148925 6.24916e-05 2.33165e+06 inf 
1495 159173 1.31947e+06 663504 1.06538e+06 2.67186e+06 1.06764e+06 857422 1.16889e+06 1.31833e+06 -355.576 10984.7 794913 200802 508464 3.19805e+06 551103 319663 605936 768119 0.0603647 0.0658241 0.54565 0.274384 0.440575 1.10492 0.441508 0.354577 0.483382 0.545178 -0.000147044 0.0144832 0.176048 0.0880478 0.127134 0.318866 0.181584 0.0804252 0.130074 0.142925 5.78026e-05 2.41816e+06 inf 
1505 152789 1.35381e+06 680769 1.12159e+06 2.81282e+06 887658 797362 1.05107e+06 1.19546e+06 -299.778 9685.66 797850 201543 537171 3.37858e+06 378630 266969 475592 613843 0.042642 0.0605322 0.536354 0.269709 0.444354 1.11439 0.351674 0.315901 0.416416 0.473619 -0.000118767 0.0131582 0.168577 0.0842902 0.123966 0.310922 0.162271 0.0773002 0.122552 0.137399 5.28061e-05 2.52409e+06 inf 
1515 145450 1.37739e+06 692605 1.17183e+06 2.9388e+06 722247 728739 927598 1.06508e+06 -247.301 8376.94 784209 198090 556852 3.50233e+06 250864 215712 360636 475052 0.0290804 0.055051 0.521323 0.262142 0.443522 1.1123 0.273361 0.275818 0.351084 0.403119 -9.36001e-05 0.0118301 0.158225 0.0790946 0.11853 0.29729 0.142206 0.0746212 0.115049 0.131513 4.73877e-05 2.6421e+06 inf 
1525 137679 1.39257e+06 700201 1.21741e+06 3.0531e+06 576952 655863 805450 934555 -200.24 7115.09 754666 190616 566145 3.56076e+06 161233 168992 265126 357185 0.0192504 0.0494243 0.499908 0.25136 0.437028 1.09601 0.207116 0.235443 0.289142 0.335488 -7.18825e-05 0.0105561 0.144926 0.0724309 0.110644 0.277515 0.122405 0.0723308 0.107576 0.125182 4.17547e-05 2.78566e+06 inf 
1535 128848 1.39062e+06 699165 1.25024e+06 3.13544e+06 449584 577557 683828 802713 -158.219 5891.43 704798 178008 559744 3.52048e+06 99848.6 127482 187737 259340 0.0123123 0.0436897 0.471532 0.237073 0.423933 1.06316 0.152445 0.195838 0.231872 0.272184 -5.36488e-05 0.00942727 0.128996 0.0644621 0.100394 0.251807 0.10304 0.0698146 0.099465 0.117698 3.60093e-05 2.94916e+06 inf 
1545 119397 1.37438e+06 690920 1.27181e+06 3.18953e+06 341248 497657 567623 674839 -121.834 4753.35 638404 161226 538006 3.38374e+06 59366.7 92533.9 127921 181622 0.00757872 0.0378884 0.436134 0.219251 0.403588 1.01214 0.108289 0.157923 0.180125 0.214148 -3.86619e-05 0.00853602 0.111235 0.0555976 0.0885638 0.222134 0.0843354 0.0665161 0.0902685 0.108513 3.017e-05 3.15127e+06 inf 
1555 108897 1.33417e+06 670621 1.27194e+06 3.18985e+06 251716 417537 458799 553162 -91.2883 3712.19 554818 140108 497429 3.12853e+06 34004.6 64486.2 83822.2 122673 0.00451158 0.0321314 0.393663 0.197875 0.375302 0.941204 0.074272 0.1232 0.135374 0.163217 -2.69357e-05 0.00793118 0.0934612 0.0467573 0.0769468 0.192991 0.0672097 0.0620431 0.0800409 0.0977562 2.46102e-05 3.38911e+06 inf 
1565 97574.4 1.2686e+06 637572 1.24719e+06 3.12779e+06 180220 340635 360766 441655 -66.5191 2801.89 460827 116371 440715 2.77182e+06 18754.4 43158.2 52851.9 79941.6 0.00259666 0.0265289 0.344912 0.173346 0.339092 0.850395 0.0489988 0.0926131 0.0980865 0.120079 -1.80855e-05 0.00761614 0.0795418 0.0398833 0.0695685 0.174474 0.0519436 0.0561856 0.0689101 0.0855331 1.94655e-05 3.67804e+06 inf 
1575 85435 1.17445e+06 590167 1.19186e+06 2.98903e+06 124548 268889 274653 341870 -46.9319 2036.73 364446 92033.8 372727 2.34421e+06 9909.49 27648.2 31951.5 50104.5 0.0014403 0.0212447 0.292046 0.146754 0.296374 0.743267 0.0309706 0.0668632 0.0682965 0.0850111 -1.16703e-05 0.00742484 0.0730357 0.0367275 0.0696157 0.174579 0.0387939 0.0490353 0.0572782 0.0723349 1.48982e-05 4.02148e+06 inf 
1585 73016.4 1.05586e+06 530491 1.10739e+06 2.77721e+06 83196.8 205411 202571 256797 -32.139 1427.1 274365 69289.1 300908 1.89252e+06 5038.23 16997.2 18572.2 30305.8 0.000773153 0.0164537 0.23793 0.119542 0.249543 0.625823 0.0187478 0.0462879 0.0456478 0.0578672 -7.24229e-06 0.00713175 0.0722181 0.036379 0.0744016 0.186575 0.0279973 0.0410806 0.045841 0.0589964 1.10351e-05 4.43769e+06 inf 
1595 60549.6 915826 460066 993737 2.49218e+06 53461.7 151120 144095 186305 -21.2812 961.366 196216 49556.7 231302 1.45474e+06 2454.72 10013.9 10366.3 17656.2 0.000400354 0.0123084 0.186168 0.0935218 0.202006 0.506607 0.0108676 0.0307195 0.0292915 0.0378719 -4.32602e-06 0.00662779 0.0723048 0.0364349 0.0788195 0.197654 0.0195163 0.0330443 0.0353448 0.0464205 7.91638e-06 4.91935e+06 inf 
1605 48709.8 765634 384562 860673 2.15848e+06 33089.7 107221 98995.4 130785 -13.6614 623.672 133438 33704.7 169582 1.06656e+06 1146.94 5672.7 5569.42 9940.85 0.000200265 0.0088792 0.139566 0.0701011 0.15689 0.393465 0.00603184 0.0195451 0.0180457 0.0238406 -2.49032e-06 0.00590318 0.0696098 0.0350685 0.0793616 0.199015 0.0131412 0.0255354 0.0262601 0.0352665 5.50493e-06 5.48583e+06 inf 
1615 37930.3 615104 308913 717463 1.79934e+06 19731.8 73357.7 65695.3 88863.5 -8.51984 390.259 86296.7 21800.3 118643 746191 516.219 3101.03 2891.15 5428.83 9.73092e-05 0.00619153 0.100406 0.0504251 0.117115 0.293714 0.00322091 0.0119745 0.0107237 0.0145056 -1.39073e-06 0.00503673 0.0632868 0.0318726 0.0751718 0.188511 0.00859595 0.0190475 0.0188928 0.0259954 3.73498e-06 6.12616e+06 inf 
1625 28532.1 474091 238065 574682 1.44126e+06 11273.2 48328.6 42028.9 58315 -5.13868 235.239 53105.2 13417.7 79250.8 498440 219.983 1626.89 1438.97 2853.2 4.5234e-05 0.00417427 0.0693598 0.0348291 0.0840763 0.210858 0.00164927 0.0070705 0.00614886 0.00853152 -7.51792e-07 0.00412203 0.0543925 0.0273853 0.0672727 0.168704 0.00542803 0.0137121 0.0131421 0.0185644 2.4602e-06 6.83524e+06 inf 
1635 20771.9 350779 176126 442778 1.11047e+06 6204.32 30821.4 26061.9 37177.7 -3.02117 137.464 31216.1 7888.91 50791 319447 89.9653 825.757 692.412 1456.21 2.03892e-05 0.00273558 0.0461963 0.0231951 0.0583123 0.146244 0.000817087 0.00405907 0.00343225 0.00489616 -3.97877e-07 0.00325884 0.044463 0.0223814 0.057347 0.143814 0.00334372 0.0096059 0.0089111 0.012954 1.58961e-06 7.59322e+06 inf 
1645 14651.2 249560 125293 328711 824398 3265.36 19033.9 15657.1 23011.5 -1.72512 77.9185 17589.5 4446.36 31333.1 197068 34.5818 403.315 320.025 716.729 8.78361e-06 0.00174726 0.0297619 0.0149421 0.0392013 0.0983157 0.000389419 0.00226994 0.00186723 0.00274429 -2.05734e-07 0.00249789 0.0348125 0.0175212 0.0469038 0.117626 0.00199311 0.0065533 0.00588887 0.0088286 1.00259e-06 8.38522e+06 inf 
1655 10033.5 171078 85884.8 235680 591082 1635.91 11402.4 9124.73 13847.1 -0.957143 42.9122 9533.65 2410.63 18673.8 117449 12.6596 188.992 141.755 339.894 3.66538e-06 0.00109267 0.0186308 0.00935304 0.025666 0.0643701 0.000178154 0.00124175 0.000993703 0.00150798 -1.04235e-07 0.00186529 0.0262894 0.0132304 0.0370793 0.092989 0.00116057 0.00436344 0.00380132 0.00589417 6.23139e-07 9.18256e+06 inf 
1665 6686.9 113328 56890 163676 410500 770.497 6628.01 5157.89 8098.46 -0.514671 22.981 4981.12 1259.84 10773.5 67760.5 4.28953 84.6496 59.8923 154.331 1.44833e-06 0.00066744 0.0113116 0.00567836 0.016337 0.0409733 7.69057e-05 0.000661563 0.000514825 0.000808332 -5.13709e-08 0.00135953 0.0192153 0.00966978 0.0284331 0.0713062 0.000649798 0.00283045 0.00239019 0.00384069 3.76727e-07 1.00187e+07 inf 
1675 4347.17 72757.2 36521.9 110433 276968 337.64 3742.7 2831.74 4611.86 -0.269718 11.9584 2506.81 634.199 6014.46 37828.6 1.38915 36.5597 24.4297 68.0833 5.61843e-07 0.000397821 0.0066582 0.00334221 0.010106 0.0253461 3.08983e-05 0.000342504 0.000259139 0.000422043 -2.46826e-08 0.000967513 0.0136042 0.00684593 0.0211723 0.0530977 0.000355204 0.00179676 0.00147257 0.00246015 2.25403e-07 1.09275e+07 inf 
1685 2760.52 45360 22768.3 72530.9 181911 132.074 2047.19 1504.66 2547.27 -0.13661 6.02972 1214.5 307.324 3245.88 20415.6 0.412013 15.0611 9.49306 28.7317 2.0623e-07 0.000231982 0.00381186 0.00191335 0.00609519 0.015287 1.1099e-05 0.000172037 0.000126445 0.000214062 -1.14801e-08 0.000672976 0.00935579 0.004708 0.0153499 0.038496 0.000185743 0.00111179 0.000884176 0.00153905 1.31145e-07 1.18997e+07 inf 
1695 1709.25 27437.1 13771 46331.1 116202 41.8338 1076.47 767.844 1354.62 -0.0664189 2.92252 561.358 142.074 1679.65 10564.6 0.108266 5.87886 3.49044 11.5169 7.09622e-08 0.000131692 0.00211393 0.00106101 0.00356966 0.00895294 3.22316e-06 8.29385e-05 5.91598e-05 0.000104369 -5.11735e-09 0.000455882 0.00622752 0.00313378 0.0108013 0.0270889 9.12749e-05 0.000667883 0.000515196 0.000936186 7.37646e-08 1.29791e+07 inf 
1705 1034.7 16133.5 8097.04 28846.8 72350.3 7.48719 548.093 379.258 699.262 -0.0313611 1.37018 248.096 62.8029 835.862 5257.46 0.0247486 2.21016 1.23197 4.44276 2.29377e-08 7.30198e-05 0.00113856 0.000571418 0.00203575 0.00510585 5.28381e-07 3.86796e-05 2.67647e-05 4.93478e-05 -2.21319e-09 0.000302263 0.00402643 0.00202622 0.00740564 0.018573 4.17883e-05 0.000393036 0.000293642 0.00055776 4.01726e-08 1.41701e+07 inf 
1715 609.964 9194.86 4614.27 17451.4 43770.1 -3.05132 267.888 179.744 347.198 -0.0142427 0.615266 103.956 26.3216 396.524 2494.11 0.00463551 0.792956 0.413727 1.63358 6.91787e-09 3.90566e-05 0.000588757 0.000295456 0.00111743 0.00280265 -1.95379e-07 1.71531e-05 1.15092e-05 2.22315e-05 -9.11974e-10 0.000194604 0.00251193 0.00126416 0.00491337 0.0123226 1.72273e-05 0.000224677 0.000162354 0.000322654 2.10268e-08 1.56174e+07 inf 
1725 348.59 5048.35 2533.16 10202.9 25590.2 -4.69665 125.407 81.458 165.31 -0.00614953 0.264394 41.2053 10.436 179.138 1126.79 0.000642703 0.259886 0.125396 0.542504 1.76511e-09 2.01694e-05 0.000292097 0.000146568 0.000590338 0.00148065 -2.71747e-07 7.25603e-06 4.71315e-06 9.56483e-06 -3.55811e-10 0.000122029 0.00151618 0.000763114 0.00316487 0.00793747 6.09203e-06 0.00012241 8.5048e-05 0.000176912 1.00996e-08 1.72831e+07 inf 
1735 193.397 2673.81 1341.51 5773.1 14479.9 -3.60936 56.2593 35.3215 75.5032 -0.00253143 0.108364 15.4426 3.9122 76.94 483.964 0.000161662 0.0783222 0.0347519 0.165417 4.04053e-10 1.00752e-05 0.000139294 6.9887e-05 0.000300755 0.00075434 -1.88033e-07 2.93088e-06 1.84011e-06 3.9334e-06 -1.31877e-10 7.44568e-05 0.000886054 0.00044601 0.00197934 0.00496422 2.89596e-06 6.38097e-05 4.25093e-05 9.27474e-05 4.58608e-09 1.91954e+07 inf 
1745 103.304 1354.53 679.501 3135.93 7865.49 -2.20287 23.6825 14.3185 32.3156 -0.000955212 0.0414687 5.39244 1.3661 30.9322 194.572 9.48891e-05 0.0195769 0.00788088 0.0414714 7.06988e-11 4.74296e-06 6.21897e-05 3.11976e-05 0.000143979 0.000361124 -1.01139e-07 1.08732e-06 6.57399e-07 1.48369e-06 -4.38562e-11 4.33755e-05 0.000493673 0.000248491 0.00118298 0.00296696 2.08479e-06 2.99607e-05 1.90105e-05 4.36103e-05 1.80112e-09 2.17806e+07 inf 
1755 52.876 653.052 327.542 1627.72 4082.66 -1.13053 9.13028 5.29456 12.6439 -0.000321817 0.0144299 1.71651 0.434598 11.3657 71.4954 4.2155e-05 0.00382231 0.00138538 0.00809881 9.1531e-12 2.10922e-06 2.60501e-05 1.30656e-05 6.49295e-05 0.000162857 -4.50964e-08 3.64205e-07 2.11199e-07 5.04363e-07 -1.28372e-11 2.38989e-05 0.00026037 0.000131017 0.000670195 0.0016809 1.29596e-06 1.23426e-05 7.43088e-06 1.79668e-05 6.04112e-10 2.50691e+07 inf 
1765 25.6413 296.125 148.484 798.267 2002.24 -0.486593 3.12075 1.72954 4.38538 -9.47075e-05 0.00438507 0.475788 0.12032 3.65169 22.9716 1.12477e-05 0.000557215 0.000181059 0.0011867 8.70155e-13 8.84404e-07 1.02138e-05 5.1214e-06 2.75333e-05 6.906e-05 -1.67832e-08 1.07639e-07 5.96543e-08 1.51258e-07 -3.26659e-12 1.22664e-05 0.000127696 6.42167e-05 0.000353827 0.000887441 6.22628e-07 4.38264e-06 2.49828e-06 6.39593e-06 1.73211e-10 2.89928e+07 inf 
1775 11.5419 123.609 61.9551 362.382 908.952 -0.166897 0.877807 0.462955 1.25184 -2.2554e-05 0.0010748 0.105701 0.026677 0.946374 5.95359 1.59767e-06 4.89211e-05 1.41581e-05 0.000104958 4.78382e-14 3.32405e-07 3.55992e-06 1.7843e-06 1.04365e-05 2.61777e-05 -4.80661e-09 2.52807e-08 1.3333e-08 3.60529e-08 -6.49551e-13 5.55369e-06 5.5059e-05 2.76606e-05 0.000164762 0.000413252 2.14451e-07 1.18671e-06 6.38414e-07 1.73824e-06 3.71121e-11 3.47224e+07 inf 
1785 4.58245 45.0428 22.5631 144.59 362.677 -0.0403867 0.178348 0.0891919 0.258587 -3.87562e-06 0.000182229 0.0159528 0.00401548 0.168433 1.05966 9.23588e-08 1.90205e-06 4.88335e-07 4.14136e-06 1.16449e-15 1.03731e-07 1.01961e-06 5.1075e-07 3.27302e-06 8.20976e-06 -9.14215e-10 4.03719e-09 2.019e-09 5.85352e-09 -8.77306e-14 2.02837e-06 1.89757e-05 9.52028e-06 6.16606e-05 0.00015466 4.57149e-08 2.0746e-07 1.0512e-07 3.06124e-07 5.13345e-12 4.41764e+07 inf 
1795 1.48559 13.131 6.57337 46.6807 117.092 -0.00678694 0.0256601 0.0121771 0.0379096 -4.84239e-07 1.86198e-05 0.00138455 0.000347598 0.0175907 0.110674 2.07715e-09 3.09133e-08 7.11711e-09 6.80516e-08 1.23956e-17 2.50733e-08 2.2162e-07 1.10943e-07 7.8786e-07 1.97624e-06 -1.14547e-10 4.33081e-10 2.05521e-10 6.39823e-10 -8.17279e-15 5.60026e-07 4.82896e-06 2.41957e-06 1.72124e-05 4.31741e-05 5.91981e-09 2.28376e-08 1.0958e-08 3.38842e-08 4.5732e-13 5.92501e+07 inf 
1805 0.343275 2.62893 1.31533 10.5553 26.4773 -0.00173347 0.00547899 0.00242609 0.00841248 -9.37166e-08 1.00283e-06 5.78953e-05 1.45057e-05 0.00092175 0.00579962 3.4592e-10 3.72277e-09 7.54099e-10 8.37416e-09 1.01321e-18 3.90535e-09 2.99086e-08 1.49641e-08 1.20085e-07 3.01226e-07 -1.97213e-11 6.2333e-11 2.76009e-11 9.57066e-11 -1.06619e-15 1.06741e-07 8.11027e-07 4.05961e-07 3.23606e-06 8.11726e-06 1.9837e-09 6.50762e-09 2.9289e-09 9.7602e-09 1.07359e-13 8.78986e+07 inf 
1815 0.0739625 0.452295 0.22621 2.18234 5.47439 -0.002465 0.00399687 0.0012883 0.00834826 -7.7466e-08 4.20414e-07 3.9051e-06 9.76723e-07 0.00021003 0.00132147 2.31538e-09 3.44249e-09 2.97623e-10 1.9339e-08 1.39691e-18 5.26704e-10 3.22089e-09 1.61089e-09 1.55409e-08 3.89843e-08 -1.75538e-11 2.84626e-11 9.17427e-12 5.94498e-11 -5.51653e-16 5.47137e-08 1.66729e-07 8.33838e-08 1.22288e-06 3.0674e-06 4.06055e-09 4.95115e-09 1.4558e-09 1.17352e-08 9.97368e-14 1.40425e+08 inf 
1825 0.140286 0.343449 0.171725 3.0601 7.67583 -0.0336126 0.0299715 0.00736719 0.0817791 -6.28536e-07 1.84791e-06 6.53018e-06 1.63255e-06 0.000720405 0.0045326 2.18523e-08 1.51961e-08 9.02346e-10 1.19284e-07 6.88133e-18 4.75283e-10 1.16359e-09 5.81798e-10 1.03675e-08 2.60053e-08 -1.13878e-10 1.01542e-10 2.49597e-11 2.77064e-10 -2.12945e-15 7.91227e-08 1.48737e-07 7.43684e-08 1.56224e-06 3.91861e-06 8.60358e-09 7.17449e-09 1.74828e-09 2.01011e-08 1.52673e-13 2.95164e+08 inf 
1835 -0.293473 -0.0521151 -0.0260578 -3.15892 -7.92359 -0.22392 0.120953 0.0237248 0.416164 -2.80474e-06 9.94239e-06 2.44775e-06 6.11937e-07 0.00135338 0.00851509 8.62617e-08 2.92985e-08 1.28094e-09 3.16868e-07 1.49452e-17 -2.15789e-10 -3.83199e-11 -1.91601e-11 -2.32273e-09 -5.82616e-09 -1.64647e-10 8.89359e-11 1.74447e-11 3.06003e-10 -2.06231e-15 8.55016e-08 4.24242e-08 2.12121e-08 9.97559e-07 2.50221e-06 7.96245e-09 4.64059e-09 9.70341e-10 1.5261e-08 1.04809e-13 1.36e+09 inf 
1845 0.00423101 -0.0121004 -0.00605024 -0.242811 -0.609038 -0.120406 0.0228225 0.00272553 0.130128 -7.61775e-07 4.23073e-06 1.52046e-07 3.80115e-08 0.000397813 0.00250293 1.16787e-07 5.88653e-09 9.33352e-11 1.64841e-07 5.53262e-18 3.94215e-12 -1.12743e-11 -5.63718e-12 -2.26234e-10 -5.67457e-10 -1.12185e-10 2.12644e-11 2.53946e-12 1.21243e-10 -7.09767e-16 6.27845e-08 1.19023e-08 5.95116e-09 6.08813e-07 1.52711e-06 1.04308e-08 2.34183e-09 2.94884e-10 1.23924e-08 7.17941e-14 1.07327e+09 inf 
1855 1.15769e-08 8.49651e-09 4.2482e-09 1.8298e-07 4.58983e-07 -1.88965e-09 9.1125e-10 1.75126e-10 3.21646e-09 -2.07961e-14 4.54303e-20 2.39471e-20 5.98685e-21 1.12589e-17 7.08381e-17 6.08074e-21 1.40902e-21 5.19553e-23 1.75861e-20 7.34431e-31 5.47857e-14 4.02084e-14 2.01039e-14 8.65923e-13 2.17206e-12 -8.94245e-15 4.31235e-15 8.28756e-16 1.52214e-14 -9.84144e-20 4.60424e-13 3.34229e-13 1.67116e-13 7.24783e-12 1.818e-11 1.69399e-13 8.15436e-14 1.56583e-14 2.88083e-13 1.86169e-18 211312 inf 
1865 0 0 0 0 0 0 0 0 0 0 0 0 0 0 0 0 0 0 0 0 0.0 0.0 0.0 0.0 0.0 0.0 0.0 0.0 0.0 0.0 0.0 0.0 0.0 0.0 0.0 0.0 0.0 0.0 0.0 0.0 0 -nan 
1875 0 0 0 0 0 0 0 0 0 0 0 0 0 0 0 0 0 0 0 0 0.0 0.0 0.0 0.0 0.0 0.0 0.0 0.0 0.0 0.0 0.0 0.0 0.0 0.0 0.0 0.0 0.0 0.0 0.0 0.0 0 -nan 
1885 0 0 0 0 0 0 0 0 0 0 0 0 0 0 0 0 0 0 0 0 0.0 0.0 0.0 0.0 0.0 0.0 0.0 0.0 0.0 0.0 0.0 0.0 0.0 0.0 0.0 0.0 0.0 0.0 0.0 0.0 0 -nan 
1895 0 0 0 0 0 0 0 0 0 0 0 0 0 0 0 0 0 0 0 0 0.0 0.0 0.0 0.0 0.0 0.0 0.0 0.0 0.0 0.0 0.0 0.0 0.0 0.0 0.0 0.0 0.0 0.0 0.0 0.0 0 -nan 
