255 0 0 0 0 0 0 0 0 0 0 0 0 0 0 0 0 0 0 0 0 0.0 0.0 0.0 0.0 0.0 0.0 0.0 0.0 0.0 0.0 0.0 0.0 0.0 0.0 0.0 0.0 0.0 0.0 0.0 0.0 0 -nan 
265 0 0 0 0 0 0 0 0 0 0 0 0 0 0 0 0 0 0 0 0 0.0 0.0 0.0 0.0 0.0 0.0 0.0 0.0 0.0 0.0 0.0 0.0 0.0 0.0 0.0 0.0 0.0 0.0 0.0 0.0 0 -nan 
275 0 0 0 0 0 0 0 0 0 0 0 0 0 0 0 0 0 0 0 0 0.0 0.0 0.0 0.0 0.0 0.0 0.0 0.0 0.0 0.0 0.0 0.0 0.0 0.0 0.0 0.0 0.0 0.0 0.0 0.0 0 -nan 
285 0 0 0 0 0 0 0 0 0 0 0 0 0 0 0 0 0 0 0 0 0.0 0.0 0.0 0.0 0.0 0.0 0.0 0.0 0.0 0.0 0.0 0.0 0.0 0.0 0.0 0.0 0.0 0.0 0.0 0.0 0 -nan 
295 4.81976e-11 7.20838e-06 8.77446e-13 2.48304e-12 0.000872826 6.68198e-12 1.05089e-05 2.99079e-07 1.0682e-07 5.16844e-10 3.45926e-25 2.4772e-17 1.48064e-26 1.18558e-25 3.62031e-13 1.11366e-26 1.58252e-16 1.27073e-19 5.56298e-21 2.98375e-24 0.0 0.0 0.0 0.0 0.0 0.0 0.0 0.0 0.0 0.0 0.0 0.0 0.0 0.0 0.0 0.0 0.0 0.0 0.0 0.0 -1.35736e+08 -inf 
305 1.02681e-09 0.00032309 1.10598e-10 3.07578e-10 0.038597 -3.45699e-10 0.000396095 1.05875e-05 6.12716e-06 2.95148e-08 3.09011e-20 4.02004e-14 7.45904e-24 5.81492e-23 4.32352e-10 1.28317e-23 4.02785e-11 2.80516e-14 1.35902e-17 2.47955e-19 3.08006e-18 9.69155e-13 3.31755e-19 9.22625e-19 1.15777e-10 -1.03697e-18 1.18815e-12 3.17587e-14 1.83793e-14 8.85339e-17 9.62769e-15 1.09384e-11 1.49581e-16 4.17644e-16 1.13292e-09 1.96188e-16 3.47592e-10 9.173e-12 2.01067e-13 2.72722e-14 3.33373e+08 inf 
315 1.14359e-09 0.000752096 2.71494e-09 7.40944e-09 0.0860208 -7.31612e-09 0.0052897 0.000132498 1.96346e-05 7.24786e-07 9.8901e-23 7.52538e-12 5.72731e-21 4.2712e-20 8.13841e-08 5.73741e-22 1.03224e-08 6.43617e-12 6.51314e-15 4.69164e-16 1.09304e-17 7.18854e-12 2.59494e-17 7.08195e-17 8.22187e-10 -6.99275e-17 5.0559e-11 1.26642e-12 1.87668e-13 6.92751e-15 9.72202e-16 2.68097e-10 7.39872e-15 2.02049e-14 2.78782e-08 2.34071e-15 9.93274e-09 2.48023e-10 7.8878e-12 2.1176e-12 1.04624e+08 inf 
325 9.78425e-10 0.00193594 2.57579e-08 6.9005e-08 0.207547 -3.9401e-08 0.0354252 0.000832922 7.59884e-05 5.5691e-06 3.48272e-22 2.1411e-10 6.64831e-19 4.69846e-18 1.90597e-06 2.80495e-20 6.25628e-07 3.28445e-10 8.17703e-13 2.6883e-14 1.51252e-17 2.99272e-11 3.98184e-16 1.06673e-15 3.20841e-09 -6.09088e-16 5.47628e-10 1.28759e-11 1.17468e-12 8.6091e-14 2.32026e-15 1.81906e-09 1.01377e-13 2.69501e-13 1.7162e-07 2.08144e-14 9.83418e-08 2.25326e-09 1.12424e-10 2.03855e-11 6.46885e+07 inf 
335 8.04348e-10 0.00531597 1.34362e-07 3.54847e-07 0.545389 -1.26184e-07 0.136562 0.00304626 0.000319139 2.36924e-05 2.23976e-22 2.69203e-09 2.18398e-17 1.48794e-16 2.12273e-05 3.03449e-18 1.04403e-05 4.76937e-09 3.60006e-11 4.43765e-13 1.70453e-17 1.12653e-10 2.84733e-15 7.51975e-15 1.15576e-08 -2.67402e-15 2.89395e-09 6.45548e-11 6.76303e-12 5.02078e-13 2.17855e-15 7.55218e-09 6.80301e-13 1.7757e-12 6.70601e-07 2.53571e-13 4.70359e-07 1.00532e-08 8.7342e-10 9.69731e-11 4.71887e+07 inf 
345 6.43202e-10 0.0133953 4.78386e-07 1.25345e-06 1.34359 -2.67399e-07 0.382068 0.00821316 0.0011385 7.37265e-05 1.43525e-21 1.65883e-08 2.48306e-16 1.67282e-15 0.000124385 7.90869e-17 7.06205e-05 3.01042e-08 4.78237e-10 3.54767e-12 1.71999e-17 3.58205e-10 1.27926e-14 3.35187e-14 3.59292e-08 -7.15056e-15 1.02169e-08 2.19629e-10 3.04448e-11 1.97153e-12 6.19515e-15 2.10586e-08 2.57679e-12 6.6882e-12 1.82343e-06 1.45424e-12 1.37418e-06 2.8372e-08 3.57599e-09 3.08002e-10 3.73956e+07 inf 
355 4.11811e-10 0.0302808 1.34341e-06 3.50295e-06 3.00897 -3.35734e-07 0.886242 0.0185348 0.00342575 0.000187597 4.93873e-20 6.36233e-08 1.34452e-15 9.03771e-15 0.000475182 7.4654e-16 0.000281449 1.16264e-07 2.92085e-09 1.63788e-11 1.45992e-17 1.07349e-09 4.76257e-14 1.24184e-13 1.06672e-07 -1.19022e-14 3.14184e-08 6.57084e-10 1.21447e-10 6.65054e-12 4.18431e-14 4.74803e-08 6.9038e-12 1.78992e-11 4.10298e-06 5.14448e-12 3.1586e-06 6.41973e-08 1.01751e-08 7.61975e-10 2.82077e+07 inf 
365 -1.33083e-09 0.0641317 3.77944e-06 9.81582e-06 6.28595 9.68762e-07 1.92879 0.0392018 0.0100191 0.000458864 9.70001e-19 2.97756e-07 1.21032e-14 8.13729e-14 0.0021109 1.60429e-14 0.00131536 5.11738e-07 3.28923e-08 1.04926e-10 -5.65984e-17 2.72743e-09 1.60734e-13 4.17453e-13 2.67332e-07 4.12e-14 8.20285e-08 1.66719e-09 4.26098e-10 1.95148e-11 2.03108e-13 1.12497e-07 2.26871e-11 5.8826e-11 9.47111e-06 2.61204e-11 7.47887e-06 1.47515e-07 3.73989e-08 2.11234e-09 2.35136e+07 inf 
375 -8.87947e-09 0.121864 8.25028e-06 2.1385e-05 11.8958 5.57747e-06 3.55133 0.0706997 0.0243916 0.000910424 5.23471e-18 8.07871e-07 4.27063e-14 2.8822e-13 0.00571632 9.33923e-14 0.00346552 1.31421e-06 1.34024e-07 3.13055e-10 -4.26868e-16 5.85846e-09 3.96621e-13 1.02805e-12 5.71873e-07 2.68129e-13 1.70725e-07 3.39879e-09 1.17259e-09 4.37674e-11 5.01648e-13 1.96985e-07 4.53088e-11 1.17706e-10 1.65674e-05 6.70048e-11 1.29062e-05 2.51331e-07 8.02597e-08 3.87914e-09 2.08014e+07 inf 
385 -2.80072e-08 0.221388 1.79576e-05 4.65308e-05 21.4695 2.13755e-05 6.42846 0.12579 0.0567033 0.00179581 2.0399e-17 2.35286e-06 1.92506e-13 1.31064e-12 0.0163248 6.93952e-13 0.00991771 3.65938e-06 6.74182e-07 1.10794e-09 -1.57444e-15 1.24454e-08 1.0095e-12 2.61575e-12 1.20692e-06 1.20163e-12 3.61379e-07 7.07134e-09 3.1876e-09 1.00952e-10 1.07086e-12 3.63473e-07 1.04023e-10 2.71425e-10 3.02696e-05 1.97508e-10 2.36093e-05 4.53502e-07 1.94652e-07 7.89132e-09 1.77887e+07 inf 
395 -6.62497e-08 0.380436 3.4255e-05 8.87316e-05 36.7579 5.9794e-05 10.7578 0.207757 0.119885 0.00319035 1.26657e-16 4.93261e-06 3.92119e-13 2.67499e-12 0.035376 2.03761e-12 0.0197393 7.21218e-06 1.63806e-06 2.22965e-09 -4.04795e-15 2.32451e-08 2.09303e-12 5.42162e-12 2.24596e-06 3.6535e-12 6.57314e-07 1.26943e-08 7.32513e-09 1.94935e-10 2.78189e-12 5.48497e-07 1.54773e-10 4.04248e-10 4.64379e-05 3.52828e-10 3.47227e-05 6.63711e-07 3.16282e-07 1.16703e-08 1.63663e+07 inf 
405 -1.78996e-07 0.631894 6.78791e-05 0.000176134 60.7157 0.000162256 17.7961 0.339627 0.248865 0.0057607 1.37726e-15 1.29188e-05 1.56627e-12 1.07921e-11 0.0906939 1.09503e-11 0.0507473 1.81795e-05 6.77499e-06 7.29852e-09 -1.14594e-14 4.04543e-08 4.34567e-12 1.12762e-11 3.88706e-06 1.03877e-11 1.13932e-06 2.17431e-08 1.59325e-08 3.68804e-10 9.39005e-12 9.08534e-07 3.16631e-10 8.31136e-10 7.60998e-05 8.3722e-10 5.69875e-05 1.07861e-06 6.58396e-07 2.1613e-08 1.56199e+07 inf 
415 -7.50244e-08 1.0209 0.000124709 0.00032439 97.7438 0.000402067 27.9306 0.528319 0.494945 0.00975255 4.62949e-14 2.83762e-05 4.21489e-12 2.93376e-11 0.199767 4.7371e-11 0.104009 3.68473e-05 2.1615e-05 1.73066e-08 -5.47059e-15 7.44411e-08 9.09343e-12 2.36537e-11 7.12723e-06 2.93177e-11 2.03663e-06 3.85236e-08 3.60901e-08 7.11131e-10 5.81008e-11 1.43652e-06 5.54307e-10 1.46242e-09 0.000120481 1.85831e-09 8.70627e-05 1.6387e-06 1.25491e-06 3.55169e-08 1.37141e+07 inf 
425 1.14017e-06 1.56028 0.000207753 0.000541892 149.24 0.000869245 40.7847 0.766758 0.908293 0.0151753 2.54432e-13 5.35225e-05 9.38122e-12 6.60715e-11 0.380324 1.56651e-10 0.1811 6.3764e-05 5.62983e-05 3.39022e-08 9.20144e-14 1.25919e-07 1.67662e-11 4.3732e-11 1.2044e-05 7.01502e-11 3.29143e-06 6.18792e-08 7.33015e-08 1.22468e-09 1.43294e-10 2.0745e-06 8.69946e-10 2.30873e-09 0.00017478 3.55489e-09 0.000120849 2.26762e-06 2.13027e-06 5.22924e-08 1.23912e+07 inf 
435 2.73766e-06 2.36377 0.000359791 0.00094259 225.327 0.00189376 60.6267 1.13473 1.6743 0.0242339 4.9558e-13 0.000109651 2.58263e-11 1.84317e-10 0.774255 5.72274e-10 0.360573 0.000126488 0.000167465 7.98084e-08 2.46223e-13 2.12596e-07 3.23594e-11 8.4776e-11 2.02658e-05 1.70324e-10 5.45273e-06 1.02057e-07 1.50585e-07 2.17958e-09 2.11121e-10 3.13317e-06 1.52373e-09 4.07065e-09 0.000263107 7.17224e-09 0.00018 3.37132e-06 3.87802e-06 8.46946e-08 1.11186e+07 inf 
445 4.66745e-06 3.49273 0.000588045 0.00154669 331.963 0.00379955 87.2896 1.62985 2.93723 0.037191 1.17447e-12 0.000203175 5.49189e-11 3.95452e-10 1.43544 1.57268e-09 0.621946 0.000218038 0.000393237 1.55833e-07 4.56378e-13 3.41515e-07 5.74983e-11 1.51233e-10 3.2459e-05 3.71516e-10 8.53508e-06 1.59364e-07 2.87199e-07 3.6365e-09 3.38878e-10 4.44406e-06 2.31659e-09 6.21643e-09 0.000373231 1.2395e-08 0.000246456 4.61455e-06 6.19418e-06 1.23385e-07 1.02272e+07 inf 
455 9.00959e-06 5.04289 0.000936556 0.00247456 478 0.00739189 123.049 2.29564 5.027 0.055613 2.80301e-12 0.0003579 1.04678e-10 7.59031e-10 2.56102 4.01867e-09 1.01157 0.000355021 0.000874393 2.72325e-07 9.38028e-13 5.25037e-07 9.7509e-11 2.57637e-10 4.97667e-05 7.69602e-10 1.28112e-05 2.39009e-07 5.23383e-07 5.79011e-09 5.40215e-10 6.08168e-06 3.29984e-09 8.88593e-09 0.000513967 2.04404e-08 0.000324276 6.07501e-06 9.52696e-06 1.68284e-07 9.60482e+06 inf 
465 1.52583e-05 7.14816 0.00148077 0.00393326 675.277 0.0138855 171.929 3.21028 8.39426 0.082607 8.07939e-12 0.000636126 2.31747e-10 1.69859e-09 4.52433 1.08046e-08 1.7811 0.000627934 0.00203091 5.5061e-07 1.70222e-12 7.97452e-07 1.65195e-10 4.38796e-10 7.53341e-05 1.54907e-09 1.91804e-05 3.5814e-07 9.36466e-07 9.21566e-09 9.49387e-10 8.38633e-06 5.08198e-09 1.37587e-08 0.000706442 3.46837e-08 0.000445345 8.36208e-06 1.50231e-05 2.47672e-07 8.96376e+06 inf 
475 1.78593e-05 9.97148 0.00227122 0.00607063 940.149 0.0256909 233.915 4.37888 13.7807 0.119269 1.19866e-11 0.00106935 4.40236e-10 3.27636e-09 7.68222 2.89423e-08 2.70446 0.000962237 0.00454294 9.33002e-07 2.17675e-12 1.21536e-06 2.76824e-10 7.39908e-10 0.000114588 3.13129e-09 2.85104e-05 5.33713e-07 1.67964e-06 1.4537e-08 1.2087e-09 1.13516e-05 7.31989e-09 1.99696e-08 0.000960835 5.93108e-08 0.000573425 1.08165e-05 2.3471e-05 3.36907e-07 8.20457e+06 inf 
485 3.28145e-05 13.6076 0.00342449 0.00921049 1279.7 0.0454471 314.091 5.90153 21.9186 0.170125 3.31331e-11 0.00177798 8.8138e-10 6.63998e-09 12.7706 7.16564e-08 4.32879 0.00155557 0.00969562 1.71851e-06 4.28304e-12 1.7761e-06 4.46973e-10 1.20218e-09 0.00016703 5.93188e-09 4.09961e-05 7.70284e-07 2.86087e-06 2.22052e-08 2.07957e-09 1.51298e-05 1.07164e-08 2.94147e-08 0.00128022 9.65277e-08 0.00075055 1.42283e-05 3.54586e-05 4.73087e-07 7.6615e+06 inf 
495 5.52604e-05 18.3022 0.00506383 0.0137178 1716.64 0.0788405 415.376 7.84542 34.3352 0.237596 6.86547e-11 0.00285474 1.71428e-09 1.31803e-08 20.4126 1.83738e-07 6.70278 0.00244519 0.0209378 2.98373e-06 7.6712e-12 2.54069e-06 7.02957e-10 1.90429e-09 0.000238302 1.09446e-08 5.76621e-05 1.08909e-06 4.76638e-06 3.29829e-08 3.08715e-09 1.97443e-05 1.54104e-08 4.27323e-08 0.00166639 1.59332e-07 0.000962885 1.83917e-05 5.37015e-05 6.42737e-07 7.20362e+06 inf 
505 4.34619e-05 24.6085 0.00755542 0.0206282 2300.91 0.136141 553.468 10.5232 53.6054 0.336062 4.44509e-11 0.00463424 3.20888e-09 2.51065e-08 33.1359 4.53086e-07 10.096 0.00374698 0.0443772 5.11509e-06 6.41364e-12 3.63146e-06 1.11495e-09 3.0441e-09 0.000339544 2.00902e-08 8.16749e-05 1.5529e-06 7.91052e-06 4.95925e-08 2.56116e-09 2.58976e-05 2.17322e-08 6.07922e-08 0.00218508 2.57795e-07 0.00121786 2.34633e-05 8.05366e-05 8.67393e-07 6.77647e+06 inf 
515 5.33707e-05 32.3032 0.0108176 0.0297558 3014.69 0.22585 714.593 13.6856 81.0101 0.457768 6.84804e-11 0.00709174 5.78191e-09 4.59359e-08 50.8071 9.97172e-07 14.7804 0.00557681 0.0856749 8.50087e-06 8.42308e-12 5.09816e-06 1.70726e-09 4.69613e-09 0.000475786 3.56441e-08 0.000112779 2.15989e-06 1.27852e-05 7.2246e-08 3.2875e-09 3.30642e-05 3.01596e-08 8.50156e-08 0.00279144 3.95102e-07 0.00152314 2.95885e-05 0.000115577 1.15603e-06 6.33624e+06 inf 
525 7.39289e-05 41.7771 0.0153018 0.0424339 3890.69 0.367226 912.942 17.6337 120.368 0.61664 8.94384e-11 0.010647 9.98332e-09 8.06012e-08 76.3809 2.21011e-06 21.3943 0.00822698 0.164824 1.35484e-05 1.23415e-11 6.97416e-06 2.55445e-09 7.0838e-09 0.000649501 6.13037e-08 0.000152404 2.94373e-06 2.0094e-05 1.0294e-07 3.86399e-09 4.15781e-05 4.07439e-08 1.15781e-07 0.00351127 6.04311e-07 0.00188369 3.69422e-05 0.000164656 1.50038e-06 5.99027e+06 inf 
535 7.2278e-05 53.9151 0.0217226 0.0607632 5006.03 0.592931 1169.88 22.8166 178.023 0.835305 7.88215e-11 0.0160757 1.72906e-08 1.41837e-07 115.183 4.80292e-06 30.9491 0.0121468 0.314517 2.18364e-05 1.25398e-11 9.35392e-06 3.76872e-09 1.0542e-08 0.000868514 1.0287e-07 0.000202966 3.95853e-06 3.08859e-05 1.4492e-07 3.69795e-09 5.19763e-05 5.46407e-08 1.56514e-07 0.00438512 9.07024e-07 0.00230831 4.57353e-05 0.000231544 1.941e-06 5.76391e+06 inf 
545 6.52729e-05 68.8337 0.0302201 0.0852697 6372.14 0.937667 1481.98 29.2048 259.316 1.11171 8.45597e-11 0.0235451 2.89504e-08 2.41943e-07 168.062 9.92441e-06 43.4498 0.0174551 0.578765 3.38981e-05 1.16807e-11 1.23179e-05 5.40791e-09 1.52591e-08 0.0011403 1.67797e-07 0.000265203 5.22623e-06 4.6405e-05 1.98942e-07 3.88998e-09 6.37314e-05 7.17737e-08 2.07517e-07 0.0053642 1.32206e-06 0.0027758 5.56444e-05 0.000318461 2.4549e-06 5.58812e+06 inf 
555 4.98657e-05 86.7041 0.0415988 0.118496 8011.95 1.46209 1850.07 36.8823 372.192 1.46445 6.25822e-11 0.0338895 4.91555e-08 4.19398e-07 242.332 2.12251e-05 60.8469 0.0250732 1.06811 5.32553e-05 9.23657e-12 1.60601e-05 7.7053e-09 2.19489e-08 0.00148405 2.70822e-07 0.000342686 6.83168e-06 6.89409e-05 2.71258e-07 3.4047e-09 7.75848e-05 9.51086e-08 2.77854e-07 0.00653335 1.96422e-06 0.00333964 6.78056e-05 0.000439423 3.12903e-06 5.39872e+06 inf 
565 5.94041e-05 108.769 0.0569223 0.163677 10021.5 2.25189 2310.9 46.6338 530.041 1.92355 9.64651e-11 0.0483718 7.93664e-08 6.89044e-07 344.83 4.24482e-05 83.8215 0.0354118 1.89626 8.07018e-05 1.14312e-11 2.09306e-05 1.09536e-08 3.14964e-08 0.00192845 4.33333e-07 0.000444688 8.97377e-06 0.000101996 3.70149e-07 4.30845e-09 9.41813e-05 1.23096e-07 3.62769e-07 0.00791434 2.82499e-06 0.0039915 8.20597e-05 0.000595395 3.92332e-06 5.19668e+06 inf 
575 5.65296e-05 135.385 0.0773337 0.224569 12436.7 3.42105 2867.74 58.6275 746.446 2.51283 6.55438e-11 0.0681796 1.29886e-07 1.14939e-06 484.78 8.51355e-05 115.904 0.0503083 3.35632 0.000123776 1.12314e-11 2.68986e-05 1.53648e-08 4.46177e-08 0.00247095 6.797e-07 0.000569767 1.16482e-05 0.000148305 4.99254e-07 3.60863e-09 0.000113237 1.59906e-07 4.75785e-07 0.00949797 4.05622e-06 0.00476481 9.92958e-05 0.000803022 4.93383e-06 5.03317e+06 inf 
585 6.21282e-05 166.734 0.103525 0.303728 15271.3 5.1244 3514.05 72.8451 1038.01 3.23832 6.67699e-11 0.094448 2.05963e-07 1.86634e-06 668.636 0.000168401 154.376 0.0690464 5.81849 0.00018418 1.28442e-11 3.44702e-05 2.14025e-08 6.2792e-08 0.00315715 1.05941e-06 0.000726486 1.50598e-05 0.000214596 6.69483e-07 3.71533e-09 0.000135417 2.05237e-07 6.17981e-07 0.0113254 5.80452e-06 0.00560247 0.000118523 0.00107557 6.13422e-06 4.83705e+06 inf 
595 6.34324e-05 204.616 0.139519 0.41372 18675.3 7.62256 4335.37 91.2146 1438.13 4.20744 6.83619e-11 0.130815 3.38798e-07 3.12782e-06 920.833 0.000327066 216.295 0.0997697 10.1253 0.000285029 1.36286e-11 4.39622e-05 2.9976e-08 8.88888e-08 0.00401243 1.63772e-06 0.000931464 1.95977e-05 0.000308985 9.03979e-07 3.83243e-09 0.000161782 2.68129e-07 8.14934e-07 0.0134812 8.22123e-06 0.00675306 0.000145092 0.00144221 7.77316e-06 4.65436e+06 inf 
605 8.41872e-05 249.049 0.183462 0.549855 22673.2 11.1881 5250.08 112.136 1966.07 5.34885 1.35135e-10 0.176142 5.08926e-07 4.80977e-06 1236.84 0.000622152 279.605 0.133058 16.8706 0.000405614 1.86067e-11 5.50437e-05 4.05481e-08 1.21527e-07 0.00501114 2.47276e-06 0.00116035 2.47839e-05 0.000434533 1.18218e-06 5.46505e-09 0.000189474 3.32921e-07 1.02385e-06 0.0157559 1.14626e-05 0.007775 0.000169687 0.00188145 9.39413e-06 4.52456e+06 inf 
615 7.98729e-05 299.999 0.240697 0.729581 27225.5 16.205 6327.5 137.349 2658.61 6.78953 1.78983e-10 0.235876 8.09987e-07 7.84353e-06 1649.4 0.00117478 372.744 0.183624 28.18 0.000610112 1.81392e-11 6.813e-05 5.46624e-08 1.65688e-07 0.00618292 3.68016e-06 0.00143698 3.11919e-05 0.000603772 1.54191e-06 6.37548e-09 0.000221192 4.25395e-07 1.32432e-06 0.0183399 1.59138e-05 0.00908765 0.000201812 0.00245665 1.16696e-05 4.40334e+06 inf 
625 7.8908e-05 362.377 0.316835 0.971289 32781.5 23.4149 7676.62 169.43 3597.48 8.6597 8.30139e-11 0.315308 1.27105e-06 1.26002e-05 2194.31 0.00216568 498.713 0.254449 46.6266 0.000907078 1.84314e-11 8.46443e-05 7.40066e-08 2.26874e-07 0.00765714 5.46928e-06 0.00179311 3.95757e-05 0.000840302 2.02274e-06 4.40342e-09 0.000257848 5.3983e-07 1.7005e-06 0.0213054 2.18163e-05 0.010643 0.000240558 0.00319139 1.44147e-05 4.28117e+06 inf 
635 9.82506e-05 432.658 0.412305 1.27888 38986.3 33.3866 9221.26 207.104 4806.89 10.9359 1.0847e-10 0.416652 1.91173e-06 1.93739e-05 2876.78 0.00394382 651.685 0.344396 75.8458 0.00130013 2.36938e-11 0.000104339 9.94303e-08 3.0841e-07 0.00940184 8.05143e-06 0.00222378 4.99448e-05 0.00115922 2.63728e-06 5.11447e-09 0.000299319 6.71671e-07 2.1394e-06 0.0246041 2.977e-05 0.0123375 0.000283829 0.00411667 1.75095e-05 4.14667e+06 inf 
645 0.000105413 512.89 0.53036 1.6645 46077.8 47.0517 10982.9 251.084 6359.61 13.6799 1.03203e-10 0.539049 2.84716e-06 2.95565e-05 3716.13 0.00703965 839.367 0.460012 120.633 0.00184989 2.62181e-11 0.000127565 1.3191e-07 4.13993e-07 0.0114604 1.17026e-05 0.00273166 6.24493e-05 0.00158175 3.40246e-06 5.06633e-09 0.000343218 8.31108e-07 2.67953e-06 0.028159 4.01739e-05 0.0141882 0.000332436 0.00524422 2.11784e-05 4.02061e+06 inf 
655 0.0001263 604.528 0.679618 2.15866 54095.3 65.7109 13039.6 303.622 8350.01 17.0713 9.04253e-11 0.69701 4.22492e-06 4.48793e-05 4769.34 0.0123578 1080.05 0.614053 189.98 0.00263001 3.24472e-11 0.000155307 1.74598e-07 5.54571e-07 0.0138974 1.68815e-05 0.00334995 7.80023e-05 0.00214517 4.38571e-06 4.81972e-09 0.000393632 1.02709e-06 3.34996e-06 0.0321268 5.37568e-05 0.0163172 0.000389448 0.0066487 2.56209e-05 3.89248e+06 inf 
665 0.000138599 711.111 0.875842 2.81744 63370.3 91.5043 15561.4 369.427 10952.9 21.4472 8.17196e-11 0.89959 6.49007e-06 7.0811e-05 6117.19 0.0219307 1416.27 0.838717 302.845 0.00387489 3.654e-11 0.000187477 2.30906e-07 7.42788e-07 0.0167069 2.41241e-05 0.00410258 9.73953e-05 0.0028876 5.65431e-06 4.64146e-09 0.000449466 1.28752e-06 4.25639e-06 0.0365186 7.21098e-05 0.0188826 0.000460035 0.00845598 3.14579e-05 3.79306e+06 inf 
675 0.000182114 829.145 1.10918 3.61259 73624.4 125.723 18333.6 443.793 14191.5 26.5164 1.27031e-10 1.1373 9.25947e-06 0.000103484 7710.22 0.037394 1780.96 1.09646 465.039 0.00530245 4.92662e-11 0.000224304 3.0006e-07 9.77292e-07 0.0199172 3.40111e-05 0.00495968 0.000120057 0.00383914 7.17333e-06 5.86196e-09 0.000507302 1.55399e-06 5.19999e-06 0.0410987 9.46532e-05 0.0213821 0.00053123 0.0105388 3.71885e-05 3.69653e+06 inf 
685 0.000233076 962.503 1.40548 4.63639 85083.1 171.478 21610 533.696 18283.1 32.8677 1.63498e-10 1.44088 1.35071e-05 0.000154773 9690.93 0.0636814 2268.82 1.45412 713.852 0.00747331 6.47062e-11 0.000267209 3.90188e-07 1.28715e-06 0.0236207 4.76056e-05 0.00599934 0.000148164 0.00507574 9.1247e-06 6.73691e-09 0.000573248 1.89673e-06 6.42738e-06 0.0461784 0.000124149 0.0243695 0.00061785 0.0131307 4.46259e-05 3.60206e+06 inf 
695 0.000277081 1111.35 1.7748 5.93401 97863.3 232.548 25363.2 639.714 23431.2 40.627 1.13401e-10 1.80527 1.9873e-05 0.000234434 12084.1 0.108711 2881.4 1.93022 1094.96 0.0105981 7.88028e-11 0.000316072 5.04758e-07 1.68765e-06 0.0278327 6.61374e-05 0.00721338 0.000181937 0.00666391 1.15545e-05 5.6785e-09 0.000643059 2.32318e-06 7.98909e-06 0.0515957 0.000162923 0.0277029 0.000718235 0.0163402 5.36716e-05 3.51613e+06 inf 
705 0.000337973 1274.83 2.22284 7.53258 111756 312.042 29607.4 762.933 29776.3 49.891 6.63618e-11 2.24325 2.86561e-05 0.000347267 14894.9 0.180648 3629.84 2.53968 1649.18 0.0148321 9.83329e-11 0.000370911 6.46734e-07 2.1916e-06 0.0325152 9.07883e-05 0.00861424 0.000221975 0.0086634 1.45157e-05 4.39298e-09 0.000717702 2.81411e-06 9.80989e-06 0.0572401 0.000210516 0.0313352 0.000830448 0.020119 6.40677e-05 3.43703e+06 inf 
715 0.000437579 1459.64 2.79105 9.58841 127342 417.036 34655.5 912.8 37730.9 61.5143 6.72693e-11 2.78917 4.14909e-05 0.000516739 18379.2 0.299965 4587.84 3.35518 2480.67 0.0208707 1.30144e-10 0.000434124 8.30109e-07 2.85177e-06 0.0378738 0.000124034 0.0103072 0.000271483 0.0112219 1.82955e-05 4.47104e-09 0.000800678 3.41337e-06 1.20646e-05 0.0634972 0.000271718 0.0354721 0.000961348 0.0247359 7.66328e-05 3.36227e+06 inf 
725 0.000554916 1656.17 3.45612 12.0374 143925 550.808 40091.3 1079.72 47288 74.8818 6.2977e-11 3.40181 5.85677e-05 0.000749349 22308.5 0.485625 5685.94 4.34877 3647.27 0.0286551 1.68035e-10 0.000501507 1.04656e-06 3.64507e-06 0.0435823 0.000166791 0.0121401 0.000326953 0.0143194 2.26751e-05 4.36371e-09 0.000882383 4.07919e-06 1.46159e-05 0.069684 0.000345303 0.0396786 0.00109998 0.0299899 9.0349e-05 3.30238e+06 inf 
735 0.00072198 1876.44 4.2913 15.1587 162297 725.109 46518.4 1281.82 59150.6 91.5327 1.01113e-10 4.16034 8.29888e-05 0.00109257 27070 0.787157 7075.98 5.66565 5366.54 0.0396643 2.22509e-10 0.000578304 1.32254e-06 4.67179e-06 0.0500186 0.000223473 0.0143366 0.000395047 0.0182297 2.82096e-05 5.57788e-09 0.000973523 4.88133e-06 1.77453e-05 0.0764258 0.000438925 0.0444435 0.00126097 0.0363538 0.000106904 3.24473e+06 inf 
745 0.00092948 2114.73 5.29946 18.9929 182124 947.665 53680.4 1514.35 73501.8 111.406 1.04221e-10 5.03776 0.000117348 0.00159104 32595.8 1.26438 8755.01 7.35596 7833.48 0.0546977 2.9114e-10 0.000662395 1.65995e-06 5.94912e-06 0.0570466 0.000296836 0.0168143 0.000474338 0.0230229 3.48957e-05 5.70616e-09 0.00106734 5.83107e-06 2.15167e-05 0.0834004 0.000554914 0.0495944 0.00144191 0.0438591 0.000126155 3.19255e+06 inf 
755 0.00120064 2370.92 6.52597 23.7338 203240 1229.71 61827.1 1786.52 90809.4 135.407 9.14211e-11 6.07269 0.000165947 0.00231638 39001.7 2.00947 10861.6 9.57189 11344 0.0758383 3.83008e-10 0.000756334 2.08181e-06 7.57118e-06 0.0648342 0.000392281 0.0197231 0.000569907 0.0289686 4.31953e-05 5.38674e-09 0.00116841 6.97163e-06 2.61077e-05 0.0907647 0.000697957 0.0554607 0.00165187 0.0527219 0.000149422 3.13476e+06 inf 
765 0.0015344 2642.98 7.97125 29.4229 225476 1581.66 70745.8 2094.68 111324 163.405 8.27915e-11 7.25009 0.000229842 0.00330727 46200.2 3.14766 13266.2 12.2847 16215.9 0.103105 5.00513e-10 0.000862124 2.60017e-06 9.59755e-06 0.0735488 0.000515926 0.0230768 0.00068327 0.0363131 5.33016e-05 5.17257e-09 0.00127345 8.25905e-06 3.14117e-05 0.0982893 0.000872106 0.0616019 0.00188158 0.0630148 0.000175474 3.06567e+06 inf 
775 0.00199144 2948.89 9.79664 36.713 250251 2033.06 81388.5 2470.9 136566 198.698 1.08706e-10 8.68443 0.000324774 0.00481468 54846.4 4.92975 16459 16.0278 23259.7 0.143348 6.64356e-10 0.000983767 3.26822e-06 1.22477e-05 0.0834853 0.000678241 0.0271517 0.000824307 0.0455593 6.62869e-05 5.98529e-09 0.00138902 9.88258e-06 3.81602e-05 0.10643 0.00108839 0.0689465 0.00216044 0.0753918 0.000208394 2.99755e+06 inf 
785 0.00255965 3258.5 11.8733 45.1791 275166 2582.01 92505.8 2880.44 165612 238.442 1.50528e-10 10.235 0.000445627 0.00681175 64132 7.57107 19935.6 20.4251 32694.4 0.1935 8.7069e-10 0.00110841 4.03882e-06 1.53681e-05 0.0936005 0.000878296 0.0314667 0.000979811 0.0563347 8.11083e-05 7.1025e-09 0.00150099 1.16307e-05 4.56169e-05 0.114254 0.00134312 0.0760996 0.00244699 0.0891499 0.000243397 2.9398e+06 inf 
795 0.00327852 3598.08 14.412 55.6925 302359 3273.55 105323 3365.39 200603 286.862 2.1858e-10 12.0426 0.000609956 0.00960758 74942.1 11.5879 24153.1 26.039 45788.4 0.26118 1.13864e-09 0.00124962 5.00533e-06 1.93421e-05 0.10501 0.00113691 0.036579 0.00116881 0.0696701 9.96279e-05 8.63811e-09 0.00161891 1.3667e-05 5.44299e-05 0.122477 0.00165286 0.0839666 0.00277079 0.105112 0.000284223 2.87934e+06 inf 
805 0.00418805 3954.01 17.4822 68.6318 330233 4119.21 119777 3929.56 241574 345.407 3.49e-10 14.1513 0.000844828 0.0137308 87111.2 17.6356 29483.3 33.5015 64004.6 0.358084 1.48388e-09 0.00140096 6.19419e-06 2.43172e-05 0.117006 0.00145949 0.0424386 0.0013923 0.0855931 0.000122383 1.10206e-08 0.0017468 1.61545e-05 6.53733e-05 0.131051 0.00202939 0.0929801 0.00315144 0.123901 0.000334509 2.82236e+06 inf 
815 0.00529142 4328.47 21.0909 84.1314 359346 5154.04 135566 4568.07 289387 414.022 1.62443e-10 16.4903 0.00115728 0.019416 100492 26.5652 35692.5 42.7772 88549.5 0.485229 1.90662e-09 0.00155965 7.59955e-06 3.03145e-05 0.129481 0.00185712 0.0488475 0.00164598 0.104273 0.000149182 7.40924e-09 0.00187332 1.89537e-05 7.79555e-05 0.139443 0.0024745 0.102346 0.00356432 0.14503 0.00039062 2.77529e+06 inf 
825 0.00674476 4721.2 25.3905 102.939 389287 6412.28 153149 5302.89 345053 495.737 2.74597e-10 19.1415 0.00158557 0.0274963 115260 39.7287 43100.6 54.5651 121829 0.659961 2.4718e-09 0.00173021 9.30506e-06 3.77247e-05 0.142665 0.00234995 0.0561256 0.00194339 0.126454 0.000181676 9.72233e-09 0.00200532 2.22372e-05 9.30248e-05 0.147943 0.00300622 0.112451 0.00402742 0.169284 0.000457006 2.72868e+06 inf 
835 0.00854807 5141.04 30.5079 125.724 420847 7950.86 172731 6148.09 410304 592.777 4.53764e-10 22.1177 0.00216224 0.0387478 131574 58.9472 51853.7 69.3607 166488 0.894051 3.17669e-09 0.00191055 1.13376e-05 4.67224e-05 0.156398 0.00295475 0.0641916 0.00228479 0.15248 0.000220292 1.25912e-08 0.0021376 2.59809e-05 0.000110529 0.15632 0.00362985 0.123084 0.00453388 0.196523 0.000532658 2.69087e+06 inf 
845 0.0106909 5561.34 36.4416 152.697 451518 9780.75 193666 7090.34 484353 705.354 4.38179e-10 25.3654 0.00292348 0.0541353 148657 86.5905 61999.6 87.699 225434 1.20208 4.03948e-09 0.0021013 1.37691e-05 5.7695e-05 0.170602 0.00369557 0.0731749 0.00267902 0.183008 0.000266512 1.22166e-08 0.00227346 3.02493e-05 0.000130866 0.16451 0.0043658 0.13443 0.00509501 0.227346 0.000619006 2.64662e+06 inf 
855 0.0133987 6004.82 43.4743 185.238 483214 11986.9 216894 8169.52 569925 838.737 6.40496e-10 28.9695 0.00394005 0.0753976 167230 126.413 73848 110.498 303336 1.6119 5.15211e-09 0.00230899 1.67168e-05 7.12284e-05 0.185807 0.00460923 0.0834009 0.00314137 0.219149 0.000322514 1.48237e-08 0.00240998 3.51509e-05 0.000154656 0.172567 0.00523103 0.146426 0.00571146 0.261941 0.00071819 2.60062e+06 inf 
865 0.0167038 6464.1 51.7076 224.063 514716 14616.1 242246 9390.35 667750 995.046 8.77498e-10 32.9576 0.00528411 0.1045 186680 182.871 87750.9 138.929 405276 2.15134 6.52873e-09 0.00252651 2.02101e-05 8.75756e-05 0.201178 0.00571276 0.0946828 0.00367025 0.260992 0.000388917 1.73306e-08 0.00254918 4.07046e-05 0.000182139 0.180255 0.00623217 0.159163 0.00638985 0.300477 0.000830422 2.5585e+06 inf 
875 0.0209541 6958.78 61.7598 272.281 547262 17797.7 271313 10830.5 782040 1187.12 1.32558e-09 37.5703 0.00719327 0.147234 207856 264.786 105231 176.604 542875 2.92739 8.31525e-09 0.00276146 2.45082e-05 0.00010805 0.21717 0.00706269 0.107665 0.00429787 0.310338 0.000471086 2.1375e-08 0.00269878 4.74749e-05 0.000216223 0.187938 0.00742926 0.173686 0.00718402 0.345138 0.00096941 2.51996e+06 inf 
885 0.0259373 7449 73.1507 328.145 577629 21516.6 301609 12401.6 909530 1404.7 1.71275e-09 42.3546 0.00962068 0.203824 228370 378.456 124249 221.137 717267 3.9107 1.04588e-08 0.00300368 2.94967e-05 0.000132319 0.232919 0.0086762 0.121619 0.00500072 0.366752 0.000566422 2.41092e-08 0.00283842 5.48572e-05 0.000254323 0.194512 0.00879371 0.18791 0.00801014 0.393343 0.00112075 2.47996e+06 inf 
895 0.0321237 7957.26 86.6595 395.623 606924 25929.3 335058 14196.9 1.05494e+06 1663.54 2.45337e-09 47.6576 0.0129144 0.283234 249210 538.422 147105 277.782 944856 5.24343 1.3178e-08 0.00326429 3.55501e-05 0.000162295 0.248977 0.0106369 0.13745 0.00582395 0.432766 0.000682428 2.88579e-08 0.00298243 6.35139e-05 0.000299751 0.200607 0.0103794 0.203603 0.00894625 0.447571 0.00129819 2.43767e+06 inf 
905 0.0397858 8493.12 102.744 477.376 635189 31138.8 372468 16264.7 1.22084e+06 1973.27 3.55337e-09 53.5696 0.0173982 0.395102 270062 761.895 174569 349.926 1.24087e+06 7.07282 1.65828e-08 0.00353995 4.28239e-05 0.000198972 0.264748 0.0129787 0.155245 0.00677915 0.508848 0.000822462 3.47284e-08 0.00312996 7.36052e-05 0.000353681 0.206085 0.0122111 0.220589 0.00999465 0.508203 0.00150716 2.39922e+06 inf 
915 0.0489309 9019.86 121.158 573.06 659274 37205 411705 18537.6 1.40549e+06 2328.39 5.09078e-09 59.7045 0.02316 0.544746 288485 1069.29 204998 436.493 1.61434e+06 9.42396 2.07768e-08 0.00382997 5.14455e-05 0.00024333 0.279938 0.0157978 0.174816 0.00787134 0.596793 0.000988668 4.15926e-08 0.00326845 8.47788e-05 0.000414847 0.210072 0.0142992 0.237665 0.0111078 0.573858 0.00173899 2.35508e+06 inf 
925 0.0602316 9568.56 143.056 689.028 680242 44377.3 455010 21136.4 1.6155e+06 2753.16 7.35344e-09 66.4543 0.0310266 0.756504 304952 1498.29 241202 546.242 2.09706e+06 12.6536 2.60009e-08 0.00413057 6.17548e-05 0.00029744 0.293648 0.0191568 0.196419 0.0091242 0.697381 0.00118849 4.9983e-08 0.00340962 9.78772e-05 0.000487953 0.213104 0.0167272 0.256012 0.0123512 0.647242 0.00201241 2.31652e+06 inf 
935 0.0739799 10132.5 168.775 827.758 696764 52724.4 502520 24083.2 1.85185e+06 3254.31 1.05766e-08 73.718 0.0415582 1.04994 318118 2083.65 283826 683.575 2.71097e+06 16.9838 3.24093e-08 0.00443888 7.39374e-05 0.000362626 0.30524 0.0230976 0.220145 0.0105504 0.811263 0.00142566 5.98589e-08 0.00354836 0.000112868 0.000573117 0.214919 0.0194759 0.275455 0.0137168 0.727654 0.00232547 2.28268e+06 inf 
945 0.0902855 10682 198.189 989.88 706077 62373 552187 27309.3 2.11281e+06 3828.99 1.50309e-08 81.1038 0.0551092 1.44277 325595 2875.4 331062 848.05 3.47311e+06 22.5816 4.00862e-08 0.00474275 8.79949e-05 0.000439501 0.313494 0.0276932 0.245168 0.0121252 0.938074 0.00170005 7.11809e-08 0.0036764 0.000129325 0.000668896 0.215137 0.0225775 0.294758 0.0151496 0.813668 0.00267132 2.25228e+06 inf 
955 0.110264 11253.3 233.008 1185.37 708812 73682.3 607018 30989.1 2.40849e+06 4513.43 2.14492e-08 89.0299 0.0733566 1.99119 327435 3956.28 386524 1053.99 4.44045e+06 30.1746 4.9492e-08 0.00505105 0.000104586 0.000532052 0.318151 0.0330723 0.27246 0.0139095 1.08105 0.00202586 8.47231e-08 0.00380106 0.000148283 0.000781452 0.213892 0.0261151 0.315051 0.0167215 0.907977 0.00307242 2.22791e+06 inf 
965 0.134423 11801.1 273.655 1418.24 700266 86656.3 665767 35098.4 2.73482e+06 5317.27 3.06215e-08 97.1534 0.0978978 2.75602 321183 5413.86 451389 1311.35 5.65606e+06 40.4445 6.11599e-08 0.00536926 0.000124508 0.000645275 0.318608 0.039427 0.302912 0.0159691 1.24429 0.00241926 1.00954e-07 0.00392098 0.00017041 0.000915183 0.211238 0.030145 0.337073 0.0184831 1.01249 0.00354241 2.19789e+06 inf 
975 0.163354 12326.4 320.738 1693.79 679515 101653 727950 39643.9 3.09646e+06 6251.44 4.35869e-08 105.155 0.130252 3.80636 305707 7378.2 524047 1623.58 7.16503e+06 54.0541 7.53147e-08 0.00568313 0.000147877 0.000780925 0.313292 0.0468672 0.335623 0.0182779 1.42763 0.00288224 1.20098e-07 0.00402291 0.000195411 0.00107009 0.206869 0.034716 0.359125 0.0203586 1.12487 0.00407608 2.16895e+06 inf 
985 0.19863 12886.2 376.743 2026.62 647203 119281 798180 44890.7 3.50998e+06 7367.84 6.14034e-08 113.655 0.172732 5.23014 282626 10009.4 609500 2010.2 9.05341e+06 71.9934 9.24224e-08 0.00599592 0.000175298 0.000942983 0.301143 0.0555014 0.371392 0.0208876 1.63319 0.00342825 1.41524e-07 0.00411492 0.000222806 0.00124272 0.202036 0.0397106 0.381664 0.0223395 1.24307 0.00466321 2.14916e+06 inf 
995 0.241146 13360.7 441.594 2421.25 593705 139233 870926 50627.9 3.95722e+06 8671.46 8.73302e-08 121.417 0.230584 7.25063 248577 13539.4 707208 2490.25 1.14007e+07 96.618 1.13773e-07 0.00630361 0.000208344 0.00114235 0.280111 0.0656903 0.410904 0.0238863 1.86702 0.0040912 1.68102e-07 0.00418917 0.0002557 0.00145461 0.19702 0.0455269 0.40598 0.0245835 1.37589 0.0053709 2.11954e+06 inf 
1005 0.292353 13789.6 517.431 2891.73 519245 162201 949435 57050.5 4.45391e+06 10202.8 1.23639e-07 128.548 0.306995 10.0219 207635 18236.7 818509 3076.37 1.42973e+07 129.363 1.3976e-07 0.00659217 0.000247359 0.0013824 0.248227 0.0775407 0.45388 0.0272732 2.12921 0.00487749 1.9893e-07 0.00424215 0.000292528 0.00169705 0.19402 0.0520147 0.430446 0.02696 1.51702 0.00616865 2.09182e+06 inf 
1015 0.352827 14129.9 604.478 3442.67 419803 188172 1.03181e+06 64079.1 4.99383e+06 11972 1.73595e-07 134.321 0.406962 13.7836 164288 24364.1 943823 3783.97 1.78078e+07 172.551 1.70907e-07 0.00684441 0.000292805 0.00166761 0.20335 0.0911492 0.499803 0.0310395 2.41898 0.00579916 2.34263e-07 0.00426826 0.000333758 0.00197378 0.195522 0.0591072 0.455389 0.029487 1.66569 0.00706769 2.06444e+06 inf 
1025 0.426135 14369.3 706.633 4102.58 290104 218019 1.11996e+06 71921.6 5.59117e+06 14061.1 2.44687e-07 138.388 0.540997 19.0237 126826 32509 1.08722e+06 4655.52 2.21415e+07 230.83 2.09e-07 0.00704748 0.000346571 0.00201213 0.142283 0.106928 0.549288 0.0352743 2.74221 0.00689634 2.76274e-07 0.00426687 0.000381081 0.00229818 0.204836 0.0671603 0.481159 0.0322343 1.82748 0.00810261 2.03892e+06 inf 
1035 0.514276 14468.3 825.861 4888.67 124798 252139 1.21388e+06 80630.5 6.24936e+06 16516 3.44965e-07 140.003 0.719515 26.2829 110401 43244.2 1.25003e+06 5720.32 2.74473e+07 309.24 2.55255e-07 0.00718115 0.000409906 0.00242643 0.0619418 0.125146 0.602494 0.0400199 3.10179 0.0081975 3.25675e-07 0.00423321 0.000434856 0.00267537 0.225742 0.0761717 0.507382 0.0351797 2.0005 0.00928916 2.01476e+06 inf 
1045 0.619763 14417.4 964.984 5822.68 -78853.5 291094 1.31521e+06 90334.3 6.97565e+06 19397.2 4.836e-07 138.884 0.955764 36.2382 137426 57223.9 1.4355e+06 7014.72 3.38842e+07 413.477 3.10761e-07 0.00722914 0.000483862 0.00291961 -0.0395386 0.14596 0.659469 0.0452954 3.49773 0.00972614 3.81987e-07 0.00416877 0.000495092 0.00310587 0.259509 0.0859581 0.533749 0.0382837 2.18085 0.0106173 1.99434e+06 inf 
1055 0.746043 14102.3 1126.4 6930.16 -330899 335297 1.42082e+06 100960 7.76474e+06 22767.3 6.78084e-07 133.614 1.26914 49.9786 242544 75547.8 1.64213e+06 8577.65 4.16744e+07 553.527 3.78421e-07 0.0071532 0.000571354 0.00351524 -0.167845 0.170076 0.720691 0.0512105 3.93857 0.0115484 4.48049e-07 0.00407501 0.000563302 0.00360473 0.307987 0.0969279 0.559961 0.0415739 2.37203 0.012141 1.97146e+06 inf 
1065 0.89608 13480 1312.94 8236.19 -636297 385295 1.53164e+06 112594 8.6229e+06 26686.3 9.48238e-07 123.955 1.68283 68.8292 474835 99234.1 1.8732e+06 10458.4 5.1014e+07 739.669 4.5868e-07 0.00690006 0.000672059 0.00421589 -0.325704 0.197222 0.784008 0.0576337 4.41384 0.01366 5.24396e-07 0.00397974 0.000640103 0.00417829 0.370098 0.109082 0.586664 0.045075 2.57503 0.0138572 1.95361e+06 inf 
1075 1.07555 12456.9 1529.31 9782.3 -1.00123e+06 441445 1.64765e+06 125325 9.54902e+06 31265.9 1.32616e-06 109.926 2.23342 94.8798 904023 129878 2.13249e+06 12730.3 6.22215e+07 989.883 5.56675e-07 0.00644729 0.000791525 0.00506302 -0.518204 0.228479 0.852775 0.0648645 4.94228 0.0161823 6.13591e-07 0.00391497 0.000727627 0.00484487 0.446497 0.12255 0.613585 0.0487996 2.78887 0.0158262 1.93211e+06 inf 
1085 1.29112 10947.5 1781.67 11622.5 -1.43705e+06 505566 1.7703e+06 139356 1.05637e+07 36659.2 1.85772e-06 92.517 2.96724 130.989 1.62945e+06 169631 2.42199e+06 15468.2 7.56571e+07 1327.43 6.73861e-07 0.00571373 0.000929885 0.00606598 -0.750026 0.263864 0.923952 0.0727324 5.5134 0.0191331 7.17975e-07 0.00395471 0.000827027 0.00561867 0.536563 0.137511 0.64062 0.0527554 3.01485 0.0180758 1.91601e+06 inf 
1095 1.54663 8791.97 2072.47 13787.5 -1.94768e+06 577332 1.8972e+06 154568 1.16516e+07 42913 2.59428e-06 74.421 3.93414 180.456 2.77677e+06 220567 2.74099e+06 18729.2 9.15584e+07 1776.69 8.15086e-07 0.00463344 0.00109221 0.00726614 -1.02644 0.304259 0.999838 0.0814587 6.14052 0.0226155 8.38359e-07 0.00421328 0.000938299 0.00650421 0.640155 0.153841 0.666969 0.0568764 3.24748 0.0206123 1.8975e+06 inf 
1105 1.85661 5860.15 2415.22 16387.4 -2.55002e+06 659497 2.03442e+06 171571 1.28542e+07 50356.2 3.63104e-06 62.0008 5.22697 249.12 4.53429e+06 286480 3.10299e+06 22687.8 1.10671e+08 2385.11 9.85467e-07 0.00311049 0.00128197 0.00869821 -1.35352 0.350053 1.07985 0.0910677 6.82287 0.0267284 9.77837e-07 0.00482017 0.00106347 0.00752138 0.758107 0.171822 0.693514 0.0612296 3.49158 0.0234857 1.88399e+06 inf 
1115 2.22386 1932.72 2809.29 19440.4 -3.24554e+06 751456 2.17471e+06 189847 1.4137e+07 58990.3 5.07484e-06 66.3082 6.93536 343.48 7.10893e+06 370517 3.49642e+06 27359.9 1.33059e+08 3199.39 1.18933e-06 0.00103362 0.00150241 0.0103968 -1.73572 0.40188 1.16304 0.101531 7.56049 0.0315481 1.13997e-06 0.00586458 0.00120491 0.00869489 0.888342 0.19143 0.719188 0.0657545 3.74152 0.0267536 1.86985e+06 inf 
1125 2.65337 -3236.24 3256.29 22982.8 -4.03599e+06 852379 2.31389e+06 209119 1.54731e+07 68866.9 7.05462e-06 107.638 9.16838 471.817 1.07705e+07 476404 3.91772e+06 32815 1.58946e+08 4275.64 1.43337e-06 -0.00174824 0.00175907 0.0124154 -2.18027 0.460461 1.24998 0.112968 8.35865 0.0372023 1.32529e-06 0.00742228 0.00136327 0.0100367 1.03186 0.212914 0.744269 0.0704641 3.99958 0.0304255 1.85114e+06 inf 
1135 3.17905 -9930.19 3790.1 27282.2 -4.96216e+06 970196 2.47019e+06 231104 1.69891e+07 80765.9 9.84468e-06 220.87 12.1623 650.297 1.59541e+07 613416 4.39779e+06 39420.8 1.90027e+08 5740 1.72449e-06 -0.00538669 0.00205596 0.0147994 -2.69175 0.526289 1.33997 0.125364 9.21584 0.0438119 1.53832e-06 0.00952869 0.00153966 0.0115644 1.18696 0.23616 0.768178 0.075286 4.26025 0.0345574 1.84347e+06 inf 
1145 3.7926 -18503.9 4390.57 32238 -5.9957e+06 1.09787e+06 2.62017e+06 253827 1.85357e+07 94300.4 1.37141e-05 461.609 16.081 893.733 2.30226e+07 784487 4.9008e+06 47044.7 2.25448e+08 7687.42 2.07343e-06 -0.0101161 0.00240034 0.0176246 -3.27787 0.600211 1.43246 0.138768 10.1335 0.0515543 1.78842e-06 0.0122486 0.00174066 0.0133409 1.35723 0.261972 0.792056 0.0803925 4.53479 0.0393051 1.82914e+06 inf 
1155 4.53381 -29420.2 5095.65 38165.1 -7.17556e+06 1.24359e+06 2.7809e+06 278956 2.02305e+07 110357 1.91382e-05 922.124 21.3017 1230.57 3.26196e+07 1.00319e+06 5.45714e+06 56103.5 2.67085e+08 10321.4 2.49317e-06 -0.0161784 0.00280213 0.0209872 -3.94589 0.68386 1.52923 0.1534 11.1249 0.0606861 2.07564e-06 0.0156634 0.00196521 0.0153699 1.53873 0.289823 0.81386 0.0855583 4.80715 0.044643 1.81849e+06 inf 
1165 5.40074 -43057.3 5893.57 45021.2 -8.48814e+06 1.40359e+06 2.94007e+06 305356 2.1995e+07 128720 2.65723e-05 1732.92 28.0654 1684.57 4.52579e+07 1.27466e+06 6.04129e+06 66490.5 3.14309e+08 13791.9 2.98781e-06 -0.0238203 0.00326045 0.0249067 -4.69583 0.776497 1.62651 0.16893 12.1681 0.0712108 2.40279e-06 0.0197809 0.00221266 0.0176521 1.72826 0.319725 0.834649 0.0908113 5.08123 0.0505868 1.80759e+06 inf 
1175 6.43638 -60139.6 6814.81 53107.5 -9.94285e+06 1.58107e+06 3.10106e+06 333555 2.38497e+07 150203 3.70049e-05 3130.22 37.0375 2311.51 6.18211e+07 1.61667e+06 6.66702e+06 78614.7 3.68577e+08 18485 3.58822e-06 -0.0335273 0.0037992 0.029607 -5.54305 0.881435 1.72881 0.185954 13.296 0.0837367 2.7847e-06 0.0249197 0.00249282 0.0202996 1.93374 0.352638 0.853234 0.0961667 5.35675 0.057388 1.79375e+06 inf 
1185 7.68936 -81575.6 7900.27 62796.8 -1.15996e+07 1.78525e+06 3.2773e+06 365024 2.59094e+07 175736 5.15589e-05 5434.28 48.9362 3173.49 8.34267e+07 2.05065e+06 7.36055e+06 92938.4 4.31937e+08 24806.3 4.29831e-06 -0.0456003 0.00441621 0.0351031 -6.48413 0.997945 1.832 0.204046 14.4832 0.0982357 3.21647e-06 0.0309571 0.00280218 0.0232752 2.14271 0.387827 0.870805 0.101574 5.62906 0.0649331 1.78892e+06 inf 
1195 9.13337 -107563 9100.72 73780.5 -1.3377e+07 2.00345e+06 3.44021e+06 396729 2.79602e+07 204418 7.13666e-05 9086.64 64.1246 4320.99 1.10449e+08 2.578e+06 8.04926e+06 108819 5.01243e+08 33060 5.13248e-06 -0.0604448 0.00511413 0.0414608 -7.51719 1.12583 1.93322 0.222941 15.7122 0.114872 3.70971e-06 0.0381136 0.0031433 0.0266304 2.35765 0.425674 0.886532 0.106995 5.89916 0.073365 1.77952e+06 inf 
1205 10.878 -139705 10498.5 86823.4 -1.53377e+07 2.24749e+06 3.60909e+06 431045 3.0145e+07 238253 9.94669e-05 14878.5 84.3033 5905.34 1.44637e+08 3.23807e+06 8.79348e+06 127363 5.80566e+08 44272.2 6.14254e-06 -0.0788884 0.00592828 0.0490272 -8.66083 1.26911 2.03797 0.243401 17.0222 0.134536 4.29369e-06 0.046671 0.00352983 0.0305114 2.58135 0.466728 0.901202 0.112582 6.17073 0.0830637 1.77092e+06 inf 
1215 12.9809 -179639 12133.3 102364 -1.75303e+07 2.52566e+06 3.78727e+06 468529 3.25161e+07 278308 0.000138631 23946.3 110.983 8080.47 1.87755e+08 4.07109e+06 9.58998e+06 148842 6.71309e+08 59395.4 7.34124e-06 -0.101594 0.00686186 0.0578911 -9.91413 1.42837 2.14186 0.264973 18.3892 0.157394 4.95053e-06 0.0567573 0.00395986 0.0349064 2.80946 0.511996 0.914319 0.118176 6.44127 0.0939018 1.76822e+06 inf 
1225 15.4059 -227126 13935.8 119917 -1.98343e+07 2.82142e+06 3.95048e+06 506032 3.4856e+07 323256 0.00019213 37552.4 144.849 10960.5 2.39502e+08 5.0702e+06 1.03643e+07 172251 7.68549e+08 79130.1 8.74443e-06 -0.128917 0.00790995 0.0680652 -11.258 1.60144 2.24229 0.287224 19.7843 0.18348 5.70861e-06 0.0685215 0.00443273 0.0398535 3.03298 0.559675 0.924617 0.123581 6.69402 0.106063 1.7618e+06 inf 
1235 18.337 -285352 16036.7 140757 -2.23656e+07 3.15533e+06 4.12351e+06 546949 3.73791e+07 376376 0.000266982 58195.6 189.228 14881.5 3.03017e+08 6.31394e+06 1.1188e+07 199140 8.78491e+08 105629 1.04258e-05 -0.162242 0.00911796 0.08003 -12.7163 1.79402 2.34449 0.310977 21.2525 0.213995 6.565e-06 0.0822537 0.00494487 0.045347 3.25279 0.609428 0.929799 0.128521 6.91455 0.119431 1.75881e+06 inf 
1245 21.7678 -355128 18397.1 164699 -2.5051e+07 3.51814e+06 4.28485e+06 588585 3.99162e+07 437034 0.000369862 88682.5 246.229 20120.6 3.78632e+08 7.82526e+06 1.19971e+07 228721 9.97351e+08 140564 1.24048e-05 -0.202376 0.0104839 0.0938567 -14.2757 2.00487 2.44179 0.335415 22.7469 0.249051 7.5428e-06 0.097884 0.00551415 0.0515457 3.46019 0.663202 0.935094 0.133557 7.13697 0.134448 1.7548e+06 inf 
1255 25.8746 -439005 21094.4 192637 -2.79089e+07 3.91693e+06 4.44437e+06 632241 4.25363e+07 507662 0.000514521 133701 320.335 27210.6 4.68022e+08 9.66898e+06 1.28132e+07 261707 1.12708e+09 187414 1.47655e-05 -0.250521 0.0120376 0.10993 -15.9264 2.23522 2.5362 0.360792 24.2735 0.2897 8.69456e-06 0.116348 0.00615603 0.0586803 3.66462 0.722119 0.937877 0.13847 7.34623 0.151732 1.75237e+06 inf 
1265 30.7204 -539068 24146.8 224900 -3.09331e+07 4.35445e+06 4.59919e+06 677461 4.52163e+07 589009 0.000713044 198768 414.845 36612 5.72226e+08 1.18978e+07 1.36142e+07 297769 1.26641e+09 248975 1.75394e-05 -0.307773 0.0137863 0.128404 -17.6608 2.48611 2.62585 0.386787 25.8156 0.336287 9.97355e-06 0.136965 0.00684016 0.0664501 3.84703 0.782386 0.936899 0.14284 7.52287 0.17047 1.75151e+06 inf 
1275 36.4817 -658912 27615.9 262329 -3.4161e+07 4.83797e+06 4.75151e+06 724700 4.79896e+07 683161 0.000987591 292697 535.664 49118 6.93396e+08 1.45998e+07 1.4398e+07 337215 1.41614e+09 330178 2.07913e-05 -0.37552 0.0157385 0.149504 -19.4686 2.7572 2.70792 0.413013 27.3497 0.38934 1.14263e-05 0.16061 0.00758803 0.0751095 4.018 0.847561 0.93419 0.146978 7.6853 0.191275 1.75467e+06 inf 
1285 43.2772 -800048 31504.1 305226 -3.74749e+07 5.35814e+06 4.88904e+06 772166 5.07121e+07 790961 0.00136872 426241 689.728 65715.9 8.30578e+08 1.78298e+07 1.51329e+07 379611 1.57254e+09 437426 2.46573e-05 -0.45583 0.0179496 0.173903 -21.3515 3.05282 2.78555 0.439944 28.8934 0.450652 1.31091e-05 0.187273 0.00841352 0.0848496 4.16404 0.915911 0.928828 0.150777 7.81847 0.214796 1.75515e+06 inf 
1295 51.2924 -966036 35859.5 354339 -4.08989e+07 5.92092e+06 5.01557e+06 820247 5.34126e+07 914425 0.00189485 614384 884.573 87575 9.84422e+08 2.1674e+07 1.58111e+07 424790 1.73432e+09 578212 2.91944e-05 -0.549846 0.0204104 0.201682 -23.2787 3.37005 2.85475 0.466866 30.4012 0.52047 1.50397e-05 0.21763 0.00932171 0.0957607 4.29104 0.98949 0.921791 0.154327 7.93092 0.241281 1.75692e+06 inf 
1305 60.8726 -1.16289e+06 40808 411252 -4.45175e+07 6.54242e+06 5.14159e+06 870641 5.61929e+07 1.05783e+06 0.00262404 878104 1131.07 116349 1.15773e+09 2.62709e+07 1.64545e+07 473431 1.90351e+09 763395 3.45169e-05 -0.659399 0.0231396 0.233194 -25.243 3.70978 2.91546 0.493684 31.8633 0.599827 1.72193e-05 0.251214 0.0102914 0.107677 4.38948 1.06492 0.911254 0.157251 8.00512 0.270332 1.76356e+06 inf 
1315 72.2318 -1.39396e+06 46375.7 476614 -4.82396e+07 7.21876e+06 5.25832e+06 921878 5.89464e+07 1.22288e+06 0.00363241 1.24414e+06 1441.92 154076 1.34873e+09 3.17344e+07 1.70388e+07 524899 2.0761e+09 1.00636e+06 4.0772e-05 -0.786833 0.0261773 0.26903 -27.2294 4.0747 2.96811 0.520364 33.2729 0.690268 1.96977e-05 0.288377 0.0113427 0.1208 4.45692 1.14438 0.898926 0.159709 8.04907 0.302619 1.7716e+06 inf 
1325 85.5424 -1.6613e+06 52512.1 550373 -5.19709e+07 7.9379e+06 5.35422e+06 971881 6.15463e+07 1.40986e+06 0.00501655 1.74442e+06 1827.05 202823 1.55386e+09 3.8093e+07 1.75033e+07 577371 2.2446e+09 1.32124e+06 4.80728e-05 -0.93361 0.0295105 0.309297 -29.2064 4.46091 3.00894 0.546174 34.5876 0.79231 2.25429e-05 0.329693 0.0124854 0.135342 4.49673 1.22786 0.884692 0.16175 8.06911 0.338745 1.77944e+06 inf 
1335 101.165 -1.96803e+06 59283.7 633580 -5.56348e+07 8.69975e+06 5.43072e+06 1.02045e+06 6.39718e+07 1.62209e+06 0.0069146 2.4189e+06 2303.53 265579 1.76926e+09 4.54601e+07 1.78556e+07 630460 2.40703e+09 1.72941e+06 5.66468e-05 -1.10199 0.0331956 0.35477 -31.1525 4.87138 3.04091 0.571399 35.8207 0.908283 2.57477e-05 0.374266 0.0137077 0.151155 4.4956 1.31332 0.866617 0.162869 8.04259 0.378678 1.78589e+06 inf 
1345 119.899 -2.32941e+06 66952.3 729646 -5.94823e+07 9.54525e+06 5.50597e+06 1.07098e+06 6.64635e+07 1.86901e+06 0.0095393 3.33537e+06 2894.13 346597 2.00062e+09 5.41252e+07 1.81194e+07 684826 2.56746e+09 2.26145e+06 6.65846e-05 -1.29361 0.0371811 0.4052 -33.0328 5.30084 3.05767 0.594756 36.9097 1.03793 2.93942e-05 0.42288 0.0149927 0.1682 4.45583 1.3996 0.8444 0.163018 7.96771 0.422575 1.80071e+06 inf 
1355 141.952 -2.74215e+06 75389.9 837773 -6.31822e+07 1.04383e+07 5.55628e+06 1.11878e+06 6.87082e+07 2.14963e+06 0.0131489 4.5529e+06 3619.49 450198 2.2346e+09 6.40674e+07 1.82359e+07 737800 2.71389e+09 2.95051e+06 7.82176e-05 -1.51097 0.041541 0.461625 -34.8143 5.75164 3.06159 0.616467 37.8592 1.18448 3.35743e-05 0.475075 0.0163933 0.186998 4.38863 1.4902 0.821526 0.162811 7.87854 0.472 1.81483e+06 inf 
1365 167.747 -3.21073e+06 84582 958351 -6.67131e+07 1.13762e+07 5.58225e+06 1.16341e+06 7.06911e+07 2.46604e+06 0.0180611 6.14987e+06 4493.48 580397 2.4668e+09 7.53137e+07 1.81912e+07 787625 2.84141e+09 3.83013e+06 9.16994e-05 -1.75515 0.0462369 0.523885 -36.4689 6.21884 3.05155 0.635981 38.6434 1.34807 3.82668e-05 0.530356 0.0178471 0.20693 4.30182 1.58 0.795173 0.161507 7.74269 0.5258 1.82932e+06 inf 
1375 198.555 -3.75142e+06 94826.8 1.09558e+06 -7.02086e+07 1.23906e+07 5.59526e+06 1.20712e+06 7.25476e+07 2.83126e+06 0.0248416 8.25109e+06 5558.2 745677 2.69762e+09 8.81664e+07 1.80127e+07 834846 2.95159e+09 4.96981e+06 0.000107352 -2.02827 0.0512697 0.592344 -37.9594 6.6992 3.02517 0.652648 39.2241 1.53076 4.36647e-05 0.589249 0.019405 0.228673 4.19506 1.67014 0.766307 0.159447 7.56958 0.586318 1.84957e+06 inf 
1385 234.046 -4.35047e+06 105699 1.24508e+06 -7.32823e+07 1.34223e+07 5.57005e+06 1.24377e+06 7.39141e+07 3.23564e+06 0.0339542 1.09256e+07 6807.88 948404 2.90808e+09 1.0227e+08 1.76273e+07 874365 3.02778e+09 6.40127e+06 0.000125378 -2.33054 0.0566226 0.666989 -39.2572 7.19029 2.98386 0.666286 39.5956 1.73333 4.96949e-05 0.649145 0.0209962 0.251364 4.08967 1.75662 0.734467 0.156393 7.35963 0.651705 1.86672e+06 inf 
1395 276.479 -5.03731e+06 117845 1.4152e+06 -7.63104e+07 1.45447e+07 5.54084e+06 1.28032e+06 7.52058e+07 3.7038e+06 0.0464394 1.43619e+07 8307.56 1.20162e+06 3.10681e+09 1.18173e+08 1.71512e+07 910118 3.0842e+09 8.24009e+06 0.000146056 -2.66107 0.0622542 0.747608 -40.3126 7.68357 2.92707 0.676359 39.7291 1.95661 5.65703e-05 0.711119 0.0226507 0.275432 4.01678 1.84123 0.701974 0.152734 7.1341 0.72434 1.89297e+06 inf 
1405 325.844 -5.8002e+06 130789 1.60125e+06 -7.89364e+07 1.56957e+07 5.47859e+06 1.3101e+06 7.60373e+07 4.22652e+06 0.0632619 1.86746e+07 10049.2 1.5092e+06 3.27654e+09 1.35426e+08 1.64898e+07 936287 3.10277e+09 1.05465e+07 0.000169742 -3.02151 0.0681323 0.834142 -41.1205 8.17637 2.85397 0.682474 39.6102 2.20173 6.43634e-05 0.773736 0.0243503 0.300658 3.99481 1.92206 0.667009 0.148222 6.88184 0.804002 1.91964e+06 inf 
1415 384.101 -6.65667e+06 144856 1.808e+06 -8.12764e+07 1.69059e+07 5.39723e+06 1.33569e+06 7.65637e+07 4.82103e+06 0.0860043 2.40547e+07 12069.9 1.8821e+06 3.4157e+09 1.54139e+08 1.5696e+07 953685 3.08798e+09 1.3451e+07 0.000196754 -3.40985 0.0742018 0.926143 -41.6335 8.65998 2.76471 0.684202 39.2195 2.46955 7.30974e-05 0.833564 0.0260164 0.326126 4.04112 1.99044 0.629757 0.142789 6.60625 0.889664 1.95219e+06 inf 
1425 451.721 -7.59311e+06 159689 2.03187e+06 -8.30248e+07 1.81251e+07 5.2815e+06 1.35254e+06 7.65307e+07 5.48344e+06 0.116464 3.06188e+07 14366.4 2.32591e+06 3.50655e+09 1.73829e+08 1.4746e+07 958601 3.02965e+09 1.70654e+07 0.000227507 -3.82423 0.0804264 1.02334 -41.8149 9.12862 2.66 0.681198 38.5443 2.7617 8.30492e-05 0.892348 0.0276971 0.352427 4.19088 2.05339 0.592568 0.136981 6.34085 0.983823 1.98553e+06 inf 
1435 531.144 -8.63129e+06 175607 2.27759e+06 -8.4452e+07 1.93962e+07 5.14947e+06 1.36442e+06 7.61885e+07 6.23244e+06 0.157187 3.85645e+07 16957.6 2.84992e+06 3.55822e+09 1.9456e+08 1.37029e+07 952886 2.93813e+09 2.15542e+07 0.000261995 -4.25751 0.0866206 1.12345 -41.6572 9.56744 2.54005 0.673021 37.5811 3.07425 9.43053e-05 0.94664 0.029351 0.378969 4.45206 2.10559 0.554323 0.130643 6.07739 1.08672 2.02731e+06 inf 
1445 623.183 -9.75346e+06 192143 2.54039e+06 -8.52249e+07 2.06552e+07 4.9846e+06 1.36666e+06 7.5267e+07 7.06371e+06 0.211011 4.79549e+07 19785.4 3.45236e+06 3.55357e+09 2.15371e+08 1.25425e+07 933259 2.80456e+09 2.70363e+07 0.000300754 -4.70711 0.09273 1.22601 -41.1303 9.96836 2.40561 0.659564 36.3245 3.40901 0.000106691 0.993281 0.0308183 0.403773 4.82551 2.13819 0.51592 0.12399 5.83374 1.19441 2.07207e+06 inf 
1455 730.402 -1.09726e+07 209506 2.82345e+06 -8.54866e+07 2.19306e+07 4.79905e+06 1.36139e+06 7.39192e+07 7.99613e+06 0.281829 5.89057e+07 22845 4.1383e+06 3.49756e+09 2.36153e+08 1.13229e+07 901333 2.63807e+09 3.37213e+07 0.00034365 -5.16256 0.098571 1.32841 -40.2209 10.3182 2.25792 0.640524 34.7785 3.76213 0.000120432 1.0309 0.0321277 0.427037 5.27814 2.15471 0.478697 0.117477 5.62596 1.30845 2.12543e+06 inf 
1465 853.821 -1.22652e+07 227219 3.12127e+06 -8.49865e+07 2.31659e+07 4.58241e+06 1.345e+06 7.19625e+07 9.02683e+06 0.374159 7.13656e+07 26063.7 4.90168e+06 3.38209e+09 2.55965e+08 1.00461e+07 855694 2.43726e+09 4.17914e+07 0.000391131 -5.61865 0.104088 1.42984 -38.9319 10.6122 2.09918 0.616139 32.9657 4.13515 0.000135709 1.05971 0.0332466 0.448329 5.79884 2.15345 0.442147 0.111184 5.45523 1.43003 2.18295e+06 inf 
1475 995.533 -1.36315e+07 245226 3.43344e+06 -8.3825e+07 2.43598e+07 4.34392e+06 1.31905e+06 6.95103e+07 1.01669e+07 0.492088 8.51594e+07 29315.4 5.72358e+06 3.2128e+09 2.73821e+08 8.75894e+06 798151 2.21088e+09 5.13275e+07 0.000442344 -6.05688 0.108961 1.52558 -37.2459 10.8238 1.93013 0.586094 30.8855 4.51744 0.000151594 1.07377 0.0339581 0.464504 6.34712 2.1243 0.407981 0.105526 5.33367 1.54888 2.25058e+06 inf 
1485 1158.66 -1.50821e+07 263460 3.75995e+06 -8.21241e+07 2.55162e+07 4.08771e+06 1.28432e+06 6.66401e+07 1.14293e+07 0.641875 1.00258e+08 32512.1 6.59111e+06 3.00398e+09 2.89249e+08 7.49655e+06 731123 1.96905e+09 6.2508e+07 0.000496926 -6.46842 0.112993 1.61257 -35.2214 10.9434 1.75314 0.55082 28.5807 4.9018 0.000168382 1.07624 0.0342984 0.475831 6.9137 2.07262 0.376342 0.100805 5.2566 1.6676 2.33165e+06 inf 
1495 1342.01 -1.65357e+07 280984 4.08703e+06 -7.93997e+07 2.65193e+07 3.80132e+06 1.23559e+06 6.30844e+07 1.2794e+07 0.828241 1.15836e+08 35477.7 7.46751e+06 2.74075e+09 3.00531e+08 6.26877e+06 654242 1.71158e+09 7.53809e+07 0.000554971 -6.83815 0.116197 1.69014 -32.8348 10.9668 1.57199 0.510965 26.0878 5.29079 0.000185785 1.0687 0.0341983 0.48116 7.43505 2.00283 0.348175 0.0973068 5.21816 1.78338 2.41816e+06 inf 
1505 1549.57 -1.80273e+07 297949 4.41718e+06 -7.61049e+07 2.74215e+07 3.50267e+06 1.17793e+06 5.91575e+07 1.42862e+07 1.05445 1.31548e+08 37994.9 8.3046e+06 2.45221e+09 3.07134e+08 5.12576e+06 572591 1.45495e+09 8.98125e+07 0.000613914 -7.14208 0.118042 1.75001 -30.1514 10.8639 1.38769 0.466674 23.4371 5.65994 0.000202152 1.05247 0.033451 0.477086 7.90047 1.91214 0.324097 0.0952116 5.20803 1.8834 2.52409e+06 inf 
1515 1777.07 -1.94526e+07 312834 4.72726e+06 -7.19078e+07 2.80838e+07 3.18083e+06 1.10686e+06 5.4653e+07 1.58594e+07 1.31916 1.46077e+08 39747.3 9.02354e+06 2.13745e+09 3.07169e+08 4.07149e+06 487046 1.20165e+09 1.05373e+08 0.000672599 -7.36255 0.118403 1.78921 -27.2162 10.6293 1.2039 0.418931 20.6855 6.00257 0.000216553 1.03976 0.0320068 0.46263 8.26297 1.81015 0.302688 0.0940068 5.18833 1.96254 2.6421e+06 inf 
1525 2027.57 -2.08207e+07 325877 5.01915e+06 -6.71505e+07 2.85541e+07 2.85386e+06 1.0275e+06 4.9869e+07 1.75424e+07 1.61941 1.58679e+08 40600.6 9.5749e+06 1.82042e+09 3.00841e+08 3.14977e+06 403475 9.66847e+08 1.217e+08 0.00072786 -7.47424 0.116984 1.80178 -24.1058 10.2504 1.02448 0.368854 17.9021 6.29741 0.000227062 1.04811 0.0298272 0.436798 8.5093 1.71052 0.284854 0.0937394 5.15723 2.00765 2.78566e+06 inf 
1535 2288.37 -2.19918e+07 334826 5.25646e+06 -6.16451e+07 2.8666e+07 2.51381e+06 936520 4.4672e+07 1.92298e+07 1.93298 1.67586e+08 40159.8 9.84093e+06 1.50697e+09 2.86579e+08 2.35488e+06 323128 7.52547e+08 1.37216e+08 0.000775939 -7.45697 0.113533 1.78236 -20.9026 9.72006 0.852382 0.317555 15.1474 6.52044 0.000230985 1.10383 0.0269755 0.40008 8.60606 1.64113 0.268208 0.0934071 5.07254 2.00277 2.94916e+06 inf 
1545 2560.62 -2.29619e+07 340024 5.44142e+06 -5.56311e+07 2.84618e+07 2.17529e+06 838668 3.93028e+07 2.09482e+07 2.2405 1.72082e+08 38459.7 9.79637e+06 1.20989e+09 2.65477e+08 1.70071e+06 250079 5.66167e+08 1.5098e+08 0.000812567 -7.28654 0.107901 1.72674 -17.6536 9.03184 0.690289 0.266136 12.472 6.64755 0.000225208 1.2302 0.0237062 0.356474 8.50236 1.63411 0.251378 0.0923561 4.91032 1.92896 3.15127e+06 inf 
1555 2816.73 -2.35591e+07 338758 5.5266e+06 -4.91789e+07 2.77768e+07 1.83961e+06 734060 3.38035e+07 2.25014e+07 2.48551 1.70708e+08 35294.1 9.34878e+06 9.42284e+08 2.37503e+08 1.18194e+06 186309 4.10597e+08 1.59953e+08 0.000831112 -6.95141 0.0999546 1.63069 -14.5109 8.19588 0.5428 0.216594 9.97414 6.63931 0.000206478 1.43089 0.0205682 0.315155 8.21386 1.70457 0.232626 0.0897767 4.65491 1.76514 3.38911e+06 inf 
1565 3035.17 -2.3718e+07 330299 5.49408e+06 -4.25425e+07 2.66014e+07 1.51827e+06 627080 2.8386e+07 2.37596e+07 2.62016 1.63438e+08 30946.1 8.52802e+06 7.11259e+08 2.04946e+08 790087 133532 2.86916e+08 1.61884e+08 0.000825212 -6.44853 0.0898031 1.49375 -11.5666 7.23249 0.412792 0.170493 7.71769 6.45986 0.000177207 1.689 0.0186858 0.295535 7.71964 1.84731 0.210747 0.0850722 4.29475 1.51123 3.67804e+06 inf 
1575 3181.47 -2.32984e+07 313307 5.31392e+06 -3.58257e+07 2.48601e+07 1.21632e+06 520028 2.31486e+07 2.45022e+07 2.6133 1.50363e+08 25829 7.40719e+06 5.18244e+08 1.69889e+08 505672 91660.3 1.92308e+08 1.55577e+08 0.000791119 -5.7935 0.0779085 1.32138 -8.9086 6.18184 0.302457 0.129313 5.75624 6.09285 0.000154809 1.95584 0.018789 0.309596 7.03604 2.00758 0.185102 0.0779162 3.83222 1.25051 4.02148e+06 inf 
1585 3235.83 -2.23232e+07 288527 4.99068e+06 -2.94026e+07 2.26517e+07 945431 418500 1.83326e+07 2.45989e+07 2.47426 1.33212e+08 20531.6 6.12921e+06 3.65905e+08 1.35455e+08 310225 60340.1 1.23873e+08 1.42115e+08 0.00072917 -5.03036 0.0650174 1.12461 -6.62566 5.1044 0.213046 0.0943059 4.13112 5.54318 0.000160838 2.17115 0.0199846 0.341205 6.20924 2.11398 0.156583 0.0685828 3.29357 1.13923 4.43769e+06 inf 
1595 3171.37 -2.07265e+07 256300 4.52145e+06 -2.33825e+07 1.99974e+07 709130 324999 1.40222e+07 2.38697e+07 2.22117 1.1315e+08 15504.7 4.81811e+06 2.49287e+08 1.03515e+08 182042 37996.2 7.6488e+07 1.23216e+08 0.000644673 -4.21325 0.0521005 0.919116 -4.75316 4.06504 0.144151 0.0660655 2.85041 4.8522 0.000189508 2.29116 0.0209122 0.366942 5.29928 2.12552 0.12738 0.0579584 2.72462 1.22616 4.91935e+06 inf 
1605 2993.14 -1.86505e+07 219448 3.94869e+06 -1.80467e+07 1.71002e+07 513437 243669 1.0365e+07 2.23659e+07 1.89475 9.23669e+07 11136.2 3.60255e+06 1.64529e+08 7.59398e+07 102388 22944.7 4.5389e+07 1.01702e+08 0.000545614 -3.39975 0.0400026 0.719799 -3.28969 3.11716 0.0935933 0.044418 1.88942 4.07702 0.000218394 2.29761 0.020731 0.37228 4.3783 2.03131 0.0995208 0.0470062 2.16886 1.38453 5.48583e+06 inf 
1615 2712.32 -1.62252e+07 180581 3.31439e+06 -1.35054e+07 1.4128e+07 358253 176074 7.39352e+06 2.0175e+07 1.5354 7.25451e+07 7608.13 2.56213e+06 1.05462e+08 5.3528e+07 55332.2 13315.8 2.59518e+07 7.99594e+07 0.000442744 -2.64851 0.0294771 0.541022 -2.20454 2.30618 0.0584792 0.0287413 1.20688 3.29325 0.000233682 2.1971 0.0193135 0.354292 3.51498 1.84909 0.0749153 0.0367088 1.66723 1.48548 6.12616e+06 inf 
1625 2355.44 -1.36171e+07 142568 2.66915e+06 -9.77666e+06 1.12538e+07 240568 122456 5.08106e+06 1.74858e+07 1.18169 5.47305e+07 4945.84 1.73384e+06 6.52476e+07 3.6206e+07 28657.2 7409.58 1.42445e+07 5.98656e+07 0.000344602 -1.99219 0.0208578 0.390498 -1.43033 1.64644 0.0351952 0.0179154 0.743362 2.55819 0.00023266 2.00955 0.0169863 0.318077 2.7386 1.60816 0.0543494 0.0276237 1.23749 1.48797 6.83524e+06 inf 
1635 1961.49 -1.10464e+07 108075 2.064e+06 -6.88012e+06 8.65636e+06 155964 82239 3.37658e+06 1.45698e+07 0.866999 3.99257e+07 3072.47 1.1213e+06 3.93349e+07 2.36385e+07 14322.4 3981.34 7.56361e+06 4.28201e+07 0.000258322 -1.45477 0.0142331 0.271822 -0.906087 1.14001 0.0205399 0.0108306 0.444683 1.91879 0.000217832 1.77249 0.0142145 0.271632 2.08789 1.34666 0.0382664 0.0201749 0.893509 1.3991 7.59322e+06 inf 
1645 1568.61 -8.66833e+06 78782.6 1.53479e+06 -4.70353e+06 6.43506e+06 97715.8 53379.5 2.1708e+06 1.16854e+07 0.608494 2.81567e+07 1829.26 694947 2.29388e+07 1.49004e+07 6889.74 2059.85 3.86915e+06 2.93523e+07 0.000187069 -1.03376 0.00939542 0.183035 -0.560931 0.76743 0.0116533 0.00636591 0.258884 1.39357 0.000193837 1.51302 0.0113965 0.222207 1.55595 1.08997 0.0261888 0.0143223 0.628016 1.24838 8.38522e+06 inf 
1655 1207.04 -6.59371e+06 55340.4 1.09976e+06 -3.1302e+06 4.6325e+06 59292.9 33563.1 1.3531e+06 9.03346e+06 0.410379 1.92296e+07 1047.14 414139 1.29614e+07 9.08411e+06 3183.48 1024.75 1.90517e+06 1.9365e+07 0.00013145 -0.718069 0.00602669 0.119766 -0.340885 0.50449 0.00645713 0.00365509 0.147356 0.983764 0.000165566 1.25639 0.00881558 0.175376 1.13812 0.857187 0.017464 0.00991151 0.431002 1.06822 9.18256e+06 inf 
1665 896.72 -4.87305e+06 37565.1 761521 -2.0282e+06 3.23678e+06 34887.3 20467.2 818491 6.75155e+06 0.266791 1.27216e+07 577.377 237728 7.04581e+06 5.35892e+06 1410.37 489.143 900096 1.23376e+07 8.95044e-05 -0.486395 0.00374949 0.0760098 -0.202441 0.323073 0.00348221 0.0020429 0.0816962 0.673893 0.000136448 1.01646 0.00660085 0.133981 0.813807 0.656136 0.0113423 0.00668203 0.288387 0.881661 1.00187e+07 inf 
1675 645.315 -3.50717e+06 24709.3 510985 -1.28228e+06 2.20001e+06 19929.5 12122.2 481243 4.89456e+06 0.167263 8.15574e+06 306.356 131342 3.73268e+06 3.0572e+06 600.265 224.691 410477 7.59939e+06 5.90544e-05 -0.32095 0.00226121 0.0467615 -0.117345 0.201329 0.0018238 0.00110933 0.0440398 0.447914 0.000108716 0.802087 0.00478773 0.0991603 0.572553 0.489121 0.0071837 0.00439676 0.188744 0.703429 1.09275e+07 inf 
1685 450.859 -2.46083e+06 15778.9 332878 -789150 1.45646e+06 11047.3 6969.26 274745 3.44857e+06 0.101177 5.04643e+06 156.269 69772.3 1.89989e+06 1.68144e+06 243.894 98.6715 179166 4.53069e+06 3.78882e-05 -0.206798 0.00132599 0.0279737 -0.0663168 0.122394 0.000928369 0.000585667 0.0230884 0.289803 8.40653e-05 0.617507 0.00337252 0.07128 0.394032 0.355416 0.00443102 0.00281938 0.120513 0.544751 1.18997e+07 inf 
1695 305.853 -1.68042e+06 9771.15 210298 -469908 937398 5905.1 3865.79 151358 2.36331e+06 0.0586279 2.9924e+06 75.9424 35324.8 922167 884219 93.7225 41.0616 74230.7 2.60051e+06 2.35649e-05 -0.129471 0.000752834 0.0162028 -0.0362048 0.0722234 0.000454968 0.000297846 0.0116616 0.182085 6.29426e-05 0.462376 0.00229877 0.0495896 0.264082 0.250818 0.0026484 0.00175355 0.0747211 0.408908 1.29791e+07 inf 
1705 201.9 -1.11987e+06 5879.92 129117 -272407 588057 3057.23 2078.27 80883.9 1.57827e+06 0.0325691 1.71028e+06 35.2605 17094.2 432348 447040 34.6309 16.4501 29646.9 1.43703e+06 1.42483e-05 -0.0790308 0.000414953 0.00911195 -0.0192241 0.0414999 0.000215753 0.000146666 0.00570808 0.11138 4.57758e-05 0.338306 0.0015219 0.0335161 0.173614 0.172702 0.00154835 0.00106742 0.0453832 0.298341 1.41701e+07 inf 
1715 129.415 -725394 3427.06 76793.1 -152524 358153 1522.01 1075.33 41628.6 1.02622e+06 0.017191 933006 15.5055 7839.24 194260 215295 12.2252 6.3062 11340.3 758112 8.28661e-06 -0.0464478 0.000219438 0.00491714 -0.00976629 0.0229329 9.74559e-05 6.88546e-05 0.00266552 0.06571 3.21262e-05 0.239967 0.000971946 0.0218581 0.1111 0.115151 0.000879371 0.000631705 0.0268147 0.210297 1.56174e+07 inf 
1725 80.0762 -454656 1923.14 43983.7 -82227 210704 725.839 533.535 20558.8 646088 0.00859188 484852 6.44456 3399.98 80645.3 98516.3 4.04468 2.26544 4034.6 379574 4.6332e-06 -0.0263063 0.000111273 0.00254489 -0.00475764 0.0121913 4.19969e-05 3.08702e-05 0.00118953 0.0373826 2.18096e-05 0.165413 0.000600416 0.013793 0.0681431 0.0745085 0.000481935 0.000360729 0.0152324 0.143404 1.72831e+07 inf 
1735 47.8961 -276111 1040.35 24292.4 -42749.1 119886 332.117 254.302 9761.11 394359 0.00405907 239052 2.52809 1392.58 31328 42681.6 1.25519 0.763489 1342.58 179967 2.49519e-06 -0.0143842 5.41981e-05 0.00126553 -0.00222705 0.00624556 1.73019e-05 1.32481e-05 0.000508514 0.0205445 1.4326e-05 0.110665 0.000358839 0.00842296 0.0403373 0.0467389 0.00025513 0.000198995 0.00834773 0.0946228 1.91954e+07 inf 
1745 27.4796 -161126 537.857 12827.5 -21084.2 65399.1 143.794 114.843 4388.42 231684 0.00179202 109311 0.920878 529.833 10475 17113.6 0.339962 0.224557 385.536 79895.2 1.26166e-06 -0.00739771 2.46944e-05 0.000588943 -0.000968029 0.00300264 6.60194e-06 5.27275e-06 0.000201484 0.0106372 8.98245e-06 0.0704558 0.000204132 0.00489685 0.0219088 0.0278695 0.000124759 0.000101401 0.00420242 0.0596242 2.17806e+07 inf 
1755 15.0564 -89901.9 264.368 6443.05 -9711.7 34021.6 58.1154 48.4747 1840.96 130383 0.000727628 45088.7 0.304131 182.782 2873.51 6176.83 0.0760248 0.0545561 90.7401 32833.1 6.00599e-07 -0.00358617 1.05456e-05 0.000257012 -0.000387398 0.00135712 2.31821e-06 1.93365e-06 7.34355e-05 0.00520097 5.3539e-06 0.0422578 0.000109638 0.00268795 0.0106992 0.0156381 5.50204e-05 4.661e-05 0.00190111 0.0358142 2.50691e+07 inf 
1765 7.79961 -47411 122.043 3041.62 -4082.21 16672.9 21.3929 18.6662 703.171 69637.2 0.000261286 16115.4 0.0869607 54.607 625.547 1922.93 0.0133555 0.0104338 16.7786 12109.5 2.69019e-07 -0.00163527 4.20942e-06 0.000104909 -0.000140801 0.000575071 7.37869e-07 6.43821e-07 2.42533e-05 0.00240188 2.98994e-06 0.0235195 5.46047e-05 0.00136838 0.00464286 0.00812366 2.145e-05 1.89595e-05 0.000760348 0.0202954 2.89928e+07 inf 
1775 3.75494 -23146.4 51.7595 1320.43 -1480.91 7530.24 6.78878 6.20932 231.139 34776.6 7.75953e-05 4608.32 0.0197952 12.9965 90.8547 475.426 0.00155505 0.0013274 2.05022 3805.23 1.08142e-07 -0.000666612 1.49067e-06 3.80283e-05 -4.26499e-05 0.00021687 1.95516e-07 1.78828e-07 6.65675e-06 0.00100156 1.49099e-06 0.0115011 2.38302e-05 0.000610615 0.00161703 0.00369393 6.68931e-06 6.18037e-06 0.000242903 0.0104205 3.47224e+07 inf 
1785 1.60637 -9928.61 19.0963 499.36 -415.24 2969.98 1.66457 1.60039 58.4833 15669.2 1.64588e-05 903.282 0.00303796 2.08854 6.85517 79.6433 9.281e-05 8.70756e-05 0.128531 904.601 3.63627e-08 -0.00022475 4.32274e-07 1.13038e-05 -9.39959e-06 6.72301e-05 3.76801e-08 3.62272e-08 1.32386e-06 0.000354698 6.09301e-07 0.00451627 8.28143e-06 0.00021714 0.000393813 0.00134102 1.44896e-06 1.40349e-06 5.39236e-05 0.00451123 4.41764e+07 inf 
1795 0.564672 -3460.47 5.60626 150.664 -79.8611 941.805 0.27919 0.283558 10.0619 5978.36 2.12182e-06 105.744 0.000265997 0.19227 0.221986 7.81227 2.3229e-06 2.41848e-06 0.00340142 141.533 9.53033e-09 -5.84045e-05 9.46203e-08 2.54286e-06 -1.34787e-06 1.58954e-05 4.71206e-09 4.78579e-09 1.6982e-07 0.000100901 1.88999e-07 0.00133465 2.11671e-06 5.69086e-05 6.11946e-05 0.000362767 1.97946e-07 2.01978e-07 7.57489e-06 0.00154226 5.92501e+07 inf 
1805 0.139749 -851.322 1.11679 31.0342 -9.71599 207.085 0.0295594 0.0318462 1.03217 1691.17 1.38822e-07 6.42095 1.10103e-05 0.00846794 0.00282164 0.381755 2.27634e-08 2.57103e-08 2.94046e-05 12.6643 1.58989e-09 -9.68526e-06 1.27054e-08 3.53068e-07 -1.10536e-07 2.35595e-06 3.36289e-10 3.62306e-10 1.17427e-08 1.924e-05 3.97091e-08 0.000270103 3.53694e-07 9.80882e-06 5.6647e-06 6.58602e-05 1.60891e-08 1.70988e-08 5.78265e-07 0.000379089 8.78986e+07 inf 
1815 0.0257761 -160.39 0.161158 4.69463 -0.404014 34.0579 0.00143609 0.00280728 0.131947 362.066 5.91798e-09 0.267911 2.95253e-07 0.000245578 0.00197075 0.0125244 1.77648e-09 1.37124e-09 3.56172e-07 0.756506 1.83558e-10 -1.14217e-06 1.14764e-09 3.34315e-08 -2.87707e-09 2.42534e-07 1.02267e-11 1.99913e-11 9.39623e-10 2.57835e-06 6.48919e-09 4.36641e-05 4.58394e-08 1.322e-06 3.74622e-06 9.4409e-06 3.55677e-09 3.12482e-09 5.03537e-08 7.33526e-05 1.40425e+08 inf 
1825 0.00327656 -22.7336 0.0149137 0.479764 -18.318 3.88956 0.00086089 0.00853266 0.207117 53.3395 1.11085e-10 0.00437435 3.55428e-09 3.18075e-06 0.0139857 0.000170529 5.79225e-09 3.22656e-09 6.02304e-07 0.0229787 1.11008e-11 -7.70205e-08 5.05269e-11 1.62542e-09 -6.20603e-08 1.31776e-08 2.91665e-12 2.89082e-11 7.01703e-10 1.80712e-07 6.13374e-10 3.84891e-06 3.46975e-09 1.03796e-07 6.88325e-06 7.59981e-07 4.42988e-09 3.30615e-09 4.51673e-08 8.82145e-06 2.95164e+08 inf 
1835 0.000230615 -2.93904 -0.000982975 0.0272832 13.4911 0.43228 -0.0752654 0.000416874 0.92258 4.07535 9.72289e-13 9.00349e-05 2.53053e-11 2.27313e-08 0.0380291 1.16295e-06 1.40244e-08 2.79116e-09 1.56497e-06 0.000370493 1.69569e-13 -2.16106e-09 -7.22775e-13 2.00612e-11 9.91989e-09 3.17853e-10 -5.53421e-11 3.06524e-13 6.78367e-10 2.99658e-09 2.67374e-11 2.57289e-07 1.36405e-10 4.08825e-09 5.28795e-06 2.92405e-08 3.21076e-09 1.43259e-09 3.39153e-08 5.21931e-07 1.36e+09 inf 
1845 1.21407e-05 -0.903782 -0.00115403 0.00149675 39.3599 0.055043 -0.0510173 -0.00160729 0.124369 0.15341 1.86772e-15 1.90381e-05 6.31102e-13 3.4789e-11 0.00928588 3.46764e-09 5.77121e-09 2.17681e-11 5.59709e-08 9.31571e-07 1.13118e-14 -8.42078e-10 -1.07524e-12 1.39457e-12 3.66727e-08 5.12851e-11 -4.75343e-11 -1.49755e-12 1.15878e-10 1.42937e-10 1.31912e-12 1.33183e-07 2.42252e-11 1.80033e-10 2.94119e-06 1.79674e-09 2.31839e-09 1.42407e-10 7.22054e-09 2.9461e-08 1.07327e+09 inf 
1855 1.05312e-09 -6.18295e-05 -1.34226e-08 1.83832e-07 -2.2596e-06 3.61053e-06 -9.22e-09 4.88454e-10 1.08076e-07 6.13032e-07 5.11413e-22 1.33871e-12 6.39066e-20 1.15586e-17 7.80499e-15 4.33453e-15 1.27507e-19 3.57983e-22 1.75041e-17 1.28225e-16 4.98372e-15 -2.92598e-10 -6.35204e-14 8.69954e-13 -1.06932e-11 1.70863e-11 -4.36322e-14 2.31153e-15 5.11452e-13 2.90108e-12 4.89422e-14 2.49992e-09 5.46254e-13 7.34454e-12 1.91889e-10 1.42199e-10 7.75567e-13 4.10944e-14 9.08702e-12 2.4462e-11 211312 inf 
1865 0 0 0 0 0 0 0 0 0 0 0 0 0 0 0 0 0 0 0 0 0.0 0.0 0.0 0.0 0.0 0.0 0.0 0.0 0.0 0.0 0.0 0.0 0.0 0.0 0.0 0.0 0.0 0.0 0.0 0.0 0 -nan 
1875 0 0 0 0 0 0 0 0 0 0 0 0 0 0 0 0 0 0 0 0 0.0 0.0 0.0 0.0 0.0 0.0 0.0 0.0 0.0 0.0 0.0 0.0 0.0 0.0 0.0 0.0 0.0 0.0 0.0 0.0 0 -nan 
1885 0 0 0 0 0 0 0 0 0 0 0 0 0 0 0 0 0 0 0 0 0.0 0.0 0.0 0.0 0.0 0.0 0.0 0.0 0.0 0.0 0.0 0.0 0.0 0.0 0.0 0.0 0.0 0.0 0.0 0.0 0 -nan 
1895 0 0 0 0 0 0 0 0 0 0 0 0 0 0 0 0 0 0 0 0 0.0 0.0 0.0 0.0 0.0 0.0 0.0 0.0 0.0 0.0 0.0 0.0 0.0 0.0 0.0 0.0 0.0 0.0 0.0 0.0 0 -nan 
