255 0 0 0 0 0 0 0 0 0 0 0 0 0 0 0 0 0 0 0 0 0.0 0.0 0.0 0.0 0.0 0.0 0.0 0.0 0.0 0.0 0.0 0.0 0.0 0.0 0.0 0.0 0.0 0.0 0.0 0.0 0 -nan 
265 0 0 0 0 0 0 0 0 0 0 0 0 0 0 0 0 0 0 0 0 0.0 0.0 0.0 0.0 0.0 0.0 0.0 0.0 0.0 0.0 0.0 0.0 0.0 0.0 0.0 0.0 0.0 0.0 0.0 0.0 0 -nan 
275 0 0 0 0 0 0 0 0 0 0 0 0 0 0 0 0 0 0 0 0 0.0 0.0 0.0 0.0 0.0 0.0 0.0 0.0 0.0 0.0 0.0 0.0 0.0 0.0 0.0 0.0 0.0 0.0 0.0 0.0 0 -nan 
285 0 0 0 0 0 0 0 0 0 0 0 0 0 0 0 0 0 0 0 0 0.0 0.0 0.0 0.0 0.0 0.0 0.0 0.0 0.0 0.0 0.0 0.0 0.0 0.0 0.0 0.0 0.0 0.0 0.0 0.0 0 -nan 
295 5.87431e-06 6.33554e-12 0.00870238 0.552051 0.0673277 2302.57 0.000836367 0.0106376 0.0451734 1.70756 1.15777e-17 4.76065e-24 2.42892e-11 9.59536e-08 1.38513e-09 0.0369573 5.05822e-15 4.3862e-11 9.20425e-07 0.00131514 0.0 0.0 0.0 0.0 0.0 0.0 0.0 0.0 0.0 0.0 0.0 0.0 0.0 0.0 0.0 0.0 0.0 0.0 0.0 0.0 -1.35736e+08 -inf 
305 0.000227625 3.77181e-08 0.378256 22.676 2.68232 79270.2 0.0480165 0.289771 31.5814 1193.78 2.6344e-14 1.73801e-19 6.17483e-08 0.000212938 2.03642e-06 39.2823 1.99374e-11 7.03502e-09 0.0343814 49.1255 6.82796e-13 1.13141e-16 1.13463e-09 6.802e-08 8.04603e-09 0.000237783 1.44032e-10 8.69211e-10 9.47332e-08 3.58091e-06 8.86322e-12 2.28326e-14 1.35623e-08 7.96311e-07 7.7742e-08 0.000247573 1.97636e-10 4.51077e-09 1.0155e-05 0.000383857 3.33373e+08 inf 
315 0.00050581 4.88797e-07 0.984374 53.9969 6.00036 159028 0.190427 0.369251 243.553 9206.3 5.70614e-13 1.74095e-17 2.01691e-06 0.00609836 5.6474e-05 410.92 9.11321e-10 1.48636e-07 0.693065 990.279 4.83454e-12 4.67193e-15 9.40865e-09 5.16103e-07 5.73515e-08 0.00151999 1.82011e-09 3.52931e-09 2.32788e-06 8.79939e-05 7.36924e-11 4.07895e-13 1.38525e-07 7.61721e-06 7.32455e-07 0.00127169 2.32328e-09 3.75261e-08 8.13566e-05 0.00307528 1.04624e+08 inf 
325 0.00108848 2.38581e-06 2.48479 125.96 13.3263 242193 0.564213 0.458165 773.852 29251.6 3.55123e-12 4.24187e-16 1.7802e-05 0.0476397 0.000405051 1842.53 1.87793e-08 2.10793e-06 4.38663 6267.79 1.68266e-11 3.68816e-14 3.84116e-08 1.94717e-06 2.06007e-07 0.00374399 8.72199e-09 7.08263e-09 1.19627e-05 0.000452192 2.33697e-10 2.56047e-12 5.23182e-07 2.70676e-05 2.49382e-06 0.00380338 1.46366e-08 1.80377e-07 0.000260132 0.00983297 6.46885e+07 inf 
335 0.00217154 7.42799e-06 5.75573 273.043 28.1145 327682 1.44238 0.641769 1757.56 66435.8 1.26584e-11 4.19585e-15 8.7529e-05 0.207652 0.00164906 5200.81 2.40882e-07 1.38837e-05 15.6186 22316.5 4.60183e-11 1.5741e-13 1.21973e-07 5.7862e-06 5.95789e-07 0.00694407 3.05662e-08 1.36001e-08 3.72454e-05 0.00140788 5.15881e-10 9.42824e-12 1.35646e-06 6.60832e-05 5.88143e-06 0.00787356 6.45784e-08 5.42247e-07 0.000574104 0.0217011 4.71887e+07 inf 
345 0.00376719 1.82232e-05 11.46 511.971 51.4347 414811 3.29838 1.02924 3256.43 123093 3.37669e-11 2.22861e-14 0.000309268 0.657555 0.00494725 11412.1 1.8722e-06 5.40511e-05 40.8922 58428.5 1.00739e-10 4.87309e-13 3.06454e-07 1.36907e-05 1.37542e-06 0.0110925 8.82025e-08 2.7523e-08 8.70805e-05 0.00329164 9.4489e-10 2.44073e-11 2.85942e-06 0.000131895 1.14194e-05 0.0134955 2.05633e-07 1.20193e-06 0.00104208 0.0393905 3.73956e+07 inf 
355 0.00594387 3.88322e-05 20.5315 867.945 85.1959 479080 6.70771 1.67768 5309.61 200703 7.53284e-11 8.14454e-14 0.000891917 1.70892 0.0122452 21077.5 1.01878e-05 0.00015717 89.9584 128536 2.10718e-10 1.37665e-12 7.27868e-07 3.07698e-05 3.02031e-06 0.016984 2.37797e-07 5.9476e-08 0.000188233 0.00711519 1.62052e-09 5.37164e-11 5.57582e-06 0.000244206 2.06152e-05 0.0214189 5.51928e-07 2.35974e-06 0.00177587 0.0671278 2.82077e+07 inf 
365 0.0087022 7.5675e-05 33.8426 1357.3 130.207 557411 13.2988 2.67313 7906.01 298847 1.51146e-10 3.3304e-13 0.00228836 3.96909 0.0267114 34958.9 5.50307e-05 0.000424741 176.393 252038 3.70092e-10 3.21835e-12 1.43928e-06 5.77242e-05 5.5375e-06 0.0237059 5.6558e-07 1.13684e-07 0.000336231 0.0127095 2.5082e-09 1.18968e-10 9.75956e-06 0.000406777 3.32465e-05 0.0304103 1.42144e-06 4.24861e-06 0.00271822 0.102749 2.35136e+07 inf 
375 0.0120398 0.000133734 52.3007 1995.5 186.994 644041 25.3697 4.02954 11045.1 417503 2.71919e-10 8.83236e-13 0.00513752 8.09771 0.0518515 53147.2 0.000210607 0.000883861 310.081 443056 5.78799e-10 6.42907e-12 2.51428e-06 9.59312e-05 8.98946e-06 0.0309614 1.21961e-06 1.93715e-07 0.000530976 0.0200709 3.56891e-09 2.05959e-10 1.55131e-05 0.000616509 4.91109e-05 0.0399546 2.93891e-06 6.51559e-06 0.00382424 0.144556 2.08014e+07 inf 
385 0.016091 0.000226173 77.4822 2822.47 258.55 717880 45.4961 5.94041 14801.2 559484 4.63792e-10 2.47319e-12 0.0107389 15.5859 0.0941726 75612.7 0.000752921 0.00184119 517.585 739546 9.04565e-10 1.27144e-11 4.3557e-06 0.000158666 1.45345e-05 0.0403559 2.55759e-06 3.33943e-07 0.000832054 0.0314517 5.02534e-09 3.72653e-10 2.41809e-05 0.000922494 7.12931e-05 0.0512055 5.98202e-06 1.01682e-05 0.00532953 0.201456 1.77887e+07 inf 
395 0.0209169 0.000365623 110.834 3866.28 345.525 804274 80.0032 8.50171 19259 727991 7.54194e-10 5.15406e-12 0.020988 28.1389 0.161685 103133 0.00225183 0.00335301 821.97 1.17446e+06 1.27805e-09 2.234e-11 6.7721e-06 0.000236235 2.11121e-05 0.0491422 4.8883e-06 5.19466e-07 0.00117675 0.0444812 6.667e-09 5.60732e-10 3.51644e-05 0.00128978 9.7126e-05 0.0623425 1.06628e-05 1.4304e-05 0.00698847 0.264164 1.63663e+07 inf 
405 0.02637 0.000574245 152.931 5118.18 446.486 891513 135.832 11.7925 24181.5 914060 1.18612e-09 1.33036e-11 0.0394015 49.0893 0.266285 133917 0.00668338 0.00636517 1249.64 1.78554e+06 1.68822e-09 3.67635e-11 9.79072e-06 0.000327669 2.85843e-05 0.0570753 8.69606e-06 7.54966e-07 0.00154811 0.0585187 8.54903e-09 9.22147e-10 4.92611e-05 0.00174223 0.0001274 0.0729102 1.87684e-05 2.01726e-05 0.00880945 0.332997 1.56199e+07 inf 
415 0.033004 0.000880422 208.359 6702.59 570.771 952804 218.381 16.0082 30051.2 1.13594e+06 1.82179e-09 2.88923e-11 0.0715441 82.5802 0.426608 168882 0.0183795 0.0108418 1842.47 2.6326e+06 2.40656e-09 6.41981e-11 1.5193e-05 0.000488736 4.16192e-05 0.069476 1.59238e-05 1.16727e-06 0.00219126 0.0828295 1.12716e-08 1.45005e-09 7.06115e-05 0.00240472 0.000171391 0.0865304 3.29639e-05 2.80926e-05 0.0113819 0.430234 1.37141e+07 inf 
425 0.0403986 0.00128391 276.057 8554.1 711.338 1.01487e+06 342.589 20.8881 36521.8 1.38053e+06 2.65938e-09 5.41924e-11 0.121513 130.797 0.648001 206449 0.0449693 0.0164697 2586.11 3.69513e+06 3.26027e-09 1.03615e-10 2.22785e-05 0.000690337 5.74067e-05 0.0819026 2.76478e-05 1.68572e-06 0.0029474 0.111412 1.42825e-08 2.08871e-09 9.64885e-05 0.00317475 0.000221359 0.0997643 5.35232e-05 3.64184e-05 0.0141428 0.534597 1.23912e+07 inf 
435 0.0489006 0.00188142 360.142 10775.6 873.357 1.06972e+06 523.311 27.3696 43856.7 1.65778e+06 3.88168e-09 1.14912e-10 0.205928 207.727 0.973591 248519 0.110542 0.0271778 3624.35 5.17861e+06 4.39809e-09 1.69214e-10 3.2391e-05 0.000969152 7.85492e-05 0.0962101 4.70663e-05 2.46161e-06 0.00394444 0.1491 1.81596e-08 3.21038e-09 0.000132181 0.00421232 0.000285297 0.114435 8.79027e-05 4.93791e-05 0.0176185 0.665981 1.11186e+07 inf 
445 0.0586303 0.00268899 463.075 13400.6 1059.28 1.12925e+06 786.294 35.2765 52053.1 1.96761e+06 5.55589e-09 2.12878e-10 0.336102 318.828 1.42759 293896 0.249702 0.0409984 4952.66 7.07656e+06 5.73281e-09 2.62927e-10 4.5279e-05 0.0013103 0.000103575 0.110417 7.68829e-05 3.4493e-06 0.00508969 0.19239 2.25917e-08 4.55476e-09 0.000175538 0.0054275 0.000358971 0.128627 0.000136032 6.32209e-05 0.0214094 0.809273 1.02272e+07 inf 
455 0.069723 0.00378839 588.252 16494.7 1270.81 1.19219e+06 1163.27 44.9589 61238.7 2.31482e+06 7.81736e-09 3.75015e-10 0.537123 480.07 2.04848 342491 0.54494 0.0599441 6672.36 9.53374e+06 7.25917e-09 3.94426e-10 6.12455e-05 0.00171734 0.000132309 0.124124 0.000121114 4.68087e-06 0.00637583 0.241006 2.75899e-08 6.23609e-09 0.00022841 0.00685806 0.000442459 0.142307 0.000205104 7.88615e-05 0.0255742 0.966703 9.60482e+06 inf 
465 0.0826166 0.00527189 741.633 20174.8 1516.48 1.24976e+06 1682.53 56.9429 71612.3 2.70694e+06 1.08725e-08 6.99071e-10 0.838821 711.463 2.8831 394313 1.14563 0.0936416 8864.55 1.2666e+07 9.21673e-09 5.88134e-10 8.27369e-05 0.00225071 0.000169179 0.139423 0.000187704 6.35257e-06 0.00798909 0.301988 3.35856e-08 8.81151e-09 0.000294506 0.00862006 0.000541312 0.156687 0.000304261 0.000102011 0.0304156 1.14971 8.96376e+06 inf 
475 0.096975 0.00723913 923.398 24401.3 1788.3 1.28947e+06 2366.09 70.8938 82877.5 3.13277e+06 1.49225e-08 1.18121e-09 1.29339 1034.64 4.01375 445904 2.33098 0.126803 11556.2 1.6512e+07 1.18196e-08 8.82329e-10 0.000112547 0.0029741 0.000217964 0.157165 0.000288387 8.64077e-06 0.0101014 0.381832 4.09768e-08 1.19662e-08 0.000380757 0.0108287 0.000664605 0.172184 0.000448263 0.000124018 0.0361452 1.36629 8.20457e+06 inf 
485 0.113053 0.009791 1137.85 29245.2 2091.06 1.33223e+06 3287.36 87.403 95113.8 3.5953e+06 2.02107e-08 2.05194e-09 1.94563 1477.63 5.48014 498514 4.53513 0.180656 14855.9 2.12267e+07 1.47561e-08 1.27795e-09 0.000148515 0.00381716 0.000272931 0.173886 0.000429075 1.14081e-05 0.0124145 0.469269 4.91957e-08 1.63154e-08 0.000481552 0.0133526 0.000800495 0.186631 0.000638617 0.000153133 0.0422482 1.59698 7.6615e+06 inf 
495 0.131815 0.0131211 1398.27 35002.2 2441.34 1.38066e+06 4526.82 107.231 109056 4.12233e+06 2.70935e-08 3.47909e-09 2.88164 2088.21 7.36356 555728 8.6806 0.252647 18944 2.70679e+07 1.82984e-08 1.82146e-09 0.000194106 0.00485898 0.000338904 0.191661 0.000628408 1.48858e-05 0.0151391 0.572258 5.85343e-08 2.19008e-08 0.000601954 0.0163179 0.000952547 0.201026 0.000900076 0.000186683 0.0489959 1.85204 7.20362e+06 inf 
505 0.153602 0.0176894 1711.7 41785.9 2843.26 1.42771e+06 6147.4 132.008 124713 4.71415e+06 3.66258e-08 5.82446e-09 4.28315 2954.5 9.96686 616024 16.1887 0.33853 24142.8 3.44961e+07 2.26669e-08 2.61042e-09 0.000252594 0.00616631 0.000419578 0.210686 0.000907169 1.94803e-05 0.0184038 0.695664 6.99361e-08 2.9201e-08 0.000753829 0.0199492 0.00113787 0.21568 0.0012514 0.000222659 0.0567806 2.1463 6.77647e+06 inf 
515 0.177613 0.023259 2075.07 49418.2 3282.88 1.46774e+06 8213.26 159.355 141408 5.34521e+06 4.8263e-08 9.34986e-09 6.17721 4063.58 13.1313 675331 29.1054 0.454642 30110.2 4.30226e+07 2.80313e-08 3.67079e-09 0.000327492 0.0077993 0.000518111 0.231643 0.00129623 2.51497e-05 0.0223173 0.843593 8.26511e-08 3.8238e-08 0.000931477 0.0240935 0.00134312 0.230052 0.00170683 0.000266684 0.0652227 2.46542 6.33624e+06 inf 
525 0.204137 0.0303035 2493.28 58003.5 3762.17 1.50476e+06 10827.9 191.006 159207 6.01804e+06 6.30002e-08 1.4755e-08 8.78346 5529.52 17.1 733994 50.9716 0.605525 37185 5.31314e+07 3.40781e-08 5.05878e-09 0.000416222 0.00968295 0.000628047 0.2512 0.00180759 3.18861e-05 0.0265777 1.00464 9.67253e-08 4.93717e-08 0.00113712 0.028798 0.0015685 0.243782 0.00228948 0.000316335 0.07417 2.80363 5.99027e+06 inf 
535 0.235296 0.0396372 2997.36 68162.8 4318.28 1.5495e+06 14208.4 229.654 179447 6.78308e+06 8.28052e-08 2.34726e-08 12.5117 7537.97 22.3389 795103 87.8399 0.799947 45952.1 6.56582e+07 4.08224e-08 6.87679e-09 0.000520023 0.0118258 0.000749192 0.268828 0.00246506 3.98435e-05 0.0311328 1.17682 1.12693e-07 6.34433e-08 0.00137851 0.0341751 0.00182054 0.256274 0.00302707 0.000370402 0.0836847 3.16328 5.76391e+06 inf 
545 0.270498 0.051331 3585.05 79820 4935.65 1.59407e+06 18454.8 274.624 201676 7.62335e+06 1.07807e-07 3.60129e-08 17.543 10156.9 28.8145 857928 147.756 1.03266 56415.6 8.06089e+07 4.8406e-08 9.18574e-09 0.000641549 0.0142839 0.00088324 0.28526 0.00330251 4.91442e-05 0.0360901 1.36421 1.30189e-07 7.97507e-08 0.00165159 0.0401692 0.00209196 0.268615 0.00394138 0.00042706 0.0937718 3.54457 5.58812e+06 inf 
555 0.309747 0.0658535 4265.69 92965.7 5617.77 1.63308e+06 23672.3 324.634 225469 8.52272e+06 1.38821e-07 5.57273e-08 24.3751 13521.1 36.8316 918764 243.756 1.33967 68331.3 9.76346e+07 5.73741e-08 1.2198e-08 0.00079013 0.0172199 0.00104057 0.302494 0.00438479 6.01316e-05 0.0417634 1.57866 1.49739e-07 1.00864e-07 0.00197248 0.046989 0.00239572 0.280498 0.0050916 0.0004945 0.104464 3.94875 5.39872e+06 inf 
565 0.354901 0.0844061 5066.54 108214 6389.72 1.66898e+06 30061.5 384.697 251925 9.52277e+06 1.79045e-07 8.39122e-08 33.6583 17954.2 46.9553 979913 393.937 1.70678 82833.7 1.18356e+08 6.82938e-08 1.62423e-08 0.000974957 0.0208237 0.00122958 0.321163 0.00578475 7.40275e-05 0.0484781 1.83247 1.72597e-07 1.2603e-07 0.00235082 0.0549664 0.00274295 0.292267 0.00650709 0.000568292 0.116575 4.40652 5.19668e+06 inf 
575 0.406609 0.107689 6005.05 125771 7261.74 1.7074e+06 37895.6 454.208 281250 1.06312e+07 2.2986e-07 1.27134e-07 46.1249 23689.9 59.535 1.04257e+06 626.085 2.19887 99864.4 1.4269e+08 8.07859e-08 2.13959e-08 0.00119309 0.0249884 0.00144278 0.339229 0.00752916 9.02429e-05 0.0558792 2.11223 1.97845e-07 1.57485e-07 0.00278221 0.0638932 0.00312201 0.30342 0.00822821 0.000654776 0.129301 4.88758 5.03317e+06 inf 
585 0.463326 0.135966 7068.74 145224 8202.77 1.73399e+06 47098.6 530.306 311868 1.17886e+07 2.92601e-07 1.87172e-07 62.4787 30865.6 74.6609 1.09876e+06 973.539 2.70206 119008 1.70043e+08 9.5787e-08 2.81092e-08 0.00146138 0.0300233 0.00169582 0.35848 0.00973706 0.000109634 0.064475 2.43715 2.26532e-07 1.94693e-07 0.00328346 0.0740249 0.00354393 0.31408 0.0103178 0.000739322 0.142991 5.40506 4.83705e+06 inf 
595 0.528563 0.172805 8316.95 167830 9265.67 1.76083e+06 58168.8 624.79 346108 1.30829e+07 3.7406e-07 2.86586e-07 84.7131 40525.4 93.837 1.1579e+06 1498.03 3.56152 142716 2.03918e+08 1.13563e-07 3.71275e-08 0.00178692 0.0360587 0.00199075 0.378318 0.0124977 0.000134238 0.0743621 2.81089 2.59752e-07 2.45347e-07 0.00387398 0.0860624 0.00402467 0.325043 0.012871 0.000864396 0.158534 5.99259 4.65436e+06 inf 
605 0.60233 0.216131 9763.83 193399 10457.8 1.79214e+06 71490 723.988 383191 1.44846e+07 4.721e-07 4.06321e-07 113.267 52107.9 116.696 1.21381e+06 2257.75 4.27052 168577 2.4087e+08 1.33124e-07 4.77684e-08 0.00215796 0.0427443 0.00231134 0.396092 0.0158004 0.000160013 0.0846913 3.20133 2.94312e-07 2.9584e-07 0.0045141 0.0984358 0.00452211 0.33374 0.0157907 0.000958253 0.173452 6.55649 4.52456e+06 inf 
615 0.682739 0.269456 11383.8 221509 11729 1.81855e+06 87070.9 836.028 421719 1.5941e+07 5.9358e-07 6.00146e-07 150.452 66782.4 144.208 1.26493e+06 3349.35 5.33051 198051 2.82983e+08 1.5505e-07 6.11936e-08 0.00258526 0.0503049 0.00266366 0.412994 0.0197739 0.000189862 0.0957727 3.62021 3.32809e-07 3.64072e-07 0.00524253 0.112409 0.00506504 0.341618 0.0192259 0.00108375 0.189222 7.1526 4.40334e+06 inf 
625 0.778588 0.338097 13335.2 255128 13224.2 1.84821e+06 105594 973.477 466609 1.76378e+07 7.50672e-07 8.84137e-07 200.351 86073.9 178.9 1.32173e+06 4927.79 6.71404 234298 3.34775e+08 1.81863e-07 7.8973e-08 0.00311486 0.0595931 0.00308892 0.431707 0.0246647 0.000227386 0.108991 4.11986 3.77185e-07 4.47528e-07 0.00609063 0.128662 0.00567857 0.349801 0.0232958 0.00123149 0.206999 7.82456 4.28117e+06 inf 
635 0.882205 0.420281 15497.7 291654 14805.1 1.86662e+06 126570 1122.83 512429 1.93698e+07 9.43088e-07 1.26278e-06 264.032 109761 219.925 1.36926e+06 7120.66 8.203 274393 3.92064e+08 2.1275e-07 1.01354e-07 0.00373739 0.0703345 0.00357035 0.450148 0.0305232 0.00027078 0.123576 4.67117 4.26814e-07 5.42454e-07 0.0070502 0.146707 0.00634737 0.357173 0.0280273 0.00138018 0.225612 8.52814 4.14667e+06 inf 
645 0.997485 0.518659 17959.7 332536 16543.8 1.88236e+06 150633 1286.72 561321 2.12179e+07 1.17315e-06 1.78569e-06 345.047 138683 268.789 1.41193e+06 10123.1 9.9726 319299 4.56228e+08 2.48093e-07 1.29e-07 0.00446692 0.082708 0.00411475 0.468177 0.0374653 0.000320031 0.139611 5.27729 4.79828e-07 6.5383e-07 0.00811579 0.16629 0.00706552 0.363296 0.0333789 0.00154206 0.244795 9.25324 4.02061e+06 inf 
655 1.12614 0.638219 20748.7 378089 18443.7 1.89286e+06 177883 1470.24 613218 2.31796e+07 1.46054e-06 2.5183e-06 448.602 174494 327.212 1.4491e+06 14193 12.0819 370077 5.28781e+08 2.89311e-07 1.63962e-07 0.00533047 0.0971333 0.00473829 0.486287 0.0456992 0.000377714 0.157539 5.95498 5.39925e-07 7.87452e-07 0.0093185 0.188132 0.00784929 0.36852 0.0394694 0.00172082 0.265059 10.0192 3.89248e+06 inf 
665 1.27351 0.790576 23986.1 430697 20581.1 1.90575e+06 209373 1690.71 670745 2.53541e+07 1.8255e-06 3.66097e-06 585.427 221190 399.78 1.48738e+06 19764.9 14.9751 431102 6.15976e+08 3.35748e-07 2.08427e-07 0.00632367 0.113548 0.00542599 0.50243 0.0551989 0.000445737 0.176834 6.68434 6.07081e-07 9.6007e-07 0.0106936 0.213122 0.00871529 0.37376 0.0465176 0.00193632 0.287028 10.8496 3.79306e+06 inf 
675 1.43461 0.966619 27601.7 488185 22884.9 1.9126e+06 244426 1920.87 730405 2.76093e+07 2.25365e-06 5.02041e-06 754.25 275916 483.321 1.51661e+06 27050.4 17.7698 496681 7.09677e+08 3.88098e-07 2.61494e-07 0.00746692 0.132066 0.00619091 0.517403 0.0661232 0.000519643 0.197592 7.46899 6.7753e-07 1.13568e-06 0.0121774 0.239166 0.00961367 0.37759 0.0542726 0.00213005 0.308742 11.6704 3.69653e+06 inf 
685 1.61431 1.18318 31680.4 552305 25397.3 1.91558e+06 283537 2184.23 793565 2.99967e+07 2.79265e-06 7.01879e-06 970.431 344491 584.444 1.5406e+06 36584.2 21.3647 571822 8.17041e+08 4.48163e-07 3.28473e-07 0.00879507 0.15333 0.00705076 0.531801 0.0787153 0.000606383 0.220309 8.32766 7.57919e-07 1.35671e-06 0.0138585 0.268565 0.0106085 0.380638 0.0629313 0.00235872 0.331983 12.549 3.60206e+06 inf 
695 1.81453 1.4455 36309.3 623989 28162 1.91641e+06 327178 2475.49 861010 3.25462e+07 3.44479e-06 9.87634e-06 1244.93 428775 704.624 1.55902e+06 48961.2 25.6838 656128 9.37502e+08 5.16058e-07 4.11104e-07 0.0103265 0.177465 0.00800938 0.545034 0.0930507 0.000704037 0.244874 9.25625 8.44626e-07 1.62476e-06 0.0157297 0.300752 0.0116725 0.382529 0.0725695 0.00260938 0.355868 13.4518 3.51613e+06 inf 
705 2.03487 1.75619 41464.2 702812 31135 1.91439e+06 375439 2793.25 931553 3.52127e+07 4.23494e-06 1.36975e-05 1584.29 530455 844.176 1.571e+06 64736.4 30.6692 749540 1.07097e+09 5.92043e-07 5.10962e-07 0.012064 0.204482 0.00905871 0.556991 0.109234 0.000812693 0.271034 10.2451 9.38956e-07 1.92982e-06 0.0177597 0.335443 0.0127887 0.383199 0.0830844 0.00287449 0.380287 14.3749 3.43703e+06 inf 
715 2.28393 2.14119 47340.1 791834 34437.4 1.90908e+06 428464 3160.09 1.00747e+06 3.80822e+07 5.22601e-06 1.91108e-05 2021.11 658011 1015.06 1.57936e+06 84783 36.6785 857491 1.22522e+09 6.79281e-07 6.36828e-07 0.0140798 0.235506 0.0102423 0.567794 0.127433 0.000939867 0.299638 11.3263 1.04541e-06 2.29746e-06 0.0200717 0.374488 0.0140354 0.383851 0.094746 0.00316631 0.40651 15.3661 3.36227e+06 inf 
725 2.55254 2.58278 53815.8 887898 37959 1.90169e+06 486507 3538.78 1.08541e+06 4.10285e+07 6.36921e-06 2.61039e-05 2548.98 805991 1208.52 1.57902e+06 109566 43.2648 971803 1.38855e+09 7.7294e-07 7.82097e-07 0.0162961 0.268866 0.0114945 0.575855 0.14732 0.00107159 0.328676 12.4239 1.15379e-06 2.70054e-06 0.0225011 0.414457 0.0152916 0.382802 0.107119 0.00345728 0.431562 16.3131 3.30238e+06 inf 
735 2.85571 3.12681 61156.6 996104 41842.2 1.89195e+06 549883 3975.39 1.16916e+06 4.41941e+07 7.80621e-06 3.58748e-05 3220.22 990571 1442.5 1.57597e+06 140491 50.9488 1.10373e+06 1.57706e+09 8.80106e-07 9.63659e-07 0.018848 0.306991 0.0128954 0.583083 0.169469 0.00122518 0.360325 13.6203 1.27719e-06 3.1824e-06 0.0252428 0.459393 0.0166815 0.381728 0.120741 0.00376841 0.458615 17.3357 3.24473e+06 inf 
745 3.1907 3.77225 69383.1 1.11539e+06 46084.2 1.88135e+06 618877 4444.26 1.25734e+06 4.75276e+07 9.52318e-06 4.92652e-05 4052.31 1.21154e+06 1716.8 1.56791e+06 178279 59.941 1.24748e+06 1.78245e+09 9.99418e-07 1.18158e-06 0.0217328 0.349373 0.0144349 0.589292 0.19385 0.00139207 0.393836 14.887 1.40858e-06 3.74635e-06 0.028231 0.507373 0.018149 0.379276 0.135146 0.00410334 0.485428 18.3492 3.19255e+06 inf 
755 3.55737 4.54519 78481.2 1.24598e+06 50631 1.86452e+06 692274 4964.99 1.34872e+06 5.09815e+07 1.16057e-05 6.77989e-05 5081.24 1.47956e+06 2038.47 1.55277e+06 224070 70.9386 1.40774e+06 2.01144e+09 1.13481e-06 1.44993e-06 0.0250358 0.397471 0.0161515 0.59479 0.220838 0.00158385 0.430245 16.2633 1.55385e-06 4.4188e-06 0.0315301 0.56036 0.0197335 0.376253 0.150697 0.00448565 0.513774 19.4207 3.13476e+06 inf 
765 3.95582 5.44431 88462.8 1.38701e+06 55467.1 1.84149e+06 768970 5513.73 1.44221e+06 5.45155e+07 1.40758e-05 9.17961e-05 6328.4 1.79379e+06 2406.58 1.53119e+06 278394 82.3182 1.57957e+06 2.25695e+09 1.29036e-06 1.7759e-06 0.028856 0.452435 0.018093 0.600682 0.250833 0.00179854 0.470439 17.7826 1.71068e-06 5.17585e-06 0.0350944 0.616785 0.0213928 0.372351 0.167012 0.00485972 0.542155 20.4935 3.06567e+06 inf 
775 4.41535 6.56926 99995.5 1.54951e+06 60973.2 1.8206e+06 852737 6163.6 1.54661e+06 5.84617e+07 1.71895e-05 0.0001269 7922.27 2.19033e+06 2859.01 1.51066e+06 344508 97.6884 1.78151e+06 2.5455e+09 1.47299e-06 2.19155e-06 0.0333591 0.516925 0.020341 0.607365 0.284478 0.00205621 0.515957 19.5032 1.88808e-06 6.12631e-06 0.0391163 0.680805 0.0232384 0.367525 0.184397 0.00532555 0.57281 21.6522 2.99755e+06 inf 
785 4.89674 7.83536 112282 1.71886e+06 66629.4 1.7942e+06 939565 6811.11 1.64815e+06 6.22999e+07 2.07504e-05 0.000170988 9803.07 2.63942e+06 3361.15 1.48041e+06 420639 112.876 1.98746e+06 2.83976e+09 1.66568e-06 2.66527e-06 0.0381938 0.584686 0.0226646 0.610315 0.319602 0.00231687 0.560633 21.1919 2.06978e-06 7.14559e-06 0.043311 0.745633 0.0250927 0.362068 0.202334 0.00574699 0.601453 22.7349 2.9398e+06 inf 
795 5.44146 9.37563 126292 1.9101e+06 72964.8 1.76748e+06 1.03231e+06 7545.61 1.7587e+06 6.64788e+07 2.51056e-05 0.000230566 12164 3.18681e+06 3965.92 1.45039e+06 511229 130.653 2.22148e+06 3.17414e+09 1.88983e-06 3.25618e-06 0.0438614 0.663383 0.0253409 0.613851 0.358524 0.00262061 0.6108 23.0882 2.26887e-06 8.33507e-06 0.0479662 0.816522 0.0271148 0.356246 0.221386 0.00620551 0.631227 23.8604 2.87934e+06 inf 
805 6.03324 11.2249 141520 2.11667e+06 79665.9 1.73555e+06 1.1275e+06 8363.61 1.87059e+06 7.07084e+07 3.0431e-05 0.00031504 15054.6 3.84971e+06 4673.89 1.4138e+06 614974 152.857 2.47976e+06 3.54318e+09 2.13766e-06 3.97715e-06 0.0501423 0.749966 0.0282267 0.614929 0.39949 0.00296334 0.662777 25.053 2.4925e-06 9.78802e-06 0.0531018 0.895298 0.0293134 0.350416 0.241458 0.00673632 0.662828 25.0549 2.82236e+06 inf 
815 6.68258 13.3931 158402 2.3421e+06 86942.7 1.70493e+06 1.22856e+06 9236.19 1.98733e+06 7.51212e+07 3.67347e-05 0.000427141 18564.2 4.62837e+06 5494.82 1.37589e+06 734519 177.717 2.75707e+06 3.93941e+09 2.40789e-06 4.82584e-06 0.0570758 0.843914 0.0313275 0.614326 0.442678 0.00332801 0.716082 27.0679 2.72735e-06 1.14289e-05 0.0585787 0.977506 0.0315991 0.344049 0.262107 0.00727736 0.693297 26.2066 2.77529e+06 inf 
825 7.39301 15.9741 176927 2.58726e+06 94753 1.67116e+06 1.33236e+06 10194.8 2.10719e+06 7.96518e+07 4.43523e-05 0.000580786 22848.1 5.55805e+06 6455.64 1.33473e+06 870288 206.519 3.06092e+06 4.37357e+09 2.70937e-06 5.85415e-06 0.0648399 0.948172 0.0347248 0.612441 0.488281 0.00373617 0.772237 29.1906 2.98554e-06 1.33632e-05 0.0645686 1.06671 0.0340592 0.337735 0.283765 0.00785656 0.72485 27.3993 2.72868e+06 inf 
835 8.1853 19.0477 197708 2.85918e+06 103362 1.64002e+06 1.44338e+06 11247.8 2.23531e+06 8.44947e+07 5.34895e-05 0.00078806 28091.8 6.66502e+06 7582.33 1.29402e+06 1.02604e+06 239.61 3.39452e+06 4.85023e+09 3.04188e-06 7.07865e-06 0.0734736 1.06255 0.0384121 0.609477 0.536399 0.00418 0.8307 31.4005 3.25962e-06 1.55807e-05 0.071002 1.16099 0.0366375 0.330803 0.305909 0.00846008 0.755932 28.5742 2.69087e+06 inf 
845 9.02699 22.6213 219920 3.14567e+06 112305 1.60322e+06 1.55422e+06 12354.1 2.36018e+06 8.92148e+07 6.43095e-05 0.0010638 34366.2 7.95479e+06 8870.16 1.24808e+06 1.19877e+06 276.753 3.74446e+06 5.35024e+09 3.41077e-06 8.54727e-06 0.0830949 1.18856 0.0424334 0.605764 0.587249 0.00466787 0.891772 33.709 3.55885e-06 1.81354e-05 0.0779756 1.26212 0.0393817 0.323458 0.328762 0.00909834 0.787117 29.753 2.64662e+06 inf 
855 9.95668 26.8739 244602 3.46005e+06 122092 1.56645e+06 1.66871e+06 13573.5 2.49122e+06 9.41681e+07 7.72469e-05 0.0014345 42030.4 9.48238e+06 10386.5 1.2033e+06 1.39336e+06 319.461 4.12752e+06 5.89757e+09 3.82857e-06 1.03337e-05 0.0940553 1.33047 0.0469472 0.602337 0.641657 0.00521931 0.957931 36.2098 3.87882e-06 2.10906e-05 0.0855292 1.36969 0.0423061 0.316049 0.352216 0.00977748 0.818226 30.9289 2.60062e+06 inf 
865 10.9747 31.8834 271634 3.80078e+06 132603 1.52988e+06 1.78715e+06 14898.7 2.62602e+06 9.92638e+07 9.27399e-05 0.0019303 51263.2 1.12805e+07 12139.9 1.15789e+06 1.60961e+06 368.431 4.54061e+06 6.48781e+09 4.28952e-06 1.24617e-05 0.106169 1.48555 0.0518285 0.597959 0.698514 0.00582319 1.02639 38.7976 4.22466e-06 2.44779e-05 0.0936189 1.48397 0.0453733 0.308235 0.375767 0.0104925 0.849256 32.1019 2.5585e+06 inf 
875 12.1241 38.045 302091 4.18298e+06 144332 1.49597e+06 1.91248e+06 16435.4 2.77133e+06 1.04756e+08 0.000112042 0.00264359 62767.5 1.34904e+07 14270.1 1.11571e+06 1.85545e+06 430.953 5.00961e+06 7.15794e+09 4.81123e-06 1.50974e-05 0.119879 1.65994 0.0572755 0.593646 0.758931 0.00652208 1.09975 41.5706 4.61671e-06 2.86553e-05 0.10265 1.61183 0.0488091 0.300554 0.400408 0.0113348 0.882337 33.3523 2.51996e+06 inf 
885 13.3498 45.106 334779 4.58593e+06 156638 1.46048e+06 2.0389e+06 18022 2.91518e+06 1.10194e+08 0.000134397 0.00356936 76348.6 1.60012e+07 16676.3 1.07229e+06 2.12375e+06 497.616 5.49289e+06 7.84847e+09 5.38308e-06 1.81882e-05 0.134994 1.8492 0.0631617 0.588915 0.82215 0.00726705 1.1755 44.4338 5.02152e-06 3.32937e-05 0.112085 1.74146 0.0522974 0.29251 0.424776 0.0121592 0.912754 34.5021 2.47996e+06 inf 
895 14.7009 53.5663 370835 5.02551e+06 170026 1.42417e+06 2.16766e+06 19788.6 3.06343e+06 1.15798e+08 0.000161509 0.0048482 92911.4 1.89988e+07 19517.1 1.02881e+06 2.4195e+06 578.318 6.02089e+06 8.6029e+09 6.0307e-06 2.19744e-05 0.152127 2.0616 0.0697495 0.584234 0.889235 0.00811785 1.25671 47.5035 5.46682e-06 3.88071e-05 0.122361 1.88245 0.0560486 0.28411 0.449231 0.0130898 0.94373 35.673 2.43767e+06 inf 
905 16.2053 63.7618 410829 5.51071e+06 184736 1.39066e+06 2.30172e+06 21794.4 3.22065e+06 1.21741e+08 0.000194522 0.00662603 113137 2.25959e+07 22895.7 989300 2.74837e+06 677.204 6.60818e+06 9.44205e+09 6.75441e-06 2.65761e-05 0.171235 2.29687 0.0769982 0.579631 0.959362 0.00908397 1.34238 50.7419 5.95441e-06 4.53371e-05 0.133545 2.03528 0.0601188 0.276352 0.474502 0.014133 0.975874 36.888 2.39922e+06 inf 
915 17.8202 75.6154 453985 6.02467e+06 200277 1.35535e+06 2.43632e+06 23902.6 3.37602e+06 1.27614e+08 0.000233376 0.00897531 137246 2.67292e+07 26770.2 948584 3.10572e+06 785.049 7.21836e+06 1.03139e+10 7.56672e-06 3.21074e-05 0.192769 2.55817 0.0850406 0.575503 1.0345 0.0101494 1.43351 54.1867 6.46837e-06 5.27273e-05 0.145317 2.19212 0.0643048 0.267543 0.498546 0.0151767 1.00503 37.99 2.35508e+06 inf 
925 19.6246 89.9347 502035 6.58994e+06 217463 1.32148e+06 2.57627e+06 26269.8 3.53878e+06 1.33766e+08 0.000281049 0.01227 166843 3.16762e+07 31409.1 909510 3.50037e+06 916.422 7.88844e+06 1.12714e+10 8.47158e-06 3.88231e-05 0.216719 2.84476 0.0938748 0.570457 1.11213 0.0113402 1.52762 57.7443 7.0396e-06 6.15589e-05 0.15829 2.3625 0.0688929 0.259224 0.523658 0.0163402 1.03521 39.1309 2.31652e+06 inf 
935 21.6178 107.027 554880 7.2082e+06 236185 1.29037e+06 2.72199e+06 28922.7 3.70971e+06 1.40228e+08 0.000338495 0.0168035 202582 3.75399e+07 36861.6 873655 3.93403e+06 1075.25 8.62241e+06 1.23201e+10 9.4704e-06 4.68867e-05 0.243083 3.15779 0.103468 0.565289 1.19246 0.0126705 1.62516 61.4312 7.65509e-06 7.18537e-05 0.172215 2.5444 0.0737749 0.251359 0.54907 0.0176212 1.06592 40.2917 2.28268e+06 inf 
945 23.7719 126.96 612259 7.86503e+06 256195 1.25984e+06 2.87135e+06 31735.2 3.88034e+06 1.46677e+08 0.000406327 0.0228423 245233 4.42732e+07 43160.2 838699 4.40563e+06 1252.57 9.38568e+06 1.34107e+10 1.05546e-05 5.63695e-05 0.271839 3.49203 0.113749 0.559363 1.27486 0.0140903 1.72285 65.1239 8.30706e-06 8.34526e-05 0.187044 2.73181 0.0788922 0.243906 0.575154 0.0189103 1.09498 41.3903 2.25228e+06 inf 
955 26.195 151.009 676455 8.59362e+06 278470 1.23308e+06 3.03116e+06 34917.4 4.06415e+06 1.53625e+08 0.000489452 0.031254 297332 5.23027e+07 50692.3 807196 4.92981e+06 1467.05 1.023e+07 1.46171e+10 1.17576e-05 6.77804e-05 0.303627 3.85725 0.124991 0.553467 1.36054 0.0156727 1.82419 68.9548 9.02491e-06 9.71298e-05 0.203146 2.93218 0.0844421 0.236611 0.601405 0.0203188 1.12429 42.4983 2.22791e+06 inf 
965 28.826 179.685 745810 9.37127e+06 302290 1.204e+06 3.18799e+06 38433.1 4.24599e+06 1.605e+08 0.000589601 0.0429829 360114 6.17715e+07 59549 775433 5.49219e+06 1729.09 1.11334e+07 1.5908e+10 1.31153e-05 8.17536e-05 0.33933 4.26375 0.137537 0.5478 1.45048 0.0174863 1.93185 73.0243 9.8105e-06 0.000113458 0.220682 3.15044 0.0904289 0.229615 0.628463 0.0219302 1.15475 43.6497 2.19789e+06 inf 
975 31.7107 213.677 822029 1.02097e+07 328114 1.17723e+06 3.35258e+06 42248.7 4.43195e+06 1.67529e+08 0.00070994 0.0591087 435923 7.27915e+07 69948.4 746382 6.11326e+06 2031.92 1.20903e+07 1.72753e+10 1.46203e-05 9.85164e-05 0.378998 4.7072 0.151278 0.542763 1.54571 0.0194789 2.04336 77.2395 1.06567e-05 0.000132464 0.239464 3.37682 0.0967723 0.222553 0.655213 0.0236092 1.18277 44.7088 2.16895e+06 inf 
985 35.0303 254.886 909021 1.11622e+07 357594 1.15661e+06 3.53632e+06 46672.5 4.6435e+06 1.75526e+08 0.000857955 0.0810376 528865 8.60021e+07 82484.3 722587 6.81747e+06 2397.45 1.318e+07 1.88324e+10 1.62996e-05 0.000118598 0.422966 5.19377 0.166388 0.538167 1.64544 0.0217166 2.16061 81.6719 1.15555e-05 0.000153757 0.25919 3.61129 0.103416 0.215858 0.681668 0.0253756 1.21012 45.7426 2.14916e+06 inf 
995 38.5876 303.924 1.00155e+06 1.21551e+07 388647 1.1312e+06 3.70943e+06 51447.5 4.8425e+06 1.83048e+08 0.00103714 0.11231 640640 1.01427e+08 97227.2 696281 7.55511e+06 2840.78 1.43082e+07 2.04446e+10 1.82057e-05 0.000143392 0.472531 5.73481 0.183364 0.533702 1.75011 0.024273 2.28469 86.3624 1.2565e-05 0.000180075 0.281015 3.86849 0.110678 0.20897 0.708243 0.0274063 1.23726 46.7686 2.11954e+06 inf 
1005 42.5405 362.694 1.10382e+06 1.32391e+07 422680 1.10827e+06 3.89221e+06 56780.4 5.05083e+06 1.90924e+08 0.0012551 0.155541 776227 1.19585e+08 114725 672842 8.37209e+06 3367.7 1.55343e+07 2.21965e+10 2.03366e-05 0.000173387 0.527683 6.329 0.202063 0.529811 1.86068 0.027144 2.41456 91.2716 1.36539e-05 0.00021046 0.30435 4.13663 0.118385 0.202372 0.734963 0.029549 1.26338 47.7558 2.09182e+06 inf 
1015 46.8417 431.907 1.21466e+06 1.43943e+07 459346 1.0859e+06 4.0777e+06 62602 5.26048e+06 1.98849e+08 0.00151514 0.214675 938006 1.40599e+08 135227 650565 9.25091e+06 3993.84 1.683e+07 2.4048e+10 2.26898e-05 0.000209213 0.588374 6.9725 0.222504 0.526002 1.97521 0.030324 2.54814 96.3212 1.48018e-05 0.000245392 0.328907 4.41468 0.126471 0.19609 0.761328 0.0318598 1.28815 48.6922 2.06444e+06 inf 
1025 51.6353 515.366 1.33714e+06 1.56506e+07 499619 1.06498e+06 4.27156e+06 69105 5.47715e+06 2.0704e+08 0.00183505 0.2979 1.13502e+06 1.65419e+08 159725 629901 1.02171e+07 4753.55 1.82284e+07 2.60462e+10 2.53248e-05 0.000252763 0.655808 7.6759 0.24504 0.522322 2.09501 0.0338929 2.68629 101.544 1.6083e-05 0.000286735 0.355794 4.71285 0.135252 0.190046 0.788651 0.03439 1.31302 49.6323 2.03892e+06 inf 
1035 56.951 615.521 1.47195e+06 1.70137e+07 543684 1.04539e+06 4.4738e+06 76339.4 5.70082e+06 2.15496e+08 0.00222524 0.414632 1.37374e+06 1.94592e+08 188902 610741 1.12754e+07 5670.16 1.97312e+07 2.81937e+10 2.82669e-05 0.000305506 0.730587 8.44453 0.269851 0.518868 2.22052 0.0378901 2.82953 106.959 1.74772e-05 0.000335355 0.384815 5.02723 0.144705 0.184145 0.815915 0.0371302 1.33681 50.5318 2.01476e+06 inf 
1045 62.9017 735.438 1.62155e+06 1.85056e+07 592579 1.02871e+06 4.68861e+06 84470.9 5.93982e+06 2.24531e+08 0.00269963 0.576581 1.66215e+06 2.28795e+08 223654 594186 1.24383e+07 6778.23 2.13716e+07 3.05379e+10 3.15401e-05 0.000368763 0.813077 9.27908 0.297131 0.515817 2.35096 0.0423553 2.97834 112.584 1.89438e-05 0.000391309 0.41514 5.34984 0.154459 0.17852 0.842506 0.0400594 1.35853 51.353 1.99434e+06 inf 
1055 69.4453 878.889 1.78467e+06 2.00968e+07 645506 1.01159e+06 4.90676e+06 93390.4 6.1768e+06 2.3349e+08 0.00327997 0.803493 2.01121e+06 2.68612e+08 265073 577992 1.37004e+07 8101.52 2.30977e+07 3.30046e+10 3.52253e-05 0.000445806 0.905254 10.1939 0.327425 0.513119 2.48889 0.0473712 3.13311 118.435 2.05647e-05 0.000456967 0.447968 5.68639 0.165069 0.172882 0.868766 0.0431899 1.37829 52.0997 1.97146e+06 inf 
1065 76.6744 1049.67 1.96346e+06 2.18085e+07 703299 996144 5.13532e+06 103258 6.42177e+06 2.42751e+08 0.00398197 1.11972 2.4303e+06 3.14789e+08 314014 563102 1.50733e+07 9696.76 2.49367e+07 3.56327e+10 3.92476e-05 0.000537298 1.00504 11.1632 0.36 0.5099 2.62863 0.0528548 3.28714 124.258 2.23135e-05 0.000533353 0.483625 6.04282 0.176452 0.168045 0.897737 0.046582 1.3997 52.9091 1.95361e+06 inf 
1075 84.6317 1253.85 2.15725e+06 2.36302e+07 765560 980353 5.36547e+06 114180 6.66556e+06 2.51968e+08 0.00484192 1.56397 2.93505e+06 3.68497e+08 372126 548968 1.65582e+07 11629.1 2.68882e+07 3.84217e+10 4.38028e-05 0.000648956 1.11653 12.2303 0.396231 0.507401 2.777 0.059096 3.44989 130.411 2.42352e-05 0.000623152 0.521979 6.41427 0.188687 0.16332 0.926424 0.0502645 1.41943 53.655 1.93211e+06 inf 
1085 93.5894 1499.37 2.37289e+06 2.56108e+07 835063 966521 5.60986e+06 126361 6.92295e+06 2.617e+08 0.00589996 2.19073 3.54694e+06 4.31006e+08 442016 535890 1.81753e+07 13974 2.89791e+07 4.14099e+10 4.88461e-05 0.000782549 1.23845 13.3668 0.435835 0.504446 2.92789 0.0659502 3.61322 136.586 2.63317e-05 0.000728698 0.563424 6.80296 0.201852 0.158825 0.955764 0.0542576 1.43854 54.3774 1.91601e+06 inf 
1095 103.397 1791.52 2.60663e+06 2.77097e+07 909770 953014 5.85978e+06 139765 7.17946e+06 2.71398e+08 0.00718505 3.06648 4.28055e+06 5.02985e+08 524477 523822 1.99339e+07 16792.5 3.1179e+07 4.45542e+10 5.44914e-05 0.000944147 1.37372 14.6033 0.479457 0.502247 3.08815 0.0736572 3.78364 143.029 2.85881e-05 0.000851264 0.607282 7.19878 0.215697 0.154295 0.984206 0.0585186 1.45454 54.9825 1.8975e+06 inf 
1105 114.568 2146.14 2.86844e+06 3.00219e+07 993715 941888 6.12899e+06 155027 7.45681e+06 2.81885e+08 0.00878356 4.30613 5.17443e+06 5.87593e+08 624350 513336 2.18724e+07 20265.5 3.35883e+07 4.79977e+10 6.08115e-05 0.00113915 1.52253 15.9352 0.527451 0.499942 3.25319 0.0822861 3.95798 149.621 3.1051e-05 0.000993977 0.654532 7.61284 0.230634 0.1501 1.01309 0.0631322 1.47058 55.5891 1.88399e+06 inf 
1115 126.886 2567.53 3.15328e+06 3.2463e+07 1.08482e+06 930957 6.40374e+06 171687 7.73297e+06 2.92327e+08 0.0107365 6.04515 6.24597e+06 6.8421e+08 742934 503256 2.39544e+07 24421.9 3.6091e+07 5.15751e+10 6.7859e-05 0.00137312 1.68638 17.3613 0.580164 0.497877 3.42473 0.0918187 4.1356 156.337 3.37206e-05 0.00116082 0.704616 8.03133 0.246439 0.145809 1.04023 0.0680457 1.48267 56.0463 1.86985e+06 inf 
1125 140.149 3062.92 3.45532e+06 3.49711e+07 1.18084e+06 918111 6.66987e+06 189627 7.99132e+06 3.02096e+08 0.0130884 8.4633 7.51395e+06 7.93184e+08 881477 492520 2.61425e+07 29373.1 3.86253e+07 5.51977e+10 7.57093e-05 0.00165461 1.86659 18.8916 0.637898 0.495969 3.60311 0.102438 4.31696 163.194 3.65864e-05 0.00135433 0.758244 8.46108 0.263183 0.141692 1.06769 0.0733077 1.49315 56.4425 1.85114e+06 inf 
1135 155.69 3670.75 3.80462e+06 3.78324e+07 1.29241e+06 910818 6.98072e+06 210478 8.29698e+06 3.13655e+08 0.0160483 11.8996 9.07645e+06 9.22178e+08 1.0516e+06 484963 2.86413e+07 35498 4.14946e+07 5.92994e+10 8.44551e-05 0.00199122 2.06384 20.5224 0.701075 0.494078 3.78673 0.114175 4.50074 170.144 3.96588e-05 0.00157798 0.814954 8.8922 0.280966 0.137686 1.09422 0.0788676 1.50077 56.7308 1.84347e+06 inf 
1145 172.294 4381.73 4.16961e+06 4.07075e+07 1.40839e+06 900011 7.27126e+06 232598 8.56973e+06 3.2397e+08 0.0196271 16.7018 1.0912e+07 1.06575e+09 1.2496e+06 475709 3.12092e+07 42767.3 4.43141e+07 6.33303e+10 9.4194e-05 0.00239551 2.27954 22.2549 0.769972 0.492039 3.97522 0.127162 4.6851 177.115 4.31009e-05 0.00184186 0.877096 9.34698 0.300507 0.134049 1.1224 0.0849165 1.50881 57.0351 1.82914e+06 inf 
1155 191.282 5242.63 4.57963e+06 4.38571e+07 1.53922e+06 891578 7.58583e+06 257594 8.86484e+06 3.35131e+08 0.0240999 23.5044 1.31474e+07 1.23209e+09 1.49003e+06 467927 3.40379e+07 51634.4 4.73652e+07 6.76926e+10 0.000105187 0.00288295 2.51836 24.1173 0.846426 0.490284 4.1715 0.141652 4.87483 184.291 4.67797e-05 0.00214797 0.942159 9.79216 0.320844 0.130143 1.14729 0.0912618 1.51078 57.1098 1.81849e+06 inf 
1165 212.021 6252.77 5.0184e+06 4.71135e+07 1.67891e+06 882435 7.89906e+06 284574 9.14964e+06 3.45903e+08 0.0295186 32.9049 1.57804e+07 1.41753e+09 1.77122e+06 459793 3.70078e+07 62143.6 5.04454e+07 7.20968e+10 0.000117295 0.00345917 2.77629 26.0643 0.928811 0.488183 4.36994 0.157433 5.06179 191.361 5.0718e-05 0.00249757 1.01108 10.2404 0.342325 0.126669 1.17354 0.0979498 1.5119 57.1522 1.80759e+06 inf 
1175 235.053 7461.4 5.4933e+06 5.05146e+07 1.83069e+06 872394 8.20988e+06 314254 9.42501e+06 3.56319e+08 0.0362342 46.2309 1.89352e+07 1.62742e+09 2.10805e+06 451458 4.01485e+07 74844.1 5.36017e+07 7.66103e+10 0.00013104 0.00415966 3.06247 28.1614 1.02059 0.486352 4.57693 0.175194 5.25436 198.645 5.50338e-05 0.00291042 1.08514 10.6867 0.365528 0.123066 1.19753 0.105033 1.50805 57.007 1.79375e+06 inf 
1185 261.688 8927.77 6.0347e+06 5.43106e+07 2.00404e+06 866563 8.56537e+06 348124 9.74069e+06 3.68261e+08 0.0446431 65.0047 2.27776e+07 1.87032e+09 2.5169e+06 445318 4.36738e+07 90359.6 5.70704e+07 8.1571e+10 0.000146282 0.00499058 3.37337 30.3594 1.12025 0.484404 4.788 0.194599 5.445 205.856 5.96384e-05 0.00338104 1.16315 11.1268 0.389852 0.119512 1.22004 0.112435 1.50136 56.7545 1.78892e+06 inf 
1195 290.207 10617.9 6.5967e+06 5.80543e+07 2.18428e+06 857634 8.89448e+06 383495 1.00168e+07 3.78706e+08 0.0547594 90.7076 2.72165e+07 2.13188e+09 2.98884e+06 437364 4.72038e+07 108337 6.0353e+07 8.62662e+10 0.000163081 0.00596668 3.707 32.6235 1.22745 0.481945 4.99824 0.215504 5.62889 212.813 6.46253e-05 0.00392068 1.24596 11.5636 0.415859 0.116208 1.24247 0.120157 1.49358 56.4609 1.77952e+06 inf 
1205 322.446 12654.7 7.21442e+06 6.20421e+07 2.383e+06 849335 9.23715e+06 423140 1.0298e+07 3.89349e+08 0.0674346 127.181 3.25439e+07 2.42874e+09 3.55596e+06 429915 5.10067e+07 130375 6.37813e+07 9.11705e+10 0.000182078 0.00714582 4.07382 35.0338 1.34563 0.4796 5.21601 0.238937 5.81506 219.856 7.01891e-05 0.00455563 1.33446 12.0038 0.444138 0.112901 1.26315 0.128564 1.48353 56.0811 1.77092e+06 inf 
1215 359.492 15115.4 7.91035e+06 6.63809e+07 2.60802e+06 843243 9.61203e+06 467560 1.06024e+07 4.00865e+08 0.0833487 178.582 3.90102e+07 2.76566e+09 4.24557e+06 423415 5.51671e+07 156894 6.73987e+07 9.6346e+10 0.000203308 0.00854841 4.47363 37.5412 1.47494 0.476889 5.436 0.264425 5.99608 226.706 7.61786e-05 0.00528397 1.43126 12.4402 0.474956 0.109708 1.2842 0.137147 1.47097 55.607 1.76822e+06 inf 
1225 399.367 17944.3 8.63258e+06 7.06412e+07 2.84267e+06 834804 9.96062e+06 513947 1.08681e+07 4.10922e+08 0.10256 248.755 4.64302e+07 3.12318e+09 5.04035e+06 415579 5.93007e+07 187483 7.07689e+07 1.01169e+11 0.000226681 0.0101852 4.89986 40.096 1.6135 0.473835 5.65365 0.291717 6.16873 233.24 8.26357e-05 0.00612004 1.53141 12.8465 0.507457 0.106597 1.30204 0.146003 1.4544 54.9807 1.7618e+06 inf 
1235 445.132 21352.8 9.43915e+06 7.52548e+07 3.10615e+06 828322 1.03384e+07 566164 1.11542e+07 4.21753e+08 0.126735 347.056 5.53455e+07 3.52595e+09 5.99935e+06 408751 6.37979e+07 224381 7.4327e+07 1.06262e+11 0.000253087 0.0121405 5.36679 42.7874 1.76605 0.470957 5.87808 0.321902 6.34192 239.795 8.94663e-05 0.00706628 1.63256 13.19 0.540451 0.102967 1.31207 0.154773 1.42826 53.993 1.75881e+06 inf 
1245 495.48 25336 1.02987e+07 7.98847e+07 3.38825e+06 820393 1.07058e+07 621626 1.1412e+07 4.31515e+08 0.156388 482.33 6.57688e+07 3.95843e+09 7.12611e+06 401013 6.83922e+07 267385 7.76758e+07 1.11056e+11 0.000282358 0.0144381 5.86891 45.5236 1.93085 0.467515 6.10086 0.354244 6.50334 245.906 9.69262e-05 0.00814888 1.74222 13.5418 0.576851 0.0997708 1.32436 0.163967 1.40407 53.079 1.7548e+06 inf 
1255 552.227 30062.1 1.123e+07 8.46801e+07 3.69684e+06 812581 1.10773e+07 682449 1.16659e+07 4.41131e+08 0.193448 671.067 7.80351e+07 4.42908e+09 8.46624e+06 393086 7.31342e+07 318599 8.09767e+07 1.15784e+11 0.000315131 0.0171551 6.40847 48.3231 2.10962 0.463704 6.32132 0.389443 6.65722 251.734 0.000105282 0.00941543 1.86083 13.8692 0.617086 0.0964113 1.33244 0.173621 1.3752 51.9879 1.75237e+06 inf 
1265 615.816 35613.2 1.22394e+07 8.96051e+07 4.0341e+06 804983 1.14551e+07 748134 1.1911e+07 4.50414e+08 0.239269 929.209 9.2394e+07 4.93429e+09 1.00503e+07 385150 7.80479e+07 378177 8.41568e+07 1.20339e+11 0.000351592 0.0203329 6.98789 51.1588 2.30322 0.459594 6.54012 0.427137 6.80042 257.158 0.000113978 0.0108209 1.98001 14.14 0.658253 0.0931082 1.33687 0.182947 1.34256 50.7546 1.75151e+06 inf 
1275 687.801 42163.5 1.33424e+07 9.4727e+07 4.40544e+06 798165 1.1848e+07 819572 1.21577e+07 4.59764e+08 0.296373 1283.5 1.09253e+08 5.47701e+09 1.19272e+07 377263 8.31512e+07 447590 8.72413e+07 1.2476e+11 0.000391984 0.0240293 7.60397 53.9858 2.5107 0.454881 6.75227 0.467081 6.9288 262.023 0.000123509 0.0124124 2.10801 14.3852 0.70272 0.089935 1.33994 0.192147 1.30815 49.4537 1.75467e+06 inf 
1285 767.566 49813.4 1.45106e+07 9.97725e+07 4.80291e+06 789655 1.22208e+07 895437 1.23674e+07 4.67714e+08 0.367138 1769.36 1.28777e+08 6.04476e+09 1.41325e+07 368456 8.8234e+07 528044 8.99748e+07 1.28681e+11 0.000437323 0.0283814 8.26743 56.8457 2.73647 0.449908 6.96284 0.510178 7.04638 266.482 0.000133889 0.0142336 2.24065 14.5805 0.750846 0.0866701 1.33809 0.201427 1.26962 47.9972 1.75515e+06 inf 
1295 856.579 58736.4 1.57587e+07 1.04807e+08 5.23252e+06 780665 1.25869e+07 976309 1.25559e+07 4.74863e+08 0.454733 2430.73 1.51315e+08 6.63371e+09 1.6718e+07 359089 9.32959e+07 620468 9.23834e+07 1.32138e+11 0.000487545 0.0334314 8.96947 59.6536 2.97823 0.444337 7.1642 0.555693 7.14651 270.281 0.000145337 0.016305 2.38196 14.7376 0.803523 0.0833666 1.33272 0.210623 1.22879 46.4539 1.75692e+06 inf 
1305 958.355 69265.5 1.71282e+07 1.10045e+08 5.70965e+06 772794 1.29728e+07 1.0645e+06 1.27493e+07 4.82203e+08 0.564576 3331.45 1.77597e+08 7.25449e+09 1.97861e+07 349949 9.85163e+07 727275 9.46425e+07 1.35383e+11 0.000543421 0.0392759 9.71229 62.3993 3.23757 0.438201 7.35604 0.603607 7.22928 273.426 0.00015757 0.0186131 2.52497 14.828 0.858784 0.0800823 1.32318 0.219199 1.18451 44.7801 1.76356e+06 inf 
1315 1072.96 81587.4 1.86051e+07 1.15282e+08 6.23043e+06 764710 1.33571e+07 1.15862e+06 1.29212e+07 4.88733e+08 0.701567 4553 2.08057e+08 7.89306e+09 2.34058e+07 340546 1.03745e+08 849197 9.65359e+07 1.38107e+11 0.000605644 0.0460529 10.5018 65.0724 3.51683 0.431649 7.53956 0.653996 7.29351 275.87 0.000170887 0.0211926 2.6742 14.863 0.918441 0.0768371 1.30962 0.227216 1.13818 43.0284 1.7716e+06 inf 
1325 1200.12 95790.9 2.01568e+07 1.20284e+08 6.78651e+06 755141 1.37168e+07 1.25672e+06 1.30518e+07 4.93702e+08 0.870646 6190.16 2.42575e+08 8.52364e+09 2.76022e+07 330105 1.08713e+08 985683 9.78536e+07 1.40009e+11 0.000674437 0.0538322 11.3276 67.5968 3.81385 0.424371 7.70853 0.706247 7.33478 277.449 0.000185519 0.0241001 2.82949 14.858 0.983009 0.0736208 1.29336 0.234832 1.09195 41.2801 1.77944e+06 inf 
1335 1341.3 112145 2.17835e+07 1.25014e+08 7.38061e+06 744135 1.40468e+07 1.35873e+06 1.31376e+07 4.96981e+08 1.07969 8373.6 2.81626e+08 9.1404e+09 3.24788e+07 318907 1.13371e+08 1.13764e+06 9.85864e+07 1.41076e+11 0.000751057 0.062795 12.1976 70.0011 4.13274 0.416675 7.86547 0.760816 7.35634 278.283 0.000201197 0.0273046 2.98579 14.7638 1.05206 0.0703757 1.27123 0.24119 1.04273 39.4189 1.78589e+06 inf 
1345 1504.46 131402 2.35874e+07 1.29963e+08 8.0497e+06 735060 1.44115e+07 1.46988e+06 1.3238e+07 5.00817e+08 1.34267 11301.3 3.26734e+08 9.7629e+09 3.82628e+07 308139 1.18117e+08 1.30914e+06 9.90888e+07 1.41815e+11 0.000835483 0.0729724 13.099 72.1734 4.4703 0.408207 8.00323 0.816278 7.35157 278.122 0.000218177 0.0308393 3.1408 14.5845 1.12481 0.0669963 1.24215 0.246385 0.990995 37.4624 1.80071e+06 inf 
1355 1686.23 153555 2.54757e+07 1.34518e+08 8.76729e+06 724252 1.47406e+07 1.58464e+06 1.32876e+07 5.02732e+08 1.66857 15187.6 3.77414e+08 1.0346e+10 4.49904e+07 296415 1.22394e+08 1.49802e+06 9.89019e+07 1.4157e+11 0.00092914 0.084611 14.0375 74.1215 4.83091 0.399074 8.12228 0.873162 7.32167 277.013 0.000236863 0.0347792 3.30297 14.3804 1.20529 0.0637915 1.21225 0.251035 0.943165 35.6534 1.81483e+06 inf 
1365 1888.46 178845 2.74452e+07 1.38663e+08 9.53419e+06 712117 1.50368e+07 1.70246e+06 1.3293e+07 5.0298e+08 2.07033 20273.5 4.33679e+08 1.08739e+10 5.27356e+07 283936 1.26135e+08 1.70222e+06 9.80646e+07 1.40395e+11 0.00103233 0.0977659 15.003 75.8002 5.21188 0.38928 8.21988 0.930656 7.26667 274.955 0.000256999 0.039043 3.46142 14.0914 1.29006 0.0606222 1.17718 0.253776 0.89597 33.8684 1.82932e+06 inf 
1375 2119.8 208276 2.95727e+07 1.42679e+08 1.03841e+07 700319 1.53356e+07 1.82761e+06 1.32862e+07 5.02768e+08 2.57365 26995.6 4.97035e+08 1.13554e+10 6.18305e+07 271255 1.29544e+08 1.9264e+06 9.67782e+07 1.3858e+11 0.00114611 0.112608 15.989 77.1417 5.61433 0.378639 8.29145 0.988127 7.18339 271.83 0.000279148 0.0437616 3.61697 13.7359 1.38165 0.0573683 1.13666 0.25523 0.850619 32.1531 1.84957e+06 inf 
1385 2372.22 241198 3.17187e+07 1.45843e+08 1.12708e+07 685727 1.55634e+07 1.95003e+06 1.32023e+07 4.99645e+08 3.18566 35606.8 5.65395e+08 1.17256e+10 7.21215e+07 257387 1.3199e+08 2.1581e+06 9.45977e+07 1.35485e+11 0.00127079 0.129209 16.9916 78.1277 6.03772 0.367343 8.33729 1.04463 7.07244 267.659 0.00030271 0.0487796 3.76363 13.3211 1.47692 0.0542301 1.0938 0.254648 0.810154 30.6227 1.86672e+06 inf 
1395 2662.33 279452 3.40593e+07 1.4897e+08 1.22633e+07 672507 1.5809e+07 2.08071e+06 1.31216e+07 4.96646e+08 3.94891 46814.3 6.41675e+08 1.20377e+10 8.41703e+07 243899 1.34116e+08 2.40775e+06 9.20997e+07 1.31936e+11 0.00140643 0.147626 17.9925 78.6965 6.47834 0.355266 8.35144 1.09918 6.93177 262.364 0.000328708 0.0541954 3.90479 12.8848 1.57985 0.0512903 1.05029 0.252492 0.77733 29.3816 1.89297e+06 inf 
1405 2983.87 322484 3.64518e+07 1.51319e+08 1.33154e+07 657342 1.59989e+07 2.20929e+06 1.29793e+07 4.91319e+08 4.8828 61082.8 7.23472e+08 1.22238e+10 9.78368e+07 229584 1.35277e+08 2.66106e+06 8.88357e+07 1.27291e+11 0.00155439 0.167992 18.9889 78.8266 6.93643 0.34243 8.33432 1.15089 6.76131 255.943 0.000357033 0.0599883 4.03747 12.4144 1.68885 0.0483651 1.00443 0.248377 0.749674 28.3366 1.91964e+06 inf 
1415 3347.47 371551 3.89721e+07 1.53185e+08 1.44643e+07 641823 1.61668e+07 2.33974e+06 1.28038e+07 4.84744e+08 6.03241 79215.3 8.11537e+08 1.22975e+10 1.13488e+08 215055 1.35672e+08 2.91854e+06 8.50159e+07 1.21851e+11 0.00171473 0.190326 19.9633 78.4684 7.40929 0.328771 8.28136 1.19852 6.55872 248.308 0.000387018 0.0659842 4.14418 11.9189 1.79897 0.0455012 0.957236 0.241982 0.729545 27.5771 1.95219e+06 inf 
1425 3748.92 426288 4.15095e+07 1.54056e+08 1.568e+07 624206 1.62638e+07 2.46355e+06 1.2557e+07 4.75469e+08 7.42895 101902 9.03491e+08 1.22139e+10 1.31118e+08 199891 1.34876e+08 3.16542e+06 8.04378e+07 1.15323e+11 0.00188812 0.214698 20.906 77.5892 7.89712 0.314378 8.19117 1.24075 6.32424 239.467 0.00042016 0.0723002 4.23985 11.4615 1.91629 0.0429008 0.913449 0.234049 0.718322 27.1553 1.98553e+06 inf 
1435 4202.92 488031 4.41684e+07 1.54416e+08 1.70069e+07 606663 1.63411e+07 2.58646e+06 1.2287e+07 4.65324e+08 9.13448 130075 1.00002e+09 1.20088e+10 1.51098e+08 184855 1.33263e+08 3.40195e+06 7.55047e+07 1.08286e+11 0.00207315 0.240729 21.7867 76.168 8.38889 0.299246 8.0605 1.27581 6.06074 229.528 0.000455794 0.0788107 4.31447 11.0433 2.03909 0.0404325 0.873106 0.224439 0.715027 27.0348 2.02731e+06 inf 
1445 4704.37 556335 4.68105e+07 1.5372e+08 1.84075e+07 587091 1.63439e+07 2.70034e+06 1.19509e+07 4.52678e+08 11.1841 164399 1.09675e+09 1.16413e+10 1.7319e+08 169359 1.30368e+08 3.61377e+06 6.99995e+07 1.00428e+11 0.00227037 0.268492 22.5912 74.1866 8.88362 0.283335 7.88769 1.30321 5.76759 218.467 0.000492926 0.0851605 4.35191 10.7035 2.15967 0.0381484 0.837298 0.21374 0.719247 27.1999 2.07207e+06 inf 
1455 5265.13 632254 4.95073e+07 1.52241e+08 1.9922e+07 566942 1.63033e+07 2.80697e+06 1.15773e+07 4.38622e+08 13.6434 205804 1.19357e+09 1.1138e+10 1.97776e+08 153999 1.2645e+08 3.79429e+06 6.41879e+07 9.21282e+10 0.00247721 0.297471 23.2929 71.6285 9.37318 0.266742 7.6706 1.32066 5.44707 206.369 0.000531571 0.0913262 4.35995 10.4733 2.27947 0.0361144 0.809817 0.202596 0.727639 27.5239 2.12543e+06 inf 
1465 5880.81 715115 5.21366e+07 1.4958e+08 2.15211e+07 544808 1.61774e+07 2.89765e+06 1.11383e+07 4.22088e+08 16.5571 254915 1.28625e+09 1.04838e+10 2.24749e+08 138526 1.2125e+08 3.92683e+06 5.80266e+07 8.33236e+10 0.00269397 0.327591 23.8836 68.5219 9.8587 0.249574 7.4108 1.3274 5.1024 193.356 0.000572072 0.0972609 4.33626 10.3598 2.40055 0.0342192 0.789963 0.192026 0.739747 27.9899 2.18295e+06 inf 
1475 6557.6 805313 5.47087e+07 1.45937e+08 2.32238e+07 521681 1.59877e+07 2.97375e+06 1.06558e+07 4.03913e+08 19.945 311685 1.3708e+09 9.70549e+09 2.53791e+08 123317 1.14947e+08 4.00441e+06 5.17305e+07 7.43216e+10 0.00291374 0.357824 24.3087 64.844 10.319 0.231798 7.1038 1.32132 4.7347 179.47 0.000610169 0.102239 4.26313 10.3775 2.50695 0.0326009 0.781189 0.182702 0.753631 28.5241 2.25058e+06 inf 
1485 7308.23 903574 5.72442e+07 1.41461e+08 2.50509e+07 497872 1.57433e+07 3.03513e+06 1.0143e+07 3.8459e+08 23.8822 376493 1.44564e+09 8.84026e+09 2.84949e+08 108580 1.0773e+08 4.02366e+06 4.54969e+07 6.54049e+10 0.00313436 0.387525 24.5509 60.6697 10.7438 0.213528 6.75199 1.30171 4.35011 164.943 0.000646845 0.106277 4.15428 10.5166 2.60371 0.0312015 0.783621 0.176694 0.767615 29.0633 2.33165e+06 inf 
1495 8105.36 1.00674e+06 5.94765e+07 1.35487e+08 2.69288e+07 471476 1.53752e+07 3.06554e+06 9.55337e+06 3.62362e+08 28.2892 447885 1.50192e+09 7.87026e+09 3.1734e+08 94104.8 9.92913e+07 3.96044e+06 3.92087e+07 5.64037e+10 0.00335188 0.416326 24.5958 56.0291 11.1361 0.194973 6.35823 1.26772 3.95068 149.85 0.000680879 0.109043 4.01825 10.7419 2.68704 0.0300233 0.796046 0.175158 0.778724 29.4945 2.41816e+06 inf 
1505 8973.17 1.11619e+06 6.15458e+07 1.28676e+08 2.89226e+07 444588 1.49473e+07 3.07496e+06 8.93992e+06 3.39232e+08 33.1617 523954 1.53828e+09 6.86662e+09 3.5037e+08 80443.4 9.02062e+07 3.82697e+06 3.32228e+07 4.78303e+10 0.00355501 0.442215 24.3834 50.9792 11.4586 0.176138 5.92186 1.21824 3.54184 134.398 0.000707073 0.109667 3.8589 11.0249 2.74042 0.0290801 0.818347 0.179057 0.78593 29.7789 2.52409e+06 inf 
1515 9873.39 1.22647e+06 6.31437e+07 1.20521e+08 3.09223e+07 415419 1.43952e+07 3.04768e+06 8.26668e+06 3.13836e+08 38.2818 600083 1.54528e+09 5.83389e+09 3.82053e+08 67423.5 8.03177e+07 3.60874e+06 2.74958e+07 3.96214e+10 0.00373695 0.464202 23.8991 45.6157 11.7037 0.157231 5.44842 1.15351 3.12883 118.783 0.000724135 0.107891 3.70194 11.2808 2.7614 0.0282385 0.844978 0.187834 0.785622 29.7797 2.6421e+06 inf 
1525 10819.7 1.3379e+06 6.43776e+07 1.11592e+08 3.29934e+07 385815 1.37736e+07 2.99136e+06 7.57574e+06 2.87768e+08 43.5017 672355 1.52355e+09 4.83819e+09 4.11635e+08 55550.1 7.02388e+07 3.32498e+06 2.2293e+07 3.21584e+10 0.00388409 0.480283 23.1104 40.0597 11.844 0.138501 4.94449 1.07385 2.71955 103.303 0.000728145 0.1034 3.58288 11.4911 2.73656 0.0275515 0.875485 0.201161 0.778988 29.5416 2.78566e+06 inf 
1535 11746.2 1.4408e+06 6.4877e+07 1.01548e+08 3.49572e+07 354301 1.30271e+07 2.89144e+06 6.84286e+06 2.60104e+08 48.3088 731210 1.46459e+09 3.89106e+09 4.35175e+08 44694.4 5.99527e+07 2.97277e+06 1.75925e+07 2.54094e+10 0.00398291 0.488547 21.9985 34.4329 11.8533 0.120136 4.41723 0.980429 2.32027 88.196 0.000719 0.09623 3.56068 11.5651 2.65688 0.0268743 0.903772 0.21625 0.762621 28.9358 2.94916e+06 inf 
1545 12655.7 1.53504e+06 6.47264e+07 9.08544e+07 3.68804e+07 322316 1.22025e+07 2.75601e+06 6.09704e+06 2.31944e+08 52.3842 772018 1.37245e+09 3.03168e+09 4.51569e+08 35117.1 4.99497e+07 2.57878e+06 1.34974e+07 1.95234e+10 0.00401605 0.487119 20.5398 28.831 11.7033 0.102281 3.87225 0.874571 1.93479 73.6032 0.000703225 0.0877583 3.69325 11.4378 2.51588 0.0261212 0.925372 0.231206 0.734682 27.8919 3.15127e+06 inf 
1555 13439.2 1.60615e+06 6.35486e+07 7.95607e+07 3.84859e+07 289295 1.12738e+07 2.57726e+06 5.33775e+06 2.0326e+08 54.9412 783448 1.24558e+09 2.28334e+09 4.55085e+08 26842.1 4.04632e+07 2.16018e+06 1.00465e+07 1.45569e+10 0.00396539 0.473914 18.7508 23.4754 11.3557 0.0853602 3.32647 0.760452 1.57497 59.9743 0.000697681 0.0810683 3.99137 11.074 2.30774 0.0251738 0.934754 0.243106 0.695561 26.4249 3.38911e+06 inf 
1565 14031.3 1.64653e+06 6.1296e+07 6.8102e+07 3.96299e+07 256182 1.02731e+07 2.36195e+06 4.58761e+06 1.74906e+08 55.5564 761973 1.09342e+09 1.66133e+09 4.42763e+08 19947.5 3.18492e+07 1.74544e+06 7.24838e+06 1.0524e+10 0.00381489 0.447664 16.6654 18.5158 10.7747 0.0696518 2.7931 0.642176 1.2473 47.5542 0.000742652 0.082249 4.42137 10.4333 2.07008 0.0239172 0.926208 0.249329 0.644179 24.4931 3.67804e+06 inf 
1575 14314.7 1.6439e+06 5.77647e+07 5.66827e+07 4.00262e+07 223076 9.20237e+06 2.11093e+06 3.85196e+06 1.47078e+08 53.956 707415 9.24729e+08 1.16295e+09 4.13337e+08 14358.1 2.42677e+07 1.35432e+06 5.046e+06 7.34398e+09 0.00355957 0.408781 14.3641 14.095 9.95311 0.0554712 2.28831 0.524914 0.957847 36.573 0.000863952 0.0938479 4.86022 9.51396 1.92819 0.0222102 0.893414 0.247464 0.580769 22.1044 4.02148e+06 inf 
1585 14256.6 1.59569e+06 5.31505e+07 4.58871e+07 3.95429e+07 191351 8.11833e+06 1.84018e+06 3.16193e+06 1.20952e+08 50.4872 627476 7.54721e+08 7.85204e+08 3.70142e+08 10025.8 1.79309e+07 1.01048e+06 3.39655e+06 4.95738e+09 0.00321263 0.359576 11.9771 10.3403 8.9107 0.0431196 1.8294 0.414672 0.712517 27.2556 0.00102759 0.110009 5.15951 8.36766 2.00203 0.0199988 0.832985 0.236118 0.507648 19.3454 4.43769e+06 inf 
1595 13768.6 1.49575e+06 4.74464e+07 3.59259e+07 3.79313e+07 161232 7.03263e+06 1.55608e+06 2.5241e+06 9.67697e+07 45.3594 529989 5.92188e+08 5.09795e+08 3.16959e+08 6775.68 1.28133e+07 722316 2.20295e+06 3.22594e+09 0.00279887 0.304054 9.64486 7.30298 7.71064 0.0327751 1.42959 0.316319 0.513096 19.6712 0.00117769 0.12364 5.2303 7.09204 2.23097 0.017411 0.748974 0.216273 0.429589 16.3954 4.91935e+06 inf 
1605 12893.5 1.35341e+06 4.10932e+07 2.72306e+07 3.5296e+07 134026 6.0084e+06 1.27781e+06 1.96184e+06 7.54197e+07 39.2155 427131 4.4774e+08 3.19388e+08 2.60208e+08 4447.42 8.88856e+06 496136 1.38034e+06 2.02916e+09 0.00235033 0.246711 7.49079 4.9638 6.43402 0.0244313 1.09526 0.23293 0.35762 13.7481 0.00127454 0.130363 5.05031 5.79493 2.45686 0.0146227 0.648603 0.190219 0.351748 13.4492 5.48583e+06 inf 
1615 11677.9 1.17887e+06 3.44508e+07 1.99561e+07 3.17639e+07 110159 5.07397e+06 1.01698e+06 1.48222e+06 5.71699e+07 32.6505 328593 3.26633e+08 1.93591e+08 2.04962e+08 2843.44 6.00206e+06 327768 836996 1.23595e+09 0.00190623 0.192432 5.62355 3.25753 5.18497 0.0179818 0.828246 0.166006 0.241948 9.33209 0.00130229 0.12887 4.65762 4.58141 2.56378 0.011866 0.541988 0.161075 0.279441 10.708 6.12616e+06 inf 
1625 10207 986757 2.78976e+07 1.41161e+07 2.75813e+07 89923.6 4.25407e+06 783509 1.08653e+06 4.20746e+07 26.1449 241368 2.29557e+08 1.13076e+08 1.54758e+08 1774.21 3.95297e+06 208050 489305 7.26319e+08 0.00149328 0.144363 4.08144 2.06519 4.03516 0.0131559 0.622373 0.114628 0.15896 6.15554 0.00126298 0.120298 4.11415 3.504 2.52164 0.00930002 0.437005 0.131523 0.215215 8.26862 6.83524e+06 inf 
1635 8623.16 794695 2.18648e+07 9.67806e+06 2.31265e+07 73443.6 3.56727e+06 585842 775144 3.01581e+07 20.2561 170186 1.56466e+08 6.41919e+07 1.12461e+08 1091.18 2.56458e+06 127722 277892 4.15001e+08 0.00113564 0.104659 2.87952 1.27457 3.04567 0.00967225 0.469797 0.0771532 0.102084 3.97171 0.00117387 0.107049 3.5092 2.6133 2.35258 0.00708179 0.342107 0.104249 0.161791 6.23535 7.59322e+06 inf 
1645 7048.66 616732 1.66004e+07 6.43329e+06 1.87407e+07 60416.7 3.01178e+06 425506 538229 2.1057e+07 15.2027 115480 1.03427e+08 3.52498e+07 7.88268e+07 666.22 1.6505e+06 75748.2 152757 2.29742e+08 0.000840606 0.0735499 1.97972 0.767218 2.23497 0.00720515 0.359177 0.0507448 0.0641879 2.5112 0.00105186 0.0914454 2.90088 1.90136 2.09895 0.00524763 0.260436 0.0803648 0.118732 4.59264 8.38522e+06 inf 
1655 5586.05 462277 1.22354e+07 4.15575e+06 1.46956e+07 50325.9 2.57381e+06 300691 364256 1.43434e+07 11.0836 75664.4 6.64126e+07 1.87246e+07 5.34839e+07 408.178 1.06518e+06 43452.7 81353.6 1.23374e+08 0.000608333 0.0503429 1.33247 0.45257 1.60038 0.0054806 0.280293 0.0327459 0.0396682 1.56203 0.000914856 0.0755354 2.33602 1.35437 1.80646 0.00379665 0.193484 0.0604963 0.0853581 3.31598 9.18256e+06 inf 
1665 4304.1 335635 8.77516e+06 2.61091e+06 1.11808e+07 42764.8 2.24298e+06 207060 240505 9.54249e+06 7.86236 47952.4 4.14395e+07 9.58054e+06 3.52249e+07 254.625 699320 24091.1 41861 6.41107e+07 0.000429606 0.0335008 0.875876 0.260603 1.11599 0.00426849 0.223878 0.0206673 0.0240056 0.952465 0.00077473 0.0605308 1.8355 0.942523 1.50681 0.00268234 0.140284 0.0444688 0.0600167 2.34348 1.00187e+07 inf 
1675 3233.22 236718 6.13824e+06 1.59847e+06 8.27857e+06 37263.4 2.00358e+06 139258 155248 6.21459e+06 5.42615 29385.3 2.51304e+07 4.76149e+06 2.25369e+07 164.571 475305 12943.4 20924.1 3.24199e+07 0.00029588 0.0216627 0.561726 0.14628 0.757593 0.00341007 0.183353 0.0127439 0.0142072 0.568713 0.000639543 0.0471153 1.40862 0.643691 1.22003 0.00185249 0.0993886 0.03197 0.0413881 1.62585 1.09275e+07 inf 
1685 2371.71 162474 4.19265e+06 952314 5.97589e+06 33203.7 1.82952e+06 91519.5 97953.8 3.96202e+06 3.63503 17384.7 1.47537e+07 2.27517e+06 1.4013e+07 111.313 337741 6712.76 10087.7 1.58481e+07 0.000199309 0.0136537 0.352332 0.0800284 0.502189 0.0027903 0.153745 0.00769091 0.00823162 0.332952 0.000515508 0.0357003 1.05627 0.429874 0.961976 0.00125241 0.0688814 0.0224714 0.0279278 1.10496 1.18997e+07 inf 
1695 1697.78 108410 2.7913e+06 548839 4.20852e+06 30220.4 1.70581e+06 58666 60253.4 2.46734e+06 2.34877 9851.71 8.32432e+06 1.03711e+06 8.42719e+06 79.2505 252390 3335.43 4652.74 7.43298e+06 0.000130808 0.00835262 0.21506 0.0422862 0.324252 0.00232838 0.131427 0.00452002 0.00464233 0.1901 0.000404789 0.026254 0.771434 0.279496 0.737664 0.00082743 0.0466142 0.0153803 0.0183556 0.732495 1.29791e+07 inf 
1705 1189.06 70484.4 1.81641e+06 307695 2.89743e+06 27935.2 1.61482e+06 36802.8 36268.8 1.50688e+06 1.46864 5366.25 4.54139e+06 457600 4.90556e+06 59.2148 197779 1604.12 2076.88 3.38449e+06 8.39136e-05 0.00497417 0.128186 0.0217144 0.204475 0.00197142 0.11396 0.00259722 0.00255953 0.106343 0.000310809 0.0188138 0.551416 0.178387 0.551708 0.000540699 0.0311543 0.0103179 0.0118329 0.47701 1.41701e+07 inf 
1715 812.285 44503.2 1.15057e+06 166566 1.94827e+06 26262 1.55423e+06 22548.3 21297.3 900266 0.879997 2784.64 2.37175e+06 193910 2.74065e+06 46.087 161332 741.206 889.427 1.48418e+06 5.20115e-05 0.00284959 0.0736723 0.0106654 0.12475 0.00168158 0.0995192 0.00144379 0.00136369 0.057645 0.000231607 0.0130454 0.382672 0.110917 0.399906 0.000351111 0.0206439 0.00673615 0.00742235 0.302838 1.56174e+07 inf 
1725 538.774 27144.9 706322 86796.5 1.27341e+06 24848.1 1.5051e+06 13438 12149 524193 0.504897 1375.29 1.18371e+06 76524.4 1.46287e+06 36.6589 134413 326.183 359.513 617933 3.11734e-05 0.0015706 0.0408677 0.00502203 0.0736793 0.00143771 0.0870848 0.000777523 0.000702938 0.0303297 0.000168052 0.00878108 0.258494 0.0663511 0.281448 0.000232527 0.0139057 0.00427415 0.00450635 0.186638 1.72831e+07 inf 
1735 347.492 16017.9 420793 43613.7 810217 23487.1 1.45571e+06 7809.43 6746.05 298256 0.2762 644.774 562261 28335 743837 29.2542 112295 136.969 137.838 245731 1.81029e-05 0.000834466 0.0219216 0.00227209 0.042209 0.00122358 0.0758367 0.000406839 0.000351441 0.0155379 0.00011858 0.0057353 0.169738 0.0383533 0.192274 0.000163915 0.00994484 0.00264008 0.00265655 0.112072 1.91954e+07 inf 
1745 216.344 9070.12 241271 20813.5 498441 22459.1 1.42398e+06 4392.94 3614.18 164551 0.141959 282.081 248375 9086.54 356161 23.5092 94431.5 53.1293 47.9036 89698.5 9.9329e-06 0.000416432 0.0110773 0.000955598 0.0228847 0.00103115 0.0653784 0.000201691 0.000165936 0.00755494 8.01188e-05 0.00357458 0.106211 0.0204028 0.125812 0.00012685 0.00782629 0.00154875 0.00147372 0.0637276 2.17806e+07 inf 
1755 129.516 4905.2 132483 9293.02 295236 21508.8 1.39463e+06 2381.09 1857.56 87650 0.0671857 112.252 99212.6 2397.86 158709 18.7608 78808.7 18.633 14.7312 29501.1 5.16637e-06 0.000195667 0.0052847 0.000370697 0.0117769 0.000857981 0.0556315 9.49811e-05 7.40975e-05 0.00349634 5.15105e-05 0.002107 0.0626869 0.00977306 0.0786903 0.00011061 0.00698613 0.000856881 0.000762978 0.0341258 2.50691e+07 inf 
1765 73.8514 2504.79 68869.5 3791.19 166975 20244.2 1.34205e+06 1233.47 907.245 44735 0.0282113 38.8789 34428 501.285 63997.3 14.4596 63489.5 5.80692 3.94458 8647.21 2.54723e-06 8.63936e-05 0.0023754 0.000130763 0.00575919 0.000698249 0.0462891 4.25441e-05 3.12921e-05 0.00154297 3.10895e-05 0.00115478 0.0343777 0.00415607 0.0466282 0.000105726 0.00686678 0.000445509 0.000367525 0.017201 2.89928e+07 inf 
1775 39.4782 1182.91 33197.2 1337.3 88998.6 19083 1.29318e+06 602.109 414.038 21577.5 0.00987052 10.8097 9579.94 69.8821 22333.1 10.867 49855.2 1.51964 0.85844 2133.81 1.13697e-06 3.40676e-05 0.000956073 3.85142e-05 0.00256314 0.000549587 0.0372434 1.73406e-05 1.19242e-05 0.000621428 1.68219e-05 0.000556918 0.0165827 0.00141814 0.0252313 0.000104515 0.00698243 0.000208482 0.000156782 0.00781454 3.47224e+07 inf 
1785 18.9532 490.106 14085.4 365.659 43319.6 18237.3 1.26294e+06 268.62 170.719 9547.77 0.00251164 2.05404 1832.92 5.06084 6089.31 7.98298 38242.4 0.305742 0.138921 408.644 4.29035e-07 1.10943e-05 0.000318844 8.27726e-06 0.000980605 0.000412829 0.0285887 6.08063e-06 3.86449e-06 0.000216129 7.52799e-06 0.000215345 0.00643346 0.000338366 0.0116995 0.000101385 0.00695432 8.29697e-05 5.59443e-05 0.00303374 4.41764e+07 inf 
1795 7.62869 163.914 4868.63 68.8295 18252.6 17274.3 1.22225e+06 104.34 60.5287 3702.63 0.000406877 0.228348 210.505 0.157295 1160.17 5.55796 27790.5 0.0436718 0.0157406 56.8008 1.28754e-07 2.76647e-06 8.21708e-05 1.16168e-06 0.00030806 0.000291549 0.0206287 1.76101e-06 1.02158e-06 6.24916e-05 2.61735e-06 6.20187e-05 0.0018831 5.15113e-05 0.0044143 9.3832e-05 0.00659493 2.7092e-05 1.62671e-05 0.000977117 5.92501e+07 inf 
1805 2.2415 38.129 1191.66 7.91297 5929.35 16690.8 1.2062e+06 30.868 16.0614 1105.44 3.66265e-05 0.012627 12.6286 0.00165975 138.909 3.70125 19301.8 0.00383287 0.00108016 5.00149 2.5501e-08 4.33783e-07 1.35572e-05 9.00238e-08 6.74567e-05 0.000189887 0.0137226 3.51177e-07 1.82727e-07 1.25763e-05 6.45012e-07 1.19777e-05 0.000378799 4.34447e-06 0.0012553 7.77894e-05 0.00559303 6.5941e-06 3.50075e-06 0.000238207 8.78986e+07 inf 
1815 0.514757 6.66026 224.353 1.60807 1510.65 15139 1.11715e+06 7.03151 3.15141 257.663 2.30149e-06 0.000464227 0.523988 8.86673e-05 11.3714 2.14794 11675.2 0.000246425 5.21012e-05 0.330898 3.6657e-09 4.74292e-08 1.59767e-06 1.14514e-08 1.07577e-05 0.000107808 0.00795548 5.00729e-08 2.24419e-08 1.83487e-06 1.27969e-07 1.81758e-06 6.10646e-05 7.94537e-07 0.000284364 6.06081e-05 0.00445554 1.32376e-06 6.08704e-07 4.85081e-05 1.40425e+08 inf 
1825 0.0889059 0.828133 32.3831 5.31787 279.816 12843.1 967368 1.15503 0.399051 44.1439 6.05578e-08 6.76804e-06 0.00845755 0.000521512 0.436783 0.963897 5453.63 8.42117e-06 1.27023e-06 0.0115509 3.01209e-10 2.80567e-09 1.09712e-07 1.80167e-08 9.48002e-07 4.35117e-05 0.0032774 3.91319e-09 1.35197e-09 1.49558e-07 1.43205e-08 1.514e-07 5.3518e-06 1.32911e-06 3.84565e-05 3.70455e-05 0.00278124 1.68865e-07 6.55869e-08 6.25391e-06 2.95164e+08 inf 
1835 0.0179563 0.0684348 10.5302 37.6395 47.5139 9118.1 700668 0.0913164 -0.0215774 4.15142 4.53925e-10 6.02804e-08 7.59843e-05 0.00221688 0.00932176 0.243818 1433.36 1.33977e-07 1.79371e-08 0.000171943 1.32032e-11 5.03197e-11 7.74281e-09 2.76761e-08 3.49367e-08 6.70448e-06 0.000515196 6.71443e-11 -1.58657e-11 3.05251e-09 5.77576e-10 6.65742e-09 2.36243e-07 1.27644e-06 2.61782e-06 1.159e-05 0.000887982 9.92513e-09 3.63163e-09 3.55555e-07 1.36e+09 inf 
1845 0.0114578 0.0119118 3.94602 14.0455 10.7166 1137.68 88707 0.00338538 -0.0486782 0.423194 8.26905e-12 2.3704e-09 7.71609e-06 0.000525743 0.00031356 0.0149265 90.9127 5.27582e-10 1.16836e-09 1.94491e-06 1.06755e-11 1.10986e-11 3.67661e-09 1.30866e-08 9.98498e-09 1.06001e-06 8.26507e-05 3.15425e-12 -4.53548e-11 3.94301e-10 8.71237e-11 1.48608e-09 8.471e-08 6.9977e-07 5.4042e-07 3.57545e-06 0.000279061 7.01108e-10 1.04237e-09 4.25672e-08 1.07327e+09 inf 
1855 2.00709e-07 1.2092e-06 0.000101881 4.34208e-06 1.13936e-05 2.75691 219.077 1.70123e-07 -4.60366e-07 1.19126e-05 1.84159e-17 5.07432e-16 3.51651e-12 2.82689e-14 5.51681e-14 3.96632e-05 0.250477 1.0518e-17 4.31084e-17 5.02299e-14 9.49824e-13 5.72234e-12 4.82136e-10 2.05482e-11 5.39184e-11 1.30466e-05 0.00103675 8.05077e-13 -2.17861e-12 5.63745e-11 9.28699e-12 4.86682e-11 4.05079e-09 3.65179e-10 5.08101e-10 4.18148e-06 0.000332418 7.00904e-12 1.41158e-11 4.8428e-10 211312 inf 
1865 0 0 0 0 0 0 0 0 0 0 0 0 0 0 0 0 0 0 0 0 0.0 0.0 0.0 0.0 0.0 0.0 0.0 0.0 0.0 0.0 0.0 0.0 0.0 0.0 0.0 0.0 0.0 0.0 0.0 0.0 0 -nan 
1875 0 0 0 0 0 0 0 0 0 0 0 0 0 0 0 0 0 0 0 0 0.0 0.0 0.0 0.0 0.0 0.0 0.0 0.0 0.0 0.0 0.0 0.0 0.0 0.0 0.0 0.0 0.0 0.0 0.0 0.0 0 -nan 
1885 0 0 0 0 0 0 0 0 0 0 0 0 0 0 0 0 0 0 0 0 0.0 0.0 0.0 0.0 0.0 0.0 0.0 0.0 0.0 0.0 0.0 0.0 0.0 0.0 0.0 0.0 0.0 0.0 0.0 0.0 0 -nan 
1895 0 0 0 0 0 0 0 0 0 0 0 0 0 0 0 0 0 0 0 0 0.0 0.0 0.0 0.0 0.0 0.0 0.0 0.0 0.0 0.0 0.0 0.0 0.0 0.0 0.0 0.0 0.0 0.0 0.0 0.0 0 -nan 
