255 0 0 0 0 0 0 0 0 0 0 0 0 0 0 0 0 0 0 0 0 0.0 0.0 0.0 0.0 0.0 0.0 0.0 0.0 0.0 0.0 0.0 0.0 0.0 0.0 0.0 0.0 0.0 0.0 0.0 0.0 0 -nan 
265 0 0 0 0 0 0 0 0 0 0 0 0 0 0 0 0 0 0 0 0 0.0 0.0 0.0 0.0 0.0 0.0 0.0 0.0 0.0 0.0 0.0 0.0 0.0 0.0 0.0 0.0 0.0 0.0 0.0 0.0 0 -nan 
275 0 0 0 0 0 0 0 0 0 0 0 0 0 0 0 0 0 0 0 0 0.0 0.0 0.0 0.0 0.0 0.0 0.0 0.0 0.0 0.0 0.0 0.0 0.0 0.0 0.0 0.0 0.0 0.0 0.0 0.0 0 -nan 
285 0 0 0 0 0 0 0 0 0 0 0 0 0 0 0 0 0 0 0 0 0.0 0.0 0.0 0.0 0.0 0.0 0.0 0.0 0.0 0.0 0.0 0.0 0.0 0.0 0.0 0.0 0.0 0.0 0.0 0.0 0 -nan 
295 1.49386e-13 1.02312e-11 3.85334e-13 0.000106432 0.000897191 0.00519598 0.0201671 2.23233e-07 3.02497e-05 2.58051e-10 1.66634e-29 4.83077e-27 5.02029e-30 4.87671e-13 6.3564e-13 2.136e-11 3.21111e-10 2.37463e-20 4.33968e-16 1.14238e-21 0.0 0.0 0.0 0.0 0.0 0.0 0.0 0.0 0.0 0.0 0.0 0.0 0.0 0.0 0.0 0.0 0.0 0.0 0.0 0.0 -1.35736e+08 -inf 
305 2.3384e-10 6.27528e-09 1.0945e-10 0.0108832 0.0444169 0.261567 0.996898 1.19585e-05 0.00145407 -4.97361e-09 2.53286e-22 1.12303e-19 5.15535e-23 3.99745e-08 3.93826e-08 1.3826e-06 1.98166e-05 7.06041e-17 9.62136e-13 7.99925e-19 7.01438e-19 1.88236e-17 3.28313e-19 3.26457e-11 1.33235e-10 7.84609e-10 2.99034e-09 3.58711e-14 4.3617e-12 -1.49191e-17 8.71647e-16 1.8354e-14 3.93246e-16 1.09503e-08 1.08681e-08 6.43948e-08 2.4379e-07 4.58803e-13 5.35448e-11 4.89846e-14 3.33373e+08 inf 
315 1.75895e-08 5.65e-07 1.04553e-08 0.113843 0.221388 1.33582 4.95793 3.54433e-05 0.00369401 2.03973e-09 2.1405e-18 1.87329e-15 6.37897e-19 7.41653e-06 9.35364e-06 0.000340501 0.00469121 2.12161e-14 2.08183e-10 3.90724e-19 1.6812e-16 5.40028e-15 9.99319e-17 1.08811e-09 2.11603e-09 1.27678e-08 4.7388e-08 3.38767e-13 3.53074e-11 1.94958e-17 1.43034e-13 4.23142e-12 7.80834e-14 2.66244e-07 2.98994e-07 1.80398e-06 6.696e-06 1.42362e-11 1.41016e-09 6.11109e-14 1.04624e+08 inf 
325 1.36603e-07 6.18172e-06 1.05363e-07 0.479235 0.975608 6.03634 21.7991 0.000117631 0.0101791 9.94087e-09 1.03068e-16 1.78073e-13 4.84936e-17 0.000137216 0.000287589 0.0111218 0.143461 1.10433e-12 5.96e-09 5.08906e-19 2.11171e-15 9.55614e-14 1.62877e-15 7.40835e-09 1.50816e-08 9.33139e-08 3.36985e-07 1.81842e-12 1.57355e-10 1.53673e-16 1.26226e-12 5.24668e-11 8.65821e-13 1.45641e-06 2.10844e-06 1.31118e-05 4.70915e-05 1.30645e-10 9.59735e-09 8.86961e-14 6.46885e+07 inf 
335 5.201e-07 3.01738e-05 5.26329e-07 1.2584 3.059 19.3676 68.2087 0.000402602 0.0291686 2.60912e-08 7.47764e-16 2.52625e-12 7.75741e-16 0.000747381 0.00277059 0.114916 1.37343 2.41412e-11 7.64019e-08 1.33317e-19 1.10217e-14 6.3943e-13 1.11537e-14 2.66674e-08 6.48249e-08 4.10428e-07 1.44545e-06 8.53176e-12 6.18127e-10 5.52912e-16 3.98072e-12 2.31375e-10 4.0545e-12 3.97963e-06 7.66217e-06 4.93465e-05 0.000170596 7.15203e-10 4.02329e-08 5.31495e-14 4.71887e+07 inf 
345 1.58475e-06 0.000103517 1.84964e-06 2.67504 7.64256 49.2881 170.127 0.00121433 0.0760573 4.82815e-08 4.97301e-15 2.39971e-11 7.8822e-15 0.00289463 0.014861 0.642233 7.33951 2.10179e-10 4.88226e-07 1.53242e-18 4.2378e-14 2.76817e-12 4.94614e-14 7.15336e-08 2.04371e-07 1.31802e-06 4.54939e-06 3.24725e-11 2.03386e-09 1.2911e-15 1.15318e-11 8.01063e-10 1.45181e-11 8.79776e-06 1.99339e-05 0.000131043 0.000442997 2.37052e-09 1.14244e-07 2.02428e-13 3.73956e+07 inf 
355 4.10207e-06 0.000283431 5.06358e-06 5.01954 16.5863 108.632 368.703 0.00322878 0.17853 9.80195e-08 2.50686e-14 1.3224e-10 4.34992e-14 0.00906366 0.0552593 2.44092 27.2365 1.03254e-09 2.02549e-06 1.14947e-17 1.45424e-13 1.0048e-11 1.7951e-13 1.77949e-07 5.88007e-07 3.85115e-06 1.3071e-05 1.14464e-10 6.3291e-09 3.47492e-15 2.98109e-11 2.16517e-09 3.92692e-11 1.79245e-05 4.42568e-05 0.000294141 0.000982546 6.04911e-09 2.67892e-07 6.3835e-13 2.82077e+07 inf 
365 1.01333e-05 0.000766791 1.39919e-05 8.70828 33.2809 221.695 738.681 0.00804471 0.389187 2.55703e-07 1.37956e-13 9.16864e-10 3.24108e-13 0.0251427 0.209315 9.65622 102.766 7.13407e-09 9.62823e-06 1.4456e-16 4.30956e-13 3.26105e-11 5.95054e-13 3.7035e-07 1.41539e-06 9.42837e-06 3.14151e-05 3.4213e-10 1.65516e-08 1.08747e-14 7.65955e-11 6.24434e-09 1.17403e-10 3.26978e-05 9.4339e-05 0.000640762 0.00209034 1.74151e-08 6.39688e-07 2.47947e-12 2.35136e+07 inf 
375 1.89588e-05 0.00150939 2.75294e-05 13.1466 58.6967 396.535 1301.13 0.0176519 0.764158 5.14128e-07 4.12731e-13 2.9712e-09 1.04642e-12 0.0494121 0.511313 24.1537 250.489 2.41836e-08 2.7586e-05 6.96921e-16 9.1142e-13 7.25619e-11 1.32344e-12 6.32006e-07 2.82176e-06 1.90629e-05 6.255e-05 8.48589e-10 3.67359e-08 2.4716e-14 1.40857e-10 1.19512e-08 2.24284e-10 4.87342e-05 0.000156757 0.0010774 0.00346958 3.40863e-08 1.151e-06 5.78817e-12 2.08014e+07 inf 
385 3.77153e-05 0.00313221 5.74544e-05 20.1282 101.239 693.099 2241.46 0.0368485 1.43227 1.17694e-06 1.39519e-12 1.12663e-08 4.05392e-12 0.102036 1.30704 63.5043 638.683 9.20095e-08 8.36366e-05 5.15338e-15 2.12018e-12 1.76078e-10 3.22983e-12 1.13152e-06 5.6912e-06 3.89629e-05 0.000126005 2.07146e-09 8.05156e-08 6.61624e-14 2.80048e-10 2.51657e-08 4.7737e-10 7.5728e-05 0.000271005 0.00188902 0.00599066 7.18893e-08 2.16684e-06 1.70204e-11 1.77887e+07 inf 
395 6.58213e-05 0.0055756 0.00010126 29.0923 164.456 1139 3637.26 0.0720287 2.54199 2.07826e-06 3.29542e-12 2.51749e-08 8.5261e-12 0.183796 2.61996 128.775 1278.84 2.29818e-07 0.000193535 1.14874e-14 4.02177e-12 3.40677e-10 6.18715e-12 1.77758e-06 1.00485e-05 6.95944e-05 0.000222241 4.40105e-09 1.55319e-07 1.26985e-13 4.48708e-10 3.92186e-08 7.21746e-10 0.000105958 0.000399977 0.00280419 0.00883683 1.18418e-07 3.43528e-06 2.64931e-11 1.63663e+07 inf 
405 0.000119877 0.0105716 0.000193472 41.4937 260.44 1825.98 5753.75 0.136028 4.35009 4.58671e-06 9.64667e-12 8.23825e-08 2.8795e-11 0.339051 5.96817 301.496 2905.91 7.55433e-07 0.0005177 5.90406e-14 7.67463e-12 6.76802e-10 1.23862e-11 2.65646e-06 1.66736e-05 0.000116901 0.000368359 8.70859e-09 2.78496e-07 2.93644e-13 7.85829e-10 7.26204e-08 1.35769e-09 0.000147306 0.000617906 0.00439185 0.0136346 2.19744e-07 5.7503e-06 6.14795e-11 1.56199e+07 inf 
415 0.000197939 0.017982 0.000329217 56.4336 396.748 2813.38 8756.1 0.248533 7.23545 8.50835e-06 2.2127e-11 1.96458e-07 6.8482e-11 0.54838 11.4749 592.09 5576.34 2.05759e-06 0.00118903 1.89043e-13 1.44332e-11 1.3112e-09 2.40056e-11 4.11499e-06 2.89298e-05 0.000205144 0.000638472 1.81224e-08 5.27591e-07 6.20407e-13 1.27013e-09 1.19681e-07 2.23449e-09 0.000199924 0.000914265 0.00656747 0.0201545 3.86918e-07 9.29637e-06 1.17406e-10 1.37141e+07 inf 
425 0.000297215 0.0275495 0.000503707 72.5813 570.265 4084.27 12574.2 0.426372 11.4068 1.39557e-05 4.11587e-11 3.79837e-07 1.32276e-10 0.772553 19.0145 998.986 9225.18 4.73709e-06 0.00236639 5.12372e-13 2.3986e-11 2.22332e-09 4.06504e-11 5.85749e-06 4.60218e-05 0.000329611 0.00101477 3.44093e-08 9.20559e-07 1.12626e-12 1.82237e-09 1.75068e-07 3.26701e-09 0.000249625 0.0012379 0.00897285 0.0272666 6.17342e-07 1.37886e-05 2.03343e-10 1.23912e+07 inf 
435 0.000467639 0.0445144 0.000814204 94.8043 825.125 5972.16 18176.4 0.727271 17.8155 2.60631e-05 9.12091e-11 9.00238e-07 3.15248e-10 1.1942 34.8552 1872.53 16876.2 1.20566e-05 0.00506191 1.78255e-12 4.20592e-11 4.0036e-09 7.32291e-11 8.52664e-06 7.42112e-05 0.000537133 0.00163477 6.54103e-08 1.60232e-06 2.3441e-12 2.86383e-09 2.84519e-07 5.32427e-09 0.000327618 0.001769 0.0129663 0.0389251 1.03927e-06 2.12767e-05 4.00395e-10 1.11186e+07 inf 
445 0.000702173 0.0680107 0.00124205 121.937 1164.15 8504.54 25623.2 1.19712 27.0698 4.38612e-05 1.68475e-10 1.71055e-06 5.97167e-10 1.69412 57.1797 3123 27643.7 2.64883e-05 0.00977585 4.33635e-12 6.86577e-11 6.65001e-09 1.21447e-10 1.19229e-05 0.00011383 0.000831564 0.0025054 1.17053e-07 2.64686e-06 4.28869e-12 4.05815e-09 4.08915e-07 7.64039e-09 0.000406825 0.00236178 0.0174549 0.0519297 1.60509e-06 3.08037e-05 6.51142e-10 1.02272e+07 inf 
455 0.00102098 0.100197 0.00182211 153.384 1610.57 11873.2 35419.4 1.92492 40.2233 6.74119e-05 2.76851e-10 2.87256e-06 9.92207e-10 2.22432 89.2808 4957.33 43098 5.61813e-05 0.0182848 8.77905e-12 1.06298e-10 1.04319e-08 1.89708e-10 1.59695e-05 0.000167683 0.00123617 0.00368767 2.00411e-07 4.18783e-06 7.01855e-12 5.36776e-09 5.46778e-07 1.0162e-08 0.000480966 0.00304422 0.0226848 0.0668844 2.41021e-06 4.34301e-05 9.56021e-10 9.60482e+06 inf 
465 0.00152175 0.151591 0.00275148 194.631 2202.72 16379.8 48403.9 3.02228 58.5519 0.000119732 5.57558e-10 5.94605e-06 2.05166e-09 3.41887 149.521 8432 72075.6 0.000119738 0.0341597 2.42196e-11 1.69767e-10 1.69115e-08 3.06956e-10 2.17131e-05 0.000245736 0.00182733 0.00539996 3.37167e-07 6.53207e-06 1.33574e-11 7.88496e-09 8.14284e-07 1.51258e-08 0.000617202 0.0040768 0.030616 0.0895077 3.63928e-06 6.13857e-05 1.64371e-09 8.96376e+06 inf 
475 0.002118 0.213291 0.00385747 237.712 2948.24 22107.9 64737.4 4.66855 83.9238 0.000177016 8.4199e-10 9.24666e-06 3.19382e-09 4.13774 216.392 12404.5 104156 0.000243218 0.060419 4.83247e-11 2.58149e-10 2.59966e-08 4.70162e-10 2.89731e-05 0.000359342 0.00269458 0.00789041 5.69018e-07 1.02289e-05 2.15753e-11 1.01271e-08 1.06129e-06 1.97244e-08 0.000709565 0.00512304 0.0387897 0.112395 5.41483e-06 8.52023e-05 2.42683e-09 8.20457e+06 inf 
485 0.00296909 0.303024 0.00546847 290.135 3881.96 29341.8 85178.5 7.01217 117.439 0.000282752 1.45648e-09 1.65135e-05 5.68986e-09 5.57477 327.949 19083.9 157635 0.00047691 0.104835 1.16274e-10 3.87533e-10 3.95515e-08 7.1376e-10 3.78692e-05 0.000506685 0.00382978 0.0111177 9.15248e-07 1.53284e-05 3.69056e-11 1.37824e-08 1.46759e-06 2.72424e-08 0.000852174 0.00652289 0.0497616 0.143008 7.83645e-06 0.000115967 3.89551e-09 7.6615e+06 inf 
495 0.00408254 0.420963 0.0075705 349.992 5055.19 38506.1 110844 10.401 162.464 0.000435923 2.31215e-09 2.7041e-05 9.35472e-09 7.18151 481.538 28448.6 231142 0.000921198 0.177456 2.35612e-10 5.66735e-10 5.84378e-08 1.05093e-09 4.85855e-05 0.000701756 0.00534537 0.0153872 1.44386e-06 2.25531e-05 6.05145e-11 1.79067e-08 1.93659e-06 3.6021e-08 0.000997281 0.0081458 0.062615 0.178466 1.12158e-05 0.000155324 5.71873e-09 7.20362e+06 inf 
505 0.00563727 0.586297 0.0105125 424.715 6590.81 50579.7 144417 15.3328 223.76 0.000643577 3.42475e-09 4.07576e-05 1.41301e-08 8.69738 690.378 41381.5 330952 0.00176899 0.300107 4.03232e-10 8.31888e-10 8.65195e-08 1.55132e-09 6.26749e-05 0.000972602 0.00746401 0.0213115 2.26265e-06 3.30201e-05 9.49723e-11 2.24655e-08 2.45094e-06 4.56373e-08 0.00113117 0.0100465 0.0777877 0.219964 1.59978e-05 0.000207837 7.71335e-09 6.77647e+06 inf 
515 0.00754833 0.790877 0.014112 504.353 8389.73 64839.3 183717 22.0678 301.733 0.000954613 5.48874e-09 6.71555e-05 2.31926e-08 11.2201 974.045 59138.3 466392 0.00322238 0.486649 9.49658e-10 1.19129e-09 1.24818e-07 2.22719e-09 7.95982e-05 0.00132409 0.0102331 0.0289947 3.48279e-06 4.76202e-05 1.50659e-10 2.94079e-08 3.25316e-06 6.04595e-08 0.00132832 0.0123277 0.0960657 0.269752 2.22808e-05 0.000273013 1.22415e-08 6.33624e+06 inf 
525 0.0100361 1.05591 0.0187449 593.614 10555.5 82135.8 230999 31.2168 400.728 0.00138203 8.31437e-09 0.000101946 3.49485e-08 13.8101 1360.74 83693 650780 0.00574092 0.773474 1.71171e-09 1.67539e-09 1.76271e-07 3.12923e-09 9.90963e-05 0.0017621 0.0137115 0.0385624 5.21125e-06 6.68965e-05 2.30712e-10 3.72179e-08 4.12159e-06 7.63178e-08 0.00151512 0.0149684 0.117403 0.327341 3.05158e-05 0.000353053 1.69025e-08 5.99027e+06 inf 
535 0.0133338 1.41299 0.0249985 702.31 13265.9 103915 290139 43.926 529.873 0.00198081 1.20383e-08 0.000149981 5.11453e-08 16.9254 1886.02 117437 900988 0.0102381 1.22667 2.94036e-09 2.31333e-09 2.45145e-07 4.33707e-09 0.000121846 0.00230154 0.0180285 0.0503373 7.62087e-06 9.19294e-05 3.43657e-10 4.56422e-08 5.09515e-06 9.40987e-08 0.00170927 0.017942 0.141597 0.39215 4.14507e-05 0.000452071 2.25835e-08 5.76391e+06 inf 
545 0.0173839 1.85281 0.0326574 822.426 16530.5 130309 361334 61.0767 693.97 0.00277338 1.70327e-08 0.00021648 7.39479e-08 20.0384 2548.54 160615 1.21615e+06 0.0175689 1.8904 5.00192e-09 3.11087e-09 3.31563e-07 5.84408e-09 0.000147174 0.00295816 0.023319 0.0646611 1.09298e-05 0.000124187 4.96299e-10 5.51211e-08 6.21525e-06 1.14887e-07 0.00188792 0.0211498 0.167924 0.462008 5.49956e-05 0.000568214 2.99141e-08 5.58812e+06 inf 
555 0.0225208 2.40944 0.0422256 953.795 20334.8 161289 444240 83.8557 898.403 0.00396877 2.54617e-08 0.000326477 1.10954e-07 24.7993 3443.63 219576 1.64155e+06 0.0300689 2.88846 9.96364e-09 4.1715e-09 4.46298e-07 7.8214e-09 0.000176671 0.00376659 0.0298754 0.0822862 1.55325e-05 0.00016641 7.35131e-10 6.85481e-08 7.76363e-06 1.43146e-07 0.00213596 0.0249734 0.199447 0.545244 7.29957e-05 0.000712274 4.29536e-08 5.39872e+06 inf 
565 0.0290032 3.11651 0.0543678 1107.79 24967.1 199209 545145 114.288 1156.4 0.00544528 3.48689e-08 0.000451908 1.52372e-07 28.9811 4585.45 295613 2.18366e+06 0.0502913 4.34931 1.52729e-08 5.58109e-09 5.99712e-07 1.0462e-08 0.000213173 0.00480443 0.038334 0.104902 2.19926e-05 0.000222526 1.04784e-09 8.17233e-08 9.30598e-06 1.70914e-07 0.00235189 0.0293138 0.235405 0.639686 9.58849e-05 0.000887368 5.42021e-08 5.19668e+06 inf 
575 0.0372858 4.01894 0.0697713 1284.57 30461.7 244441 664773 154.297 1477.04 0.00765141 5.0419e-08 0.00065704 2.19814e-07 35.2506 6122.18 398972 2.91261e+06 0.0833131 6.48298 2.708e-08 7.40801e-09 7.98489e-07 1.38623e-08 0.000255221 0.00605218 0.048566 0.132078 3.06561e-05 0.000293461 1.5202e-09 9.98122e-08 1.13976e-05 2.0852e-07 0.00263411 0.0343473 0.277326 0.749158 0.000124952 0.00109633 7.33348e-08 5.03317e+06 inf 
585 0.0469573 5.07677 0.0876636 1468.13 36759 296613 801798 206.072 1868.44 0.0101598 6.65486e-08 0.000877019 2.91441e-07 39.9824 7903.14 520446 3.75633e+06 0.13493 9.47679 4.07189e-08 9.70785e-09 1.04956e-06 1.81234e-08 0.000303518 0.00759948 0.061321 0.165762 4.26029e-05 0.000386277 2.10042e-09 1.16893e-07 1.34243e-05 2.44793e-07 0.00285898 0.0397004 0.322235 0.865504 0.000161493 0.00134536 9.17263e-08 4.83705e+06 inf 
595 0.0602044 6.53258 0.112367 1702.43 44444.9 360582 968966 273.807 2353.53 0.0146663 9.97094e-08 0.00132099 4.36952e-07 50.2897 10601.5 705572 5.03399e+06 0.218412 13.8541 7.64408e-08 1.2935e-08 1.40354e-06 2.41424e-08 0.00036577 0.00954908 0.0774719 0.208185 5.88281e-05 0.000505662 3.15109e-09 1.45793e-07 1.67883e-05 3.05446e-07 0.00326666 0.0467608 0.381565 1.01893 0.000208484 0.00164951 1.28115e-07 4.65436e+06 inf 
605 0.0745986 8.10534 0.138637 1928.8 53072.9 432799 1.15653e+06 360.645 2944.12 0.0187939 1.26055e-07 0.0016715 5.46134e-07 55.3169 13352.2 897134 6.33466e+06 0.342897 19.7367 1.02603e-07 1.64875e-08 1.79141e-06 3.0641e-08 0.000426297 0.01173 0.0956556 0.255612 7.97084e-05 0.000650698 4.15376e-09 1.66098e-07 1.91369e-05 3.46071e-07 0.00347047 0.053042 0.434892 1.1553 0.0002635 0.00198462 1.50531e-07 4.52456e+06 inf 
615 0.0927005 10.0986 0.171868 2186.17 62918 515685 1.37044e+06 469.899 3646.25 0.0256609 1.76643e-07 0.00236492 7.67251e-07 65.8255 17129.8 1.16227e+06 8.11966e+06 0.53592 27.9771 1.78911e-07 2.10523e-08 2.29341e-06 3.90314e-08 0.000496481 0.0142887 0.117112 0.311228 0.000106714 0.000828065 5.82761e-09 1.9918e-07 2.30611e-05 4.15596e-07 0.00383439 0.0607127 0.500237 1.32179 0.000332144 0.00238074 2.01487e-07 4.40334e+06 inf 
625 0.11601 12.663 0.21445 2501.23 74985.7 617606 1.63257e+06 613.33 4529.27 0.0351233 2.46736e-07 0.00331313 1.06709e-06 78.5431 22092 1.51323e+06 1.04628e+07 0.833694 39.6302 2.96481e-07 2.70977e-08 2.95782e-06 5.00915e-08 0.000584239 0.0175152 0.144261 0.381336 0.000143262 0.00105795 8.20413e-09 2.38534e-07 2.76611e-05 4.96731e-07 0.00424321 0.069667 0.576759 1.51608 0.000417386 0.00285265 2.6303e-07 4.28117e+06 inf 
635 0.143426 15.6738 0.263994 2834.06 88398.1 731547 1.92375e+06 790.37 5558.52 0.0461229 3.23926e-07 0.00433936 1.3777e-06 89.4968 27919.6 1.9297e+06 1.32119e+07 1.27725 55.3133 4.17946e-07 3.45882e-08 3.77985e-06 6.3664e-08 0.000683454 0.0213179 0.176418 0.463925 0.000190603 0.00134048 1.11229e-08 2.77346e-07 3.21276e-05 5.72878e-07 0.00459518 0.0792375 0.658967 1.72364 0.000521238 0.0033974 3.17281e-07 4.14667e+06 inf 
645 0.175375 19.1746 0.321252 3188.22 103524 860653 2.25199e+06 1010.88 6779.96 0.0604276 4.3067e-07 0.00576471 1.81405e-06 103.053 34870.3 2.43113e+06 1.6488e+07 1.92563 76.2563 6.43674e-07 4.36191e-08 4.76908e-06 7.99014e-08 0.000792969 0.0257483 0.21406 0.560111 0.000251424 0.0016863 1.50295e-08 3.24365e-07 3.75639e-05 6.66935e-07 0.00500025 0.0894981 0.74756 1.94606 0.000644767 0.00401531 3.99835e-07 4.02061e+06 inf 
655 0.214017 23.4176 0.390251 3584.56 120625 1.0073e+06 2.62294e+06 1282.78 8212.1 0.0789445 5.68717e-07 0.0076188 2.36687e-06 118.733 43412.5 3.05212e+06 2.05115e+07 2.87237 104.194 9.41359e-07 5.49821e-08 6.01611e-06 1.00258e-07 0.000920894 0.0309894 0.258781 0.673848 0.000329553 0.00210974 2.02813e-08 3.78264e-07 4.38306e-05 7.73312e-07 0.00544566 0.100958 0.846841 2.19441 0.0007933 0.00472409 4.91355e-07 3.89248e+06 inf 
665 0.262958 28.8163 0.477735 4061.14 140807 1.18098e+06 3.06055e+06 1624.37 9930.71 0.106388 7.80144e-07 0.0105041 3.23506e-06 141.073 54691.5 3.87789e+06 2.58207e+07 4.29434 142.57 1.58968e-06 6.9326e-08 7.59711e-06 1.2595e-07 0.00107067 0.0371221 0.311351 0.806881 0.000428247 0.00261812 2.8048e-08 4.48186e-07 5.20728e-05 9.1489e-07 0.00600384 0.114196 0.961989 2.48118 0.000974043 0.0055437 6.46773e-07 3.79306e+06 inf 
675 0.317289 34.7556 0.57295 4534.92 162729 1.37059e+06 3.53571e+06 2037.48 11911.2 0.135106 9.92313e-07 0.0132909 4.038e-06 157.566 66890 4.78054e+06 3.1557e+07 6.28551 191.922 2.10346e-06 8.58342e-08 9.40223e-06 1.54997e-07 0.0012268 0.0440222 0.370779 0.956495 0.000551188 0.00322227 3.65495e-08 5.10957e-07 5.92209e-05 1.03361e-06 0.00641252 0.127112 1.07507 2.76081 0.00118177 0.00644488 7.5346e-07 3.69653e+06 inf 
685 0.383566 42.057 0.689778 5084.75 187517 1.58584e+06 4.07279e+06 2539.86 14209.7 0.174776 1.29312e-06 0.0173145 5.19065e-06 180.462 82261.6 5.92452e+06 3.87819e+07 9.14543 257.153 3.06476e-06 1.06485e-07 1.16758e-05 1.91495e-07 0.00141162 0.0520584 0.44026 1.13068 0.000705113 0.00394487 4.85212e-08 5.89623e-07 6.83411e-05 1.18505e-06 0.00693592 0.141871 1.20455 3.08028 0.0014289 0.00747185 9.21131e-07 3.60206e+06 inf 
695 0.462567 50.6912 0.826517 5681.09 215180 1.82711e+06 4.67189e+06 3151.27 16880.2 0.227568 1.70455e-06 0.022754 6.74574e-06 207.68 100801 7.31671e+06 4.74884e+07 13.2763 343.192 4.5779e-06 1.31556e-07 1.44168e-05 2.35064e-07 0.00161572 0.0611979 0.519636 1.3287 0.000896233 0.0048008 6.47213e-08 6.8372e-07 7.91421e-05 1.36501e-06 0.00751361 0.15787 1.34569 3.42643 0.00172412 0.00863466 1.1392e-06 3.51613e+06 inf 
705 0.55355 60.6738 0.984458 6321.86 245416 2.09199e+06 5.32649e+06 3877.03 19904.5 0.292942 2.21704e-06 0.0295443 8.66631e-06 237.321 122421 8.95287e+06 5.76348e+07 18.9516 452.027 6.48266e-06 1.61055e-07 1.7653e-05 2.86427e-07 0.00183934 0.0714036 0.608663 1.54974 0.00112802 0.00579121 8.52311e-08 7.86834e-07 9.10178e-05 1.56186e-06 0.00810341 0.1747 1.49478 3.7904 0.0020595 0.00989843 1.37072e-06 3.43703e+06 inf 
715 0.664415 72.8372 1.17569 7067.66 279820 2.39432e+06 6.0711e+06 4755.15 23412.8 0.377771 2.88432e-06 0.0383788 1.11189e-05 272.789 149033 1.09782e+07 7.01174e+07 27.0255 595.346 9.55158e-06 1.97609e-07 2.16631e-05 3.49672e-07 0.00210205 0.0832235 0.712115 1.80565 0.00141427 0.00696338 1.12356e-07 9.04876e-07 0.00010462 1.78457e-06 0.00875864 0.193388 1.66072 4.1945 0.00245718 0.0113392 1.68172e-06 3.36227e+06 inf 
725 0.786711 86.2032 1.38351 7812.06 316045 2.71425e+06 6.85477e+06 5779.91 27322 0.480043 3.71489e-06 0.0494039 1.4174e-05 310.67 178484 1.32405e+07 8.39197e+07 37.8945 772.748 1.45748e-05 2.38226e-07 2.61034e-05 4.18945e-07 0.00236559 0.0957025 0.821909 2.07571 0.00175023 0.00827343 1.45363e-07 1.03352e-06 0.000119494 2.02893e-06 0.00940632 0.211868 1.82588 4.59384 0.00290028 0.0128665 2.09578e-06 3.30238e+06 inf 
735 0.93416 102.333 1.63292 8674.3 356995 3.07698e+06 7.7404e+06 7007.59 31816.7 0.606202 4.69095e-06 0.062104 1.74891e-05 349.123 214097 1.59912e+07 1.00602e+08 53.0296 1001.62 1.79646e-05 2.87901e-07 3.15383e-05 5.03252e-07 0.00267335 0.110023 0.9483 2.38553 0.00215968 0.00980565 1.86826e-07 1.1674e-06 0.000134704 2.26643e-06 0.0100225 0.232116 2.00726 5.03129 0.00341746 0.0145787 2.34555e-06 3.24473e+06 inf 
745 1.10297 120.752 1.91603 9587.52 401048 3.4688e+06 8.69282e+06 8446.18 36863.9 0.77002 6.03927e-06 0.0796367 2.21627e-05 397.677 255190 1.91903e+07 1.19837e+08 73.6532 1289.78 2.78095e-05 3.45482e-07 3.7823e-05 6.00157e-07 0.00300309 0.12562 1.08653 2.72284 0.00264559 0.0115468 2.41192e-07 1.33128e-06 0.000153343 2.5655e-06 0.0107492 0.253284 2.19782 5.48841 0.00400889 0.0164519 2.94152e-06 3.19255e+06 inf 
755 1.30044 142.331 2.24626 10604.6 448866 3.89572e+06 9.72625e+06 10116.4 42464.8 0.98135 7.78445e-06 0.102473 2.8227e-05 457.968 303977 2.30092e+07 1.42663e+08 101.378 1647.54 4.15201e-05 4.14846e-07 4.54041e-05 7.16565e-07 0.0033829 0.14319 1.24275 3.10271 0.00322716 0.0135464 3.13054e-07 1.52025e-06 0.000175008 2.91394e-06 0.0116039 0.276526 2.40741 5.99025 0.00468246 0.018495 3.62589e-06 3.13476e+06 inf 
765 1.51885 166.191 2.60905 11648.1 499386 4.34862e+06 1.08177e+07 12040 48650.3 1.22339 9.6957e-06 0.127312 3.46093e-05 510.852 357261 2.72159e+07 1.67573e+08 137.995 2086.12 5.44877e-05 4.9544e-07 5.42105e-05 8.51054e-07 0.00379955 0.162897 1.41849 3.52866 0.00392735 0.0158694 3.99061e-07 1.70798e-06 0.000196442 3.25039e-06 0.0123369 0.300002 2.62021 6.4969 0.00543957 0.0207037 4.19694e-06 3.06567e+06 inf 
775 1.78734 195.551 3.05515 12904.2 556943 4.86567e+06 1.20609e+07 14324.1 55733.4 1.56425 1.25043e-05 0.164017 4.41729e-05 590.798 424123 3.25141e+07 1.9882e+08 188.123 2645.6 8.02996e-05 5.96268e-07 6.52369e-05 1.01922e-06 0.00430492 0.1858 1.62322 4.02359 0.0047786 0.018593 5.21843e-07 1.95345e-06 0.000224635 3.70102e-06 0.0133627 0.327061 2.86567 7.08084 0.00631854 0.0231709 5.14938e-06 2.99755e+06 inf 
785 2.07145 226.502 3.51974 14112.3 614701 5.38729e+06 1.33079e+07 16869.8 63264.9 1.94039 1.55511e-05 0.203481 5.41483e-05 661.834 493711 3.80804e+07 2.31313e+08 252.2 3305.48 0.000110867 7.04625e-07 7.70468e-05 1.19727e-06 0.00480043 0.209096 1.83254 4.5268 0.00573844 0.0215202 6.60043e-07 2.18937e-06 0.000251555 4.12136e-06 0.0142157 0.352447 3.09761 7.62834 0.00727039 0.0257153 6.10548e-06 2.9398e+06 inf 
795 2.40413 262.604 4.05657 15474 678707 5.96674e+06 1.46894e+07 19848.9 71769.6 2.40508 1.9381e-05 0.252066 6.60631e-05 743.182 574805 4.45995e+07 2.69162e+08 337.856 4130.48 0.00015359 8.34961e-07 9.12031e-05 1.40886e-06 0.00537415 0.235717 2.07226 5.10167 0.00689358 0.0249258 8.35291e-07 2.4564e-06 0.00028147 4.5781e-06 0.0151403 0.379564 3.34593 8.21301 0.00835564 0.0285172 7.25565e-06 2.87934e+06 inf 
805 2.79118 304.796 4.68353 17004.8 746558 6.58318e+06 1.61535e+07 23192.6 80900.4 3.01977 2.43848e-05 0.316543 8.20186e-05 846.199 670609 5.23387e+07 3.13857e+08 449.451 5129.38 0.000215483 9.88953e-07 0.000107993 1.65944e-06 0.00602504 0.264516 2.33251 5.72341 0.00821746 0.0286641 1.06995e-06 2.768e-06 0.000317006 5.12899e-06 0.0162333 0.409435 3.61991 8.857 0.00957705 0.0315559 8.67202e-06 2.82236e+06 inf 
815 3.2191 351.385 5.37324 18607.6 817802 7.23271e+06 1.76903e+07 26977.2 90847.2 3.7616 3.03662e-05 0.393185 0.000100771 958.095 775783 6.08929e+07 3.62893e+08 592.5 6319.49 0.000300808 1.15992e-06 0.000126612 1.9361e-06 0.00670473 0.294673 2.60611 6.37422 0.00972051 0.0327343 1.35539e-06 3.09778e-06 0.000354461 5.70627e-06 0.0173283 0.438977 3.89221 9.49358 0.0109088 0.0347206 1.03224e-05 2.77529e+06 inf 
825 3.70361 404.184 6.1495 20349.3 893111 7.92158e+06 1.93143e+07 31218.3 101548 4.6831 3.77187e-05 0.487485 0.000123577 1083.63 894714 7.06222e+07 4.18314e+08 775.869 7741.86 0.000419469 1.35729e-06 0.000148124 2.25365e-06 0.00745756 0.327305 2.90308 7.07825 0.0114408 0.0372151 1.71625e-06 3.46133e-06 0.000395868 6.34109e-06 0.01848 0.469855 4.17775 10.1588 0.0123874 0.0381084 1.22793e-05 2.72868e+06 inf 
835 4.25305 463.826 7.01894 22240.4 973898 8.66251e+06 2.1056e+07 36071.8 113398 5.81241 4.67617e-05 0.60252 0.000151003 1225.47 1.0285e+06 8.16269e+07 4.80625e+08 1013 9465.72 0.000590355 1.58055e-06 0.00017237 2.60843e-06 0.00826514 0.361927 3.21922 7.82497 0.0134053 0.0421419 2.16005e-06 3.85743e-06 0.000440683 7.02231e-06 0.019675 0.501226 4.46893 10.8343 0.014027 0.0417346 1.46535e-05 2.69087e+06 inf 
845 4.84895 528.627 7.95939 24182.6 1.05514e+06 9.41119e+06 2.28068e+07 41347.4 125679 7.16307 5.73056e-05 0.736503 0.000182463 1375.78 1.1731e+06 9.36059e+07 5.47932e+08 1307.26 11447.7 0.000807085 1.83213e-06 0.000199737 3.00738e-06 0.00913717 0.398676 3.55593 8.61733 0.0156228 0.0474867 2.7065e-06 4.27735e-06 0.000488248 7.73936e-06 0.0208887 0.533202 4.76691 11.5227 0.0158071 0.0455021 1.72518e-05 2.64662e+06 inf 
855 5.52325 601.515 9.0058 26302.5 1.14191e+06 1.02126e+07 2.46762e+07 47287.9 139053 8.80758 7.03029e-05 0.899505 0.000220122 1549.07 1.3353e+06 1.07106e+08 6.23393e+08 1681.63 13816 0.00113462 2.12382e-06 0.000231296 3.46294e-06 0.0101139 0.439091 3.92698 9.48857 0.0181833 0.0534691 3.38672e-06 4.74578e-06 0.000540724 8.52351e-06 0.0222118 0.566261 5.07576 12.2342 0.0177762 0.0495339 2.06111e-05 2.60062e+06 inf 
865 6.26882 682.257 10.1597 28570.6 1.23202e+06 1.10475e+07 2.66171e+07 53853.5 153284 10.7915 8.55515e-05 1.08985 0.000262847 1734.85 1.51371e+06 1.22037e+08 7.0636e+08 2148.35 16576.2 0.00149258 2.45019e-06 0.000266662 3.97093e-06 0.0111669 0.481538 4.31797 10.4034 0.0210488 0.0599114 4.2179e-06 5.23781e-06 0.000595705 9.32556e-06 0.0235239 0.5998 5.39015 12.9558 0.0199157 0.053754 2.37822e-05 2.5585e+06 inf 
875 7.14202 777.175 11.5181 31210.2 1.33112e+06 1.19671e+07 2.87512e+07 61250.3 168813 13.4233 0.00010546 1.34086 0.000319981 1977.02 1.72525e+06 1.39796e+08 8.04703e+08 2738.69 19854.5 0.00208934 2.83418e-06 0.000308407 4.57075e-06 0.0123852 0.528228 4.74893 11.4094 0.024306 0.0669904 5.32676e-06 5.81526e-06 0.000661045 1.02998e-05 0.0251227 0.636873 5.73787 13.7534 0.0222714 0.0582338 2.82974e-05 2.51996e+06 inf 
885 8.05971 876.641 12.9277 33834.7 1.42981e+06 1.28869e+07 3.08758e+07 69258.3 184950 16.4405 0.00012769 1.61967 0.000382649 2220.66 1.94305e+06 1.58221e+08 9.05888e+08 3457.36 23576.7 0.00292798 3.24994e-06 0.00035349 5.21286e-06 0.0136432 0.576545 5.1964 12.4501 0.0279272 0.0745777 6.62935e-06 6.3974e-06 0.000726737 1.12749e-05 0.0266327 0.671639 6.06609 14.501 0.0247829 0.0628098 3.37151e-05 2.47996e+06 inf 
895 9.09603 988.931 14.5107 36738.8 1.53378e+06 1.38583e+07 3.31137e+07 78085.3 202098 20.2213 0.000155199 1.96321 0.000458425 2510.82 2.19025e+06 1.79214e+08 1.02069e+09 4349.22 27913.1 0.00405473 3.73144e-06 0.000405687 5.9527e-06 0.0150713 0.629201 5.68507 13.5842 0.0320328 0.0829064 8.29534e-06 7.0529e-06 0.000800489 1.23541e-05 0.0283349 0.70895 6.4186 15.3032 0.0275331 0.0676556 3.99318e-05 2.43767e+06 inf 
905 10.2758 1116.98 16.3142 40020.9 1.64607e+06 1.49087e+07 3.55303e+07 87806.1 220416 25.0397 0.000189644 2.39559 0.000555141 2866.29 2.47316e+06 2.03318e+08 1.15204e+09 5444.16 32928.6 0.00585239 4.28297e-06 0.00046556 6.7998e-06 0.0166808 0.686087 6.214 14.8091 0.0365978 0.0918697 1.04366e-05 7.79104e-06 0.000884162 1.36069e-05 0.0302726 0.748401 6.79187 16.1513 0.0304917 0.0726956 4.82739e-05 2.39922e+06 inf 
915 11.5328 1252.8 18.2033 43353.1 1.75855e+06 1.59653e+07 3.79498e+07 98332.1 239474 30.5835 0.000227867 2.86925 0.000656216 3220.53 2.7692e+06 2.28711e+08 1.28939e+09 6772.87 38629.8 0.00786013 4.89698e-06 0.000531959 7.72938e-06 0.0184084 0.746705 6.77909 16.1141 0.0417533 0.101684 1.29862e-05 8.53085e-06 0.000967133 1.47951e-05 0.0320721 0.786303 7.15249 16.9656 0.033653 0.0778662 5.62929e-05 2.35508e+06 inf 
925 12.9457 1405.83 20.3244 47054.3 1.87799e+06 1.70896e+07 4.05189e+07 109852 259620 37.5942 0.000275471 3.45799 0.000781982 3648.37 3.10372e+06 2.57517e+08 1.44456e+09 8395.3 45166 0.0108981 5.58843e-06 0.00060687 8.77367e-06 0.0203125 0.810694 7.37725 17.4912 0.0474212 0.112073 1.62287e-05 9.36404e-06 0.00106041 1.61428e-05 0.034093 0.826192 7.53271 17.8226 0.0370854 0.0832881 6.66419e-05 2.31652e+06 inf 
935 14.5278 1577.26 22.7 51165.4 2.00506e+06 1.82874e+07 4.32516e+07 122379 280868 46.3507 0.000334062 4.18136 0.000935748 4161.68 3.47995e+06 2.90022e+08 1.61901e+09 10349 52583.1 0.0156002 6.36436e-06 0.000690969 9.94445e-06 0.0224147 0.878383 8.01137 18.9478 0.053612 0.123044 2.03054e-05 1.02879e-05 0.00116376 1.76364e-05 0.036342 0.867726 7.92916 18.7147 0.0407366 0.0888596 8.01364e-05 2.28268e+06 inf 
945 16.2137 1759.13 25.19 55394.4 2.13336e+06 1.95008e+07 4.60098e+07 135875 302961 56.5362 0.000399379 4.98332 0.00110262 4695.87 3.87642e+06 3.2447e+08 1.80275e+09 12684.7 60922.4 0.021236 7.19877e-06 0.000781042 1.11842e-05 0.0245948 0.947198 8.65823 20.4281 0.0603275 0.134513 2.51017e-05 1.12027e-05 0.00126591 1.90911e-05 0.0384712 0.907701 8.31251 19.573 0.0446378 0.0946337 9.38007e-05 2.25228e+06 inf 
955 18.1038 1963.57 27.9864 60121.2 2.27196e+06 2.0813e+07 4.89894e+07 150689 326585 69.2309 0.000478567 5.95442 0.00130266 5325.86 4.32249e+06 3.63356e+08 2.00942e+09 15493.6 70394.4 0.0292486 8.1259e-06 0.00088135 1.25617e-05 0.0269854 1.01977 9.34192 21.9889 0.0676369 0.146588 3.10743e-05 1.21973e-05 0.0013769 2.06616e-05 0.0407713 0.948797 8.70751 20.4552 0.0487808 0.100542 0.000110284 2.22791e+06 inf 
965 20.1895 2189.89 31.0715 65288.8 2.41434e+06 2.21647e+07 5.20493e+07 166328 350481 85.2271 0.000575973 7.15474 0.001549 6088.4 4.82076e+06 4.06952e+08 2.24019e+09 18816.8 80919.4 0.0413722 9.18585e-06 0.000996361 1.4137e-05 0.0297052 1.09848 10.0845 23.6815 0.0756761 0.159462 3.87768e-05 1.33296e-05 0.00150417 2.24702e-05 0.0434478 0.993326 9.13553 21.4111 0.0532394 0.106717 0.000131605 2.19789e+06 inf 
975 22.4562 2434.04 34.3662 70751.4 2.56209e+06 2.35706e+07 5.52239e+07 183331 375748 104.425 0.000689508 8.53634 0.00182884 6926.47 5.35778e+06 4.54166e+08 2.48881e+09 22783.4 92798.7 0.0585744 1.03535e-05 0.00112222 1.58446e-05 0.0326201 1.18126 10.8673 25.4611 0.084525 0.173239 4.81452e-05 1.45157e-05 0.00163595 2.43339e-05 0.0461454 1.03675 9.55493 22.3428 0.0579645 0.113018 0.000157124 2.16895e+06 inf 
985 25.0453 2713.63 38.1339 77056 2.72912e+06 2.51584e+07 5.88134e+07 202289 403514 127.874 0.000824261 10.1729 0.00215359 7905.85 5.97513e+06 5.08513e+08 2.77458e+09 27533.4 106376 0.0800856 1.16536e-05 0.00126265 1.77436e-05 0.0358541 1.26986 11.7062 27.3658 0.0941246 0.187755 5.94994e-05 1.57392e-05 0.00177177 2.6215e-05 0.048919 1.0806 9.97875 23.2836 0.0628633 0.119351 0.00018364 2.14916e+06 inf 
995 27.8375 3015.6 42.1894 83732.5 2.89395e+06 2.6732e+07 6.23541e+07 221737 430530 157.439 0.000989499 12.1775 0.00254831 9068.56 6.64682e+06 5.67949e+08 3.08536e+09 33043.4 121074 0.113375 1.31338e-05 0.00142276 1.9905e-05 0.0395051 1.36537 12.6122 29.4187 0.104616 0.203125 7.42797e-05 1.71567e-05 0.00192902 2.83917e-05 0.0521335 1.12771 10.4351 24.2944 0.0681578 0.12595 0.000219027 2.11954e+06 inf 
1005 30.9246 3349.54 46.6513 91076.6 3.07011e+06 2.84155e+07 6.61378e+07 242769 459002 193.374 0.00118196 14.5115 0.00300459 10390 7.39219e+06 6.34111e+08 3.43014e+09 39539.6 137512 0.158872 1.47836e-05 0.00160126 2.23018e-05 0.0435394 1.46768 13.5841 31.6174 0.116057 0.219427 9.24429e-05 1.86141e-05 0.00209123 3.06428e-05 0.0554192 1.17464 10.8909 25.3008 0.073708 0.132626 0.000259622 2.09182e+06 inf 
1015 34.2733 3711.46 51.4653 98983 3.25161e+06 3.01533e+07 7.00354e+07 264857 487905 237.084 0.00141055 17.2732 0.00353818 11927.2 8.20776e+06 7.06741e+08 3.80727e+09 47024.3 155424 0.221884 1.66018e-05 0.00179781 2.49295e-05 0.0479467 1.57506 14.6061 33.9247 0.128295 0.236338 0.000114842 2.01902e-05 0.00226603 3.30513e-05 0.0589795 1.22269 11.358 26.3312 0.0794901 0.139394 0.000307067 2.06444e+06 inf 
1025 37.9838 4112.82 56.7793 107699 3.44388e+06 3.19972e+07 7.41639e+07 288506 517948 291.413 0.00168613 20.5938 0.00417056 13736.7 9.11894e+06 7.88157e+08 4.22849e+09 55783.8 175272 0.313383 1.86293e-05 0.00201715 2.78477e-05 0.0528216 1.68907 15.6932 36.374 0.141499 0.25403 0.000142925 2.1907e-05 0.0024559 3.56368e-05 0.062826 1.27259 11.844 27.401 0.0856585 0.146395 0.000365065 2.03892e+06 inf 
1035 42.0708 4555.02 62.6275 117263 3.64714e+06 3.39493e+07 7.85278e+07 313627 548902 358.555 0.00201166 24.5287 0.00492378 15849.9 1.01304e+07 8.78823e+08 4.69593e+09 65896.4 196948 0.445596 2.08813e-05 0.00226083 3.10844e-05 0.0582019 1.81021 16.8503 38.9763 0.155665 0.272441 0.000177964 2.37157e-05 0.00265767 3.84398e-05 0.0669286 1.32334 12.3394 28.4888 0.0920617 0.153391 0.00043531 2.01476e+06 inf 
1045 46.6387 5048.83 69.1115 127948 3.86725e+06 3.60636e+07 8.32533e+07 340550 581398 441.174 0.0024081 29.2674 0.00580362 18351.3 1.12717e+07 9.81346e+08 5.22331e+09 77602.4 220876 0.630231 2.33856e-05 0.00253158 3.46538e-05 0.0641558 1.93911 18.083 41.7448 0.170758 0.291524 0.000221213 2.57018e-05 0.00287512 4.1342e-05 0.0713144 1.3754 12.848 29.6047 0.0987569 0.160514 0.000516793 1.99434e+06 inf 
1055 51.5897 5584.66 76.1405 139467 4.0945e+06 3.82515e+07 8.81311e+07 368800 614301 542.197 0.00286995 34.8051 0.0068316 21229.8 1.25192e+07 1.09383e+09 5.79951e+09 90993.2 246758 0.889192 2.61682e-05 0.00283275 3.86213e-05 0.0707427 2.07688 19.4026 44.7034 0.187069 0.311597 0.000275023 2.77663e-05 0.00310322 4.44256e-05 0.0759214 1.42715 13.3555 30.7137 0.105642 0.167549 0.000612694 1.97146e+06 inf 
1065 57.035 6173.21 83.8064 152090 4.33403e+06 4.05605e+07 9.3272e+07 398567 648024 666.385 0.00342391 41.4107 0.00803444 24617.2 1.39047e+07 1.21911e+09 6.43933e+09 106250 274732 1.25727 2.91947e-05 0.0031599 4.28983e-05 0.0778507 2.21848 20.7618 47.7435 0.204016 0.331706 0.000341105 3.00047e-05 0.00334844 4.76692e-05 0.0808711 1.48183 13.8915 31.8855 0.112978 0.174925 0.000726094 1.95361e+06 inf 
1075 63.0189 6821.5 92.2026 165959 4.58471e+06 4.29807e+07 9.86513e+07 429414 681728 819.794 0.00408823 49.3319 0.00945909 28631.6 1.54499e+07 1.35921e+09 7.15266e+09 123529 304765 1.78261 3.26167e-05 0.0035306 4.77213e-05 0.0858955 2.3729 22.2455 51.0589 0.222252 0.352842 0.000424301 3.24361e-05 0.00361491 5.11704e-05 0.0862601 1.53808 14.4438 33.0906 0.120578 0.182318 0.000861739 1.93211e+06 inf 
1085 69.6311 7538.18 101.508 181295 4.85221e+06 4.55658e+07 1.04391e+08 461902 716293 1010.28 0.00488732 58.8347 0.0111649 33401.5 1.71712e+07 1.51573e+09 7.94714e+09 142974 336764 2.55993 3.63418e-05 0.00393432 5.29788e-05 0.0946215 2.53246 23.7816 54.4837 0.241076 0.373847 0.000527283 3.50722e-05 0.00390232 5.49584e-05 0.0920851 1.59644 15.0174 34.3408 0.128465 0.189742 0.00102862 1.91601e+06 inf 
1095 76.8645 8322.08 111.602 198038 5.13224e+06 4.82759e+07 1.10399e+08 495920 751463 1243.45 0.00583235 70.0741 0.0131527 38990.7 1.90777e+07 1.68959e+09 8.82687e+09 165008 371327 3.64726 4.05083e-05 0.00438581 5.88152e-05 0.104368 2.70473 25.4418 58.1813 0.261354 0.396028 0.00065531 3.7852e-05 0.00420647 5.89265e-05 0.0982639 1.65485 15.593 35.5918 0.136583 0.197116 0.00122176 1.8975e+06 inf 
1105 85.0318 9211.05 123.089 217100 5.44041e+06 5.12585e+07 1.17011e+08 531927 787906 1536.31 0.0069819 83.7794 0.0155726 45779.3 2.12584e+07 1.88881e+09 9.83293e+09 189696 408171 5.2316 4.51338e-05 0.00488911 6.5334e-05 0.115234 2.8877 27.2074 62.1078 0.28234 0.41821 0.000815455 4.08515e-05 0.00453494 6.32237e-05 0.104977 1.71606 16.1962 36.9028 0.144817 0.204334 0.00145324 1.88399e+06 inf 
1115 93.9181 10176.4 135.492 237752 5.76028e+06 5.43595e+07 1.23872e+08 569086 824342 1894.57 0.0083492 100.007 0.0183886 53731.4 2.36537e+07 2.10833e+09 1.09377e+10 217068 446953 7.49144 5.02276e-05 0.00544235 7.24612e-05 0.12715 3.08061 29.0715 66.2471 0.304348 0.44086 0.00101322 4.40722e-05 0.00488515 6.77025e-05 0.112109 1.77761 16.8043 38.2208 0.153168 0.211362 0.00172622 1.86985e+06 inf 
1125 103.461 11213.1 148.723 259877 6.08256e+06 5.74915e+07 1.30784e+08 605991 858708 2330.66 0.00996873 119.175 0.0216798 63057.7 2.62611e+07 2.34806e+09 1.214e+10 246881 486723 10.7159 5.58902e-05 0.00605741 8.0341e-05 0.140387 3.28584 31.0573 70.6504 0.32736 0.463879 0.00125904 4.75547e-05 0.00526182 7.25042e-05 0.119815 1.84111 17.4322 39.5805 0.161871 0.21851 0.00205028 1.85114e+06 inf 
1135 114.517 12416.4 164.086 285703 6.45651e+06 6.11205e+07 1.38805e+08 647119 897446 2880.53 0.0119582 142.748 0.0256965 74503.1 2.93034e+07 2.62809e+09 1.35426e+10 280747 530424 15.4398 6.21206e-05 0.00673534 8.90094e-05 0.154981 3.50237 33.1552 75.2957 0.351033 0.486825 0.00156256 5.12623e-05 0.00566299 7.75665e-05 0.128045 1.90504 18.0653 40.9491 0.170494 0.22524 0.00243595 1.84347e+06 inf 
1145 126.212 13691.1 180.276 312993 6.82312e+06 6.46897e+07 1.46666e+08 686544 932149 3550.42 0.0143032 170.531 0.0303798 87901.7 3.25691e+07 2.92982e+09 1.50478e+10 316491 573403 22.2985 6.90004e-05 0.007485 9.85575e-05 0.171114 3.73023 35.3661 80.1831 0.375336 0.509609 0.00194103 5.53042e-05 0.00609958 8.30372e-05 0.137026 1.97258 18.7346 42.395 0.179303 0.231906 0.00290225 1.82914e+06 inf 
1155 139.398 15131.3 198.563 343935 7.22778e+06 6.86289e+07 1.55344e+08 728393 968574 4384.75 0.0171471 204.227 0.0360007 104110 3.62865e+07 3.27392e+09 1.67608e+10 355942 618844 32.175 7.66557e-05 0.00832081 0.000109191 0.189132 3.9746 37.7395 85.4244 0.400548 0.532625 0.0024112 5.96086e-05 0.00656276 8.87378e-05 0.146561 2.0388 19.3929 43.8122 0.187872 0.237943 0.00344664 1.81849e+06 inf 
1165 153.628 16687.7 218.286 377401 7.64267e+06 7.26749e+07 1.64239e+08 769726 1.00292e+06 5399.91 0.0205117 244.127 0.0426387 123259 4.03411e+07 3.65031e+09 1.86287e+10 397687 664141 46.4914 8.49903e-05 0.00923203 0.000120761 0.208787 4.2281 40.2054 90.8606 0.425829 0.554836 0.00298735 6.42199e-05 0.00705876 9.48973e-05 0.156836 2.10732 20.0739 45.2786 0.196669 0.24408 0.00409827 1.80759e+06 inf 
1175 169.36 18409.8 240.009 414490 8.07798e+06 7.69257e+07 1.73571e+08 810759 1.03542e+06 6660.07 0.0245734 292.246 0.050517 146292 4.4866e+07 4.07144e+09 2.07128e+10 441898 709290 67.3733 9.44164e-05 0.0102633 0.000133803 0.231074 4.5034 42.8854 96.764 0.451991 0.577235 0.00371293 6.91735e-05 0.00758877 0.000101289 0.167812 2.17527 20.7518 46.7324 0.205081 0.249445 0.00487587 1.79375e+06 inf 
1185 187.421 20389 264.87 457255 8.57217e+06 8.17478e+07 1.84166e+08 855556 1.07144e+06 8235.61 0.0295724 351.482 0.0601011 174611 5.0095e+07 4.55873e+09 2.31209e+10 490634 757569 97.7667 0.000104767 0.0113973 0.000148061 0.255603 4.7918 45.6966 102.948 0.478251 0.59893 0.00460366 7.45295e-05 0.00815949 0.000108047 0.179648 2.24533 21.4505 48.2313 0.213395 0.254479 0.00578423 1.78892e+06 inf 
1195 206.263 22460.2 290.961 502114 9.05343e+06 8.64573e+07 1.9448e+08 896362 1.10143e+06 10121.4 0.0353526 420.079 0.0711806 207414 5.56043e+07 5.07401e+09 2.56573e+10 538758 801124 141.005 0.000115909 0.0126215 0.000163505 0.282162 5.08755 48.5845 109.288 0.503709 0.618944 0.0056877 8.01963e-05 0.00876131 0.000115178 0.1922 2.31592 22.1557 49.7414 0.22143 0.259033 0.00684746 1.77952e+06 inf 
1205 227.618 24817.7 320.564 553354 9.57713e+06 9.15845e+07 2.05705e+08 937808 1.13102e+06 12508.8 0.0425049 505.534 0.0849159 248368 6.19114e+07 5.66497e+09 2.85604e+10 589438 844646 206.904 0.000128531 0.014014 0.000181015 0.312467 5.40799 51.7156 116.157 0.529558 0.638663 0.0070634 8.6495e-05 0.00943779 0.000123222 0.206427 2.39031 22.8991 51.3327 0.228933 0.262797 0.00818184 1.77092e+06 inf 
1215 251.786 27484.1 353.916 611465 1.01546e+07 9.72386e+07 2.18081e+08 981049 1.16171e+06 15467.3 0.0512342 609.393 0.101352 298080 6.90688e+07 6.3369e+09 3.18545e+10 643045 888538 301.312 0.000142395 0.0155434 0.000200154 0.345809 5.74284 54.9925 123.334 0.554824 0.656996 0.00874741 9.32662e-05 0.0101509 0.000131367 0.221343 2.46598 23.6561 52.9512 0.236304 0.266197 0.00968954 1.76822e+06 inf 
1225 277.234 30302.7 389.188 673130 1.07243e+07 1.0283e+08 2.30288e+08 1.01942e+06 1.18617e+06 19019.6 0.0614064 731.04 0.12055 356501 7.66535e+07 7.05121e+09 3.53441e+10 693826 925905 438.996 0.000157358 0.0171998 0.000220904 0.382069 6.08711 58.3662 130.712 0.578623 0.673274 0.0107956 0.000100462 0.0109135 0.000140092 0.237432 2.5408 24.406 54.5512 0.242922 0.268789 0.0115165 1.7618e+06 inf 
1235 306.208 33522.6 429.459 743904 1.13579e+07 1.09047e+08 2.43865e+08 1.05904e+06 1.21138e+06 23452.3 0.0738176 879.984 0.143915 428282 8.53129e+07 7.86804e+09 3.93277e+10 745863 962175 639.16 0.0001741 0.0190598 0.000244176 0.422959 6.45773 62.0006 138.654 0.602134 0.688748 0.0133342 0.000107979 0.0117069 0.000149008 0.25419 2.60842 25.0884 55.9963 0.248007 0.269604 0.0136237 1.75881e+06 inf 
1245 337.596 37013.4 472.756 820827 1.20028e+07 1.15387e+08 2.57681e+08 1.0952e+06 1.23213e+06 28833.4 0.0886797 1058.43 0.171454 514402 9.47293e+07 8.75874e+09 4.36584e+10 795908 993419 929.445 0.000192384 0.0210927 0.000269408 0.467762 6.83997 65.7551 146.844 0.624117 0.702151 0.0164312 0.000116292 0.0125802 0.00015851 0.272652 2.68288 25.8374 57.5882 0.25306 0.27037 0.0161144 1.7548e+06 inf 
1255 372.619 40929.5 521.678 907670 1.26913e+07 1.22161e+08 2.72431e+08 1.12865e+06 1.24971e+06 35547.2 0.106796 1277.35 0.205453 620753 1.05251e+08 9.75605e+09 4.84966e+10 842606 1.01885e+06 1363.22 0.000212637 0.0233566 0.000297698 0.517966 7.24236 69.7116 155.464 0.644073 0.713152 0.0202852 0.000125417 0.0135423 0.00016917 0.293166 2.7587 26.6014 59.2088 0.25692 0.269864 0.0191426 1.75237e+06 inf 
1265 411.202 45259.4 575.409 1.0041e+06 1.34188e+07 1.29324e+08 2.88016e+08 1.16005e+06 1.265e+06 43711.7 0.128481 1540.5 0.2457 749128 1.16839e+08 1.08568e+10 5.38238e+10 886412 1.0397e+06 1988.66 0.00023477 0.0258402 0.000328522 0.573279 7.6613 73.8358 164.439 0.662316 0.722232 0.0249566 0.000135045 0.0145537 0.000179869 0.314732 2.83054 27.3277 60.744 0.259657 0.268302 0.0226399 1.75151e+06 inf 
1275 453.974 50073.5 635.307 1.11193e+06 1.41961e+07 1.36982e+08 3.04666e+08 1.1889e+06 1.27779e+06 53694.2 0.15446 1856.81 0.293988 904368 1.29625e+08 1.2074e+10 5.97009e+10 925498 1.05459e+06 2886.91 0.000258724 0.0285373 0.000362067 0.633699 8.09051 78.0675 173.632 0.677562 0.728224 0.0306008 0.000145225 0.0156151 0.000190928 0.33739 2.90139 28.0451 62.2575 0.261455 0.265913 0.0266246 1.75467e+06 inf 
1285 500.894 55377.2 700.923 1.23136e+06 1.49953e+07 1.44869e+08 3.21782e+08 1.21244e+06 1.28521e+06 65927.9 0.185934 2242.4 0.352239 1.09482e+06 1.4363e+08 1.34104e+10 6.61367e+10 958010 1.06191e+06 4213.54 0.000285386 0.0315513 0.000399353 0.70157 8.54364 82.5393 183.337 0.690794 0.732255 0.0375626 0.000156497 0.0167967 0.000202993 0.362733 2.97317 28.773 63.7911 0.261978 0.262352 0.03146 1.75515e+06 inf 
1295 552.45 61234.3 773.658 1.36416e+06 1.5829e+07 1.53104e+08 3.39636e+08 1.23083e+06 1.28796e+06 80855.8 0.22369 2708.04 0.422652 1.32677e+06 1.58907e+08 1.48717e+10 7.31559e+10 982109 1.06078e+06 6135.83 0.000314442 0.0348532 0.000440348 0.776447 9.00953 87.1435 193.313 0.700562 0.733078 0.0460213 0.000168657 0.0180724 0.000216002 0.39025 3.04545 29.5067 65.3349 0.261166 0.257619 0.0370731 1.75692e+06 inf 
1305 610.228 67833 855.612 1.51483e+06 1.67336e+07 1.62042e+08 3.59006e+08 1.24642e+06 1.28876e+06 99180.3 0.269332 3275.07 0.507961 1.61182e+06 1.75867e+08 1.6497e+10 8.09467e+10 999023 1.05342e+06 8935.87 0.000346021 0.0384637 0.000485162 0.858959 9.48852 91.8836 203.569 0.706763 0.730771 0.0562387 0.000181633 0.0194325 0.000229456 0.419697 3.11301 30.1957 66.7774 0.258779 0.25159 0.0436367 1.76356e+06 inf 
1315 674.355 75193.1 946.774 1.68394e+06 1.76886e+07 1.71487e+08 3.79456e+08 1.25762e+06 1.28615e+06 121531 0.324436 3964.92 0.611176 1.96167e+06 1.94514e+08 1.82876e+10 8.95107e+10 1.0083e+06 1.03992e+06 12983.7 0.000380647 0.0424435 0.000534417 0.950516 9.98452 96.7978 214.188 0.709879 0.725981 0.0685996 0.000195548 0.0208947 0.000243687 0.45145 3.17876 30.8674 68.181 0.255374 0.244842 0.0512144 1.7716e+06 inf 
1325 744.292 83263.2 1046.67 1.87086e+06 1.86651e+07 1.81159e+08 4.00363e+08 1.26115e+06 1.27719e+06 148545 0.39042 4797.04 0.734918 2.38804e+06 2.14534e+08 2.02151e+10 9.87035e+10 1.0056e+06 1.0167e+06 18821.2 0.000418274 0.0467919 0.000588203 1.05138 10.4893 101.807 224.995 0.708736 0.71775 0.0834789 0.00021084 0.0225019 0.00025889 0.486436 3.24601 31.5546 69.6166 0.250632 0.237056 0.0600692 1.77944e+06 inf 
1335 821.003 92165.7 1156.72 2.07862e+06 1.96684e+07 1.91109e+08 4.21841e+08 1.25767e+06 1.26279e+06 181159 0.469643 5803.81 0.883986 2.90931e+06 2.36137e+08 2.22996e+10 1.08621e+11 992478 986015 27183.8 0.000459717 0.0516078 0.000647698 1.16392 11.0132 107.011 236.208 0.704227 0.707095 0.101439 0.000227233 0.0242168 0.000274721 0.523792 3.30639 32.1754 70.9049 0.244535 0.228322 0.0702249 1.78589e+06 inf 
1345 907.673 102299 1282.55 2.31726e+06 2.07761e+07 2.02093e+08 4.45554e+08 1.25142e+06 1.2477e+06 221093 0.565119 7032.92 1.06619 3.5546e+06 2.60018e+08 2.46082e+10 1.19583e+11 970521 950279 39224 0.000504065 0.0568106 0.000712249 1.28686 11.5377 112.23 247.433 0.69496 0.692895 0.122781 0.000244439 0.0260421 0.000291198 0.563901 3.35834 32.7147 72.0121 0.236638 0.218224 0.0818988 1.80071e+06 inf 
1355 1003.33 113560 1422.06 2.58467e+06 2.1914e+07 2.13393e+08 4.69911e+08 1.23735e+06 1.2269e+06 269546 0.680856 8537.66 1.28828 4.3543e+06 2.8578e+08 2.71042e+10 1.31405e+11 938156 907902 56615.2 0.000552852 0.0625731 0.000783577 1.42419 12.075 117.583 258.928 0.6818 0.676043 0.148524 0.00026366 0.0280888 0.000309627 0.609068 3.41536 33.3038 73.2281 0.228227 0.207927 0.095585 1.81483e+06 inf 
1365 1107.95 125980 1576.11 2.88258e+06 2.30807e+07 2.24993e+08 4.94881e+08 1.2158e+06 1.2011e+06 327595 0.818401 10349.6 1.55512 5.33157e+06 3.13117e+08 2.97593e+10 1.43947e+11 895472 859564 81213.3 0.000605665 0.0688673 0.000861582 1.57577 12.6171 122.993 270.528 0.664617 0.656585 0.179081 0.000283815 0.0302481 0.000328307 0.656862 3.46043 33.776 74.1878 0.218622 0.196924 0.11102 1.82932e+06 inf 
1375 1226.2 140140 1752.02 3.22553e+06 2.43403e+07 2.3752e+08 5.21838e+08 1.18952e+06 1.17323e+06 398602 0.98626 12589.9 1.88451 6.55796e+06 3.43022e+08 3.26694e+10 1.57665e+11 845064 807712 116599 0.000662963 0.0757687 0.000947256 1.74394 13.16 128.419 282.14 0.643136 0.634328 0.215511 0.000306134 0.03265 0.000348706 0.710182 3.50366 34.2309 75.1082 0.208023 0.185284 0.128826 1.84957e+06 inf 
1385 1353.2 155494 1942.55 3.60169e+06 2.55758e+07 2.49835e+08 5.48274e+08 1.15392e+06 1.13889e+06 482346 1.18403 15268.4 2.27708 8.04914e+06 3.73764e+08 3.56703e+10 1.71764e+11 785522 750907 166028 0.000724907 0.0832979 0.00104062 1.92942 13.7009 133.836 293.709 0.618153 0.610098 0.258392 0.000329837 0.0352241 0.000370052 0.76763 3.53705 34.5892 75.8175 0.196695 0.173318 0.148911 1.86672e+06 inf 
1395 1499.09 173259 2163.91 4.04078e+06 2.69462e+07 2.63489e+08 5.776e+08 1.11623e+06 1.10537e+06 584660 1.42637 18596.9 2.76664 9.93253e+06 4.0767e+08 3.89842e+10 1.87311e+11 723146 694840 236263 0.000791927 0.0915279 0.00114313 2.13463 14.2349 139.194 305.129 0.589675 0.583934 0.308859 0.000355472 0.0380374 0.000393428 0.830918 3.56761 34.9189 76.4664 0.185206 0.16151 0.171513 1.89297e+06 inf 
1405 1658.36 192916 2408.73 4.53293e+06 2.83274e+07 2.77272e+08 6.0715e+08 1.07083e+06 1.06722e+06 706143 1.71417 22632.3 3.35861 1.22612e+07 4.42754e+08 4.24233e+10 2.03394e+11 654897 636192 334131 0.000863892 0.100496 0.00125478 2.36135 14.7566 144.44 316.283 0.557828 0.555948 0.367852 0.000382952 0.0411144 0.000418481 0.900729 3.58982 35.167 76.9364 0.173158 0.149447 0.196836 1.91964e+06 inf 
1415 1838.03 215325 2688.87 5.10042e+06 2.97952e+07 2.91929e+08 6.38554e+08 1.02168e+06 1.02824e+06 852252 2.0627 27610.6 4.09071 1.51906e+07 4.8006e+08 4.60879e+10 2.20492e+11 585177 578406 470851 0.000941523 0.110299 0.00137736 2.61267 15.2625 149.539 327.097 0.523353 0.52671 0.436563 0.000412488 0.044469 0.000445331 0.977391 3.60071 35.3034 77.1639 0.160797 0.137343 0.224954 1.95219e+06 inf 
1425 2036.08 240338 3001.22 5.74214e+06 3.12693e+07 3.06671e+08 6.70086e+08 966920 986430 1.02506e+06 2.4801 33697.5 4.98455 1.88486e+07 5.18276e+08 4.9853e+10 2.38003e+11 514838 521511 659526 0.00102546 0.121045 0.00151155 2.892 15.7486 154.453 337.485 0.486984 0.49681 0.516268 0.000444429 0.0481635 0.000475035 1.0627 3.60658 35.3898 77.2839 0.148802 0.125841 0.256192 1.98553e+06 inf 
1435 2259.48 268913 3359.32 6.48406e+06 3.28372e+07 3.22357e+08 7.03624e+08 910357 945483 1.23068e+06 2.98397 41208.5 6.08832 2.34569e+07 5.58207e+08 5.37959e+10 2.56296e+11 446710 467546 918003 0.00111452 0.132645 0.00165704 3.19836 16.1975 159.007 347.073 0.449047 0.466374 0.607052 0.000479302 0.0522683 0.000507337 1.158 3.60363 35.3888 77.2151 0.136759 0.114539 0.290355 2.02731e+06 inf 
1445 2508.17 301236 3765.8 7.33571e+06 3.44242e+07 3.38257e+08 7.37566e+08 850383 903345 1.47392e+06 3.58801 50464.1 7.45522 2.92779e+07 5.98574e+08 5.77947e+10 2.74783e+11 381429 416140 1.27021e+06 0.00121046 0.145379 0.00181741 3.54028 16.6134 163.246 355.956 0.410402 0.435962 0.711325 0.000516122 0.0567389 0.000543122 1.26342 3.58754 35.2575 76.8653 0.125103 0.103778 0.327153 2.07207e+06 inf 
1455 2789.14 338334 4234.39 8.32627e+06 3.60871e+07 3.54927e+08 7.73129e+08 790168 862846 1.76154e+06 4.31685 61945.4 9.15971 3.66741e+07 6.39657e+08 6.18758e+10 2.93594e+11 321356 368946 1.74577e+06 0.00131227 0.159184 0.00199226 3.91746 16.9787 166.991 363.752 0.371769 0.405964 0.828795 0.000555866 0.0616879 0.000583529 1.38146 3.56042 35.0164 76.279 0.113947 0.0937033 0.366704 2.12543e+06 inf 
1465 3103.84 380594 4767.4 9.47053e+06 3.77539e+07 3.71664e+08 8.0877e+08 729266 822856 2.09762e+06 5.19699 76235.4 11.2751 4.61059e+07 6.80004e+08 6.58991e+10 3.1206e+11 266786 325595 2.38033e+06 0.00142186 0.174348 0.00218392 4.33841 17.2949 170.257 370.494 0.334073 0.376946 0.960912 0.000599203 0.0672739 0.000628924 1.51629 3.52042 34.6481 75.4171 0.102997 0.0840523 0.40874 2.18295e+06 inf 
1475 3461.23 429487 5387.54 1.08141e+07 3.9479e+07 3.88999e+08 8.45655e+08 670782 785814 2.49086e+06 6.25791 94066.7 13.9349 5.82049e+07 7.19468e+08 6.98492e+10 3.30117e+11 219272 287105 3.21494e+06 0.00153792 0.190834 0.00239384 4.80502 17.5417 172.843 375.749 0.298048 0.34916 1.10676 0.000644486 0.0733423 0.000679108 1.66551 3.45989 34.0757 74.1159 0.0927161 0.0752084 0.451183 2.25058e+06 inf 
1485 3868.01 486417 6114.82 1.24035e+07 4.12738e+07 4.07049e+08 8.84029e+08 616170 752598 2.95023e+06 7.5364 116449 17.3036 7.3834e+07 7.5728e+08 7.36512e+10 3.4741e+11 178880 253397 4.30183e+06 0.00165891 0.208615 0.00262253 5.3196 17.7015 174.576 379.143 0.264263 0.322774 1.2653 0.000692981 0.0801399 0.00073725 1.83517 3.38202 33.3308 72.4434 0.0829632 0.0670357 0.49396 2.33165e+06 inf 
1495 4330.4 552449 6955.92 1.42717e+07 4.30185e+07 4.24631e+08 9.21324e+08 565901 722026 3.47715e+06 9.10185 144918 21.5738 9.42207e+07 7.91383e+08 7.71033e+10 3.62997e+11 145671 224184 5.69561e+06 0.00179079 0.228459 0.00287654 5.90188 17.7898 175.601 381.003 0.234021 0.298585 1.43793 0.000746356 0.0879524 0.000804437 2.03266 3.28482 32.3942 70.3572 0.0739888 0.0596293 0.536376 2.41816e+06 inf 
1505 4865.34 630814 7963.42 1.65244e+07 4.48417e+07 4.43014e+08 9.60294e+08 523793 697492 4.0862e+06 11.0005 181191 27.0873 1.21014e+08 8.21876e+08 8.02132e+10 3.76924e+11 119759 199860 7.44783e+06 0.00192756 0.249917 0.00315496 6.54669 17.7655 175.514 380.451 0.207517 0.276334 1.61888 0.000801709 0.0965707 0.000881868 2.2549 3.16238 31.2059 67.7309 0.0662028 0.0531082 0.57439 2.52409e+06 inf 
1515 5474.62 722840 9150.25 1.92144e+07 4.65785e+07 4.60571e+08 9.9741e+08 490436 677447 4.77182e+06 13.3003 227667 34.185 1.56416e+08 8.45115e+08 8.26231e+10 3.87521e+11 100511 179626 9.58913e+06 0.00207207 0.273586 0.00346325 7.27238 17.6294 174.32 377.507 0.185624 0.256405 1.80607 0.000860531 0.106396 0.000971853 2.51275 3.01168 29.737 64.4997 0.0598848 0.0473554 0.606188 2.6421e+06 inf 
1525 6193.8 834574 10597.7 2.2525e+07 4.83698e+07 4.78689e+08 1.03569e+09 470606 665667 5.54818e+06 16.1497 288686 43.5668 2.04241e+08 8.62316e+08 8.44477e+10 3.95347e+11 88263.4 164145 1.21508e+07 0.00222346 0.299597 0.0038044 8.08608 17.3639 171.841 371.793 0.168939 0.238963 1.9917 0.000923938 0.11779 0.00107994 2.81673 2.83756 28.0342 60.7675 0.0560761 0.0426843 0.628547 2.78566e+06 inf 
1535 7018.67 967744 12334.3 2.65385e+07 4.99953e+07 4.95193e+08 1.07041e+09 465343 660549 6.38856e+06 19.5977 368158 55.904 2.68538e+08 8.68058e+08 8.51526e+10 3.9792e+11 82511.2 152461 1.50355e+07 0.00237989 0.328142 0.00418231 8.99867 16.9524 167.91 362.955 0.157788 0.223979 2.16623 0.000990609 0.130986 0.00121006 3.17486 2.63763 26.0734 56.4829 0.0555045 0.0391159 0.636939 2.94916e+06 inf 
1545 8018.11 1.13502e+06 14526 3.16432e+07 5.16466e+07 5.11974e+08 1.10568e+09 481284 666694 7.31183e+06 23.9429 476426 72.8556 3.58621e+08 8.64827e+08 8.49765e+10 3.96379e+11 84389.1 145323 1.82044e+07 0.0025444 0.360179 0.00460956 10.0414 16.3891 162.466 350.869 0.152727 0.211564 2.32028 0.00106013 0.146479 0.00136797 3.60163 2.4153 23.8888 51.7194 0.0587696 0.0368293 0.627009 3.15127e+06 inf 
1555 9189.41 1.34102e+06 17244.9 3.8029e+07 5.30774e+07 5.26588e+08 1.13623e+09 521663 683669 8.25532e+06 29.2527 622690 96.023 4.84093e+08 8.47397e+08 8.34004e+10 3.88332e+11 95020.4 142311 2.13144e+07 0.00271145 0.395684 0.00508833 11.2209 15.6611 155.376 335.258 0.153923 0.201725 2.43584 0.00113112 0.164823 0.00156257 4.11445 2.18259 21.5989 46.7339 0.0659138 0.0360233 0.596466 3.38911e+06 inf 
1565 10584.6 1.6002e+06 20705.2 4.61786e+07 5.43107e+07 5.39261e+08 1.16255e+09 593448 715075 9.17655e+06 35.7486 824194 128.559 6.62061e+08 8.16093e+08 8.04498e+10 3.73932e+11 117249 144025 2.40079e+07 0.00287777 0.435068 0.00562942 12.5552 14.7662 146.616 316.077 0.161349 0.194417 2.49496 0.00119912 0.186549 0.00180628 4.72969 1.95997 19.4075 41.9649 0.0764507 0.0368796 0.550053 3.67804e+06 inf 
1575 12230.3 1.92736e+06 25113.6 5.66031e+07 5.52057e+07 5.48585e+08 1.18162e+09 703939 763044 9.97924e+06 43.5875 1.10551e+06 174.744 9.16963e+08 7.70486e+08 7.60757e+10 3.52984e+11 155574 151080 2.58042e+07 0.00304125 0.479266 0.00624487 14.0752 13.7277 136.414 293.827 0.175045 0.189742 2.48149 0.00126074 0.212614 0.00211055 5.46852 1.77279 17.5668 37.9543 0.0896945 0.039576 0.508728 4.02148e+06 inf 
1585 14130.2 2.33344e+06 30710.4 6.97858e+07 5.57834e+07 5.54765e+08 1.1939e+09 857811 830034 1.05766e+07 52.4669 1.47856e+06 239.048 1.26877e+09 7.13081e+08 7.05194e+10 3.26639e+11 212513 163493 2.63343e+07 0.00318414 0.525823 0.00692036 15.7257 12.5704 125.012 269.037 0.193301 0.187042 2.38335 0.0012978 0.238103 0.00244468 6.21364 1.63491 16.2158 34.9992 0.102581 0.0430969 0.503866 4.43769e+06 inf 
1595 16225.6 2.82071e+06 37607.7 8.59481e+07 5.58527e+07 5.55887e+08 1.1953e+09 1.0562e+06 914740 1.08321e+07 61.9224 1.95304e+06 325.807 1.73673e+09 6.45666e+08 6.39524e+10 2.95717e+11 290330 180852 2.53313e+07 0.00329832 0.57339 0.00764486 17.4714 11.3537 113 242.979 0.214702 0.185947 2.20193 0.00130713 0.261221 0.00279031 6.91308 1.53114 15.2029 32.7742 0.11367 0.0467657 0.548452 4.91935e+06 inf 
1605 18510.5 3.39913e+06 46041.5 1.0558e+08 5.56012e+07 5.53812e+08 1.18984e+09 1.3019e+06 1.01932e+06 1.06914e+07 71.6384 2.53789e+06 440.121 2.34207e+09 5.74729e+08 5.70144e+10 2.63193e+11 390563 203135 2.2925e+07 0.00337425 0.619621 0.00839281 19.246 10.1354 100.953 216.893 0.237321 0.185809 1.94892 0.00129355 0.280529 0.00312879 7.5181 1.42802 14.1943 30.5636 0.121958 0.0500393 0.616985 5.48583e+06 inf 
1615 20849.5 4.04852e+06 55849.7 1.28305e+08 5.50076e+07 5.48319e+08 1.17706e+09 1.5853e+06 1.13823e+06 1.0112e+07 80.6846 3.20108e+06 580.94 3.07367e+09 5.04279e+08 5.01023e+10 2.30901e+11 507775 228116 1.94369e+07 0.00340336 0.660857 0.00911659 20.9437 8.97913 89.5044 192.137 0.258775 0.185798 1.65063 0.00126002 0.292905 0.00342302 7.94282 1.3003 12.9374 27.8271 0.126183 0.0521119 0.66948 6.12616e+06 inf 
1625 23135.2 4.74771e+06 66782 1.53692e+08 5.42097e+07 5.40775e+08 1.15991e+09 1.89603e+06 1.2666e+06 9.14098e+06 88.3667 3.90561e+06 743.072 3.91275e+09 4.39011e+08 4.36842e+10 2.0099e+11 635368 253840 1.54414e+07 0.00338469 0.694594 0.00977025 22.4852 7.93092 79.1158 169.696 0.27739 0.185305 1.33733 0.00121324 0.298217 0.00364062 8.17643 1.15248 11.4771 24.6615 0.126528 0.0529062 0.686031 6.83524e+06 inf 
1635 25130.3 5.43178e+06 78007.2 1.80025e+08 5.32101e+07 5.31204e+08 1.13846e+09 2.20649e+06 1.39124e+06 7.886e+06 93.2161 4.53593e+06 907.204 4.76975e+09 3.80504e+08 3.79198e+10 1.74183e+11 754510 275224 1.14872e+07 0.00330957 0.715346 0.0102733 23.7086 7.00757 69.9576 149.931 0.290586 0.183222 1.03856 0.00115021 0.292652 0.00373302 8.12783 1.00243 9.99173 21.4491 0.122172 0.0517292 0.658955 7.59322e+06 inf 
1645 26663.1 6.04525e+06 88683.9 2.05729e+08 5.20607e+07 5.20119e+08 1.1138e+09 2.49364e+06 1.50177e+06 6.49956e+06 94.4089 5.0022e+06 1052.49 5.55969e+09 3.29537e+08 3.28902e+10 1.50833e+11 850370 288918 8.03743e+06 0.00317977 0.720942 0.0105762 24.5348 6.20863 62.0281 132.829 0.297385 0.179097 0.775121 0.00107146 0.277117 0.00369603 7.81535 0.867586 8.6555 18.5624 0.113909 0.048785 0.59809 8.38522e+06 inf 
1655 27561.8 6.53215e+06 97840.8 2.28982e+08 5.07052e+07 5.06955e+08 1.08473e+09 2.73427e+06 1.58761e+06 5.11725e+06 91.5878 5.2441e+06 1158.87 6.20225e+09 2.85238e+08 2.85117e+10 1.30542e+11 912268 292860 5.30919e+06 0.00300154 0.711365 0.0106551 24.9367 5.52191 55.2085 118.13 0.297768 0.172894 0.557279 0.000982264 0.255057 0.00355988 7.32123 0.756033 7.54992 16.1745 0.103355 0.0447309 0.517323 9.18256e+06 inf 
1665 27942.8 6.90236e+06 105408 2.49977e+08 4.93839e+07 4.94111e+08 1.05641e+09 2.93218e+06 1.65281e+06 3.86054e+06 85.8848 5.2858e+06 1221.68 6.69088e+09 2.47935e+08 2.482e+10 1.13456e+11 942815 288872 3.3255e+06 0.00278906 0.688946 0.0105211 24.951 4.92916 49.3187 105.443 0.29267 0.164972 0.385333 0.000890831 0.2301 0.00335357 6.72961 0.671203 6.70973 14.3586 0.0919211 0.0402176 0.428308 1.00187e+07 inf 
1675 27876 7.15908e+06 111231 2.68735e+08 4.81983e+07 4.82603e+08 1.03098e+09 3.08933e+06 1.69984e+06 2.80139e+06 78.0964 5.14549e+06 1236.75 7.01384e+09 2.16639e+08 2.17193e+10 9.91236e+10 943996 278258 1.98401e+06 0.00255101 0.655146 0.010179 24.5926 4.41075 44.1643 94.3479 0.282713 0.155556 0.256362 0.00079948 0.204109 0.00309275 6.08741 0.608685 6.09107 13.0201 0.080381 0.0355858 0.340354 1.09275e+07 inf 
1685 27273.3 7.26888e+06 114750 2.83916e+08 4.69356e+07 4.70302e+08 1.00391e+09 3.1922e+06 1.72229e+06 1.9585e+06 68.4739 4.81704e+06 1200.17 7.12325e+09 1.8881e+08 1.89569e+10 8.63799e+10 913165 260680 1.13091e+06 0.00229193 0.610846 0.00964313 23.8591 3.94426 39.5222 84.3646 0.268259 0.144734 0.164584 0.000708037 0.177963 0.00280492 5.41771 0.556367 5.57287 11.9 0.0691076 0.0309607 0.26067 1.18997e+07 inf 
1695 26235.5 7.25175e+06 116087 2.95953e+08 4.56356e+07 4.57604e+08 9.76051e+08 3.24921e+06 1.72512e+06 1.32147e+06 58.029 4.35719e+06 1120.04 7.04354e+09 1.63827e+08 1.64723e+10 7.49415e+10 858139 238507 614416 0.00202136 0.558723 0.00894413 22.8022 3.51607 35.2569 75.2015 0.250341 0.132915 0.101815 0.000620535 0.153411 0.00250951 4.76896 0.509472 5.10758 10.8962 0.0587042 0.026642 0.192282 1.29791e+07 inf 
1705 24663.9 7.08197e+06 114656 3.03682e+08 4.40895e+07 4.42415e+08 9.42931e+08 3.25077e+06 1.70371e+06 861933 46.9858 3.7813e+06 996.955 6.75303e+09 1.40219e+08 1.41186e+10 6.41349e+10 780258 212138 318223 0.00174056 0.499784 0.00809144 21.4312 3.11145 31.2217 66.5438 0.229411 0.120233 0.0608277 0.000535059 0.130642 0.0022102 4.15611 0.46291 4.64435 9.89961 0.0493396 0.0226909 0.136958 1.41701e+07 inf 
1715 22856.3 6.83246e+06 111701 3.09545e+08 4.25771e+07 4.27536e+08 9.10534e+08 3.22663e+06 1.67346e+06 544425 36.7059 3.18051e+06 857.33 6.33887e+09 1.18796e+08 1.19782e+10 5.43302e+10 693247 185106 156354 0.00146351 0.43749 0.00715232 19.8205 2.72626 27.3756 58.3025 0.206605 0.107154 0.0348601 0.000456552 0.110699 0.00193392 3.61019 0.417324 4.18991 8.92412 0.0412773 0.0192508 0.0937884 1.56174e+07 inf 
1725 20713.9 6.46863e+06 106580 3.11494e+08 4.07682e+07 4.09651e+08 8.71801e+08 3.15805e+06 1.62456e+06 330827 27.4296 2.57563e+06 706.681 5.78868e+09 9.86379e+07 9.95921e+09 4.5106e+10 598172 157431 72206.6 0.00119851 0.374274 0.0061667 18.023 2.35884 23.7023 50.4423 0.182724 0.093997 0.0191416 0.000388145 0.094574 0.00169124 3.17865 0.378207 3.79967 8.08716 0.0349564 0.016538 0.061737 1.72831e+07 inf 
1735 18212 5.97458e+06 99056.3 3.08187e+08 3.84726e+07 3.86842e+08 8.22667e+08 3.03483e+06 1.55189e+06 193820 19.3442 1.98747e+06 553.294 5.10489e+09 7.94015e+07 8.02765e+09 3.63055e+10 497350 129494 31424.2 0.000948772 0.311251 0.00516042 16.0552 2.00426 20.1529 42.8576 0.158102 0.0808472 0.0100972 0.000327999 0.0816213 0.00148133 2.8588 0.345569 3.47396 7.38888 0.030226 0.0144859 0.0391805 1.91954e+07 inf 
1745 15731.8 5.46284e+06 90962.7 3.04625e+08 3.62889e+07 3.65123e+08 7.75933e+08 2.90963e+06 1.48204e+06 108807 12.995 1.47951e+06 416.428 4.41129e+09 6.2658e+07 6.3431e+09 2.86468e+10 404274 104493 12755.6 0.000722289 0.250813 0.00417633 13.9861 1.66611 16.7637 35.625 0.133589 0.0680439 0.0049956 0.000273739 0.0708595 0.00129519 2.63099 0.317573 3.19458 6.78996 0.0267462 0.0129436 0.0236788 2.17806e+07 inf 
1755 13288.6 4.91886e+06 82133.9 2.9898e+08 3.3967e+07 3.41978e+08 7.26252e+08 2.7661e+06 1.40616e+06 58229.2 8.30975 1.06038e+06 300.604 3.7194e+09 4.81859e+07 4.88421e+09 2.20281e+10 319952 82368 4799.84 0.000530079 0.196212 0.00327631 11.9263 1.35494 13.6414 28.97 0.110339 0.0560916 0.00232275 0.000224701 0.0616361 0.0011211 2.476 0.29372 2.95658 6.27965 0.0242506 0.0118056 0.0136407 2.50691e+07 inf 
1765 10699.7 4.26559e+06 71347.7 2.85975e+08 3.09135e+07 3.11426e+08 6.60936e+08 2.55769e+06 1.3006e+06 29452.8 4.89036 709832 202.147 2.98263e+09 3.51111e+07 3.56328e+09 1.60496e+10 240085 61797.4 1636.28 0.000369047 0.147126 0.00246088 9.86367 1.06625 10.7415 22.7966 0.0882183 0.0448596 0.00101587 0.00018022 0.0532638 0.000957288 2.36283 0.272296 2.74274 5.82136 0.0223248 0.010913 0.00744348 2.89928e+07 inf 
1775 8290.08 3.6124e+06 60455.2 2.71622e+08 2.78106e+07 2.8033e+08 5.94574e+08 2.3419e+06 1.19433e+06 13884.6 2.63999 445206 127.082 2.29878e+09 2.44115e+07 2.48033e+09 1.11579e+10 172389 44560.1 479.365 0.000238753 0.104036 0.0017411 7.82266 0.80094 8.07347 17.1236 0.0674463 0.0343965 0.000399874 0.000137943 0.0447021 0.000792787 2.23839 0.248078 2.50043 5.30337 0.0203905 0.0100101 0.00369401 3.47224e+07 inf 
1785 6187.15 3.00563e+06 50245.9 2.59168e+08 2.49579e+07 2.51712e+08 5.33573e+08 2.14593e+06 1.10114e+06 5909.68 1.29183 260290 74.2077 1.7063e+09 1.61749e+07 1.64526e+09 7.39271e+09 118534 30932 107.309 0.000140056 0.0680372 0.00113739 5.86668 0.564961 5.69789 12.0782 0.0485766 0.024926 0.000133775 9.81176e-05 0.0355387 0.000621403 2.05104 0.216711 2.18566 4.63263 0.0179868 0.00888201 0.0015528 4.41764e+07 inf 
1795 4363.48 2.40904e+06 40207.1 2.43993e+08 2.18791e+07 2.20767e+08 4.67747e+08 1.93002e+06 1.00012e+06 2133.43 0.570845 139795 39.7532 1.19543e+09 9.98139e+06 1.0163e+09 4.5618e+09 76397.9 20233.7 15.6138 7.36452e-05 0.0406588 0.000678601 4.11803 0.369266 3.72601 7.89445 0.0325742 0.0168796 3.60072e-05 6.48913e-05 0.0265758 0.000458739 1.79382 0.179177 1.80818 3.83015 0.0151109 0.00752159 0.000512081 5.92501e+07 inf 
1805 2907.58 1.88566e+06 31371.3 2.32945e+08 1.91608e+07 1.93409e+08 4.09641e+08 1.74629e+06 918615 562.978 0.220029 67592.2 19.108 7.91772e+08 5.70356e+06 5.8122e+08 2.60671e+09 46040 12473.8 1.24027 3.30788e-05 0.0214527 0.000356903 2.65016 0.217987 2.20036 4.66038 0.0198671 0.0104508 6.40485e-06 3.75367e-05 0.0175716 0.000300011 1.40871 0.131794 1.33071 2.81722 0.0113615 0.0057176 0.000118614 8.78986e+07 inf 
1815 1698.15 1.33602e+06 22158.2 2.09571e+08 1.54935e+07 1.56415e+08 3.31259e+08 1.47164e+06 790830 110.039 0.0686091 27268.9 7.65216 4.59126e+08 2.78372e+06 2.83836e+08 1.27232e+09 23954.3 6695.95 0.0696605 1.20929e-05 0.00951407 0.000157794 1.4924 0.110333 1.11386 2.35897 0.0104799 0.00563168 7.83615e-07 1.85025e-05 0.0101819 0.000172029 1.02092 0.0874657 0.883497 1.86968 0.00779463 0.00399594 2.22588e-05 1.40425e+08 inf 
1825 771.138 792028 13117.3 1.76366e+08 1.11138e+07 1.12138e+08 2.37666e+08 1.12292e+06 626489 15.3565 0.0150968 7939.35 2.22345 2.06449e+08 1.00948e+06 1.02925e+08 4.6146e+08 9410.75 2753.29 0.00251679 2.61258e-06 0.00268335 4.44409e-05 0.597521 0.0376529 0.379919 0.805201 0.00380442 0.00212251 5.20269e-08 6.65744e-06 0.00443821 7.45517e-05 0.585157 0.0447472 0.452071 0.956585 0.00417248 0.00219612 2.9196e-06 2.95164e+08 inf 
1835 204.921 322466 5330.05 1.33319e+08 6.22164e+06 6.25279e+07 1.33138e+08 697640 422021 1.21403 0.00169872 1208.63 0.338727 5.39997e+07 197551 2.01122e+07 9.03396e+07 2037.74 639.528 5.04693e-05 1.50677e-07 0.000237107 3.91915e-06 0.0980282 0.00457473 0.0459763 0.0978957 0.00051297 0.000310309 8.92671e-10 1.10741e-06 0.000912402 1.52874e-05 0.173482 0.0111503 0.112581 0.238417 0.00111139 0.000611514 1.92637e-07 1.36e+09 inf 
1845 15.0544 30843.9 510.624 2.06568e+07 734385 7.32083e+06 1.57295e+07 88667.7 58118 0.0540918 7.94316e-05 66.5485 0.0187067 3.84314e+06 11755.5 1.19523e+06 5.377e+06 127.912 41.6759 1.48558e-07 1.40266e-08 2.87381e-05 4.75763e-07 0.0192465 0.000684247 0.00682102 0.0146556 8.26142e-05 5.41501e-05 5.03988e-11 2.71683e-07 0.000247344 4.14767e-06 0.0566598 0.00323801 0.0326666 0.0692468 0.000335192 0.000189469 1.17649e-08 1.07327e+09 inf 
1855 0.0408719 96.3431 1.59812 44956.3 1973.14 19851.3 42225.7 228.128 138.062 2.66169e-07 9.9626e-09 0.0514644 1.41502e-05 10502.8 20.7819 2105.11 9516.53 0.275325 0.099968 2.56093e-17 1.9342e-07 0.000455928 7.56284e-06 0.212748 0.00933758 0.0939431 0.199826 0.00107958 0.000653356 1.2596e-12 9.86667e-08 0.000188883 3.1252e-06 0.0666402 0.00334014 0.0337163 0.0714484 0.000370727 0.000214961 1.09364e-11 211312 inf 
1865 0 0 0 0 0 0 0 0 0 0 0 0 0 0 0 0 0 0 0 0 0.0 0.0 0.0 0.0 0.0 0.0 0.0 0.0 0.0 0.0 0.0 0.0 0.0 0.0 0.0 0.0 0.0 0.0 0.0 0.0 0 -nan 
1875 0 0 0 0 0 0 0 0 0 0 0 0 0 0 0 0 0 0 0 0 0.0 0.0 0.0 0.0 0.0 0.0 0.0 0.0 0.0 0.0 0.0 0.0 0.0 0.0 0.0 0.0 0.0 0.0 0.0 0.0 0 -nan 
1885 0 0 0 0 0 0 0 0 0 0 0 0 0 0 0 0 0 0 0 0 0.0 0.0 0.0 0.0 0.0 0.0 0.0 0.0 0.0 0.0 0.0 0.0 0.0 0.0 0.0 0.0 0.0 0.0 0.0 0.0 0 -nan 
1895 0 0 0 0 0 0 0 0 0 0 0 0 0 0 0 0 0 0 0 0 0.0 0.0 0.0 0.0 0.0 0.0 0.0 0.0 0.0 0.0 0.0 0.0 0.0 0.0 0.0 0.0 0.0 0.0 0.0 0.0 0 -nan 
