255 0 0 0 0 0 0 0 0 0 0 0 0 0 0 0 0 0 0 0 0 0.0 0.0 0.0 0.0 0.0 0.0 0.0 0.0 0.0 0.0 0.0 0.0 0.0 0.0 0.0 0.0 0.0 0.0 0.0 0.0 0 -nan 
265 0 0 0 0 0 0 0 0 0 0 0 0 0 0 0 0 0 0 0 0 0.0 0.0 0.0 0.0 0.0 0.0 0.0 0.0 0.0 0.0 0.0 0.0 0.0 0.0 0.0 0.0 0.0 0.0 0.0 0.0 0 -nan 
275 0 0 0 0 0 0 0 0 0 0 0 0 0 0 0 0 0 0 0 0 0.0 0.0 0.0 0.0 0.0 0.0 0.0 0.0 0.0 0.0 0.0 0.0 0.0 0.0 0.0 0.0 0.0 0.0 0.0 0.0 0 -nan 
285 0 0 0 0 0 0 0 0 0 0 0 0 0 0 0 0 0 0 0 0 0.0 0.0 0.0 0.0 0.0 0.0 0.0 0.0 0.0 0.0 0.0 0.0 0.0 0.0 0.0 0.0 0.0 0.0 0.0 0.0 0 -nan 
295 37.2776 6.42236e+08 0.00192297 1.19977e-06 0.00753006 161.384 0.0169971 2.08221e-07 0.000990512 1.37939e-06 0.000329376 2.39929e+10 2.24695e-13 1.68976e-18 1.71877e-12 0.000357151 3.68246e-12 5.71086e-19 4.45695e-13 9.47815e-19 0.0 0.0 0.0 0.0 0.0 0.0 0.0 0.0 0.0 0.0 0.0 0.0 0.0 0.0 0.0 0.0 0.0 0.0 0.0 0.0 -1.35736e+08 -inf 
305 297.456 1.68734e+10 0.0241238 2.36507e-05 0.224672 3718.61 0.488879 4.93598e-06 0.00869882 1.46208e-05 0.0549336 3.65426e+13 3.08598e-11 4.52119e-14 1.45308e-09 0.183004 1.6648e-09 5.29044e-16 1.85715e-11 1.38196e-15 8.92263e-07 50.6144 7.23628e-11 7.09437e-14 6.73938e-10 1.11545e-05 1.46646e-09 1.48062e-14 2.60934e-11 4.38571e-14 1.28057e-05 327.19 2.9552e-10 1.16454e-11 1.97599e-09 2.06039e-05 1.6862e-09 1.25965e-12 2.34579e-10 2.03555e-12 3.33373e+08 inf 
315 357.915 3.42222e+10 0.00839259 0.000128457 0.319691 3357.57 0.556803 5.22846e-06 0.00543483 2.4548e-05 0.384645 8.04132e+14 2.62118e-10 9.09393e-12 1.86831e-08 1.71722 4.94053e-09 3.43604e-16 5.97332e-10 6.34117e-14 3.42095e-06 327.096 8.02164e-11 1.22779e-12 3.05561e-09 3.20917e-05 5.32193e-09 4.99736e-14 5.19461e-11 2.3463e-13 6.05371e-05 2752.98 1.58079e-09 2.94819e-10 1.30091e-08 0.000124029 4.34726e-09 1.81154e-12 2.38885e-09 2.46178e-11 1.04624e+08 inf 
325 603.602 5.87823e+10 0.00630914 0.000505258 0.437461 3032.31 0.560144 4.56562e-06 0.00805394 7.29078e-05 1.34686 4.36308e+15 1.09458e-09 1.59079e-10 1.27624e-07 9.19251 1.42602e-08 1.03256e-16 7.64367e-09 8.86489e-13 9.3309e-06 908.698 9.75312e-11 7.81063e-12 6.76259e-09 4.68756e-05 8.65911e-09 7.05785e-14 1.24504e-10 1.12706e-12 0.000143992 8162.22 4.11233e-09 1.56815e-09 4.38996e-08 0.000374041 1.20608e-08 1.26143e-12 1.08695e-08 1.17059e-10 6.46885e+07 inf 
335 1035.06 9.25848e+10 0.00764746 0.00131792 0.632742 3205.35 0.609467 4.33545e-06 0.0159855 0.000172507 3.43523 1.27837e+16 2.65677e-09 8.64825e-10 5.9883e-07 28.9909 4.85449e-08 1.42826e-16 4.45393e-08 5.64308e-12 2.19345e-05 1962.01 1.62061e-10 2.79287e-11 1.34088e-08 6.79261e-05 1.29155e-08 9.18747e-14 3.38757e-10 3.65568e-12 0.000268917 16341.8 7.50165e-09 4.28091e-09 1.1185e-07 0.000780863 2.93586e-08 1.73731e-12 3.07203e-08 3.45792e-10 4.71887e+07 inf 
345 1633.29 1.35981e+11 0.00988058 0.0028241 0.930449 3668.5 0.686022 4.07698e-06 0.0298395 0.000341031 7.42941 3.10686e+16 5.10837e-09 3.45598e-09 2.15072e-06 68.1737 1.51708e-07 8.84606e-17 1.61373e-07 2.1777e-11 4.36761e-05 3636.29 2.64218e-10 7.55196e-11 2.48813e-08 9.80999e-05 1.8345e-08 1.09023e-13 7.97943e-10 9.11956e-12 0.00044358 28593.5 1.16848e-08 9.61306e-09 2.38524e-07 0.00134663 6.09943e-08 1.53416e-12 6.56861e-08 7.63059e-10 3.73956e+07 inf 
355 2420 1.86031e+11 0.0127182 0.00534587 1.38865 4399.74 0.800668 3.68778e-06 0.0510754 0.000602639 14.6172 6.84817e+16 8.71597e-09 1.11464e-08 6.54575e-06 136.62 4.22409e-07 9.87898e-17 4.56574e-07 6.44069e-11 8.57921e-05 6595.04 4.50877e-10 1.89518e-10 4.92293e-08 0.000155977 2.83847e-08 1.30736e-13 1.81069e-09 2.13643e-11 0.000714731 48829 1.75724e-08 1.98775e-08 4.79199e-07 0.00219523 1.19035e-07 1.86685e-12 1.27212e-07 1.51091e-09 2.82077e+07 inf 
365 3390.27 2.48334e+11 0.0158099 0.00942887 2.1096 5403.67 1.00186 3.79077e-06 0.0823612 0.000998527 26.3832 1.31663e+17 1.3456e-08 3.28278e-08 1.87989e-05 244.579 1.08215e-06 1.47539e-16 1.20539e-06 1.81391e-10 0.000144183 10561.3 6.72373e-10 4.00996e-10 8.97182e-08 0.00022981 4.26078e-08 1.61216e-13 3.5027e-09 4.24659e-11 0.00104941 74080.3 2.39126e-08 3.73625e-08 8.89629e-07 0.00321695 2.10254e-07 2.49973e-12 2.26387e-07 2.77713e-09 2.35136e+07 inf 
375 4557.35 3.22013e+11 0.018649 0.0143756 3.15951 6590.08 1.28726 3.74333e-06 0.120063 0.00148933 44.2444 2.19829e+17 1.74827e-08 6.65006e-08 4.60678e-05 380.389 2.43204e-06 2.12013e-16 2.43285e-06 3.83013e-10 0.000219088 15480.3 8.96524e-10 6.91086e-10 1.51889e-07 0.000316809 6.18833e-08 1.79956e-13 5.77187e-09 7.15975e-11 0.00144187 101629 2.89768e-08 5.65372e-08 1.4804e-06 0.00426454 3.36285e-07 3.18745e-12 3.4194e-07 4.29042e-09 2.08014e+07 inf 
385 5961.57 4.0613e+11 0.0220534 0.022364 4.67492 8008.17 1.68082 3.89846e-06 0.175099 0.00221765 71.8862 3.7259e+17 2.42316e-08 1.43278e-07 0.000109103 588.868 5.18694e-06 1.46363e-15 5.06135e-06 8.35423e-10 0.000335132 22830.8 1.23974e-09 1.2572e-09 2.62803e-07 0.000450183 9.4488e-08 2.19154e-13 9.84324e-09 1.24666e-10 0.00198212 142913 3.6887e-08 8.97378e-08 2.46256e-06 0.00573592 5.31656e-07 9.0681e-12 5.33319e-07 6.85187e-09 1.77887e+07 inf 
395 7632.66 5.06174e+11 0.0257634 0.0326778 6.83956 9706.09 2.22527 4.00498e-06 0.245071 0.00316043 113.297 6.06092e+17 3.22077e-08 2.63032e-07 0.000234069 861.692 1.03213e-05 8.29899e-16 9.17511e-06 1.55307e-09 0.000466366 30927.9 1.57418e-09 1.99666e-09 4.17906e-07 0.000593055 1.35967e-07 2.44709e-13 1.49742e-08 1.93106e-10 0.00258942 189938 4.43334e-08 1.26758e-07 3.75863e-06 0.00723179 7.82405e-07 7.11674e-12 7.4859e-07 9.73948e-09 1.63663e+07 inf 
405 9500.86 6.16073e+11 0.0297388 0.0476214 9.84795 11572.7 2.94997 4.47624e-06 0.340431 0.00447553 171.2 9.25258e+17 4.30677e-08 5.16288e-07 0.000499311 1243.51 2.00206e-05 3.16243e-15 1.80381e-05 3.19393e-09 0.000608251 39441.4 1.9039e-09 3.04875e-09 6.30472e-07 0.000740894 1.88859e-07 2.86572e-13 2.17946e-08 2.86527e-10 0.00325429 240167 5.24748e-08 1.8178e-07 5.61861e-06 0.00889166 1.11627e-06 1.4226e-11 1.0744e-06 1.42967e-08 1.56199e+07 inf 
415 11756.2 7.40828e+11 0.0340973 0.0658972 14.1294 13777.6 3.91976 4.94562e-06 0.456836 0.00611258 253.543 1.36371e+18 5.32855e-08 8.73268e-07 0.00102182 1691.58 3.74777e-05 9.1305e-15 3.1283e-05 5.74035e-09 0.000857228 54019.3 2.48629e-09 4.80505e-09 1.03028e-06 0.00100463 2.85818e-07 3.60622e-13 3.33113e-08 4.45714e-10 0.00421342 310677 6.22837e-08 2.52296e-07 8.57011e-06 0.0110606 1.62822e-06 2.58e-11 1.50996e-06 2.04542e-08 1.37141e+07 inf 
425 14271.4 8.78152e+11 0.038159 0.0860286 19.6943 16061.8 5.09653 5.55521e-06 0.584311 0.00793728 361.965 1.92631e+18 6.2703e-08 1.27464e-06 0.00191608 2171.71 6.54502e-05 1.9185e-14 4.73223e-05 8.94365e-09 0.00115174 70869 3.07953e-09 6.94272e-09 1.58938e-06 0.00129623 4.11303e-07 4.48319e-13 4.71554e-08 6.40558e-10 0.00528062 387860 7.1069e-08 3.20653e-07 1.23331e-05 0.0131751 2.26116e-06 3.93456e-11 1.95366e-06 2.68582e-08 1.23912e+07 inf 
435 17147.9 1.03307e+12 0.0429968 0.114715 27.2762 18703.6 6.60798 6.96655e-06 0.766277 0.0105799 511.717 2.68353e+18 7.74287e-08 2.08828e-06 0.00369813 2864.45 0.000114624 5.39112e-14 8.23632e-05 1.61412e-08 0.00154227 92913.8 3.86711e-09 1.03174e-08 2.45321e-06 0.0016822 5.94317e-07 6.26567e-13 6.89185e-08 9.51547e-10 0.00660643 482412 8.33603e-08 4.33257e-07 1.80718e-05 0.0159624 3.15531e-06 6.96301e-11 2.72084e-06 3.80897e-08 1.11186e+07 inf 
445 20416.7 1.20993e+12 0.0485564 0.150276 37.2621 21674.5 8.51489 9.55449e-06 0.987536 0.0138205 713.462 3.72026e+18 9.36602e-08 3.09325e-06 0.00667913 3676.28 0.00019254 9.85763e-14 0.000126114 2.53617e-08 0.00199632 118305 4.74779e-09 1.46938e-08 3.64345e-06 0.00211931 8.32576e-07 9.34227e-13 9.65602e-08 1.35136e-09 0.00811025 591411 9.55795e-08 5.49762e-07 2.52943e-05 0.0188407 4.2583e-06 9.81723e-11 3.51026e-06 4.97797e-08 1.02272e+07 inf 
455 24111.4 1.40838e+12 0.0543503 0.192475 50.4758 24936.2 10.9018 1.23617e-05 1.25556 0.0178042 979.878 4.98762e+18 1.08126e-07 4.21814e-06 0.0119347 4621.73 0.000316915 1.92895e-13 0.0001846 3.80971e-08 0.00251034 146633 5.65864e-09 2.00394e-08 5.25525e-06 0.00259621 1.13503e-06 1.28703e-12 1.30722e-07 1.85367e-09 0.00978354 705537 1.0595e-07 6.62395e-07 3.48562e-05 0.0217818 5.63091e-06 1.41709e-10 4.38206e-06 6.29526e-08 9.60482e+06 inf 
465 28360.3 1.63411e+12 0.0612722 0.249673 67.7129 28605.1 13.8998 1.93897e-05 1.62041 0.0232634 1330.26 6.77399e+18 1.41642e-07 6.85427e-06 0.0208615 5971.21 0.000510818 4.32395e-13 0.000314173 6.63194e-08 0.00316389 182302 6.83555e-09 2.78537e-08 7.55407e-06 0.00319119 1.55066e-06 2.16312e-12 1.80773e-07 2.59527e-09 0.0117641 849985 1.25519e-07 8.74007e-07 4.76472e-05 0.0256118 7.388e-06 2.19621e-10 5.91748e-06 8.59761e-08 8.96376e+06 inf 
475 33028.9 1.8792e+12 0.0682145 0.31068 89.8998 32576.4 17.5278 2.6269e-05 2.01037 0.0291914 1775.04 8.79942e+18 1.57226e-07 8.63787e-06 0.0357998 7222.93 0.000809308 7.40576e-13 0.000422179 9.12383e-08 0.00402567 229043 8.31421e-09 3.78667e-08 1.09573e-05 0.00397052 2.13634e-06 3.20176e-12 2.4503e-07 3.55795e-09 0.0141472 1.00997e+06 1.38181e-07 1.02537e-06 6.51409e-05 0.0294039 9.69934e-06 3.00422e-10 7.16913e-06 1.05393e-07 8.20457e+06 inf 
485 38172.5 2.14855e+12 0.0759302 0.388005 117.82 36815 21.9196 3.88517e-05 2.51508 0.0369166 2335.7 1.14126e+19 1.90409e-07 1.24117e-05 0.0595467 8886.71 0.00125071 1.59798e-12 0.000645983 1.42718e-07 0.00498238 280435 9.91063e-09 5.06435e-08 1.53782e-05 0.0048052 2.861e-06 5.07103e-12 3.28275e-07 4.81845e-09 0.0167343 1.18784e+06 1.57336e-07 1.27179e-06 8.68085e-05 0.0337169 1.24523e-05 4.5667e-10 9.17647e-06 1.36399e-07 7.6615e+06 inf 
495 44103.8 2.45572e+12 0.0843263 0.47794 154.301 41612.4 27.4366 5.54591e-05 3.12284 0.0463141 3050.22 1.4633e+19 2.26249e-07 1.68272e-05 0.0987156 10821.6 0.00191348 2.85701e-12 0.000949267 2.14309e-07 0.00612245 340900 1.17061e-08 6.63472e-08 2.14199e-05 0.00577659 3.80872e-06 7.69878e-12 4.33509e-07 6.42928e-09 0.0196455 1.38388e+06 1.76835e-07 1.52694e-06 0.000115086 0.0383259 1.58468e-05 6.2972e-10 1.14712e-05 1.72362e-07 7.20362e+06 inf 
505 50871.9 2.81079e+12 0.0950197 0.593786 201.726 47259.2 34.2938 7.74005e-05 3.90081 0.0584073 3985.25 1.87409e+19 2.58552e-07 2.14236e-05 0.16373 13124.5 0.00292947 4.50557e-12 0.00126668 2.91284e-07 0.00750713 414787 1.4022e-08 8.76246e-08 2.97686e-05 0.00697402 5.06071e-06 1.14219e-11 5.7564e-07 8.61914e-09 0.0230596 1.61044e+06 1.94827e-07 1.77589e-06 0.000152563 0.0434527 2.01665e-05 8.15324e-10 1.36598e-05 2.07148e-07 6.77647e+06 inf 
515 58168.8 3.18698e+12 0.105548 0.721005 260.215 53045.4 42.4156 0.000108081 4.77323 0.0720817 5098.35 2.35679e+19 3.11272e-07 2.93573e-05 0.260497 15711.2 0.00436279 9.26694e-12 0.00185004 4.32545e-07 0.00918034 502976 1.66578e-08 1.13791e-07 4.10677e-05 0.00837174 6.69413e-06 1.70576e-11 7.53321e-07 1.13761e-08 0.0268394 1.86187e+06 2.21016e-07 2.14948e-06 0.000198559 0.0490866 2.53719e-05 1.20923e-09 1.70708e-05 2.61028e-07 6.33624e+06 inf 
525 66113.2 3.59584e+12 0.116912 0.868719 332.547 59250.1 52.0252 0.000149134 5.82102 0.0886462 6469.32 2.92724e+19 3.6165e-07 3.81706e-05 0.411723 18712.1 0.00640352 1.56479e-11 0.00257312 6.11791e-07 0.0110368 600280 1.9517e-08 1.45022e-07 5.55145e-05 0.00989106 8.68496e-06 2.48961e-11 9.71746e-07 1.47984e-08 0.0309542 2.12752e+06 2.44933e-07 2.52013e-06 0.000256223 0.0550083 3.15208e-05 1.61605e-09 2.07028e-05 3.19236e-07 5.99027e+06 inf 
535 75203.5 4.06537e+12 0.130922 1.05376 424.919 66412.9 63.8519 0.000204675 7.16236 0.109904 8195.69 3.65165e+19 4.27652e-07 4.91121e-05 0.648297 22387.4 0.0094052 2.50927e-11 0.00349148 8.40965e-07 0.0130473 705315 2.27142e-08 1.82821e-07 7.37207e-05 0.0115222 1.10779e-05 3.55097e-11 1.24262e-06 1.90677e-08 0.0353789 2.41617e+06 2.71438e-07 2.91328e-06 0.00032717 0.0612479 3.88461e-05 2.08618e-09 2.45806e-05 3.81495e-07 5.76391e+06 inf 
545 85339.5 4.58864e+12 0.146225 1.26348 540.514 74396.9 78.0958 0.000273838 8.71158 0.134637 10335.4 4.50469e+19 4.89645e-07 6.15259e-05 1.00183 26423.3 0.0136204 3.9824e-11 0.00468195 1.14477e-06 0.0152716 821142 2.61671e-08 2.26101e-07 9.67256e-05 0.0133134 1.39753e-05 4.90036e-11 1.55895e-06 2.40935e-08 0.0402033 2.71789e+06 2.94852e-07 3.31044e-06 0.000412217 0.0674629 4.73505e-05 2.66911e-09 2.89035e-05 4.5197e-07 5.58812e+06 inf 
555 96350.1 5.14909e+12 0.162513 1.50318 683.17 82830.4 95.0929 0.000376334 10.529 0.163802 12844.5 5.50384e+19 5.89618e-07 8.08018e-05 1.53957 31147.6 0.0195898 7.35044e-11 0.00657855 1.62847e-06 0.0178468 953761 3.01022e-08 2.78433e-07 0.000126543 0.0153426 1.7614e-05 6.9708e-11 1.95027e-06 3.03408e-08 0.0453945 3.04714e+06 3.29102e-07 3.85867e-06 0.000518807 0.0743912 5.76051e-05 3.68921e-09 3.4853e-05 5.48379e-07 5.39872e+06 inf 
565 108732 5.78125e+12 0.181849 1.79075 861.936 92469.6 115.665 0.000499575 12.7585 0.199706 15983.8 6.7134e+19 6.72925e-07 9.92856e-05 2.33865 36660.2 0.0279958 1.0685e-10 0.00849864 2.12763e-06 0.0209233 1.11249e+06 3.49933e-08 3.44595e-07 0.000165863 0.017794 2.22576e-05 9.61336e-11 2.45512e-06 3.84295e-08 0.0513613 3.41775e+06 3.58144e-07 4.35739e-06 0.000650013 0.0820848 6.99418e-05 4.53342e-09 4.03655e-05 6.38705e-07 5.19668e+06 inf 
575 122675 6.49102e+12 0.204283 2.13349 1083.73 103199 140.346 0.000678623 15.4983 0.24398 19801.4 8.185e+19 8.07004e-07 0.000128183 3.54189 43336.1 0.0397741 1.7918e-10 0.0116699 2.95333e-06 0.0243733 1.28965e+06 4.05874e-08 4.23885e-07 0.000215317 0.0205037 2.78841e-05 1.3483e-10 3.07923e-06 4.84743e-08 0.0577937 3.82085e+06 3.98359e-07 5.02871e-06 0.00081077 0.0904969 8.44089e-05 5.96503e-09 4.80532e-05 7.64476e-07 5.03317e+06 inf 
585 137513 7.23986e+12 0.227275 2.503 1353.46 114509 169.414 0.000871574 18.4675 0.292246 24235.7 9.8046e+19 9.07517e-07 0.0001532 5.27093 50110.1 0.0558738 2.54816e-10 0.0145356 3.71311e-06 0.0284292 1.49675e+06 4.69863e-08 5.17465e-07 0.000279812 0.0236733 3.50242e-05 1.80187e-10 3.81794e-06 6.04184e-08 0.0648245 4.24612e+06 4.30593e-07 5.60397e-06 0.00100569 0.0989911 0.00010161 7.25586e-09 5.46852e-05 8.74065e-07 4.83705e+06 inf 
595 154262 8.09116e+12 0.257832 2.99224 1691.95 127730 204.514 0.00121726 22.6792 0.360753 29839.9 1.19351e+20 1.14594e-06 0.000206628 7.95012 59906.2 0.0787298 4.59371e-10 0.0213179 5.50247e-06 0.0331436 1.7384e+06 5.53958e-08 6.4289e-07 0.00036352 0.0274431 4.39403e-05 2.6153e-10 4.87268e-06 7.75087e-08 0.0728881 4.75614e+06 4.93092e-07 6.63183e-06 0.00125537 0.110081 0.000122411 9.93119e-09 6.75016e-05 1.08453e-06 4.65436e+06 inf 
605 172710 9.01473e+12 0.286978 3.48056 2104.31 141739 246.458 0.00151791 26.7616 0.427518 36210.2 1.41576e+20 1.25738e-06 0.000237946 11.623 68610.5 0.109182 5.89389e-10 0.0252425 6.56289e-06 0.0381718 1.9924e+06 6.34268e-08 7.69259e-07 0.000465087 0.0313266 5.44711e-05 3.35483e-10 5.91475e-06 9.44883e-08 0.080907 5.22695e+06 5.23333e-07 7.21098e-06 0.00153381 0.119091 0.000145478 1.14084e-08 7.44582e-05 1.20066e-06 4.52456e+06 inf 
615 192220 9.98667e+12 0.321109 4.06611 2600.98 156677 295.265 0.00201147 31.951 0.512599 43673.8 1.67972e+20 1.51588e-06 0.00030365 17.001 79750.2 0.151096 9.85148e-10 0.0345515 9.06048e-06 0.0436533 2.26798e+06 7.2924e-08 9.23416e-07 0.000590685 0.0355815 6.70548e-05 4.56806e-10 7.2561e-06 1.16412e-07 0.0895139 5.74482e+06 5.82186e-07 8.25266e-06 0.00187404 0.129789 0.000172678 1.49506e-08 8.82837e-05 1.42972e-06 4.40334e+06 inf 
625 215190 1.11368e+13 0.364355 4.79947 3236.45 174860 356.265 0.00268249 38.6071 0.621851 53087.1 2.0098e+20 1.84563e-06 0.000387842 24.9957 93790.6 0.210026 1.57866e-09 0.0471988 1.2472e-05 0.0502644 2.60133e+06 8.51063e-08 1.12106e-06 0.000755973 0.0408438 8.32167e-05 6.26578e-10 9.01788e-06 1.45252e-07 0.0993661 6.33863e+06 6.51047e-07 9.45175e-06 0.002295 0.142266 0.000205263 1.91925e-08 0.000104611 1.70063e-06 4.28117e+06 inf 
635 239115 1.23246e+13 0.410749 5.60983 3993.62 193806 426.33 0.00344069 46.0865 0.744929 63857.4 2.37768e+20 2.13347e-06 0.000466863 36.3434 108858 0.288944 2.15535e-09 0.058891 1.56502e-05 0.0576644 2.97216e+06 9.90551e-08 1.35285e-06 0.00096309 0.0467377 0.000102813 8.29748e-10 1.11141e-05 1.79645e-07 0.109884 6.96461e+06 7.10416e-07 1.05241e-05 0.00279945 0.155137 0.000243127 2.27835e-08 0.000118653 1.9344e-06 4.14667e+06 inf 
645 265138 1.36059e+13 0.461702 6.51157 4908.53 214431 509.136 0.00441141 54.5836 0.885102 76349.1 2.79098e+20 2.51567e-06 0.000572355 52.2366 125668 0.394999 3.22021e-09 0.0763236 2.04057e-05 0.0659447 3.38405e+06 1.14834e-07 1.61955e-06 0.00122084 0.0533329 0.000126632 1.0972e-09 1.3576e-05 2.20141e-07 0.120999 7.61348e+06 7.82628e-07 1.18208e-05 0.00339142 0.168557 0.00028672 2.82793e-08 0.000137109 2.24206e-06 4.02061e+06 inf 
655 293258 1.49838e+13 0.520562 7.56321 6014.9 236933 606.194 0.0056453 64.7161 1.05244 90961.4 3.27338e+20 2.97821e-06 0.000701109 74.6648 145238 0.536998 4.58305e-09 0.0976975 2.62482e-05 0.0753396 3.84943e+06 1.33735e-07 1.94303e-06 0.00154526 0.0608693 0.000155735 1.45031e-09 1.66259e-05 2.70379e-07 0.133013 8.32328e+06 8.64427e-07 1.32794e-05 0.00409805 0.183323 0.000337201 3.42828e-08 0.000157552 2.58268e-06 3.89248e+06 inf 
665 324900 1.65385e+13 0.594408 8.87302 7391.87 263273 723.582 0.00745665 77.8967 1.2703 108944 3.86636e+20 3.68183e-06 0.000896334 107.94 170437 0.735288 7.531e-09 0.133295 3.60073e-05 0.0856564 4.36019e+06 1.56709e-07 2.33928e-06 0.00194879 0.069409 0.000190765 1.96586e-09 2.05366e-05 3.34901e-07 0.146236 9.1061e+06 9.72685e-07 1.51933e-05 0.00496583 0.20029 0.000396812 4.45152e-08 0.000186333 3.06281e-06 3.79306e+06 inf 
675 358412 1.81571e+13 0.670305 10.2448 9029.46 290914 860.022 0.00931409 91.6218 1.49759 128985 4.48845e+20 4.24316e-06 0.00106084 152.841 195610 0.994169 9.77906e-09 0.163466 4.43141e-05 0.096959 4.91192e+06 1.81334e-07 2.77147e-06 0.00244269 0.0786993 0.000232657 2.51969e-09 2.47859e-05 4.05133e-07 0.159664 9.86389e+06 1.05593e-06 1.67123e-05 0.00594816 0.216156 0.000463484 5.13724e-08 0.000208824 3.43859e-06 3.69653e+06 inf 
685 394584 1.99039e+13 0.762289 11.8999 11006.8 321696 1020.53 0.0118643 108.787 1.78184 152783 5.23714e+20 5.06712e-06 0.00129692 216.243 226767 1.34352 1.39878e-08 0.208729 5.6784e-05 0.109544 5.5257e+06 2.11626e-07 3.30364e-06 0.00305569 0.089309 0.000283318 3.29375e-09 3.02014e-05 4.94673e-07 0.174401 1.07173e+07 1.16702e-06 1.86851e-05 0.0071201 0.234475 0.000541035 6.22288e-08 0.00023882 3.93949e-06 3.60206e+06 inf 
695 433940 2.1782e+13 0.867774 13.7988 13417.3 355641 1210.87 0.0152288 129.075 2.11819 180259 6.07464e+20 6.13273e-06 0.00160259 307.885 262888 1.8196 2.05467e-08 0.271748 7.41758e-05 0.123414 6.19489e+06 2.46798e-07 3.92444e-06 0.00381592 0.101146 0.000344376 4.33113e-09 3.67095e-05 6.02421e-07 0.189829 1.15926e+07 1.29741e-06 2.09853e-05 0.00854415 0.254039 0.000631591 7.63203e-08 0.00027557 4.55335e-06 3.51613e+06 inf 
705 475931 2.37624e+13 0.98683 15.9427 16282.5 392221 1431.14 0.0193638 152.653 2.5094 211754 7.01589e+20 7.38749e-06 0.00196581 433.217 303636 2.4405 2.86375e-08 0.349417 9.56255e-05 0.138472 6.91364e+06 2.87117e-07 4.63851e-06 0.00473737 0.114116 0.000416389 5.63388e-09 4.44143e-05 7.30108e-07 0.205998 1.25031e+07 1.43769e-06 2.34614e-05 0.0101785 0.274445 0.000732584 9.11061e-08 0.000315737 5.2239e-06 3.43703e+06 inf 
715 522108 2.59448e+13 1.13148 18.5262 19780.4 434017 1693.43 0.0247053 181.538 2.98844 249495 8.13754e+20 8.9926e-06 0.00242579 611.185 353276 3.28787 4.17273e-08 0.45045 0.000123552 0.155284 7.71644e+06 3.36523e-07 5.51004e-06 0.00588305 0.129084 0.000503657 7.34781e-09 5.39928e-05 8.88817e-07 0.22381 1.35086e+07 1.60041e-06 2.6289e-05 0.0121313 0.297335 0.000851 1.1116e-07 0.000362018 5.99639e-06 3.36227e+06 inf 
725 570535 2.81789e+13 1.28628 21.2864 23886.1 477532 1994.64 0.0311241 213.246 3.5146 291064 9.32028e+20 1.09316e-05 0.00297869 851.173 406419 4.38377 6.32249e-08 0.586664 0.000161323 0.172765 8.53291e+06 3.89501e-07 6.44579e-06 0.00723301 0.144603 0.000604001 9.42477e-09 6.45736e-05 1.06426e-06 0.241433 1.44713e+07 1.77722e-06 2.93332e-05 0.0143328 0.319623 0.000981143 1.38045e-07 0.000416508 6.90782e-06 3.30238e+06 inf 
735 623775 3.06351e+13 1.47343 24.5928 28893.7 527159 2352.28 0.0390007 251.918 4.15589 340691 1.07158e+21 1.30017e-05 0.00357439 1189.52 470257 5.86186 7.68058e-08 0.719769 0.000197975 0.192242 9.44149e+06 4.541e-07 7.57931e-06 0.00890481 0.162466 0.000724953 1.20197e-08 7.76392e-05 1.28081e-06 0.260847 1.55278e+07 1.94957e-06 3.23133e-05 0.0169501 0.344288 0.00113182 1.53383e-07 0.000464542 7.70544e-06 3.24473e+06 inf 
745 680979 3.32318e+13 1.6864 28.3168 34844.7 580751 2768.6 0.0492682 296.854 4.90073 396951 1.22533e+21 1.59737e-05 0.00440321 1657.95 543230 7.82281 1.19197e-07 0.939225 0.000258762 0.213302 1.04092e+07 5.28228e-07 8.86962e-06 0.0109144 0.181908 0.000867207 1.54322e-08 9.29834e-05 1.53505e-06 0.280782 1.6597e+07 2.17357e-06 3.6063e-05 0.0200049 0.370223 0.00130318 1.92608e-07 0.000534365 8.87105e-06 3.19255e+06 inf 
755 741727 3.59682e+13 1.93759 32.6589 41937.5 639385 3249.63 0.0625275 351.182 5.80106 462105 1.40243e+21 1.98142e-05 0.0054682 2305.46 630009 10.4015 1.77312e-07 1.23001 0.000339224 0.236614 1.1474e+07 6.18098e-07 1.04183e-05 0.0133782 0.203966 0.00103664 1.99465e-08 0.000112029 1.85056e-06 0.302369 1.77687e+07 2.43696e-06 4.04455e-05 0.0235897 0.399216 0.00149783 2.36992e-07 0.000616301 1.02367e-05 3.13476e+06 inf 
765 805840 3.88077e+13 2.21511 37.4012 50265.7 701787 3802.9 0.0777587 411.68 6.80246 535309 1.59184e+21 2.38586e-05 0.00657038 3176.12 723805 13.7497 2.3247e-07 1.53412 0.000422955 0.26286 1.26588e+07 7.22554e-07 1.22e-05 0.0163963 0.228918 0.00124048 2.53644e-08 0.000134287 2.21892e-06 0.324837 1.89473e+07 2.69452e-06 4.46584e-05 0.0276982 0.428599 0.00171647 2.74202e-07 0.00069454 1.15344e-05 3.06567e+06 inf 
775 878389 4.20285e+13 2.56412 43.2729 60470.4 774442 4462.95 0.0993311 489.753 8.09405 623975 1.82316e+21 3.00338e-05 0.00822531 4414.78 843705 18.2892 3.433e-07 2.03211 0.000560258 0.293036 1.4021e+07 8.55407e-07 1.44361e-05 0.0201733 0.258358 0.00148887 3.31375e-08 0.000163385 2.70022e-06 0.349703 2.02886e+07 3.04758e-06 5.03549e-05 0.0326471 0.463375 0.00197096 3.36792e-07 0.000806989 1.3402e-05 2.99755e+06 inf 
785 951775 4.51939e+13 2.93261 49.3858 72145.6 847858 5200.05 0.123202 572.715 9.46497 719667 2.05815e+21 3.65216e-05 0.00993713 6043.05 967651 24.0351 4.73614e-07 2.56643 0.000707373 0.323756 1.53732e+07 9.97558e-07 1.67991e-05 0.024541 0.288407 0.00176885 4.19085e-08 0.000194815 3.2196e-06 0.374145 2.15353e+07 3.38054e-06 5.56597e-05 0.0381227 0.495961 0.00224655 3.99184e-07 0.000913807 1.51741e-05 2.9398e+06 inf 
795 1.03308e+06 4.86837e+13 3.37143 56.5395 86250.6 930994 6070.22 0.152958 672.099 11.1048 832228 2.32843e+21 4.4703e-05 0.012035 8291.66 1.11459e+06 31.7093 6.61458e-07 3.24763 0.000894529 0.358792 1.6908e+07 1.17091e-06 1.96363e-05 0.029955 0.323336 0.0021082 5.31227e-08 0.000233422 3.85671e-06 0.400379 2.28646e+07 3.76224e-06 6.1597e-05 0.0445243 0.531559 0.00256285 4.76344e-07 0.00103606 1.71988e-05 2.87934e+06 inf 
805 1.1185e+06 5.23388e+13 3.89563 64.9408 102733 1.02083e+06 7054.88 0.192617 794.721 13.1261 963087 2.64225e+21 5.57439e-05 0.0148181 11381.8 1.29123e+06 41.7215 9.33908e-07 4.20291 0.00115619 0.396301 1.85444e+07 1.38028e-06 2.30094e-05 0.0363996 0.361696 0.00249964 6.82467e-08 0.00028158 4.65075e-06 0.429162 2.4337e+07 4.22441e-06 6.87083e-05 0.0520365 0.571555 0.00292135 5.71173e-07 0.00118738 1.96983e-05 2.82236e+06 inf 
815 1.21003e+06 5.61867e+13 4.48802 74.2486 122044 1.11705e+06 8181.15 0.240999 935.538 15.4437 1.1109e+06 2.98486e+21 6.92597e-05 0.0181238 15526.4 1.48879e+06 54.6174 1.31773e-06 5.41361 0.00148738 0.436002 2.02453e+07 1.61714e-06 2.67535e-05 0.0439751 0.4025 0.00294786 8.68374e-08 0.000337096 5.5647e-06 0.458459 2.58e+07 4.7266e-06 7.62539e-05 0.0605039 0.611916 0.00331513 6.83571e-07 0.00135537 2.24716e-05 2.77529e+06 inf 
825 1.30756e+06 6.02547e+13 5.17653 84.8503 144587 1.22108e+06 9458.89 0.3018 1102.4 18.1856 1.28154e+06 3.37007e+21 8.63644e-05 0.022181 21135.2 1.71696e+06 71.2904 1.85717e-06 7.00524 0.00192138 0.479193 2.2082e+07 1.89708e-06 3.10957e-05 0.0529878 0.447497 0.00346647 1.10603e-07 0.000404005 6.66462e-06 0.489929 2.73394e+07 5.29639e-06 8.46279e-05 0.07027 0.654961 0.00375631 8.17543e-07 0.0015505 2.56851e-05 2.72868e+06 inf 
835 1.41417e+06 6.46474e+13 5.9735 96.887 171243 1.33508e+06 10940.3 0.377119 1298.1 21.3961 1.47798e+06 3.80067e+21 0.000107825 0.027131 28713.9 1.97918e+06 93.0888 2.65054e-06 9.07357 0.00248393 0.525543 2.40247e+07 2.21991e-06 3.60058e-05 0.0636385 0.49615 0.00406572 1.40147e-07 0.000482407 7.95138e-06 0.522552 2.89006e+07 5.92811e-06 9.37346e-05 0.0813696 0.699535 0.0042502 9.82534e-07 0.0017718 2.93236e-05 2.69087e+06 inf 
845 1.52297e+06 6.90419e+13 6.86824 110.066 201672 1.45267e+06 12574.4 0.46849 1523.44 25.0857 1.69686e+06 4.26384e+21 0.000133873 0.0329186 38746.2 2.27091e+06 120.551 3.68395e-06 11.6404 0.00317898 0.575439 2.60868e+07 2.5951e-06 4.15873e-05 0.0762001 0.548879 0.00475113 1.77015e-07 0.000575617 9.4784e-06 0.556789 3.05046e+07 6.62181e-06 0.000103482 0.0939864 0.746173 0.00479331 1.16645e-06 0.00201665 3.33363e-05 2.64662e+06 inf 
855 1.64097e+06 7.37726e+13 7.90247 124.997 237276 1.58111e+06 14441.4 0.581036 1787.11 29.3956 1.9495e+06 4.78318e+21 0.00016661 0.039994 52222.7 2.60639e+06 156.053 5.26035e-06 14.9915 0.00408588 0.63099 2.83672e+07 3.03868e-06 4.80643e-05 0.091238 0.607972 0.00555305 2.23422e-07 0.000687185 1.13033e-05 0.592857 3.21643e+07 7.40485e-06 0.000114317 0.108427 0.795353 0.00540088 1.40457e-06 0.00230051 3.79914e-05 2.60062e+06 inf 
865 1.76676e+06 7.87542e+13 9.08541 141.695 278338 1.71785e+06 16538.4 0.718613 2096.03 34.4366 2.23861e+06 5.36309e+21 0.000206168 0.0482573 70023.4 2.98639e+06 201.152 7.02097e-06 19.0451 0.00517683 0.690543 3.07813e+07 3.55106e-06 5.5382e-05 0.108789 0.671425 0.0064641 2.80872e-07 0.000819239 1.34596e-05 0.630966 3.38924e+07 8.24449e-06 0.000125676 0.124635 0.846421 0.0060693 1.63257e-06 0.00260244 4.29211e-05 2.5585e+06 inf 
875 1.90625e+06 8.42884e+13 10.5177 161.548 326767 1.87123e+06 18936.7 0.903441 2483.16 40.7465 2.58326e+06 6.05127e+21 0.000260745 0.0593458 94272.5 3.44904e+06 259.362 1.0028e-05 24.9781 0.00677184 0.756458 3.34483e+07 4.17375e-06 6.41073e-05 0.129671 0.742561 0.00751467 3.58514e-07 0.000985393 1.61695e-05 0.672969 3.58126e+07 9.2764e-06 0.000139429 0.143512 0.904041 0.0068156 1.96237e-06 0.00299017 4.92526e-05 2.51996e+06 inf 
885 2.05093e+06 8.98802e+13 12.0809 182.582 381552 2.02842e+06 21579.1 1.11958 2913.33 47.7389 2.96417e+06 6.77183e+21 0.000325424 0.0718495 125653 3.94463e+06 331.902 1.43777e-05 32.3737 0.00875255 0.827 3.62426e+07 4.87143e-06 7.36231e-05 0.153854 0.817923 0.00870139 4.51451e-07 0.00117475 1.92499e-05 0.715065 3.76443e+07 1.03678e-05 0.000153466 0.164306 0.960002 0.00762362 2.36511e-06 0.00341674 5.62028e-05 2.47996e+06 inf 
895 2.20563e+06 9.58184e+13 13.9009 206.574 444810 2.19789e+06 24541.6 1.39381 3429.88 56.125 3.40482e+06 7.59295e+21 0.000408135 0.0873736 167305 4.52282e+06 424.026 2.03586e-05 42.1165 0.0113548 0.904811 3.93073e+07 5.70254e-06 8.47422e-05 0.182473 0.901637 0.0100676 5.71778e-07 0.00140703 2.3024e-05 0.760308 3.96203e+07 1.16151e-05 0.000169298 0.18798 1.021 0.00851999 2.8328e-06 0.00391122 6.4249e-05 2.43767e+06 inf 
905 2.3762e+06 1.02369e+14 16.0379 234.222 517820 2.3841e+06 27854.7 1.74812 4056.33 66.2813 3.92638e+06 8.55269e+21 0.000517436 0.107252 222467 5.20276e+06 539.849 3.00864e-05 55.8594 0.0150191 0.990407 4.26675e+07 6.68463e-06 9.76241e-05 0.215829 0.993698 0.0116099 7.28619e-07 0.00169069 2.76262e-05 0.809704 4.17644e+07 1.30761e-05 0.000187543 0.214808 1.08678 0.00949845 3.46543e-06 0.00451928 7.41403e-05 2.39922e+06 inf 
915 2.55265e+06 1.08981e+14 18.4012 263.906 600601 2.57619e+06 31507.7 2.16397 4765.07 77.7415 4.50514e+06 9.56696e+21 0.000644938 0.129281 294038 5.94393e+06 684.176 4.13887e-05 72.0177 0.0193012 1.08389 4.62749e+07 7.81344e-06 0.000112059 0.255024 1.09389 0.0133786 9.18853e-07 0.00202332 3.30102e-05 0.859142 4.38281e+07 1.45877e-05 0.000205761 0.244573 1.15208 0.0105605 4.09023e-06 0.00514645 8.42965e-05 2.35508e+06 inf 
925 2.74387e+06 1.16097e+14 21.1532 297.737 695784 2.78441e+06 35575 2.69776 5620.13 91.5473 5.17869e+06 1.07253e+22 0.000811507 0.157095 388503 6.80731e+06 865.163 5.89008e-05 94.4143 0.0252201 1.18448 5.01167e+07 9.13146e-06 0.000128528 0.300357 1.20198 0.0153571 1.16457e-06 0.0024261 3.95193e-05 0.912448 4.60243e+07 1.6338e-05 0.000226486 0.27838 1.22223 0.0117318 4.90613e-06 0.00590516 9.65673e-05 2.31652e+06 inf 
935 2.95263e+06 1.23832e+14 24.3329 336.063 804407 3.00969e+06 40069 3.37444 6643.5 108.046 5.96612e+06 1.20568e+22 0.0010272 0.191855 511564 7.80621e+06 1088.88 8.67524e-05 125.114 0.0333188 1.29349 5.42488e+07 1.06598e-05 0.000147223 0.352397 1.31849 0.0175535 1.47828e-06 0.0029104 4.73332e-05 0.969806 4.83626e+07 1.83403e-05 0.000249747 0.316107 1.29667 0.0129959 5.98493e-06 0.00680732 0.000111157 2.28268e+06 inf 
945 3.17088e+06 1.31744e+14 27.8439 377.229 926877 3.24319e+06 44998.2 4.17608 7805.42 126.736 6.84739e+06 1.34878e+22 0.00128172 0.231047 669161 8.9003e+06 1364 0.000121191 162.495 0.0431332 1.40785 5.84933e+07 1.23625e-05 0.000167487 0.411528 1.43996 0.0199789 1.85415e-06 0.00346556 5.627e-05 1.02866 5.06661e+07 2.04021e-05 0.000273005 0.357419 1.37048 0.0143684 7.0972e-06 0.00775479 0.00012643 2.25228e+06 inf 
955 3.41213e+06 1.40443e+14 31.9155 424.03 1.06749e+06 3.49905e+06 50491.3 5.19125 9201.92 149.164 7.8794e+06 1.51296e+22 0.00160762 0.279351 874216 1.01678e+07 1703.93 0.000171649 212.846 0.0563108 1.53154 6.30379e+07 1.43253e-05 0.000190326 0.479141 1.57055 0.022663 2.33009e-06 0.00413029 6.69525e-05 1.09136 5.30768e+07 2.27237e-05 0.000298601 0.403505 1.44817 0.0158492 8.46258e-06 0.0088587 0.000144196 2.22791e+06 inf 
965 3.66498e+06 1.49478e+14 36.5787 476.451 1.22496e+06 3.76797e+06 56400.3 6.49023 10873.7 175.977 9.06697e+06 1.69854e+22 0.00203228 0.340087 1.13882e+06 1.16272e+07 2117.86 0.000249869 282.942 0.07462 1.6675 6.80099e+07 1.66426e-05 0.000216776 0.557333 1.71436 0.0256611 2.95293e-06 0.00494735 8.00665e-05 1.15964 5.57019e+07 2.54494e-05 0.00032824 0.455548 1.53335 0.017467 1.02453e-05 0.0102106 0.000165952 2.19789e+06 inf 
975 3.93424e+06 1.5894e+14 41.8008 533.669 1.40348e+06 4.05254e+06 62919.8 8.07955 12811 206.977 1.04125e+07 1.90123e+22 0.0025553 0.411447 1.47954e+06 1.32577e+07 2625.5 0.000364895 374.67 0.0984817 1.81389 7.32796e+07 1.92723e-05 0.000246049 0.647078 1.86843 0.0290093 3.72509e-06 0.00590654 9.54273e-05 1.22904 5.82733e+07 2.84025e-05 0.000359386 0.51326 1.6191 0.0192082 1.24241e-05 0.0117412 0.000190522 2.16895e+06 inf 
985 4.24193e+06 1.69781e+14 47.9015 599.653 1.61033e+06 4.37479e+06 70270.4 10.045 15136.3 244.144 1.20192e+07 2.14026e+22 0.00320279 0.497048 1.9171e+06 1.51663e+07 3249.19 0.000513255 491.155 0.128683 1.97376 7.8999e+07 2.22885e-05 0.000279018 0.749282 2.03558 0.0326967 4.67392e-06 0.00704289 0.0001136 1.30261 6.09734e+07 3.15195e-05 0.000391695 0.574977 1.70683 0.021042 1.473e-05 0.0133765 0.000216728 2.14916e+06 inf 
995 4.555e+06 1.80628e+14 54.7753 671.987 1.83812e+06 4.70271e+06 77976.1 12.5698 17900.5 288.254 1.38304e+07 2.40244e+22 0.00404868 0.604139 2.47939e+06 1.73244e+07 3995.3 0.000749389 655.447 0.171188 2.14905 8.52204e+07 2.5843e-05 0.000317044 0.867227 2.21874 0.0367892 5.93045e-06 0.00844546 0.000135999 1.38085 6.3814e+07 3.52464e-05 0.000429554 0.646293 1.80301 0.0230552 1.78435e-05 0.0154245 0.000249541 2.11954e+06 inf 
1005 4.89423e+06 1.92294e+14 62.6038 752.734 2.09603e+06 5.05719e+06 86422.7 15.6909 21164.2 340.243 1.59257e+07 2.69847e+22 0.00509683 0.731384 3.19717e+06 1.97871e+07 4899.02 0.00108291 870.573 0.226616 2.3397 9.19267e+07 2.99279e-05 0.000359847 1.00201 2.4176 0.0413146 7.50105e-06 0.0101176 0.000162654 1.46257 6.67052e+07 3.9254e-05 0.000469202 0.724148 1.90118 0.0252011 2.14807e-05 0.0177148 0.000286144 2.09182e+06 inf 
1015 5.25338e+06 2.04514e+14 71.3655 841.238 2.38172e+06 5.42905e+06 95444.6 19.5453 24971.2 400.799 1.83182e+07 3.02945e+22 0.00640526 0.884563 4.09676e+06 2.25597e+07 5970.12 0.00155888 1155.35 0.299801 2.5447 9.90655e+07 3.4569e-05 0.00040749 1.15369 2.6298 0.0462327 9.46763e-06 0.0120959 0.000194144 1.54845 6.97172e+07 4.36767e-05 0.000512278 0.808361 2.00299 0.0274667 2.57968e-05 0.0203306 0.000327917 2.06444e+06 inf 
1025 5.63933e+06 2.17526e+14 81.3883 940.404 2.70407e+06 5.82862e+06 105249 24.4155 29517.2 473.014 2.10766e+07 3.40251e+22 0.00807198 1.0721 5.24744e+06 2.5747e+07 7258.57 0.00227051 1541.52 0.398833 2.76584 1.06687e+08 3.99173e-05 0.000461225 1.32622 2.85867 0.0516199 1.19747e-05 0.0144768 0.000231992 1.63929 7.28401e+07 4.86369e-05 0.000559543 0.902642 2.11086 0.029923 3.11478e-05 0.0233766 0.000376549 2.03892e+06 inf 
1035 6.05315e+06 2.31356e+14 92.7799 1050.85 3.06652e+06 6.25684e+06 115828 30.5362 34910.4 558.548 2.42448e+07 3.82168e+22 0.0101754 1.29942 6.70656e+06 2.93864e+07 8789.18 0.00333514 2064.91 0.532574 3.00441 1.14831e+08 4.60502e-05 0.000521578 1.52203 3.10551 0.0574896 1.51563e-05 0.0173274 0.000277228 1.73411 7.60419e+07 5.41276e-05 0.000610663 1.00605 2.22294 0.0325169 3.77577e-05 0.0269194 0.000432991 2.01476e+06 inf 
1045 6.50828e+06 2.46533e+14 105.798 1175.07 3.47386e+06 6.72343e+06 127303 38.1771 41305.2 659.87 2.79409e+07 4.30349e+22 0.0128327 1.5766 8.5475e+06 3.35799e+07 10606 0.00486466 2761.69 0.710325 3.26338 1.23616e+08 5.3049e-05 0.000589201 1.74186 3.37126 0.0638319 1.91427e-05 0.0207112 0.000330872 1.83315 7.93569e+07 6.01694e-05 0.000665868 1.11884 2.33928 0.0352638 4.55279e-05 0.0309162 0.000496683 1.99434e+06 inf 
1055 6.98474e+06 2.62221e+14 120.435 1311.59 3.92695e+06 7.21433e+06 139547 47.6852 48825.3 778.8 3.21259e+07 4.83504e+22 0.0161502 1.90843 1.08598e+07 3.8315e+07 12745.5 0.00708135 3690.82 0.946464 3.54292 1.33008e+08 6.1089e-05 0.000665286 1.9919 3.65938 0.0707834 2.41877e-05 0.024766 0.000395037 1.93473 8.26678e+07 6.6784e-05 0.00072486 1.24132 2.4584 0.0381409 5.48351e-05 0.0354791 0.000569235 1.97146e+06 inf 
1065 7.49559e+06 2.78905e+14 136.98 1462.95 4.43259e+06 7.73866e+06 152661 59.5593 57687.4 918.813 3.69184e+07 5.43292e+22 0.0203295 2.31087 1.37616e+07 4.37125e+07 15253.2 0.0103398 4940.37 1.26347 3.8368 1.42764e+08 7.01162e-05 0.000748846 2.26893 3.96122 0.078143 3.04868e-05 0.0295287 0.000470316 2.04366 8.61862e+07 7.40936e-05 0.000788734 1.37702 2.58535 0.0412476 6.60547e-05 0.0407051 0.000652332 1.95361e+06 inf 
1075 8.0345e+06 2.96401e+14 155.715 1631.16 4.99172e+06 8.29461e+06 166468 74.4544 68173.8 1084.31 4.23987e+07 6.10505e+22 0.0256221 2.80197 1.73895e+07 4.98848e+07 18172 0.0151247 6625.23 1.68992 4.15841 1.53408e+08 8.05936e-05 0.000844238 2.58356 4.29304 0.0861586 3.85353e-05 0.0352847 0.000561206 2.15682 8.97986e+07 8.22551e-05 0.000858765 1.52495 2.71821 0.0445193 7.96438e-05 0.0467334 0.000748132 1.93211e+06 inf 
1085 8.61932e+06 3.15241e+14 177.048 1819.16 5.61899e+06 8.89481e+06 181254 93.2481 80632.7 1280.7 4.86988e+07 6.86355e+22 0.0323564 3.40327 2.19454e+07 5.6947e+07 21555.9 0.022437 8930.68 2.27225 4.49858 1.6453e+08 9.24045e-05 0.000949452 2.93266 4.64237 0.0945999 4.86679e-05 0.0420837 0.000668423 2.27586 9.35516e+07 9.13721e-05 0.000935293 1.68915 2.85835 0.047972 9.66527e-05 0.0537592 0.000859734 1.91601e+06 inf 
1095 9.23509e+06 3.34951e+14 201.085 2026.82 6.31428e+06 9.53206e+06 196975 116.631 95265.5 1511.12 5.58519e+07 7.7099e+22 0.0408029 4.12865 2.76174e+07 6.49865e+07 25498.4 0.0330019 12010.7 3.04837 4.86697 1.76522e+08 0.000105974 0.00106815 3.32768 5.02348 0.103808 6.14657e-05 0.0502058 0.000796375 2.3973 9.73235e+07 0.000101356 0.00101729 1.86578 3.00218 0.0515936 0.00011668 0.0617179 0.000986054 1.8975e+06 inf 
1105 9.91505e+06 3.56697e+14 228.949 2264.18 7.09958e+06 1.02365e+07 213854 146.418 112907 1788.67 6.42047e+07 8.68695e+22 0.0516353 5.0285 3.47327e+07 7.43639e+07 30042.2 0.0488681 16229.7 4.10956 5.26279 1.8933e+08 0.000121523 0.0012018 3.76837 5.43342 0.113511 7.77166e-05 0.0599296 0.000949404 2.52629 1.01308e+08 0.000112426 0.00110668 2.05793 3.15427 0.055329 0.000141063 0.0708728 0.00113134 1.88399e+06 inf 
1115 1.06301e+07 3.79378e+14 260.179 2524.79 7.96613e+06 1.09794e+07 231589 183.467 133528 2112.78 7.36278e+07 9.76976e+22 0.0652573 6.11554 4.35444e+07 8.49677e+07 35233.8 0.0722564 21901 5.53331 5.68499 2.02892e+08 0.000139144 0.00135026 4.2603 5.87181 0.123854 9.81186e-05 0.0714111 0.00112992 2.65654 1.0528e+08 0.000124654 0.00120308 2.26659 3.31099 0.0591886 0.00017034 0.0813213 0.00129712 1.86985e+06 inf 
1125 1.13595e+07 4.02285e+14 294.885 2808.04 8.90651e+06 1.17446e+07 249645 229.317 157481 2488.93 8.41293e+07 1.09561e+23 0.0823271 7.4258 5.43733e+07 9.68743e+07 41078.6 0.106651 29490.3 7.43509 6.13645 2.17317e+08 0.000159299 0.00151692 4.81135 6.34452 0.13486 0.000123878 0.085072 0.00134453 2.79126 1.09358e+08 0.000138194 0.00130783 2.49473 3.47551 0.0632755 0.000205591 0.0932395 0.00148617 1.85114e+06 inf 
1135 1.21999e+07 4.2881e+14 335.833 3138.65 9.99789e+06 1.26282e+07 269891 287.934 186568 2945.47 9.65558e+07 1.23496e+23 0.104376 9.06436 6.80501e+07 1.10993e+08 47893.5 0.158625 39908.7 10.0426 6.61789 2.3261e+08 0.000182174 0.00170258 5.42342 6.85023 0.146404 0.000156191 0.101205 0.00159779 2.9293 1.13507e+08 0.000153076 0.00142064 2.73875 3.64459 0.0674241 0.000248297 0.1068 0.0017014 1.84347e+06 inf 
1145 1.30378e+07 4.54939e+14 380.949 3493.95 1.11658e+07 1.35189e+07 289932 360.625 220197 3472.96 1.10224e+08 1.38553e+23 0.132117 11.0407 8.47282e+07 1.26696e+08 55371.9 0.236635 53979.3 13.5592 7.12782 2.48717e+08 0.000208266 0.00191015 6.10438 7.39085 0.158507 0.000197155 0.120383 0.00189868 3.07471 1.17845e+08 0.000169864 0.00154508 3.0096 3.82628 0.0717469 0.000300831 0.122551 0.00195138 1.82914e+06 inf 
1155 1.39606e+07 4.83744e+14 433.124 3898.8 1.24855e+07 1.45069e+07 311495 452.525 260396 4103.22 1.26009e+08 1.55783e+23 0.167619 13.4822 1.05514e+08 1.4497e+08 63883.8 0.352596 73103.9 18.3339 7.67704 2.66014e+08 0.000238177 0.00214397 6.86586 7.97742 0.171293 0.000248846 0.143193 0.00225639 3.21808 1.22077e+08 0.000188272 0.00167848 3.29887 4.01007 0.0760838 0.000363277 0.140343 0.00223397 1.81849e+06 inf 
1165 1.49194e+07 5.13461e+14 491.404 4341.8 1.39238e+07 1.55395e+07 333400 566.189 307055 4834.4 1.4364e+08 1.74775e+23 0.212242 16.4372 1.30815e+08 1.65517e+08 73236.2 0.525956 98759.6 24.7316 8.25373 2.84058e+08 0.000271856 0.00240198 7.70299 8.59678 0.184444 0.000313228 0.16987 0.0026745 3.3676 1.26491e+08 0.000208594 0.00182317 3.61026 4.20274 0.080599 0.000439157 0.160562 0.00255522 1.80759e+06 inf 
1175 1.5923e+07 5.44523e+14 557.944 4837.71 1.55123e+07 1.66406e+07 355755 709.745 362315 5700.12 1.63501e+08 1.95971e+23 0.269558 20.0824 1.62171e+08 1.89135e+08 83546.6 0.787907 133802 33.4626 8.87692 3.03567e+08 0.000311049 0.00269698 8.64798 9.27699 0.19833 0.000395677 0.201987 0.00317776 3.51433 1.30765e+08 0.000231355 0.00198041 3.95239 4.4021 0.085097 0.000531687 0.183832 0.00292522 1.79375e+06 inf 
1185 1.7055e+07 5.79705e+14 635.916 5411.4 1.73362e+07 1.78919e+07 380414 891.806 428685 6740.01 1.86611e+08 2.20538e+23 0.34368 24.6443 2.01351e+08 2.16962e+08 95271.4 1.18076 181545 45.3543 9.53367 3.24052e+08 0.000355474 0.00302494 9.69087 10.0015 0.212649 0.000498515 0.239633 0.00376763 3.66383 1.35165e+08 0.000256424 0.00215076 4.31753 4.6099 0.0896466 0.000641501 0.209902 0.00334033 1.78892e+06 inf 
1195 1.8182e+07 6.14371e+14 721.128 6022.62 1.92684e+07 1.91479e+07 404006 1113.79 504248 7923.41 2.11708e+08 2.46816e+23 0.435772 30.0748 2.48129e+08 2.47471e+08 107511 1.75907 244772 61.0887 10.2174 3.45244e+08 0.000405236 0.0033844 10.8278 10.7601 0.22703 0.000625893 0.283361 0.00445254 3.81767 1.39657e+08 0.000284016 0.00233373 4.71097 4.82555 0.0941963 0.000772506 0.239281 0.00380835 1.77952e+06 inf 
1205 1.93968e+07 6.51849e+14 820.709 6725.15 2.14389e+07 2.053e+07 428632 1399.33 595246 9349.43 2.40483e+08 2.76846e+23 0.557193 36.9825 3.06353e+08 2.833e+08 120979 2.66906 333207 83.114 10.9529 3.68084e+08 0.000463436 0.00379754 12.106 11.5928 0.242039 0.000790171 0.336121 0.00527941 3.97845 1.4437e+08 0.000316008 0.00254203 5.14142 5.05763 0.0986471 0.000939568 0.274183 0.00436582 1.77092e+06 inf 
1215 2.07264e+07 6.92962e+14 936.576 7528.49 2.39085e+07 2.20689e+07 454945 1759.16 703593 11047.4 2.73199e+08 3.10845e+23 0.713921 45.5641 3.78978e+08 3.25104e+08 135881 4.01692 452642 112.841 11.7217 3.91899e+08 0.000529673 0.00425767 13.5213 12.4809 0.25729 0.000994878 0.397911 0.00624774 4.13617 1.49033e+08 0.000350996 0.00276417 5.61282 5.29979 0.103189 0.00113223 0.312498 0.00497816 1.76822e+06 inf 
1225 2.20638e+07 7.34095e+14 1064.38 8392.82 2.65335e+07 2.36318e+07 479818 2199.67 827147 12984 3.08801e+08 3.47508e+23 0.911337 55.9088 4.65463e+08 3.71224e+08 151038 6.05757 612134 152.561 12.5235 4.16673e+08 0.000604144 0.00476377 15.0604 13.4134 0.272345 0.00124853 0.469489 0.00736975 4.29405 1.53719e+08 0.000390238 0.00300672 6.11394 5.54865 0.107504 0.00137093 0.356409 0.00568158 1.7618e+06 inf 
1235 2.35374e+07 7.79641e+14 1214.4 9391.05 2.95152e+07 2.53837e+07 506183 2758.64 975218 15306.2 3.49618e+08 3.89453e+23 1.16843 68.8806 5.72895e+08 4.25331e+08 167466 9.12495 829343 206.663 13.3826 4.43278e+08 0.000690466 0.00533944 16.7814 14.4323 0.287799 0.00156847 0.554476 0.00870262 4.43703 1.57907e+08 0.000433111 0.00326399 6.64192 5.79114 0.111299 0.00165168 0.405084 0.00646267 1.75881e+06 inf 
1245 2.50361e+07 8.25955e+14 1383.75 10490.9 3.27704e+07 2.72165e+07 531973 3450.34 1.14646e+06 17994.1 3.94158e+08 4.35111e+23 1.49839 84.8346 7.03501e+08 4.8652e+08 184556 13.7347 1.1206e+06 279.309 14.2672 4.70684e+08 0.000788555 0.00597842 18.6747 15.5098 0.303154 0.00196624 0.653329 0.0102542 4.5895 1.62516e+08 0.000481732 0.00355005 7.22191 6.05786 0.115196 0.0019902 0.460168 0.00734979 1.7548e+06 inf 
1255 2.66418e+07 8.75652e+14 1580.45 11743.7 3.63842e+07 2.92075e+07 557495 4329.28 1.34994e+06 21190.9 4.44441e+08 4.8651e+23 1.93206 104.971 8.63642e+08 5.57255e+08 202055 20.8739 1.52145e+06 379.4 15.2033 4.99695e+08 0.000901892 0.00670163 20.7628 16.6674 0.318137 0.00247052 0.770348 0.0120927 4.74165 1.67135e+08 0.000537707 0.00387178 7.85793 6.3402 0.118711 0.00241005 0.5242 0.00838295 1.75237e+06 inf 
1265 2.83346e+07 9.2826e+14 1806.33 13150.7 4.03877e+07 3.13556e+07 583128 5419.68 1.58718e+06 24921.6 5.00154e+08 5.43507e+23 2.49272 129.885 1.05872e+09 6.38204e+08 220134 31.5726 2.05762e+06 513.48 16.1772 5.29977e+08 0.0010313 0.00750822 23.0588 17.902 0.332929 0.00309429 0.906181 0.0142286 4.88399 1.71558e+08 0.000599668 0.00421694 8.52951 6.625 0.121822 0.00290711 0.594648 0.00952422 1.75151e+06 inf 
1275 3.01448e+07 9.84686e+14 2067.14 14740.9 4.48626e+07 3.36937e+07 608727 6779.28 1.86549e+06 29301.3 5.62133e+08 6.06894e+23 3.21798 160.745 1.29727e+09 7.30958e+08 238419 47.5242 2.77581e+06 693.243 17.1798 5.61181e+08 0.00117808 0.00840095 25.5676 19.2023 0.346919 0.00386357 1.06316 0.0166991 5.02194 1.75926e+08 0.000667891 0.00458627 9.25328 6.91742 0.124597 0.00348672 0.672049 0.0107808 1.75467e+06 inf 
1285 3.19987e+07 1.04275e+15 2367.36 16525.8 4.97637e+07 3.61708e+07 632930 8481.41 2.19034e+06 34422.9 6.30033e+08 6.76553e+23 4.17346 199.578 1.58786e+09 8.37143e+08 256511 72.0407 3.75029e+06 937.866 18.2314 5.94109e+08 0.00134881 0.0094156 28.353 20.6084 0.360614 0.00483231 1.24795 0.0196126 5.15556 1.80287e+08 0.000747368 0.00500565 10.0395 7.22895 0.126908 0.00420644 0.761153 0.0122351 1.75515e+06 inf 
1295 3.3936e+07 1.10366e+15 2713.75 18536.1 5.51703e+07 3.88244e+07 655812 10603.5 2.56933e+06 40405.7 7.04646e+08 7.5324e+23 5.42396 248.104 1.94104e+09 9.58262e+08 273894 109.027 5.05944e+06 1267.1 19.3156 6.28177e+08 0.0015446 0.0105503 31.4017 22.098 0.373273 0.00603526 1.46241 0.022998 5.28915 1.84718e+08 0.000837497 0.00546866 10.8964 7.55651 0.128692 0.00506272 0.860867 0.013867 1.75692e+06 inf 
1305 3.60359e+07 1.17002e+15 3120.36 20842.7 6.12658e+07 4.17585e+07 678658 13266.7 3.01657e+06 47476.6 7.87902e+08 8.39095e+23 7.07903 309.329 2.3746e+09 1.09861e+09 290884 165.263 6.82549e+06 1712.39 20.4336 6.63442e+08 0.00176935 0.0118185 34.7398 23.6785 0.384822 0.00752271 1.7105 0.0269209 5.4071 1.88789e+08 0.000939923 0.00597683 11.8164 7.89143 0.12982 0.00609251 0.971844 0.0156923 1.76356e+06 inf 
1315 3.82411e+07 1.24024e+15 3594.33 23465.6 6.80503e+07 4.49391e+07 700620 16589.3 3.5395e+06 55759 8.79425e+08 9.34109e+23 9.26642 386.465 2.90418e+09 1.26014e+09 307235 250.048 9.19362e+06 2311.15 21.5856 7.00067e+08 0.00202886 0.0132454 38.4117 25.3664 0.395472 0.00936403 1.99791 0.0314738 5.5194 1.92805e+08 0.00105558 0.00653482 12.8 8.23698 0.130474 0.00731142 1.09444 0.0177188 1.7716e+06 inf 
1325 4.04952e+07 1.31235e+15 4142.12 26411.3 7.55084e+07 4.83122e+07 719996 20706.7 4.14452e+06 65361.5 9.77961e+08 1.03685e+24 12.16 483.3 3.54716e+09 1.44351e+09 321650 378.045 1.2353e+07 3112.75 22.7573 7.37508e+08 0.00232777 0.0148425 42.4339 27.1503 0.404621 0.0116367 2.32912 0.0367316 5.62986 1.96896e+08 0.00118958 0.00716266 13.8844 8.60701 0.130543 0.00877725 1.23178 0.0200021 1.77944e+06 inf 
1335 4.28088e+07 1.38694e+15 4777.63 29735.8 8.36864e+07 5.19003e+07 736825 25802.1 4.84428e+06 76493.1 1.08455e+09 1.14887e+24 15.9956 605.21 4.32595e+09 1.65229e+09 334157 569.992 1.65501e+07 4181.35 23.9706 7.76609e+08 0.00267521 0.0166504 46.8598 29.0613 0.412582 0.0144478 2.71254 0.0428319 5.71847 2.00463e+08 0.00134161 0.00785167 15.0483 8.97955 0.129946 0.0105084 1.38178 0.0225112 1.78589e+06 inf 
1345 4.53599e+07 1.46965e+15 5535.47 33602.4 9.30552e+07 5.5937e+07 753795 32201.1 5.67243e+06 89690 1.20298e+09 1.2741e+24 21.1529 760.57 5.28639e+09 1.89517e+09 345220 860.088 2.21782e+07 5619.42 25.1901 8.16153e+08 0.00307406 0.0186607 51.677 31.0639 0.418611 0.0178825 3.15011 0.0498082 5.78974 2.03589e+08 0.00151565 0.00861112 16.2855 9.3537 0.12837 0.0125641 1.547 0.0252946 1.80071e+06 inf 
1355 4.79655e+07 1.55514e+15 6425.53 38010.1 1.03399e+08 6.02525e+07 767786 40177.7 6.63473e+06 105073 1.33006e+09 1.41041e+24 28.1245 959.31 6.45737e+09 2.17349e+09 353853 1300.39 2.97069e+07 7552.45 26.4297 8.56904e+08 0.00354056 0.0209441 56.9746 33.2 0.423061 0.0221385 3.65583 0.0578971 5.86133 2.07051e+08 0.00172089 0.00948352 17.6634 9.76646 0.126481 0.0150473 1.73315 0.0284507 1.81483e+06 inf 
1365 5.06348e+07 1.64383e+15 7465.87 43004.7 1.14816e+08 6.48587e+07 778723 50009.9 7.7447e+06 122868 1.46534e+09 1.55774e+24 37.4569 1210.23 7.87472e+09 2.48876e+09 359545 1956.56 3.96248e+07 10111.3 27.6796 8.98606e+08 0.00408123 0.0235086 62.7642 35.4551 0.425691 0.027338 4.23366 0.0671663 5.90504 2.09875e+08 0.00195434 0.0104364 19.115 10.1694 0.123828 0.0179497 1.93316 0.0318759 1.82932e+06 inf 
1375 5.3507e+07 1.74045e+15 8718.02 48845 1.27813e+08 6.99817e+07 788459 62385.1 9.05564e+06 143953 1.61303e+09 1.72132e+24 50.2915 1535.71 9.62765e+09 2.85565e+09 362988 2952.29 5.29252e+07 13561.8 28.9294 9.41002e+08 0.00471354 0.0264088 69.1045 37.8368 0.426293 0.0337295 4.89608 0.0778303 5.93275 2.1254e+08 0.00223012 0.0115274 20.7345 10.5987 0.120539 0.0214132 2.15483 0.035705 1.84957e+06 inf 
1385 5.63092e+07 1.83669e+15 10172.7 55388.9 1.41936e+08 7.53062e+07 793520 77460.4 1.05423e+07 167951 1.76434e+09 1.89316e+24 67.5662 1946.54 1.17342e+10 3.26496e+09 362717 4425.57 7.02231e+07 18076.3 30.1647 9.83908e+08 0.00544951 0.0296717 76.0346 40.3414 0.425087 0.0414954 5.64748 0.0899709 5.93672 2.14678e+08 0.0025491 0.0127416 22.4663 11.0274 0.116652 0.0254736 2.39257 0.0398579 1.86672e+06 inf 
1395 5.94059e+07 1.94432e+15 11944.7 63144.1 1.58221e+08 8.13326e+07 798548 96427.6 1.23023e+07 196456 1.931e+09 2.08599e+24 91.5565 2483.64 1.43489e+10 3.7439e+09 360794 6641.73 9.32419e+07 24118.7 31.3825 1.02713e+09 0.00631006 0.0333572 83.5835 42.9657 0.42185 0.0509399 6.49897 0.103782 5.93584 2.16742e+08 0.00292401 0.0141184 24.3707 11.478 0.112426 0.0302285 2.64961 0.0443903 1.89297e+06 inf 
1405 6.25194e+07 2.05426e+15 14049.6 72021.1 1.76255e+08 8.7751e+07 799661 119746 1.43213e+07 229289 2.10328e+09 2.28965e+24 124.597 3174.3 1.75252e+10 4.28507e+09 355368 9929.02 1.23281e+08 32058.3 32.5683 1.07013e+09 0.00731887 0.0375181 91.8168 45.7123 0.416568 0.0623797 7.46039 0.119444 5.91338 2.18128e+08 0.00336758 0.015684 26.4405 11.9421 0.107672 0.0357927 2.92635 0.0493292 1.91964e+06 inf 
1415 6.58086e+07 2.17201e+15 16609.1 82458.2 1.9682e+08 9.48478e+07 799371 148775 1.66772e+07 267739 2.28558e+09 2.51003e+24 170.903 4078.51 2.14494e+10 4.90877e+09 347828 14826.7 1.62694e+08 42544.1 33.7102 1.1126e+09 0.00850796 0.0422389 100.82 48.5854 0.409474 0.0762094 8.54284 0.137148 5.86528 2.18798e+08 0.00389344 0.0174665 28.6815 12.4078 0.102491 0.0422732 3.21861 0.0546203 1.95219e+06 inf 
1425 6.9083e+07 2.29189e+15 19690.3 94540.7 2.19752e+08 1.02431e+08 795804 184451 1.93731e+07 311947 2.4705e+09 2.74084e+24 235.821 5257.25 2.62486e+10 5.61432e+09 337726 22062.1 2.13773e+08 56240.7 34.7933 1.1543e+09 0.00991689 0.0476149 110.677 51.5889 0.400802 0.0928978 9.75713 0.15711 5.80366 2.19108e+08 0.00451943 0.0195091 31.1535 12.8922 0.0972185 0.0498143 3.53039 0.0603461 1.98553e+06 inf 
1435 7.25607e+07 2.42096e+15 23457.2 108796 2.45971e+08 1.10819e+08 791494 228518 2.24975e+07 363395 2.66334e+09 2.98797e+24 327.773 6808.21 3.21725e+10 6.42117e+09 326086 32699.5 2.79797e+08 74084.6 35.7916 1.19417e+09 0.0115706 0.0536653 121.329 54.6629 0.390416 0.11272 11.0972 0.17925 5.71747 2.18656e+08 0.00527261 0.0218698 33.8956 13.3905 0.0917702 0.0585121 3.85555 0.0664281 2.02731e+06 inf 
1445 7.60591e+07 2.55374e+15 28068.2 125554 2.75551e+08 1.19874e+08 784898 282835 2.6089e+07 422843 2.85735e+09 3.2454e+24 459.218 8859.19 3.94591e+10 7.33428e+09 312742 48313.6 3.64859e+08 97273.1 36.7068 1.23246e+09 0.0135459 0.0605937 132.983 57.852 0.378799 0.136499 12.5908 0.204068 5.62078 2.17503e+08 0.00617497 0.024575 36.8613 13.8826 0.0862774 0.0684449 4.19004 0.0728101 2.07207e+06 inf 
1455 7.96921e+07 2.69473e+15 33773.1 145498 3.09436e+08 1.29847e+08 778089 349803 3.02326e+07 491771 3.05239e+09 3.51523e+24 648.806 11591.9 4.84653e+10 8.37147e+09 298763 71096.7 4.73676e+08 127208 37.4946 1.26785e+09 0.01589 0.0684557 145.587 61.0921 0.366086 0.16458 14.2242 0.231375 5.50296 2.15503e+08 0.00726405 0.0277082 40.0863 14.3693 0.0809168 0.0797743 4.53129 0.0794753 2.12543e+06 inf 
1465 8.32753e+07 2.83844e+15 40837.3 169147 3.47881e+08 1.4059e+08 770232 431710 3.49488e+07 570757 3.23983e+09 3.78933e+24 925.665 15259.7 5.96012e+10 9.53645e+09 284249 104114 6.1141e+08 165528 38.148 1.30028e+09 0.0187074 0.0774856 159.363 64.4037 0.35284 0.197764 16.0099 0.261461 5.37394 2.12501e+08 0.00860681 0.0314063 43.6639 14.8583 0.0756144 0.0926471 4.87521 0.0864051 2.18295e+06 inf 
1475 8.69338e+07 2.98932e+15 49710.1 197624 3.92214e+08 1.52401e+08 763658 532154 4.03537e+07 661822 3.41932e+09 4.06792e+24 1333.66 20216.6 7.34326e+10 1.08469e+10 270372 151494 7.84375e+08 214167 38.6273 1.32824e+09 0.0220877 0.0878103 174.272 67.716 0.339316 0.236451 17.9303 0.294067 5.21907 2.08009e+08 0.0102332 0.0356674 47.5125 15.302 0.0707048 0.10679 5.19841 0.0931966 2.25058e+06 inf 
1485 9.07262e+07 3.14909e+15 60938.7 232139 4.43523e+08 1.65425e+08 759504 655266 4.65531e+07 766939 3.58992e+09 4.34844e+24 1941.96 26971.7 9.05988e+10 1.23117e+10 257616 219047 9.99933e+08 275491 38.9107 1.35059e+09 0.0261354 0.09956 190.218 70.9474 0.325737 0.281031 19.9657 0.328925 5.05983 2.02187e+08 0.0122397 0.0406869 51.7015 15.707 0.0661988 0.122339 5.4975 0.0998054 2.33165e+06 inf 
1495 9.42501e+07 3.3068e+15 75209.6 273974 5.02223e+08 1.79342e+08 757311 804330 5.34899e+07 885646 3.73152e+09 4.61378e+24 2866.98 36323.1 1.11973e+11 1.39248e+10 246572 314514 1.26349e+09 351592 38.976 1.36749e+09 0.031102 0.113299 207.688 74.1647 0.313177 0.332621 22.1201 0.366248 4.89884 1.9482e+08 0.014774 0.0467376 56.308 16.0637 0.0623456 0.139379 5.76203 0.106107 2.41816e+06 inf 
1505 9.78605e+07 3.47357e+15 93686.6 325747 5.71144e+08 1.94789e+08 761323 986046 6.13949e+07 1.02184e+06 3.85108e+09 4.86729e+24 4286.92 49354.1 1.38668e+11 1.57034e+10 238551 447370 1.5828e+09 444974 38.7706 1.37617e+09 0.0371169 0.129055 226.277 77.1719 0.301623 0.390654 24.3236 0.404835 4.75093 1.85738e+08 0.017909 0.0538332 61.1277 16.3068 0.0594423 0.156938 5.95321 0.111351 2.52409e+06 inf 
1515 1.01125e+08 3.63581e+15 117627 389511 6.50409e+08 2.1124e+08 771324 1.20347e+06 7.01306e+07 1.17383e+06 3.92726e+09 5.08407e+24 6503.39 67707.8 1.71695e+11 1.76015e+10 233996 628758 1.95831e+09 556611 38.2746 1.37611e+09 0.0445204 0.147425 246.171 79.9516 0.291936 0.455497 26.5435 0.444279 4.63359 1.74896e+08 0.0218949 0.0623895 66.2106 16.4221 0.0577732 0.174641 6.05271 0.115266 2.6421e+06 inf 
1525 1.0429e+08 3.80336e+15 149435 470280 7.44291e+08 2.29415e+08 793183 1.46483e+06 7.98848e+07 1.34521e+06 3.96329e+09 5.26709e+24 10051.5 94180.2 2.1312e+11 1.96412e+10 235227 872374 2.39222e+09 687912 37.4383 1.36534e+09 0.0536444 0.168822 267.187 82.3559 0.284738 0.525849 28.6772 0.482905 4.59619 1.63216e+08 0.0270291 0.0728567 71.5363 16.3809 0.0580203 0.191441 6.03195 0.117264 2.78566e+06 inf 
1535 1.06818e+08 3.95773e+15 191493 571498 8.52377e+08 2.48429e+08 827678 1.76858e+06 9.02769e+07 1.53007e+06 3.933e+09 5.37882e+24 15778.6 132399 2.6373e+11 2.16933e+10 243171 1.18515e+06 2.86463e+09 833895 36.2198 1.34198e+09 0.0649313 0.193783 289.024 84.2371 0.280649 0.599688 30.611 0.518817 4.66145 1.5141e+08 0.0336769 0.0856837 76.7511 16.1209 0.0607495 0.205513 5.85675 0.116558 2.94916e+06 inf 
1545 1.08962e+08 4.11123e+15 249471 704228 9.82062e+08 2.6942e+08 884576 2.12612e+06 1.01543e+08 1.7332e+06 3.84322e+09 5.42724e+24 25425.5 189930 3.26986e+11 2.37982e+10 262316 1.57934e+06 3.36783e+09 993153 34.5773 1.30462e+09 0.0791652 0.223474 311.64 85.4956 0.280704 0.674686 32.223 0.550001 4.89791 1.42105e+08 0.0424404 0.101638 81.5081 15.5711 0.066681 0.214417 5.51382 0.112511 3.15127e+06 inf 
1555 1.10109e+08 4.24178e+15 328847 876104 1.13169e+09 2.91124e+08 968279 2.52417e+06 1.12886e+08 1.94135e+06 3.67304e+09 5.37383e+24 41825.6 276622 4.02477e+11 2.57398e+10 296530 2.03705e+06 3.84674e+09 1.14949e+06 32.4891 1.25159e+09 0.0970305 0.258505 333.918 85.8996 0.285703 0.744788 33.3084 0.572818 5.31379 1.38349e+08 0.0540947 0.121638 85.175 14.7008 0.0766091 0.215284 5.05736 0.105122 3.38911e+06 inf 
1565 1.10116e+08 4.34687e+15 439495 1.10296e+06 1.30456e+09 3.13572e+08 1.09078e+06 2.9517e+06 1.23793e+08 2.14559e+06 3.42469e+09 5.21306e+24 70367.9 409980 4.9028e+11 2.7402e+10 354101 2.52461e+06 4.24812e+09 1.28584e+06 29.9388 1.18184e+09 0.119492 0.299877 354.688 85.2552 0.296565 0.802519 33.6573 0.583352 5.89778 1.43494e+08 0.069668 0.146767 86.5753 13.48 0.0912335 0.205824 4.70996 0.0964336 3.67804e+06 inf 
1575 1.08391e+08 4.40789e+15 594443 1.40347e+06 1.49665e+09 3.35812e+08 1.26483e+06 3.37546e+06 1.33077e+08 2.32513e+06 3.09572e+09 4.93101e+24 120713 617653 5.85685e+11 2.86206e+10 447583 2.97593e+06 4.50122e+09 1.37905e+06 26.953 1.09609e+09 0.147817 0.348993 372.165 83.5046 0.314519 0.839358 33.0915 0.578179 6.58278 1.57367e+08 0.0903719 0.178305 84.4546 11.9964 0.111248 0.188383 4.92425 0.0928982 4.02148e+06 inf 
1585 1.04873e+08 4.42309e+15 805927 1.79347e+06 1.7031e+09 3.57404e+08 1.50233e+06 3.75578e+06 1.39792e+08 2.46135e+06 2.70857e+09 4.54378e+24 203188 922472 6.80916e+11 2.92674e+10 586918 3.31338e+06 4.55715e+09 1.41073e+06 23.6324 9.9671e+08 0.18161 0.404144 383.781 80.5385 0.338539 0.846336 31.501 0.554648 7.2017 1.74572e+08 0.113158 0.211044 78.4315 10.4281 0.132848 0.174241 5.88274 0.101303 4.43769e+06 inf 
1595 9.89627e+07 4.36984e+15 1.08421e+06 2.28246e+06 1.90547e+09 3.76472e+08 1.80913e+06 4.02768e+06 1.42279e+08 2.52299e+06 2.277e+09 4.05772e+24 330392 1.3483e+06 7.61968e+11 2.92094e+10 781720 3.45612e+06 4.37531e+09 1.36586e+06 20.117 8.88295e+08 0.220398 0.463977 387.342 76.5288 0.367758 0.818742 28.9224 0.51287 7.62696 1.89156e+08 0.136333 0.242501 69.6987 9.0006 0.153822 0.179491 7.2736 0.120895 4.91935e+06 inf 
1605 9.09518e+07 4.25922e+15 1.44109e+06 2.88447e+06 2.09015e+09 3.93529e+08 2.19534e+06 4.14984e+06 1.40015e+08 2.49802e+06 1.8389e+09 3.51861e+24 514650 1.91638e+06 8.17156e+11 2.85706e+10 1.04048e+06 3.37196e+06 3.9804e+09 1.25016e+06 16.5794 7.76404e+08 0.262694 0.525805 381.008 71.7356 0.400184 0.756465 25.5231 0.455359 7.76745 1.96462e+08 0.157501 0.269932 61.5643 7.87828 0.17181 0.20598 8.6112 0.143309 5.48583e+06 inf 
1615 8.10033e+07 4.09079e+15 1.87177e+06 3.58434e+06 2.23187e+09 4.07628e+08 2.65017e+06 4.08406e+06 1.32536e+08 2.37612e+06 1.42214e+09 2.96186e+24 755601 2.6089e+06 8.33764e+11 2.74271e+10 1.35307e+06 3.06561e+06 3.41983e+09 1.07799e+06 13.2225 6.67757e+08 0.305537 0.585088 364.318 66.5389 0.432599 0.666658 21.6344 0.387865 7.5701 1.93851e+08 0.173167 0.289023 58.0653 7.04405 0.183645 0.236598 9.49652 0.159768 6.12616e+06 inf 
1625 6.97027e+07 3.88007e+15 2.36769e+06 4.36282e+06 2.31094e+09 4.19149e+08 3.16088e+06 3.82962e+06 1.2038e+08 2.1658e+06 1.05229e+09 2.42887e+24 1.04832e+06 3.39667e+06 8.06575e+11 2.59887e+10 1.70615e+06 2.59834e+06 2.77596e+09 876000 10.1976 5.67657e+08 0.346394 0.638284 338.092 61.3217 0.462439 0.560276 17.6117 0.316859 7.06828 1.81963e+08 0.182703 0.299214 60.794 6.46617 0.189105 0.257351 9.79546 0.166613 6.83524e+06 inf 
1635 5.79202e+07 3.64416e+15 2.89092e+06 5.15463e+06 2.31682e+09 4.2742e+08 3.68553e+06 3.41749e+06 1.04843e+08 1.88998e+06 7.46755e+08 1.95115e+24 1.35585e+06 4.16711e+06 7.39578e+11 2.43369e+10 2.05188e+06 2.05324e+06 2.13185e+09 671526 7.62788 4.79923e+08 0.380724 0.678846 305.117 56.2897 0.485371 0.450071 13.8075 0.248904 6.33722 1.63196e+08 0.18333 0.296581 65.5995 6.04604 0.18612 0.260463 9.49263 0.16274 7.59322e+06 inf 
1645 4.64925e+07 3.4027e+15 3.40539e+06 5.90063e+06 2.25059e+09 4.32574e+08 4.18761e+06 2.90661e+06 8.76644e+07 1.58096e+06 5.09244e+08 1.54669e+24 1.64294e+06 4.82158e+06 6.44221e+11 2.25874e+10 2.35095e+06 1.52059e+06 1.55588e+09 487883 5.54458 4.05798e+08 0.406118 0.703695 268.399 51.5877 0.499404 0.346635 10.4546 0.188541 5.4762 1.40652e+08 0.176069 0.28253 69.2101 5.69462 0.175968 0.247359 8.73215 0.150452 8.38522e+06 inf 
1655 3.6061e+07 3.16717e+15 3.87276e+06 6.53978e+06 2.11541e+09 4.34131e+08 4.62888e+06 2.35693e+06 7.04175e+07 1.26838e+06 3.34811e+08 1.21865e+24 1.87877e+06 5.28316e+06 5.32816e+11 2.07884e+10 2.57223e+06 1.06045e+06 1.08401e+09 337503 3.92712 3.44912e+08 0.421752 0.712196 230.373 47.2778 0.504095 0.256675 7.66861 0.138129 4.58687 1.17258e+08 0.163483 0.261007 70.3792 5.35872 0.161276 0.222719 7.69699 0.132948 9.18256e+06 inf 
1665 2.70879e+07 2.95962e+15 4.29225e+06 7.0756e+06 1.9351e+09 4.34392e+08 5.01462e+06 1.82888e+06 5.45039e+07 979042 2.12649e+08 9.64334e+23 2.05887e+06 5.55482e+06 4.21179e+11 1.90906e+10 2.71913e+06 700315 7.23949e+08 223281 2.70373 2.95409e+08 0.428423 0.706237 193.148 43.3581 0.500524 0.182546 5.4402 0.0977212 3.73028 9.47983e+07 0.148174 0.23595 68.7965 5.05718 0.144498 0.191253 6.53176 0.112858 1.00187e+07 inf 
1675 1.97664e+07 2.79119e+15 4.66143e+06 7.50698e+06 1.73422e+09 4.34668e+08 5.34795e+06 1.36401e+06 4.08043e+07 729959 1.30878e+08 7.7373e+23 2.17786e+06 5.6367e+06 3.20633e+11 1.754e+10 2.79374e+06 440509 4.65217e+08 141893 1.80887 2.55428e+08 0.42658 0.686983 158.703 39.7775 0.489404 0.124824 3.7341 0.0668004 2.95042 7.4581e+07 0.131649 0.209484 64.4621 4.78317 0.127066 0.157261 5.35067 0.0923184 1.09275e+07 inf 
1685 1.40296e+07 2.65289e+15 4.9539e+06 7.79542e+06 1.52724e+09 4.33413e+08 5.60462e+06 979879 2.96046e+07 526771 7.80781e+07 6.30682e+23 2.21853e+06 5.50389e+06 2.35967e+11 1.60231e+10 2.78252e+06 264993 2.88408e+08 86875.7 1.17899 2.22937e+08 0.416304 0.655094 128.343 36.4222 0.470988 0.0823448 2.48784 0.0442676 2.27406 5.74355e+07 0.114572 0.182689 57.9456 4.46573 0.109548 0.124452 4.2482 0.0730824 1.18997e+07 inf 
1695 9.69211e+06 2.54507e+15 5.1791e+06 7.95797e+06 1.33082e+09 4.31413e+08 5.79873e+06 679630 2.08442e+07 368558 4.49889e+07 5.23535e+23 2.19179e+06 5.20083e+06 1.69108e+11 1.45603e+10 2.7031e+06 152308 1.71894e+08 51101.7 0.746744 1.96089e+08 0.399032 0.613135 102.535 33.2389 0.446773 0.0523632 1.60597 0.0283962 1.70547 4.34245e+07 0.0982027 0.157394 50.1575 4.12258 0.0930504 0.0948311 3.26569 0.0559542 1.29791e+07 inf 
1705 6.53255e+06 2.45603e+15 5.31979e+06 7.96578e+06 1.15073e+09 4.27245e+08 5.91591e+06 455975 1.4271e+07 250514 2.51343e+07 4.40773e+23 2.09492e+06 4.73268e+06 1.18453e+11 1.30811e+10 2.55614e+06 83659.8 9.86166e+07 28908 0.46101 1.73325e+08 0.375424 0.562155 81.2086 30.1512 0.417493 0.0321787 1.00712 0.0176791 1.24949 3.26249e+07 0.0830524 0.134064 42.0067 3.74938 0.0780352 0.0697747 2.43828 0.0415634 1.41701e+07 inf 
1715 4.29572e+06 2.39523e+15 5.41925e+06 7.89183e+06 1.00016e+09 4.23628e+08 6.00544e+06 296543 9.50919e+06 165627 1.35434e+07 3.76768e+23 1.95605e+06 4.18962e+06 8.21215e+10 1.16675e+10 2.37484e+06 43719 5.4174e+07 15650.3 0.275059 1.53369e+08 0.347 0.505322 64.0411 27.1254 0.384535 0.0189879 0.608883 0.0106053 0.889685 2.45523e+07 0.0695625 0.113645 34.0157 3.36108 0.0647808 0.0493845 1.76014 0.0298267 1.56174e+07 inf 
1725 2.74315e+06 2.34178e+15 5.44438e+06 7.69055e+06 8.73146e+08 4.17475e+08 6.03167e+06 185785 6.13252e+06 105917 7.01429e+06 3.23521e+23 1.77475e+06 3.58612e+06 5.64045e+10 1.02425e+10 2.15574e+06 21533.9 2.83173e+07 8053.8 0.158718 1.35495e+08 0.315011 0.444974 50.5201 24.1551 0.348992 0.0107495 0.354827 0.00612832 0.616972 1.89725e+07 0.0587758 0.0974186 26.6697 3.0271 0.054184 0.0336214 1.22985 0.0206987 1.72831e+07 inf 
1735 1.70528e+06 2.28302e+15 5.3729e+06 7.3354e+06 7.66884e+08 4.06892e+08 5.97351e+06 112385 3.83675e+06 65670.4 3.49359e+06 2.76118e+23 1.55307e+06 2.94152e+06 3.86329e+10 8.77105e+09 1.89992e+06 10023.1 1.41168e+07 3949.27 0.0888382 1.18936e+08 0.279906 0.382144 39.9515 21.1974 0.311195 0.00585481 0.199879 0.00342116 0.417264 1.54565e+07 0.0506111 0.0848931 20.4082 2.75809 0.0462106 0.0220881 0.833951 0.0139297 1.91954e+07 inf 
1745 1.02599e+06 2.25118e+15 5.29668e+06 6.95596e+06 6.87013e+08 3.98265e+08 5.93332e+06 65258.6 2.31476e+06 39245.5 1.65279e+06 2.3657e+23 1.33176e+06 2.34449e+06 2.67107e+10 7.42491e+09 1.65232e+06 4368.25 6.64642e+06 1827.71 0.0471057 1.03357e+08 0.243184 0.319365 31.5425 18.2854 0.272414 0.00299618 0.106276 0.00180186 0.271413 1.33694e+07 0.044788 0.075148 15.2127 2.55772 0.0406583 0.0138412 0.542088 0.00898155 2.17806e+07 inf 
1755 595350 2.22743e+15 5.1831e+06 6.52053e+06 6.2556e+08 3.8845e+08 5.87082e+06 36203.2 1.34126e+06 22513.8 731769 2.01711e+23 1.11417e+06 1.8103e+06 1.87319e+10 6.1688e+09 1.41019e+06 1774.45 2.9291e+06 791.905 0.0237484 8.88519e+07 0.206753 0.260103 24.9535 15.4952 0.234186 0.00144414 0.0535027 0.00089807 0.169193 1.23109e+07 0.0411967 0.0675195 11.1596 2.44355 0.0375388 0.00828836 0.337607 0.00554819 2.50691e+07 inf 
1765 330653 2.17379e+15 4.94087e+06 5.91903e+06 5.68313e+08 3.70627e+08 5.68697e+06 19035.8 740770 12304 294531 1.67108e+23 885966 1.31619e+06 1.31206e+10 4.90328e+09 1.15323e+06 657.897 1.179e+06 313.597 0.0114047 7.4977e+07 0.170417 0.204155 19.6019 12.7834 0.196151 0.00065657 0.0255501 0.000424381 0.100143 1.1926e+07 0.0389369 0.060974 8.26522 2.38852 0.0360706 0.00471812 0.200031 0.00326133 2.89928e+07 inf 
1775 173528 2.13659e+15 4.67766e+06 5.28949e+06 5.21929e+08 3.52697e+08 5.50673e+06 9362.3 384992 6324.54 102004 1.36291e+23 677283 907430 9.20412e+09 3.77189e+09 916196 211.584 410868 107.645 0.00499759 6.15334e+07 0.134716 0.152336 15.0315 10.1576 0.158593 0.000269633 0.0110877 0.000182146 0.0539698 1.17808e+07 0.0368406 0.0541062 6.2556 2.33504 0.035137 0.00245375 0.108213 0.00175128 3.47224e+07 inf 
1785 83376.7 2.14733e+15 4.45093e+06 4.69443e+06 4.88113e+08 3.3891e+08 5.40451e+06 4176.05 182572 2965.37 27066.7 1.10184e+23 499103 592281 6.43844e+09 2.81702e+09 710966 52.4445 110327 28.5006 0.00188736 4.86081e+07 0.100754 0.106266 11.0492 7.67175 0.122339 9.45313e-05 0.0041328 6.71258e-05 0.0246806 1.14651e+07 0.0338625 0.0459872 4.8641 2.21628 0.033569 0.00108546 0.0498029 0.000800405 4.41764e+07 inf 
1795 34686.6 2.16959e+15 4.1774e+06 4.05826e+06 4.54355e+08 3.22241e+08 5.27745e+06 1588.68 74597.4 1197 4819.35 8.63287e+22 346948 359279 4.37739e+09 1.99102e+09 526398 8.48186 19688.1 5.00532 0.000585427 3.66174e+07 0.0705046 0.0684938 7.66842 5.43866 0.0890708 2.68131e-05 0.00125903 2.02025e-05 0.0089998 1.07789e+07 0.029745 0.0370455 3.88268 2.00615 0.0308339 0.000377405 0.0181852 0.000289948 5.92501e+07 inf 
1805 10796 2.28027e+15 3.97757e+06 3.48945e+06 4.30815e+08 3.12156e+08 5.29134e+06 444.086 22760.6 360.191 485.174 6.6651e+22 228306 200586 2.87455e+09 1.3416e+09 376085 0.74456 1965.96 0.48992 0.000122823 2.5942e+07 0.0452518 0.0396986 4.90127 3.55132 0.0601982 5.05225e-06 0.000258941 4.09779e-06 0.00234619 9.23489e+06 0.0234447 0.0265713 2.94628 1.62825 0.025589 9.18974e-05 0.0047222 7.45446e-05 8.78986e+07 inf 
1815 2563.95 2.32394e+15 3.56736e+06 2.76711e+06 3.84838e+08 2.85199e+08 5.05553e+06 92.3422 5249.98 81.794 33.7629 4.67765e+22 131469 95475.1 1.69175e+09 7.92382e+08 238723 0.0450591 134.779 0.0328972 1.82585e-05 1.65493e+07 0.025404 0.0197052 2.74052 2.03097 0.0360015 6.57589e-07 3.73863e-05 5.82473e-07 0.000489999 7.69591e+06 0.0170547 0.0170764 2.13001 1.23203 0.020097 1.79009e-05 0.000978975 1.52947e-05 1.40425e+08 inf 
1825 447.621 2.40046e+15 2.99306e+06 1.93133e+06 3.13787e+08 2.45958e+08 4.67382e+06 13.7033 865.688 13.2793 1.1792 2.77033e+22 58636.4 33681.2 7.80678e+08 3.65101e+08 121321 0.00164907 4.95763 0.00120067 1.51652e-06 8.13265e+06 0.0101403 0.00654324 1.06309 0.833294 0.0158347 4.64262e-08 2.93291e-06 4.49896e-08 6.31884e-05 5.26474e+06 0.00978932 0.00844372 1.23074 0.736592 0.0126606 2.36322e-06 0.000129567 2.01638e-06 2.95164e+08 inf 
1835 13.878 2.65675e+15 2.25961e+06 1.04485e+06 2.09573e+08 1.91519e+08 4.11263e+06 1.13389 69.5505 1.05292 0.0241896 1.12445e+22 15223.3 6414.22 2.07617e+08 9.8514e+07 37747 3.34554e-05 0.0894249 2.19301e-05 1.02044e-08 1.95349e+06 0.00166147 0.000768274 0.154098 0.140822 0.00302399 8.3374e-10 5.114e-08 7.74205e-10 4.21738e-06 2.10995e+06 0.00290398 0.00203128 0.359045 0.229359 0.004314 1.5684e-07 8.10869e-06 1.26982e-07 1.36e+09 inf 
1845 -41.7006 5.46252e+14 349371 123873 2.82256e+07 2.93085e+07 689912 0.0759839 2.374 0.0333251 0.00643149 9.85666e+20 1068.13 391.061 1.55234e+07 6.74244e+06 2794.92 1.19683e-07 0.000342215 8.20652e-08 -3.88536e-08 508958 0.000325519 0.000115416 0.0262986 0.0273076 0.00064281 7.07963e-11 2.21192e-09 3.10499e-11 2.44763e-06 811994 0.000942998 0.000592487 0.117354 0.0744071 0.00148017 1.05597e-08 5.64664e-07 8.74422e-09 1.07327e+09 inf 
1855 0.000163323 8.22471e+11 749.308 343.118 68044.3 60465.7 1301.75 4.89013e-07 0.000105432 1.63239e-06 6.29896e-12 3.41325e+18 2.91653 0.631095 24276.1 18922.7 8.69067 8.65859e-17 4.02878e-12 9.39742e-16 7.72899e-10 3.89221e+06 0.00354598 0.00162375 0.322009 0.286144 0.00616031 2.31418e-12 4.98938e-10 7.72503e-12 5.40476e-09 1.00167e+06 0.00110817 0.000591598 0.105798 0.0875792 0.00178264 2.01097e-11 4.33781e-09 6.62382e-11 211312 inf 
1865 0 0 0 0 0 0 0 0 0 0 0 0 0 0 0 0 0 0 0 0 0.0 0.0 0.0 0.0 0.0 0.0 0.0 0.0 0.0 0.0 0.0 0.0 0.0 0.0 0.0 0.0 0.0 0.0 0.0 0.0 0 -nan 
1875 0 0 0 0 0 0 0 0 0 0 0 0 0 0 0 0 0 0 0 0 0.0 0.0 0.0 0.0 0.0 0.0 0.0 0.0 0.0 0.0 0.0 0.0 0.0 0.0 0.0 0.0 0.0 0.0 0.0 0.0 0 -nan 
1885 0 0 0 0 0 0 0 0 0 0 0 0 0 0 0 0 0 0 0 0 0.0 0.0 0.0 0.0 0.0 0.0 0.0 0.0 0.0 0.0 0.0 0.0 0.0 0.0 0.0 0.0 0.0 0.0 0.0 0.0 0 -nan 
1895 0 0 0 0 0 0 0 0 0 0 0 0 0 0 0 0 0 0 0 0 0.0 0.0 0.0 0.0 0.0 0.0 0.0 0.0 0.0 0.0 0.0 0.0 0.0 0.0 0.0 0.0 0.0 0.0 0.0 0.0 0 -nan 
