255 0 0 0 0 0 0 0 0 0 0 0 0 0 0 0 0 0 0 0 0 0.0 0.0 0.0 0.0 0.0 0.0 0.0 0.0 0.0 0.0 0.0 0.0 0.0 0.0 0.0 0.0 0.0 0.0 0.0 0.0 0 -nan 
265 0 0 0 0 0 0 0 0 0 0 0 0 0 0 0 0 0 0 0 0 0.0 0.0 0.0 0.0 0.0 0.0 0.0 0.0 0.0 0.0 0.0 0.0 0.0 0.0 0.0 0.0 0.0 0.0 0.0 0.0 0 -nan 
275 0 0 0 0 0 0 0 0 0 0 0 0 0 0 0 0 0 0 0 0 0.0 0.0 0.0 0.0 0.0 0.0 0.0 0.0 0.0 0.0 0.0 0.0 0.0 0.0 0.0 0.0 0.0 0.0 0.0 0.0 0 -nan 
285 0 0 0 0 0 0 0 0 0 0 0 0 0 0 0 0 0 0 0 0 0.0 0.0 0.0 0.0 0.0 0.0 0.0 0.0 0.0 0.0 0.0 0.0 0.0 0.0 0.0 0.0 0.0 0.0 0.0 0.0 0 -nan 
295 1.26903e-06 8.97334e-09 0.00053776 5.93236e-05 5.4907e-10 4.13916e-09 0.000140612 0.000110908 0.000413851 7.20576e-13 1.82779e-17 4.6142e-22 3.21715e-10 1.52558e-15 1.63202e-23 9.33302e-22 9.43154e-15 5.85388e-15 8.17466e-14 3.78466e-29 0.0 0.0 0.0 0.0 0.0 0.0 0.0 0.0 0.0 0.0 0.0 0.0 0.0 0.0 0.0 0.0 0.0 0.0 0.0 0.0 -1.35736e+08 -inf 
305 7.54013e-06 8.76311e-08 0.348729 0.000251196 2.57403e-07 2.03808e-06 0.00663067 0.00496571 0.0198087 4.48199e-10 3.14178e-16 7.64211e-19 3.36248e-05 2.48206e-12 2.42806e-17 1.52255e-15 1.4404e-11 7.66456e-12 1.30272e-10 8.64042e-23 2.26177e-14 2.62862e-16 1.04606e-09 7.53498e-13 7.72117e-16 6.11352e-15 1.98897e-11 1.48954e-11 5.94193e-11 1.34444e-18 9.70522e-13 4.78779e-14 3.17587e-07 8.62829e-11 2.69875e-13 2.13707e-12 2.06909e-10 1.50894e-10 6.22285e-10 5.09097e-16 3.33373e+08 inf 
315 1.78546e-05 8.16559e-07 3.92771 -0.00272182 6.35721e-06 5.3051e-05 0.0162607 0.0111837 0.049793 1.28985e-08 1.87969e-13 4.51228e-16 0.00393443 9.57514e-11 2.75974e-14 1.89936e-12 3.34444e-09 1.53024e-09 3.20123e-08 1.20187e-19 1.70654e-13 7.80468e-15 3.75411e-08 -2.60152e-11 6.07622e-14 5.07062e-13 1.5542e-10 1.06894e-10 4.75921e-10 1.23284e-16 4.23861e-11 2.07672e-12 6.1322e-06 9.56303e-10 1.62411e-11 1.34736e-10 5.65173e-09 3.82291e-09 1.74856e-08 3.3893e-14 1.04624e+08 inf 
325 0.000114382 6.7418e-06 19.4739 -0.0124719 4.4872e-05 0.000401686 0.0442678 0.0268656 0.140585 1.13723e-07 1.31625e-11 4.564e-14 0.116817 2.00535e-09 1.36428e-12 1.14718e-10 1.13237e-07 3.78965e-08 1.23979e-06 1.15099e-17 1.76821e-12 1.04219e-13 3.01041e-07 -1.92799e-10 6.93663e-13 6.20954e-12 6.84323e-10 4.15307e-10 2.17326e-09 1.75801e-15 4.51078e-10 2.65617e-11 4.24942e-05 5.56443e-09 1.45222e-10 1.33167e-09 4.18333e-08 2.42004e-08 1.38423e-07 4.21812e-13 6.46885e+07 inf 
335 0.000440841 2.93226e-05 60.1103 -0.0373823 0.000174419 0.0016789 0.129249 0.0675259 0.427904 5.31345e-07 1.91124e-10 9.69195e-13 1.132 5.52238e-08 1.87283e-11 2.00269e-09 1.68555e-06 4.05032e-07 2.13502e-05 2.72337e-16 9.34209e-12 6.2139e-13 1.27383e-06 -7.92187e-10 3.69621e-12 3.55784e-11 2.73898e-09 1.43098e-09 9.06794e-09 1.126e-14 2.01249e-09 1.43312e-10 0.000154878 3.42001e-08 6.29975e-10 6.51451e-09 1.88976e-07 9.26347e-08 6.72577e-07 2.40231e-12 4.71887e+07 inf 
345 0.00122877 8.84795e-05 144.719 -0.0867981 0.000495458 0.00505357 0.343857 0.150068 1.18329 1.70854e-06 1.35298e-09 8.32732e-12 5.66448 6.50306e-07 1.24987e-10 1.54172e-08 1.14304e-05 2.13037e-06 0.000160175 2.53388e-15 3.28588e-11 2.36604e-12 3.86995e-06 -2.32108e-09 1.32491e-11 1.35138e-10 9.19514e-09 4.01298e-09 3.16426e-08 4.56884e-14 6.0149e-09 4.71886e-10 0.000389178 1.3185e-07 1.82814e-09 2.03041e-08 5.52791e-07 2.38647e-07 2.06936e-06 8.23145e-12 3.73956e+07 inf 
355 0.0028344 0.000216261 301.251 -0.170088 0.00116396 0.0124563 0.817235 0.279786 2.91522 4.41331e-06 6.06366e-09 4.04948e-11 19.385 3.65512e-06 5.28302e-10 6.97439e-08 4.73129e-05 7.22657e-06 0.000705464 1.32255e-14 1.00483e-10 7.66673e-12 1.06797e-05 -6.02984e-09 4.1264e-11 4.41593e-10 2.8972e-08 9.91876e-09 1.03348e-07 1.56458e-13 1.46613e-08 1.19814e-09 0.000828921 3.5992e-07 4.3275e-09 4.97224e-08 1.29478e-06 5.06056e-07 4.99989e-06 2.16526e-11 2.82077e+07 inf 
365 0.0062139 0.000515647 585.75 -0.259848 0.00254897 0.0291218 1.80857 0.40253 6.73705 1.08293e-05 2.93703e-08 2.45035e-10 71.0696 3.85637e-05 2.5055e-09 3.95624e-07 0.000241692 2.26796e-05 0.00416091 8.30554e-14 2.64268e-10 2.19297e-11 2.49111e-05 -1.1051e-08 1.08404e-10 1.23851e-09 7.6916e-08 1.7119e-08 2.86517e-07 4.60556e-13 3.53413e-08 3.22808e-09 0.00173835 1.2806e-06 1.0322e-08 1.29707e-07 3.20514e-06 9.81955e-07 1.32994e-05 5.94307e-11 2.35136e+07 inf 
375 0.0109458 0.00096623 998.572 -0.346496 0.00465427 0.0559851 3.57899 0.265712 13.8503 2.12638e-05 8.17858e-08 7.53839e-10 165.343 0.000148267 6.64202e-09 1.14626e-06 0.000698527 5.47992e-05 0.0128912 2.67408e-13 5.26202e-10 4.64502e-11 4.8005e-05 -1.66573e-08 2.23748e-10 2.69141e-09 1.72055e-07 1.27738e-08 6.65836e-07 1.02223e-12 6.27014e-08 6.01977e-09 0.00281892 2.66973e-06 1.78677e-08 2.34729e-07 5.79233e-06 1.62303e-06 2.48854e-05 1.13377e-10 2.08014e+07 inf 
385 0.0197411 0.00185636 1675.71 -0.262757 0.00842966 0.106984 6.74195 -0.748556 27.1571 4.18822e-05 2.46795e-07 2.663e-09 408.733 0.000712449 1.92352e-08 3.79313e-06 0.00216242 0.000189883 0.0441521 9.70606e-13 1.10976e-09 1.04356e-10 9.42006e-05 -1.4771e-08 4.73877e-10 6.01417e-09 3.79002e-07 -4.20804e-08 1.52665e-06 2.35443e-12 1.17782e-07 1.22348e-08 0.00479252 6.32854e-06 3.288e-08 4.61732e-07 1.1019e-05 3.2669e-06 4.97966e-05 2.33576e-10 1.77887e+07 inf 
395 0.0321674 0.00316084 2645.24 0.15774 0.0140027 0.185679 11.9757 -4.15779 50.0854 7.37981e-05 5.32406e-07 5.75409e-09 777.518 0.0016632 3.92221e-08 7.87681e-06 0.00483754 0.000829935 0.101679 2.21097e-12 1.96547e-09 1.93131e-10 0.000161628 9.6381e-09 8.55586e-10 1.13452e-08 7.31728e-07 -2.54047e-07 3.06028e-06 4.50917e-12 1.80352e-07 1.87495e-08 0.00689067 1.00809e-05 4.89468e-08 6.93653e-07 1.71769e-05 7.11657e-06 7.87613e-05 3.67523e-10 1.63663e+07 inf 
405 0.0537435 0.00563159 4094.97 1.70062 0.0231848 0.324912 20.4952 -13.0761 89.3404 0.000132618 1.413e-06 1.78557e-08 1751.92 0.00666615 1.01985e-07 2.34682e-05 0.0132088 0.00394214 0.306394 6.85124e-12 3.4407e-09 3.60538e-10 0.000262163 1.08875e-07 1.48431e-09 2.08011e-08 1.31212e-06 -8.37141e-07 5.71963e-06 8.49031e-12 3.00748e-07 3.38084e-08 0.0105873 2.06582e-05 8.07897e-08 1.22557e-06 2.90502e-05 1.58644e-05 0.000139939 6.6223e-10 1.56199e+07 inf 
415 0.0827882 0.00918372 6098.98 5.28379 0.0361707 0.533964 34.0215 -34.3774 154.6 0.000220557 3.01148e-06 4.19453e-08 3309.76 0.0204447 2.1057e-07 5.32839e-05 0.0304234 0.0201606 0.76718 1.64218e-11 6.0367e-09 6.69653e-10 0.000444722 3.8528e-07 2.63748e-09 3.89352e-08 2.48076e-06 -2.50671e-06 1.1273e-05 1.60824e-11 4.68565e-07 5.53e-08 0.0155287 3.86087e-05 1.23884e-07 1.97074e-06 4.70345e-05 3.82594e-05 0.000236249 1.09416e-09 1.37141e+07 inf 
425 0.117151 0.0136438 8557.01 11.8076 0.0524315 0.81065 53.3602 -79.033 252.133 0.000336056 5.29294e-06 8.12968e-08 5391.34 0.0514805 3.64378e-07 0.000101075 0.0602665 0.0768307 1.63625 3.25931e-11 9.45436e-09 1.10109e-09 0.000690572 9.52899e-07 4.23135e-09 6.54214e-08 4.3063e-06 -6.37816e-06 2.03477e-05 2.71205e-11 6.53501e-07 8.09916e-08 0.0208475 6.44492e-05 1.7143e-07 2.8553e-06 6.96068e-05 7.8484e-05 0.000362815 1.62161e-09 1.23912e+07 inf 
435 0.17316 0.0213977 12126.9 25.8668 0.0775274 1.26521 82.9006 -170.669 408.922 0.000533222 1.11207e-05 1.93207e-07 9776.89 0.148741 7.28103e-07 0.000227739 0.12918 0.284225 3.85155 7.76575e-11 1.55739e-08 1.9245e-09 0.00109068 2.32644e-06 6.97277e-09 1.13792e-07 7.45603e-06 -1.53499e-05 3.67782e-05 4.79577e-11 9.99971e-07 1.31808e-07 0.0296334 0.000115639 2.55806e-07 4.52435e-06 0.00010753 0.000159146 0.000587412 2.64238e-09 1.11186e+07 inf 
445 0.245404 0.0317912 16779.4 50.2583 0.110997 1.89782 125.152 -342.639 642.822 0.00080498 1.93006e-05 3.64843e-07 15873.4 0.339288 1.25151e-06 0.000425699 0.247108 0.873601 7.8841 1.48015e-10 2.39953e-08 3.10851e-09 0.00164067 4.9142e-06 1.08532e-08 1.85566e-07 1.22372e-05 -3.35028e-05 6.28545e-05 7.87101e-11 1.37354e-06 1.8885e-07 0.0393623 0.000182074 3.49648e-07 6.44902e-06 0.000154959 0.00029034 0.000875756 3.80349e-09 1.02272e+07 inf 
455 0.33729 0.0458282 22787.9 92.6863 0.155239 2.78297 184.582 -659.873 988.326 0.00118413 3.05956e-05 6.28887e-07 24378.2 0.731637 2.00489e-06 0.000740123 0.454735 2.55947 15.5391 2.64359e-10 3.51168e-08 4.77138e-09 0.00237255 9.64998e-06 1.61626e-08 2.89747e-07 1.92176e-05 -6.87022e-05 0.000102899 1.23285e-10 1.78444e-06 2.55839e-07 0.0503239 0.000275828 4.56593e-07 8.77346e-06 0.000216737 0.000511623 0.00126777 5.24484e-09 9.60482e+06 inf 
465 0.47764 0.068021 30685.5 163.422 0.216567 4.07093 266.696 -1219.44 1488.52 0.00176402 5.88339e-05 1.31041e-06 40580.5 1.6658 3.62753e-06 0.00145734 0.837257 7.20492 30.8465 5.4685e-10 5.32857e-08 7.58845e-09 0.00342329 1.82314e-05 2.41603e-08 4.54155e-07 2.97527e-05 -0.000136041 0.00016606 1.96795e-10 2.56138e-06 3.82272e-07 0.0671971 0.000430703 6.35692e-07 1.27426e-05 0.00030417 0.000886158 0.00184761 7.8082e-09 8.96376e+06 inf 
475 0.628327 0.0938183 40385.5 280.062 0.291938 5.75718 379.009 -2176.13 2207.66 0.00248773 8.45718e-05 2.08194e-06 58183.4 3.59152 5.35028e-06 0.0023786 1.45902 19.9228 58.4589 8.92164e-10 7.65825e-08 1.14349e-08 0.00492232 3.41349e-05 3.55823e-08 7.01705e-07 4.61949e-05 -0.000265233 0.000269077 3.03213e-10 3.20968e-06 5.0361e-07 0.0840675 0.000660743 8.06749e-07 1.70123e-05 0.000419161 0.00153555 0.0026557 1.04234e-08 8.20457e+06 inf 
485 0.839983 0.131264 52505.4 459.008 0.3902 8.06092 525.989 -3743.3 3194.76 0.00350708 0.000140524 3.78417e-06 88403.6 7.48984 8.63368e-06 0.00419936 2.49467 50.0974 107.867 1.61423e-09 1.09637e-07 1.71329e-08 0.00685315 5.9911e-05 5.093e-08 1.05213e-06 6.86535e-05 -0.000488586 0.000416988 4.57754e-10 4.2813e-06 7.02586e-07 0.107199 0.000986917 1.06033e-06 2.33882e-05 0.000566479 0.00251001 0.00372897 1.45081e-08 7.6615e+06 inf 
495 1.10419 0.18075 67320.1 735.535 0.513519 11.1236 720.08 -6304.77 4563.92 0.00488205 0.000216914 6.46182e-06 129777 15.8185 1.32436e-05 0.00714001 4.14762 125.664 195.374 2.7896e-09 1.53283e-07 2.50916e-08 0.00934531 0.000102106 7.12862e-08 1.54417e-06 9.99608e-05 -0.000875222 0.000633559 6.77722e-10 5.48527e-06 9.46781e-07 0.133896 0.00147834 1.35403e-06 3.1445e-05 0.000752181 0.00408393 0.00516917 1.9667e-08 7.20362e+06 inf 
505 1.44802 0.248143 86884.8 1171.61 0.679724 15.4413 982.67 -10350 6502.98 0.00678773 0.000299293 9.78088e-06 185734 32.6158 1.9315e-05 0.011487 6.89838 304.872 354.041 4.32665e-09 2.13684e-07 3.66183e-08 0.0128215 0.000172894 1.00306e-07 2.27866e-06 0.000145012 -0.00152735 0.000959641 1.00166e-09 6.64235e-06 1.20084e-06 0.165059 0.00218705 1.6853e-06 4.11088e-05 0.00099848 0.00653124 0.00716413 2.52483e-08 6.77647e+06 inf 
515 1.85346 0.330981 109182 1791.09 0.874141 20.766 1309.85 -16533.9 9042.67 0.00916574 0.000466223 1.65441e-05 261473 61.3669 2.87625e-05 0.0186539 10.8752 682.138 602.883 7.26629e-09 2.92517e-07 5.22362e-08 0.0172314 0.000282673 1.37959e-07 3.27733e-06 0.000206723 -0.00260942 0.00142713 1.44656e-09 8.57291e-06 1.61502e-06 0.202409 0.00309922 2.12611e-06 5.41595e-05 0.00129369 0.0100423 0.00964943 3.38333e-08 6.33624e+06 inf 
525 2.35299 0.438576 135765 2685.86 1.11293 27.6657 1719.34 -25750.4 12385.2 0.0122832 0.000667132 2.57257e-05 362845 115.503 4.154e-05 0.0293894 16.8731 1505.18 1013.89 1.15347e-08 3.92802e-07 7.32147e-08 0.0226643 0.000448371 1.8579e-07 4.61845e-06 0.000287021 -0.0042987 0.00206756 2.05052e-09 1.05458e-05 2.07105e-06 0.245069 0.00436814 2.6268e-06 6.98918e-05 0.00165359 0.0152575 0.0128445 4.38335e-08 5.99027e+06 inf 
535 3.00336 0.583406 169251 3997.92 1.4206 36.962 2247.98 -39491.2 16906.9 0.0164888 0.000922333 3.83572e-05 502083 214.407 5.9163e-05 0.0455837 26.1034 3220.83 1702.97 1.75632e-08 5.21064e-07 1.01217e-07 0.0293639 0.000693613 2.46464e-07 6.41266e-06 0.00039001 -0.00685145 0.00293324 2.8607e-09 1.26391e-05 2.57769e-06 0.293676 0.00605946 3.19432e-06 8.86981e-05 0.00209205 0.0226241 0.0169367 5.51263e-08 5.76391e+06 inf 
545 3.75969 0.76076 209065 5848.27 1.79116 48.7054 2908.98 -59425.1 22832.8 0.0217697 0.00125351 5.69738e-05 677097 385.944 8.20973e-05 0.0692519 39.2297 6628.2 2772.31 2.65629e-08 6.72801e-07 1.36139e-07 0.0374124 0.00104655 3.2053e-07 8.71589e-06 0.000520566 -0.0106342 0.00408595 3.89571e-09 1.49621e-05 3.19014e-06 0.346075 0.00824439 3.81951e-06 0.000110981 0.00259792 0.0327573 0.0218955 6.88352e-08 5.58812e+06 inf 
555 4.67623 0.98521 254611 8402.53 2.23237 63.483 3713.92 -87754.1 30437.6 0.0284969 0.00180154 8.86895e-05 913084 694.174 0.000116125 0.107115 58.1249 13462 4474.9 4.1686e-08 8.66174e-07 1.82489e-07 0.0471614 0.00155639 4.13499e-07 1.17589e-05 0.000687925 -0.0162546 0.00563794 5.27846e-09 1.82468e-05 4.04902e-06 0.408541 0.011232 4.61939e-06 0.000140366 0.0032083 0.0472158 0.0282329 8.77132e-08 5.39872e+06 inf 
565 5.79673 1.26975 310471 11967.8 2.7803 82.5829 4717.6 -127648 40368.7 0.0371413 0.00233254 0.000123863 1.20886e+06 1203.43 0.000157544 0.157725 84.99 26219.7 7093.4 5.97568e-08 1.11547e-06 2.44339e-07 0.0597441 0.00230297 5.35015e-07 1.58915e-05 0.00090781 -0.0245634 0.00776818 7.14713e-09 2.11567e-05 4.876e-06 0.478594 0.0150424 5.47996e-06 0.000173489 0.00394088 0.0666491 0.0361198 1.06995e-07 5.19668e+06 inf 
575 7.18992 1.63676 376573 16828.6 3.44736 106.924 5942.17 -182858 53081.3 0.0482859 0.00322429 0.000184393 1.61398e+06 2079.45 0.000218886 0.238202 122.876 49986.4 11147.5 9.01997e-08 1.42851e-06 3.25195e-07 0.0748182 0.00334354 6.84928e-07 2.12439e-05 0.0011806 -0.0363305 0.0105463 9.59353e-09 2.52699e-05 6.04399e-06 0.561311 0.0200492 6.55892e-06 0.000216507 0.00479786 0.0927981 0.0458648 1.33525e-07 5.03317e+06 inf 
585 8.70378 2.0584 451241 23332.7 4.21507 136.484 7403.65 -257183 69062.9 0.061538 0.00399869 0.000247205 2.06676e+06 3510.37 0.000286994 0.340647 173.801 92904.8 17155.5 1.24266e-07 1.7994e-06 4.25549e-07 0.0932886 0.00482375 8.71414e-07 2.82165e-05 0.00153061 -0.0531694 0.0142779 1.27222e-08 2.86957e-05 7.13621e-06 0.646974 0.0265039 7.65331e-06 0.000263872 0.00579555 0.127984 0.0578172 1.59776e-07 4.83705e+06 inf 
595 10.8556 2.66953 544342 32228.7 5.21035 176.217 9193.98 -357858 89600.9 0.0800454 0.00583376 0.000389561 2.80357e+06 5996.98 0.00040961 0.529163 247.271 169709 26586.4 1.96633e-07 2.33234e-06 5.73554e-07 0.116953 0.00692442 1.11946e-06 3.78607e-05 0.00197535 -0.0768867 0.019251 1.71979e-08 3.53264e-05 9.13066e-06 0.767251 0.035221 9.3141e-06 0.00033505 0.00701603 0.174788 0.0730859 2.0482e-07 4.65436e+06 inf 
605 12.9292 3.29493 645694 43805.1 6.29614 221.93 11316.1 -490937 115161 0.100346 0.00682307 0.000488741 3.49234e+06 9703.01 0.000517208 0.724024 339.759 300452 39712.6 2.55653e-07 2.85757e-06 7.28233e-07 0.142709 0.00968162 1.39155e-06 4.90501e-05 0.00250103 -0.108505 0.0254524 2.21782e-08 3.87278e-05 1.03677e-05 0.866889 0.0452856 1.06007e-05 0.000397008 0.00829681 0.233734 0.0901625 2.36668e-07 4.52456e+06 inf 
615 15.565 4.11719 762382 58886.5 7.60086 279.497 13782.5 -662606 146544 0.126458 0.00922528 0.000714328 4.50025e+06 15813.4 0.000700311 1.06914 465.241 519224 59298.7 3.76673e-07 3.53483e-06 9.35016e-07 0.173137 0.0133732 1.72616e-06 6.34739e-05 0.00313001 -0.150478 0.0332802 2.87186e-08 4.56352e-05 1.27024e-05 0.996008 0.0584158 1.24925e-05 0.000488644 0.00979079 0.308662 0.111172 2.91063e-07 4.40334e+06 inf 
625 18.9075 5.1878 906600 79196 9.24503 354.384 16833.6 -888847 186992 0.160495 0.0123529 0.00103072 5.83439e+06 25592.3 0.000947951 1.5739 636.707 883309 88346.2 5.50092e-07 4.41644e-06 1.21177e-06 0.211765 0.0184987 2.15946e-06 8.27774e-05 0.00393202 -0.207618 0.0436777 3.74886e-08 5.35341e-05 1.54689e-05 1.14802 0.075071 1.47228e-05 0.000600651 0.0115439 0.404004 0.136851 3.56491e-07 4.28117e+06 inf 
635 22.6383 6.43534 1.06722e+06 105062 11.1303 444.618 20308.6 -1.17295e+06 235806 0.201009 0.0151151 0.00134774 7.36418e+06 40554.6 0.00122883 2.20543 857.597 1.47143e+06 129715 7.41858e-07 5.45938e-06 1.55193e-06 0.257369 0.0253364 2.68416e-06 0.000107223 0.00489756 -0.282865 0.0568664 4.84747e-08 6.01274e-05 1.79613e-05 1.30755 0.0955934 1.70041e-05 0.000721359 0.0135214 0.524246 0.167475 4.20184e-07 4.14667e+06 inf 
645 26.8102 7.88918 1.24724e+06 137886 13.2916 552.716 24334.6 -1.52796e+06 295250 0.249134 0.0191723 0.00182969 9.19075e+06 62867.4 0.00159635 3.09848 1136.62 2.38773e+06 187116 1.02667e-06 6.6682e-06 1.96219e-06 0.310212 0.0342949 3.30586e-06 0.000137471 0.00605247 -0.380031 0.0734341 6.19643e-08 6.87317e-05 2.12421e-05 1.47976 0.12025 1.96497e-05 0.000867036 0.0156865 0.670409 0.202846 5.0151e-07 4.02061e+06 inf 
655 31.743 9.66133 1.45326e+06 179498 15.8391 685.351 28958.7 -1.96783e+06 367254 0.307893 0.0239962 0.00244134 1.14674e+07 96529.7 0.00206818 4.32908 1495.54 3.79754e+06 268054 1.39771e-06 8.15496e-06 2.48205e-06 0.37335 0.0461141 4.06915e-06 0.000176071 0.00743965 -0.505547 0.0943497 7.90996e-08 7.80913e-05 2.49205e-05 1.6753 0.150574 2.26885e-05 0.00103979 0.0181346 0.848547 0.244873 5.9399e-07 3.89248e+06 inf 
665 38.0343 11.9861 1.70094e+06 233357 19.0132 856.654 34414.7 -2.51543e+06 456490 0.384291 0.0318079 0.00347383 1.45704e+07 150002 0.00276874 6.29291 1973.46 5.99747e+06 386491 2.00762e-06 1.00273e-05 3.16e-06 0.448434 0.061522 5.01261e-06 0.000225848 0.00907307 -0.663166 0.120348 1.01314e-07 9.10234e-05 3.00974e-05 1.90794 0.189107 2.65485e-05 0.00126809 0.0209275 1.06835 0.295652 7.20433e-07 3.79306e+06 inf 
675 44.4471 14.4739 1.96745e+06 299420 22.4911 1053.51 40521.7 -3.17279e+06 561981 0.469595 0.0378663 0.00439903 1.77607e+07 224250 0.00348591 8.5275 2548.61 9.2006e+06 543448 2.62732e-06 1.2024e-05 3.91554e-06 0.532242 0.0810002 6.08438e-06 0.000285 0.0109621 -0.858316 0.15203 1.27037e-07 0.000100495 3.42741e-05 2.12636 0.232603 3.00999e-05 0.00149187 0.0238599 1.32374 0.351998 8.33435e-07 3.69653e+06 inf 
685 52.3404 17.6041 2.27581e+06 381804 26.671 1298.35 47463 -3.95976e+06 688416 0.575807 0.0467779 0.00578997 2.19416e+07 335118 0.00448033 11.8017 3282.93 1.38802e+07 762856 3.52898e-06 1.45307e-05 4.88724e-06 0.631808 0.105996 7.40437e-06 0.000360447 0.0131766 -1.0993 0.191117 1.59855e-07 0.000113028 3.97935e-05 2.38584 0.286007 3.44819e-05 0.00177383 0.0271621 1.62633 0.418638 9.7681e-07 3.60206e+06 inf 
695 61.3994 21.3501 2.62245e+06 484095 31.535 1596.57 55321.1 -4.89761e+06 839593 0.704117 0.0586246 0.00775854 2.70265e+07 500343 0.00579476 16.5367 4199.65 2.06426e+07 1.06728e+06 4.82249e-06 1.74622e-05 6.07205e-06 0.745834 0.137678 8.96867e-06 0.00045407 0.0157335 -1.3929 0.238783 2.00254e-07 0.000127938 4.65799e-05 2.67024 0.351204 3.95931e-05 0.0021206 0.030771 1.98259 0.496509 1.15388e-06 3.51613e+06 inf 
705 71.6638 25.74 3.00712e+06 608412 37.088 1951.19 64016.4 -5.9966e+06 1.01665e+06 0.854977 0.0725819 0.0102275 3.30958e+07 734355 0.00741353 22.7984 5310.93 3.01219e+07 1.47377e+06 6.46357e-06 2.08505e-05 7.48903e-06 0.874919 0.177017 1.07907e-05 0.000567696 0.0186255 -1.7447 0.295795 2.48755e-07 0.000143815 5.40334e-05 2.9772 0.426995 4.51721e-05 0.00251215 0.0346165 2.39164 0.584206 1.34859e-06 3.43703e+06 inf 
715 83.9766 31.1297 3.45489e+06 762017 43.7936 2392.91 73897.3 -7.28072e+06 1.22832e+06 1.04123 0.0898213 0.0134625 4.05645e+07 1.07424e+06 0.00953132 31.5559 6713.41 4.33526e+07 2.03504e+06 8.67306e-06 2.49762e-05 9.25854e-06 1.02755 0.226638 1.3025e-05 0.000711695 0.0219784 -2.16542 0.365325 3.0968e-07 0.000161526 6.2596e-05 3.31795 0.517817 5.1625e-05 0.00297973 0.0389055 2.86441 0.686874 1.57595e-06 3.36227e+06 inf 
725 96.9835 37.0854 3.92706e+06 943473 51.1042 2898.23 84550.5 -8.74675e+06 1.47073e+06 1.25046 0.111778 0.0178287 4.89365e+07 1.53737e+06 0.0120841 43.0124 8340.34 6.09997e+07 2.75977e+06 1.15774e-05 2.93678e-05 1.12299e-05 1.18916 0.285695 1.5475e-05 0.00087762 0.0256029 -2.64862 0.445355 3.78655e-07 0.000181619 7.26129e-05 3.66121 0.619607 5.84786e-05 0.00350064 0.043244 3.38471 0.798343 1.83368e-06 3.30238e+06 inf 
735 112.479 44.3437 4.47462e+06 1.16559e+06 59.8677 3523.21 96540.1 -1.04328e+07 1.75811e+06 1.50623 0.131644 0.0222348 5.9016e+07 2.19867e+06 0.0152028 58.1173 10356.9 8.49021e+07 3.74456e+06 1.4924e-05 3.46651e-05 1.36664e-05 1.37904 0.359226 1.84507e-05 0.00108583 0.0297529 -3.21531 0.541835 4.64209e-07 0.000198419 8.16445e-05 4.03565 0.740654 6.59162e-05 0.00409051 0.0480278 3.97844 0.927609 2.09379e-06 3.24473e+06 inf 
745 129.779 52.7565 5.07148e+06 1.42953e+06 69.8191 4263.41 109608 -1.23439e+07 2.08994e+06 1.80481 0.162766 0.0292844 7.09149e+07 3.11764e+06 0.0193073 79.4641 12746.7 1.16247e+08 5.04164e+06 1.98937e-05 4.06505e-05 1.65249e-05 1.58853 0.44777 2.18694e-05 0.00133542 0.0343325 -3.86647 0.654629 5.65319e-07 0.000222105 9.43379e-05 4.43724 0.88093 7.4628e-05 0.00480698 0.0530464 4.63274 1.07268 2.4314e-06 3.19255e+06 inf 
755 150.117 62.8793 5.73815e+06 1.74296e+06 81.3602 5152.74 123765 -1.44798e+07 2.47161e+06 2.1611 0.202871 0.0386757 8.55556e+07 4.38855e+06 0.024609 108.665 15596.9 1.56915e+08 6.74817e+06 2.65087e-05 4.78879e-05 2.00587e-05 1.83049 0.556011 2.59542e-05 0.00164374 0.0394816 -4.6191 0.788452 6.89398e-07 0.000249847 0.000109249 4.89304 1.04442 8.47156e-05 0.00565356 0.0584523 5.35914 1.23735 2.82509e-06 3.13476e+06 inf 
765 171.738 74.0986 6.45163e+06 2.10803e+06 94.1587 6181.64 138876 -1.68246e+07 2.90425e+06 2.5626 0.239578 0.0484417 1.01448e+08 6.09203e+06 0.0306114 145.142 18873.5 2.08155e+08 8.93111e+06 3.39388e-05 5.60197e-05 2.41705e-05 2.10448 0.687624 3.07139e-05 0.00201641 0.0453004 -5.48808 0.947347 8.35904e-07 0.000273881 0.000123358 5.35378 1.23059 9.50889e-05 0.00657863 0.0640647 6.14652 1.41979 3.22054e-06 3.06567e+06 inf 
775 198.976 88.428 7.29217e+06 2.55077e+06 109.782 7471.22 155887 -1.9493e+07 3.41527e+06 3.06568 0.29985 0.064251 1.22428e+08 8.49478e+06 0.0391795 199.236 22900.5 2.74414e+08 1.18648e+07 4.53655e-05 6.63797e-05 2.95001e-05 2.43271 0.850951 3.66239e-05 0.00249245 0.0520049 -6.503 1.13935 1.02273e-06 0.000309234 0.000143402 5.90972 1.45251 0.000108302 0.00776235 0.0702513 7.01835 1.63097 3.75343e-06 2.99755e+06 inf 
785 226.413 103.563 8.1448e+06 3.04955e+06 126.351 8907.66 173253 -2.23235e+07 3.97589e+06 3.60865 0.358212 0.0812105 1.44039e+08 1.15873e+07 0.0486449 265.034 27323.3 3.54176e+08 1.54916e+07 5.81804e-05 7.70167e-05 3.5228e-05 2.77053 1.03733 4.29796e-05 0.00303003 0.0589338 -7.59355 1.35244 1.22752e-06 0.000340467 0.00016243 6.42809 1.69277 0.000121243 0.00899848 0.0762962 7.92555 1.85486 4.27596e-06 2.9398e+06 inf 
795 258.146 121.462 9.10978e+06 3.64034e+06 145.742 10639.9 192369 -2.5469e+07 4.62554e+06 4.25291 0.427431 0.102325 1.69422e+08 1.57378e+07 0.0604016 351.746 32545.6 4.53489e+08 2.01961e+07 7.44265e-05 8.96547e-05 4.21839e-05 3.16385 1.2643 5.06167e-05 0.00369525 0.0668103 -8.84544 1.60646 1.47705e-06 0.000374713 0.000183735 6.98791 1.96655 0.000135704 0.0104167 0.0827016 8.9026 2.10557 4.86486e-06 2.87934e+06 inf 
805 296.022 143.281 1.01793e+07 4.32064e+06 168.247 12718 212361 -2.88115e+07 5.35111e+06 5.02133 0.520147 0.1316 2.0097e+08 2.13583e+07 0.0759549 473.183 38615 5.73639e+08 2.6249e+07 9.66423e-05 0.000104885 5.07664e-05 3.60666 1.53086 5.96121e-05 0.00450616 0.0752425 -10.2083 1.89597 1.77913e-06 0.000416286 0.000209882 7.62878 2.28561 0.000152834 0.0121388 0.0895567 9.9518 2.38865 5.57462e-06 2.82236e+06 inf 
815 337.518 167.966 1.13215e+07 5.09864e+06 193.26 15119.6 233434 -3.24071e+07 6.16373e+06 5.89052 0.628497 0.167896 2.36412e+08 2.86588e+07 0.0946812 630.584 45403.1 7.16188e+08 3.38085e+07 0.000124344 0.000121615 6.05221e-05 4.07939 1.83716 6.96359e-05 0.00544793 0.0841117 -11.677 2.22093 2.12249e-06 0.000460078 0.000238399 8.27909 2.63653 0.000171075 0.0140547 0.0963587 11.0321 2.69248 6.34815e-06 2.77529e+06 inf 
825 384.596 196.762 1.25676e+07 5.98811e+06 221.705 17947.3 255490 -3.62149e+07 7.06988e+06 6.89718 0.759612 0.214543 2.77441e+08 3.82485e+07 0.117908 840.256 53103 8.85078e+08 4.33335e+07 0.000159784 0.000140946 7.21088e-05 4.60572 2.19451 8.12499e-05 0.00657726 0.0936313 -13.272 2.59095 2.52766e-06 0.000508444 0.000270971 8.97013 3.03337 0.000191335 0.0162688 0.103413 12.1744 3.02782 7.22275e-06 2.72868e+06 inf 
835 437.572 230.032 1.39294e+07 7.01163e+06 254.045 21270.4 279084 -4.03267e+07 8.09385e+06 8.05865 0.918205 0.273803 3.24297e+08 5.06815e+07 0.146556 1115.72 61827.6 1.08353e+09 5.52841e+07 0.000204699 0.000162613 8.5486e-05 5.17653 2.60571 9.44101e-05 0.00790466 0.103715 -14.9865 3.00789 2.99481e-06 0.000561058 0.000307319 9.68096 3.47057 0.000213427 0.0187656 0.110544 13.3445 3.39082 8.19163e-06 2.69087e+06 inf 
845 495.451 267.597 1.53459e+07 8.14768e+06 289.419 25060.8 302636 -4.45375e+07 9.20118e+06 9.35621 1.09746 0.345133 3.76527e+08 6.65053e+07 0.180631 1467.63 71291.1 1.3104e+09 6.99009e+07 0.000259344 0.000187202 0.000101109 5.7983 3.07853 0.000109354 0.009469 0.114348 -16.8281 3.47658 3.53516e-06 0.000616135 0.000346673 10.4234 3.95615 0.000237258 0.0215609 0.117734 14.5581 3.78481 9.24626e-06 2.64662e+06 inf 
855 560.502 310.845 1.68869e+07 9.43654e+06 329.507 29491.7 327439 -4.89826e+07 1.0435e+07 10.8462 1.31865 0.436515 4.35523e+08 8.66906e+07 0.222382 1925.91 81875.9 1.57114e+09 8.79984e+07 0.000328562 0.000215526 0.000119527 6.49341 3.62857 0.000126703 0.0113402 0.125908 -18.8349 4.01252 4.17062e-06 0.000678675 0.000391872 11.1939 4.49088 0.000263547 0.0247377 0.125021 15.7919 4.21155 1.04377e-05 2.60062e+06 inf 
865 633.498 360.613 1.85364e+07 1.08809e+07 374.238 34608.3 352917 -5.36213e+07 1.17896e+07 12.5356 1.56243 0.544038 5.02464e+08 1.12215e+08 0.2725 2512.75 93469 1.86674e+09 1.1011e+08 0.000412054 0.000247605 0.000140947 7.245 4.25284 0.000146272 0.0135268 0.137939 -20.958 4.60802 4.89959e-06 0.000741197 0.000439059 11.9958 5.0767 0.00029174 0.0282691 0.132308 17.0406 4.66935 1.17067e-05 2.5585e+06 inf 
875 722.168 422.035 2.04032e+07 1.25417e+07 426.914 40795 380165 -5.85833e+07 1.33157e+07 14.5658 1.9017 0.697626 5.85307e+08 1.45698e+08 0.338703 3329.32 106738 2.21059e+09 1.37982e+08 0.000526671 0.000286579 0.000167477 8.09662 4.97694 0.000169413 0.0161887 0.150861 -23.2477 5.28409 5.78018e-06 0.000820076 0.00049879 12.9117 5.7487 0.000325127 0.0325439 0.139993 18.3515 5.18016 1.3251e-05 2.51996e+06 inf 
885 814.761 488.58 2.22952e+07 1.43522e+07 483.02 47671.9 407115 -6.36204e+07 1.49496e+07 16.7567 2.28248 0.881273 6.71456e+08 1.86459e+08 0.413999 4334.2 120550 2.58695e+09 1.70961e+08 0.000661075 0.000328538 0.000197012 8.99015 5.78729 0.00019477 0.0192229 0.164162 -25.6538 6.02815 6.75685e-06 0.000901352 0.000562623 13.7815 6.45708 0.00035917 0.0371237 0.147175 19.622 5.7095 1.48631e-05 2.47996e+06 inf 
895 921.999 567.217 2.43466e+07 1.6378e+07 546.765 55723 434821 -6.88388e+07 1.67432e+07 19.2916 2.75238 1.11737 7.72113e+08 2.3794e+08 0.508423 5663.79 135770 3.00947e+09 2.11315e+08 0.000833306 0.000378229 0.000232688 9.98765 6.71871 0.000224298 0.0228591 0.178376 -28.2396 6.86854 7.91396e-06 0.000992999 0.000635794 14.7305 7.24352 0.000397818 0.0424371 0.154528 20.9068 6.28574 1.67097e-05 2.43767e+06 inf 
905 1047.72 661.056 2.66094e+07 1.86505e+07 619.896 65204.7 463820 -7.43109e+07 1.87217e+07 22.2489 3.37612 1.44198 8.90883e+08 3.02872e+08 0.628058 7443.01 152641 3.48566e+09 2.60622e+08 0.00106031 0.000436692 0.00027553 11.0909 7.77355 0.000258374 0.0271775 0.193321 -30.973 7.80323 9.27338e-06 0.00110294 0.000724641 15.758 8.11231 0.00044161 0.0486174 0.162013 22.215 6.90924 1.88664e-05 2.39922e+06 inf 
915 1181.87 764.609 2.89176e+07 2.11234e+07 698.734 75847 492358 -7.98278e+07 2.08395e+07 25.4786 4.02846 1.80668 1.01579e+09 3.8161e+08 0.764508 9628.14 170198 4.00215e+09 3.1897e+08 0.00131984 0.00050184 0.000324665 12.2789 8.96931 0.000296693 0.0322058 0.209062 -33.8961 8.84876 1.08186e-05 0.00120777 0.000813471 16.7496 9.03265 0.00048641 0.0552362 0.169001 23.4612 7.55903 2.10566e-05 2.35508e+06 inf 
925 1337.54 887.318 3.14243e+07 2.38843e+07 788.285 88301.3 521747 -8.55843e+07 2.31644e+07 29.2098 4.87475 2.2978 1.16094e+09 4.8011e+08 0.936139 12534.7 189319 4.57873e+09 3.89813e+08 0.00165761 0.000577391 0.000383039 13.5653 10.3104 0.000340288 0.038118 0.225229 -36.9451 9.99962 1.26093e-05 0.00133077 0.000919346 17.8084 10.0474 0.000536952 0.0629126 0.176061 24.7308 8.26333 2.35916e-05 2.31652e+06 inf 
935 1517.33 1031.71 3.41402e+07 2.69396e+07 889.351 102750 551963 -9.15727e+07 2.56972e+07 33.4935 5.96078 2.95059 1.32837e+09 6.01539e+08 1.14929 16343.4 209966 5.21663e+09 4.74716e+08 0.00209128 0.000664714 0.000451976 14.9562 11.8018 0.000389609 0.0450128 0.241805 -40.1164 11.2575 1.46729e-05 0.00147291 0.00104323 18.9274 11.1464 0.000593033 0.0716491 0.183065 25.9998 9.013 2.64737e-05 2.28268e+06 inf 
945 1710.95 1191.93 3.69047e+07 3.02367e+07 998.353 118918 581645 -9.76045e+07 2.83983e+07 38.1734 7.1596 3.71565 1.50531e+09 7.4627e+08 1.39482 21035.2 231209 5.89831e+09 5.73979e+08 0.00259571 0.000759653 0.000529208 16.3855 13.4249 0.000443263 0.0527988 0.258247 -43.3358 12.6087 1.69488e-05 0.00161299 0.00117033 19.9967 12.2927 0.000650237 0.080943 0.189642 27.2181 9.79103 2.94146e-05 2.25228e+06 inf 
955 1935.24 1381.12 3.99249e+07 3.3914e+07 1121.93 137749 612698 -1.04007e+08 3.13729e+07 43.5576 8.66 4.71183 1.70854e+09 9.24308e+08 1.69721 27145.8 254129 6.65675e+09 6.92969e+08 0.00323251 0.000868634 0.000619918 17.9203 15.2223 0.000503577 0.0618289 0.27501 -46.6838 14.0817 1.95509e-05 0.00176989 0.00131553 21.1126 13.5336 0.000712883 0.0914416 0.19605 28.4343 10.6181 3.26907e-05 2.22791e+06 inf 
965 2193.29 1603.56 4.311e+07 3.78973e+07 1259.63 159399 642820 -1.104e+08 3.45304e+07 49.6918 10.6148 6.05847 1.94177e+09 1.14139e+09 2.07474 35194 278166 7.48019e+09 8.33799e+08 0.00405892 0.000997906 0.000729593 19.6142 17.2426 0.000573106 0.0725237 0.292471 -50.2299 15.7107 2.26088e-05 0.00195799 0.00149137 22.3328 14.8999 0.00078455 0.103696 0.202537 29.67 11.5125 3.65455e-05 2.19789e+06 inf 
975 2477.66 1855.59 4.64025e+07 4.22174e+07 1410.38 183921 672904 -1.16931e+08 3.79275e+07 56.5034 12.9369 7.7485 2.19232e+09 1.4006e+09 2.52191 45376.9 302959 8.36617e+09 9.98916e+08 0.00506166 0.00114233 0.000855523 21.394 19.4644 0.00065026 0.0847973 0.310244 -53.9113 17.4865 2.6051e-05 0.00215863 0.00168539 23.5175 16.3366 0.000860171 0.117177 0.208395 30.8353 12.4408 4.06821e-05 2.16895e+06 inf 
985 2810.71 2154.31 5.01191e+07 4.71019e+07 1583.87 212656 705944 -1.2416e+08 4.17387e+07 64.417 15.7023 9.83176 2.48163e+09 1.71511e+09 3.06295 58262.3 330233 9.36777e+09 1.19611e+09 0.00628492 0.00130782 0.0010024 23.3203 21.9165 0.000736971 0.0989484 0.328475 -57.7717 19.421 2.99732e-05 0.00236556 0.00188942 24.7156 17.8244 0.00093918 0.1316 0.213919 31.9569 13.3931 4.50108e-05 2.14916e+06 inf 
995 3186.99 2501.67 5.38924e+07 5.22734e+07 1772.92 245204 735965 -1.31099e+08 4.56816e+07 73.2656 19.2993 12.6683 2.80454e+09 2.09375e+09 3.73413 75282.8 357428 1.04274e+10 1.42597e+09 0.00787004 0.00150363 0.00118029 25.4265 24.6627 0.000836465 0.115687 0.347229 -61.8528 21.5526 3.45668e-05 0.0026162 0.00214099 26.013 19.483 0.00103058 0.148778 0.219241 33.074 14.4312 5.0182e-05 2.11954e+06 inf 
1005 3614.35 2904.38 5.79171e+07 5.79234e+07 1983.84 282515 766396 -1.38312e+08 4.99493e+07 83.2715 23.6317 16.2431 3.16234e+09 2.54555e+09 4.53576 96795.8 385797 1.15846e+10 1.69563e+09 0.00979203 0.00172785 0.00138845 27.6874 27.6904 0.000948378 0.135057 0.366378 -66.1203 23.8784 3.98081e-05 0.00288301 0.00241604 27.2978 21.2167 0.00112646 0.167431 0.224051 34.1493 15.5056 5.56455e-05 2.09182e+06 inf 
1015 4093.78 3365.94 6.20896e+07 6.39537e+07 2214.2 324480 795676 -1.45579e+08 5.44502e+07 94.4125 28.9778 20.8271 3.55711e+09 3.07538e+09 5.49819 124018 414379 1.2819e+10 2.00578e+09 0.0121735 0.001983 0.00163044 30.0758 30.9788 0.00107254 0.157176 0.38542 -70.5176 26.3753 4.57328e-05 0.00317874 0.00272584 28.6092 23.022 0.00123002 0.188067 0.228416 35.167 16.6111 6.16869e-05 2.06444e+06 inf 
1025 4643.57 3907.25 6.65151e+07 7.05218e+07 2471.39 372718 824624 -1.5307e+08 5.92964e+07 107.071 35.6888 26.8369 3.99996e+09 3.70995e+09 6.67422 159170 443642 1.4161e+10 2.36955e+09 0.015164 0.00227746 0.00191633 32.6226 34.5878 0.0012121 0.182801 0.40444 -75.0739 29.0822 5.25133e-05 0.00350954 0.00308058 29.9593 24.965 0.00134321 0.211304 0.232409 36.1833 17.7872 6.84078e-05 2.03892e+06 inf 
1035 5270.16 4537.85 7.11859e+07 7.76396e+07 2756.89 427829 853016 -1.60785e+08 6.44958e+07 121.38 44.0769 34.6844 4.49218e+09 4.46219e+09 8.09588 204132 473218 1.56133e+10 2.79301e+09 0.0188832 0.00261578 0.00225231 35.3323 38.5355 0.00136835 0.212348 0.423384 -79.8035 32.0117 6.02453e-05 0.00387747 0.00348458 31.3252 27.0143 0.00146489 0.237122 0.235843 37.1601 19.0138 7.57821e-05 2.01476e+06 inf 
1045 5989.27 5274.54 7.62272e+07 8.54069e+07 3076.51 490949 881965 -1.68941e+08 7.01215e+07 137.653 54.4899 44.8144 5.04548e+09 5.35e+09 9.82607 261566 503677 1.71996e+10 3.28501e+09 0.02353 0.00300314 0.00264476 38.2218 42.8247 0.00154262 0.246171 0.442234 -84.7103 35.1603 6.90218e-05 0.00427825 0.00393396 32.6955 29.1314 0.00159603 0.26562 0.23871 38.0575 20.2712 8.38714e-05 1.99434e+06 inf 
1055 6798.2 6123.73 8.14158e+07 9.36919e+07 3426.52 562320 908752 -1.77075e+08 7.60647e+07 155.795 67.2852 57.8193 5.64776e+09 6.38943e+09 11.891 334180 533140 1.88872e+10 3.85203e+09 0.0292164 0.0034483 0.00310619 41.2972 47.5241 0.00173806 0.28523 0.460953 -89.8189 38.5829 7.90252e-05 0.0047158 0.00443618 34.0485 31.3436 0.00173515 0.296905 0.24073 38.8956 21.5697 9.25997e-05 1.97146e+06 inf 
1065 7716.13 7107.83 8.68558e+07 1.02588e+08 3812.21 643139 934360 -1.85461e+08 8.23961e+07 176.189 83.2379 74.7331 6.31417e+09 7.60235e+09 14.3824 426484 561801 2.06961e+10 4.50358e+09 0.0362904 0.00394968 0.00363831 44.4592 52.5121 0.00195137 0.329206 0.478274 -94.9328 42.1764 9.01865e-05 0.00519685 0.00500166 35.4322 33.6738 0.00188524 0.331556 0.242539 39.7688 22.9438 0.000102188 1.95361e+06 inf 
1075 8762.07 8253.25 9.25346e+07 1.1207e+08 4238.06 734862 957600 -1.93833e+08 8.90685e+07 199.174 103.256 96.8084 7.05344e+09 9.02062e+09 17.4028 544248 589249 2.26283e+10 5.25324e+09 0.0451273 0.00453498 0.00427163 47.8931 58.0039 0.00219349 0.380342 0.495625 -100.322 46.0992 0.000103087 0.00573376 0.00564431 36.8361 36.1158 0.00204836 0.37017 0.243584 40.5864 24.3677 0.000112826 1.93211e+06 inf 
1085 9958.31 9591.22 9.85623e+07 1.2236e+08 4710.21 839351 979752 -2.02628e+08 9.62534e+07 225.123 128.619 125.996 7.87448e+09 1.0681e+10 21.063 694828 615037 2.47093e+10 6.11671e+09 0.0561882 0.00519743 0.00500584 51.4415 63.8621 0.00245835 0.438073 0.511351 -105.755 50.2365 0.000117496 0.00633367 0.00637977 38.2572 38.6815 0.00222479 0.413202 0.243966 41.377 25.8597 0.000124581 1.91601e+06 inf 
1095 11309 11135.4 1.04793e+08 1.33264e+08 5228.16 957185 999072 -2.11416e+08 1.03828e+08 254.169 160.017 163.653 8.77095e+09 1.25976e+10 25.4466 884823 638300 2.69141e+10 7.10327e+09 0.0698188 0.00595995 0.00586848 55.2266 70.2314 0.00275528 0.504445 0.52652 -111.418 54.718 0.000133949 0.00698637 0.00719775 39.6534 41.3107 0.00241226 0.460266 0.243242 42.0709 27.3755 0.000137305 1.8975e+06 inf 
1105 12886.9 12971.1 1.11616e+08 1.45285e+08 5814.37 1.09348e+06 1.01773e+06 -2.20845e+08 1.12107e+08 287.652 200.179 213.661 9.79308e+09 1.48625e+10 30.8202 1.12899e+06 660018 2.93322e+10 8.25079e+09 0.0870485 0.00684023 0.00688487 59.2444 77.1152 0.0030862 0.580405 0.540201 -117.222 59.5052 0.000152682 0.0077113 0.00812449 41.087 44.0692 0.00261427 0.512236 0.241893 42.7578 28.9577 0.000151302 1.88399e+06 inf 
1115 14656.8 15078.5 1.18602e+08 1.57964e+08 6452.44 1.2462e+06 1.03246e+06 -2.3026e+08 1.20802e+08 324.826 250.059 278.552 1.08961e+10 1.74549e+10 37.2441 1.43694e+06 677193 3.18637e+10 9.55126e+09 0.10829 0.00783847 0.00806401 63.4283 84.4793 0.00345077 0.666468 0.552163 -123.144 64.6054 0.000173718 0.00850236 0.00916199 42.475 46.8843 0.00283026 0.569473 0.239332 43.3179 30.5643 0.00016654 1.86985e+06 inf 
1125 16627.5 17482 1.25567e+08 1.71032e+08 7137.41 1.41537e+06 1.04055e+06 -2.39169e+08 1.29684e+08 365.757 312.018 362.513 1.20783e+10 2.03895e+10 44.873 1.82239e+06 687837 3.44558e+10 1.10073e+10 0.134418 0.0089823 0.00944386 67.8319 92.3924 0.00385567 0.764593 0.562112 -129.2 70.056 0.000197584 0.00937404 0.0103269 43.8591 49.7816 0.00306178 0.632347 0.235806 43.8238 32.2234 0.000183232 1.85114e+06 inf 
1135 18956 20363.8 1.33529e+08 1.85896e+08 7929.6 1.61404e+06 1.04991e+06 -2.49514e+08 1.39809e+08 413.689 391.499 474.288 1.34398e+10 2.38679e+10 54.2724 2.31867e+06 696478 3.73788e+10 1.27212e+10 0.167563 0.0102828 0.0110465 72.4337 100.841 0.00430146 0.875543 0.569532 -135.35 75.84 0.000224408 0.0103264 0.01163 45.2091 52.7112 0.00330724 0.700858 0.231176 44.2347 33.8965 0.000201337 1.84347e+06 inf 
1145 21525.8 23630.6 1.41238e+08 2.00911e+08 8767.61 1.83176e+06 1.04926e+06 -2.58901e+08 1.49929e+08 465.855 490.523 619.936 1.48744e+10 2.77644e+10 65.3889 2.93956e+06 695048 4.02928e+10 1.46167e+10 0.208291 0.0117682 0.0129189 77.2155 109.839 0.00479328 1.00143 0.573632 -141.542 81.9668 0.000254685 0.0113877 0.0131157 46.5796 55.8063 0.0035739 0.777307 0.225681 44.6556 35.6712 0.00022138 1.82914e+06 inf 
1155 24498.1 27478.8 1.49632e+08 2.17373e+08 9711.36 2.08209e+06 1.04507e+06 -2.68982e+08 1.61014e+08 525.577 615.914 811.675 1.64789e+10 3.22874e+10 78.8935 3.73006e+06 687519 4.34505e+10 1.68034e+10 0.259308 0.0134716 0.0151108 82.2835 119.535 0.00534034 1.14496 0.574689 -147.915 88.5425 0.000289018 0.0125383 0.0147652 47.8675 58.8765 0.00385549 0.860382 0.218641 44.8873 37.4239 0.00024303 1.81849e+06 inf 
1165 27811.6 31867.1 1.58097e+08 2.34471e+08 10727 2.35933e+06 1.03236e+06 -2.78778e+08 1.72472e+08 591.383 772.126 1060.49 1.81923e+10 3.73617e+10 94.8584 4.713e+06 670118 4.66689e+10 1.92373e+10 0.321875 0.015386 0.0176296 87.4629 129.714 0.00593441 1.30523 0.571127 -154.226 95.4156 0.000327166 0.0137996 0.0166098 49.1388 61.9962 0.00415458 0.950634 0.211039 45.0831 39.222 0.000266516 1.80759e+06 inf 
1175 31583.4 36974.1 1.66838e+08 2.52473e+08 11843.9 2.67246e+06 1.01022e+06 -2.88304e+08 1.84473e+08 665.445 969.299 1388.37 2.00575e+10 4.31448e+10 114.089 5.9595e+06 642307 4.99911e+10 2.19926e+10 0.399953 0.0176075 0.0206127 93.0107 140.752 0.00660286 1.48987 0.563188 -160.727 102.842 0.00037098 0.0151774 0.0186848 50.3079 65.1294 0.00447279 1.05007 0.202237 45.1276 41.0389 0.000292138 1.79375e+06 inf 
1185 35982.9 43026.8 1.76599e+08 2.72575e+08 13118.4 3.03559e+06 982955 -2.99088e+08 1.97944e+08 751.204 1220.95 1821.97 2.21692e+10 4.9864e+10 137.608 7.54862e+06 606929 5.36385e+10 2.51903e+10 0.498451 0.0201142 0.0240517 98.7181 152.368 0.00733312 1.69688 0.549467 -167.189 110.65 0.000419919 0.0166709 0.0209758 51.4512 68.2474 0.00481121 1.15769 0.193279 45.073 42.8706 0.000319843 1.78892e+06 inf 
1195 40760.7 49777.1 1.85893e+08 2.92598e+08 14444.9 3.4271e+06 940669 -3.08686e+08 2.11284e+08 842.968 1528.26 2375.58 2.43297e+10 5.71792e+10 164.74 9.48725e+06 557939 5.71469e+10 2.86467e+10 0.616632 0.0229054 0.0279721 104.462 164.425 0.0081173 1.92585 0.528607 -173.465 118.73 0.000473704 0.0182797 0.0235055 52.5324 71.3881 0.00516573 1.27375 0.184682 44.9813 44.7332 0.000349456 1.77952e+06 inf 
1205 46320.3 57784.8 1.95855e+08 3.14221e+08 15937.7 3.87712e+06 885871 -3.18469e+08 2.25654e+08 948.603 1928.87 3126.19 2.67572e+10 6.56307e+10 198.133 1.19833e+07 498826 6.08278e+10 3.26097e+10 0.768031 0.026156 0.0326297 110.595 177.433 0.00899968 2.18932 0.500231 -179.832 127.421 0.000535654 0.0201259 0.0264686 53.6467 74.6835 0.0055576 1.40484 0.177326 44.8166 46.6664 0.000383098 1.77092e+06 inf 
1215 52707.4 67161.9 2.066e+08 3.37825e+08 17613.3 4.3929e+06 817939 -3.29001e+08 2.41444e+08 1069.08 2431.68 4105.49 2.94188e+10 7.52668e+10 238.4 1.51347e+07 431004 6.47279e+10 3.71514e+10 0.956245 0.0298082 0.0379828 116.841 191.054 0.00996104 2.48436 0.462579 -186.064 136.547 0.000604608 0.022061 0.0296501 54.6425 77.8768 0.00596681 1.54507 0.172544 44.5706 48.6377 0.000418623 1.76822e+06 inf 
1225 59662.7 77637.2 2.1691e+08 3.61382e+08 19365 4.94982e+06 731042 -3.3836e+08 2.57165e+08 1198.55 3050.07 5365.44 3.21412e+10 8.56864e+10 284.956 1.898e+07 355885 6.84241e+10 4.20439e+10 1.1833 0.0338646 0.0440669 123.118 205.121 0.0109916 2.80952 0.41494 -192.054 145.967 0.000680297 0.0241746 0.0332195 55.5453 81.0008 0.00639741 1.69695 0.1727 44.1925 50.5748 0.000456988 1.7618e+06 inf 
1235 67722.8 89994.8 2.28195e+08 3.87227e+08 21345.1 5.5911e+06 626108 -3.48381e+08 2.74476e+08 1347.32 3833.7 7024.28 3.51658e+10 9.76181e+10 341.263 2.38421e+07 279473 7.23374e+10 4.76547e+10 1.46699 0.0385049 0.0511681 129.744 220.164 0.0121361 3.17891 0.355984 -198.078 156.058 0.000766039 0.0264023 0.0370891 56.219 83.8454 0.00683704 1.85751 0.179373 43.5166 52.3529 0.000497258 1.75881e+06 inf 
1245 76640.1 104003 2.39264e+08 4.13513e+08 23462.7 6.29724e+06 497090 -3.57565e+08 2.92198e+08 1510.46 4805.64 9170.81 3.83069e+10 1.10649e+11 407.545 2.98547e+07 206838 7.60872e+10 5.38202e+10 1.81436 0.0436746 0.0592681 136.349 235.647 0.0133706 3.58858 0.283275 -203.764 166.514 0.000860758 0.0288288 0.0413936 56.9109 86.7504 0.00731259 2.03354 0.193972 42.8922 54.2546 0.000541329 1.7548e+06 inf 
1255 86839.3 120358 2.50889e+08 4.41499e+08 25804.6 7.09636e+06 342068 -3.66655e+08 3.11031e+08 1694.81 6045.68 12022.9 4.17267e+10 1.25329e+11 487.344 3.74428e+07 150576 7.98251e+10 6.07369e+10 2.24897 0.0495553 0.0686831 143.171 251.944 0.0147255 4.04958 0.195203 -209.233 177.491 0.000967151 0.0315321 0.0462987 57.5638 89.6903 0.00782717 2.22886 0.218685 42.1185 56.1835 0.000589919 1.75237e+06 inf 
1265 98252.4 139052 2.62786e+08 4.70754e+08 28356.1 7.9878e+06 158445 -3.75506e+08 3.30896e+08 1899.58 7577.89 15695.2 4.53195e+10 1.41446e+11 581.282 4.68047e+07 125462 8.34811e+10 6.84052e+10 2.77932 0.0560959 0.0793897 150.034 268.771 0.0161895 4.56052 0.0904619 -214.39 188.921 0.00108454 0.0343474 0.051558 58.0021 92.299 0.00835317 2.43396 0.251887 41.2228 58.0003 0.000640773 1.75151e+06 inf 
1275 111108 160557 2.75168e+08 5.01805e+08 31153.1 8.98842e+06 -58578.5 -3.84462e+08 3.52142e+08 2128.26 9474.32 20431.7 4.91189e+10 1.59257e+11 691.925 5.83746e+07 153014 8.70836e+10 7.69465e+10 3.42603 0.0633214 0.091503 156.821 285.983 0.0177544 5.12258 -0.0333844 -219.108 200.689 0.00121292 0.0372814 0.0571963 58.3146 94.7396 0.00889458 2.65092 0.29341 40.2653 59.8044 0.000693801 1.75467e+06 inf 
1285 125456 185134 2.87399e+08 5.3346e+08 34174.8 1.00988e+07 -314712 -3.92294e+08 3.7396e+08 2381.25 11847.7 26617 5.30744e+10 1.78677e+11 823.148 7.27644e+07 263454 9.03753e+10 8.63344e+10 4.22368 0.0714788 0.105481 163.746 303.941 0.0194712 5.75382 -0.179308 -223.511 213.065 0.00135672 0.0405096 0.0635526 58.5355 97.0653 0.00947968 2.88987 0.343442 39.1741 61.5835 0.000752168 1.75515e+06 inf 
1295 141476 213195 2.99721e+08 5.66229e+08 37449.1 1.13331e+07 -613392 -3.99506e+08 3.96729e+08 2661.13 14786 34599.8 5.71814e+10 1.99808e+11 977.3 9.05039e+07 496853 9.33811e+10 9.66386e+10 5.19558 0.080525 0.121346 170.594 322.285 0.0213152 6.45051 -0.349129 -227.389 225.809 0.00151466 0.0439499 0.0704885 58.6848 99.2925 0.0100956 3.147 0.401131 38.0053 63.361 0.000814261 1.75692e+06 inf 
1305 159613 245617 3.12735e+08 6.01374e+08 41074.4 1.27287e+07 -961867 -4.06939e+08 4.2139e+08 2975.78 18431.9 44930.8 6.15135e+10 2.23116e+11 1159.69 1.12497e+08 907481 9.62789e+10 1.08145e+11 6.3851 0.0905062 0.139273 177.331 341 0.0232906 7.21762 -0.545412 -230.748 238.943 0.00168737 0.047541 0.0779762 58.5994 101.162 0.01073 3.41994 0.465939 36.7245 65.0274 0.000879406 1.76356e+06 inf 
1315 179905 282689 3.25912e+08 6.37884e+08 45033.7 1.42889e+07 -1.36591e+06 -4.13759e+08 4.47378e+08 3325.63 22932.5 58223.4 6.59961e+10 2.48394e+11 1374.56 1.39623e+08 1.5636e+06 9.885e+10 1.20835e+11 7.8345 0.101549 0.159567 183.965 360.06 0.0254197 8.06549 -0.771003 -233.55 252.527 0.00187719 0.0513057 0.0860419 58.3885 102.787 0.0113895 3.70938 0.536789 35.3714 66.6085 0.000947861 1.7716e+06 inf 
1325 202238 324511 3.38686e+08 6.74818e+08 49267.8 1.60052e+07 -1.83054e+06 -4.19341e+08 4.74035e+08 3707.7 28425.7 75181.8 7.04692e+10 2.7526e+11 1624.18 1.72753e+08 2.5548e+06 1.00881e+11 1.3456e+11 9.58043 0.113653 0.182367 190.333 379.232 0.0276873 8.99455 -1.02872 -235.66 266.396 0.00208364 0.0552951 0.094829 58.0968 104.273 0.0120899 4.02261 0.614392 34.0175 68.2118 0.00102099 1.77944e+06 inf 
1335 226856 371700 3.51113e+08 7.12148e+08 53818.9 1.78977e+07 -2.36003e+06 -4.23563e+08 5.01387e+08 4126.09 35112.9 96724.1 7.49487e+10 3.03771e+11 1914.63 2.13157e+08 3.98532e+06 1.02351e+11 1.49418e+11 11.6792 0.127027 0.208132 196.604 398.764 0.0301356 10.0217 -1.32149 -237.172 280.749 0.00231039 0.0593751 0.104121 57.568 105.273 0.0128036 4.34987 0.696588 32.5621 69.613 0.00109629 1.78589e+06 inf 
1345 254745 426214 3.64486e+08 7.52786e+08 58891.4 2.00486e+07 -2.97362e+06 -4.28362e+08 5.3162e+08 4597.3 43313.2 124288 7.95932e+10 3.34882e+11 2255.54 2.62869e+08 6.01834e+06 1.03633e+11 1.6598e+11 14.2178 0.14147 0.236693 202.413 418.05 0.0327046 11.1338 -1.65136 -237.885 295.228 0.00255305 0.0635593 0.114011 56.8341 105.861 0.0135276 4.6926 0.784357 31.015 70.8182 0.0011737 1.80071e+06 inf 
1355 285535 487897 3.7739e+08 7.93696e+08 64359.8 2.24288e+07 -3.67132e+06 -4.31617e+08 5.62682e+08 5114.38 53324.2 159450 8.41893e+10 3.67652e+11 2654.08 3.23783e+08 8.82469e+06 1.04239e+11 1.83893e+11 17.28 0.157334 0.268839 207.947 437.338 0.0354632 12.3586 -2.02295 -237.828 310.046 0.0028181 0.0680323 0.124839 56.1015 106.381 0.0143109 5.06692 0.877608 29.5822 72.1058 0.00125691 1.81483e+06 inf 
1365 319224 557065 3.89825e+08 8.34872e+08 70205.4 2.50427e+07 -4.45977e+06 -4.33542e+08 5.94636e+08 5676.29 65308.6 203489 8.8629e+10 4.01691e+11 3110.74 3.97146e+08 1.26059e+07 1.04198e+11 2.03065e+11 20.8983 0.174504 0.304521 213.099 456.385 0.0383779 13.6896 -2.43794 -236.997 325.059 0.00310295 0.0724518 0.136032 55.1189 106.292 0.0150873 5.44926 0.973374 28.1534 73.0937 0.00134007 1.82932e+06 inf 
1375 357126 636587 4.02767e+08 8.78553e+08 76676.1 2.79981e+07 -5.36456e+06 -4.35186e+08 6.29174e+08 6304.91 79931.5 259623 9.31098e+10 4.38057e+11 3646.79 4.87336e+08 1.76889e+07 1.0372e+11 2.24156e+11 25.2604 0.193086 0.344181 217.763 475.004 0.0414562 15.1376 -2.90044 -235.291 340.173 0.00340886 0.0770324 0.148016 54.0443 105.894 0.0159086 5.85996 1.07297 26.7666 73.9977 0.0014273 1.84957e+06 inf 
1385 397528 723812 4.14155e+08 9.20111e+08 83411.2 3.11751e+07 -6.36557e+06 -4.34426e+08 6.63262e+08 6970.7 97059.1 328636 9.70811e+10 4.74102e+11 4249.55 5.94302e+08 2.42707e+07 1.02316e+11 2.46069e+11 30.3101 0.212955 0.387745 221.862 492.901 0.0446832 16.7004 -3.41002 -232.721 355.308 0.00373419 0.0815147 0.160323 52.7581 104.994 0.0167298 6.28192 1.17196 25.5219 74.6641 0.00151422 1.86672e+06 inf 
1395 443235 824359 4.26577e+08 9.65332e+08 90978.6 3.4801e+07 -7.5099e+06 -4.33903e+08 7.01006e+08 7721.94 117772 415683 1.01133e+11 5.12715e+11 4957.32 7.25369e+08 3.28498e+07 1.00595e+11 2.70311e+11 36.3577 0.234148 0.435485 225.349 509.957 0.0480614 18.3844 -3.96727 -229.219 370.322 0.00407928 0.0859667 0.17305 51.4145 103.905 0.017576 6.72361 1.27059 24.502 75.2317 0.00160193 1.89297e+06 inf 
1405 492463 935721 4.37798e+08 1.00961e+09 98988.3 3.87563e+07 -8.78394e+06 -4.31513e+08 7.39321e+08 8527.18 141985 522580 1.0462e+11 5.51122e+11 5756.71 8.81472e+08 4.37848e+07 9.80717e+10 2.95702e+11 43.356 0.256539 0.487446 228.062 525.936 0.0515661 20.1894 -4.57583 -224.789 385.136 0.00444207 0.0902889 0.186076 49.8751 102.412 0.0184334 7.18159 1.36771 23.6351 75.57 0.00168923 1.91964e+06 inf 
1415 546745 1.06136e+06 4.48878e+08 1.05537e+09 107756 4.31832e+07 -1.02188e+07 -4.28212e+08 7.80135e+08 9412.85 170491 654372 1.07741e+11 5.90241e+11 6673.94 1.06941e+09 5.76386e+07 9.49602e+10 3.22917e+11 51.5267 0.280068 0.543679 229.936 540.61 0.0551974 22.1204 -5.23454 -219.35 399.621 0.00482169 0.0943146 0.199029 48.1595 100.444 0.019286 7.6478 1.45764 22.9934 75.6054 0.00177358 1.95219e+06 inf 
1425 604775 1.19961e+06 4.58423e+08 1.09932e+09 117037 4.80083e+07 -1.17976e+07 -4.22713e+08 8.21267e+08 10357.6 203324 814092 1.10111e+11 6.27832e+11 7705.02 1.29205e+09 7.48246e+07 9.10113e+10 3.51022e+11 60.8698 0.304591 0.604175 230.882 553.666 0.058945 24.1791 -5.94178 -212.897 413.627 0.00521655 0.0981185 0.212098 46.3703 98.2737 0.0201513 8.13047 1.54279 22.629 75.5217 0.00185589 1.98553e+06 inf 
1435 668155 1.35417e+06 4.67825e+08 1.14485e+09 127145 5.33815e+07 -1.35608e+07 -4.16627e+08 8.65217e+08 11387.9 241097 1.00699e+06 1.11962e+11 6.65094e+11 8869.13 1.55622e+09 9.60108e+07 8.66484e+10 3.8071e+11 71.5495 0.329578 0.667965 230.762 564.716 0.0627163 26.3312 -6.68908 -205.508 426.781 0.00561724 0.101506 0.224806 44.4513 95.7243 0.0210119 8.61947 1.61709 22.5217 75.1599 0.00193377 2.02731e+06 inf 
1445 736050 1.52462e+06 4.75771e+08 1.18895e+09 137910 5.92713e+07 -1.55006e+07 -4.08521e+08 9.09945e+08 12489.2 284025 1.23803e+06 1.12979e+11 7.00165e+11 10166.9 1.86711e+09 1.2179e+08 8.16069e+10 4.11102e+11 83.5946 0.355224 0.735794 229.611 573.799 0.0665567 28.6049 -7.48074 -197.156 439.147 0.00602739 0.104348 0.236834 42.4656 93.0638 0.0218364 9.10204 1.67796 22.6658 74.5068 0.00200351 2.07207e+06 inf 
1455 809293 1.71336e+06 4.8301e+08 1.23322e+09 149542 6.57918e+07 -1.76433e+07 -3.99348e+08 9.56965e+08 13676.7 332306 1.51198e+06 1.13236e+11 7.32827e+11 11610.1 2.23162e+09 1.52771e+08 7.61543e+10 4.42378e+11 97.0672 0.380767 0.806125 227.253 580.221 0.0703583 30.9546 -8.30107 -187.891 450.246 0.00643478 0.106603 0.248071 40.4091 90.1917 0.022631 9.58003 1.72343 22.962 73.5831 0.00206474 2.12543e+06 inf 
1465 886401 1.91858e+06 4.8838e+08 1.2747e+09 161817 7.28817e+07 -1.9965e+07 -3.88133e+08 1.00425e+09 14928 385470 1.83184e+06 1.12463e+11 7.6098e+11 13188.9 2.65368e+09 1.89303e+08 7.02067e+10 4.73431e+11 111.859 0.406056 0.878894 223.724 583.934 0.0741277 33.3867 -9.14585 -177.802 460.044 0.00683846 0.108168 0.25827 38.2921 87.3068 0.0233855 10.0482 1.75273 23.4053 72.3636 0.00211603 2.18295e+06 inf 
1475 968333 2.14305e+06 4.92591e+08 1.31515e+09 174958 8.06707e+07 -2.24938e+07 -3.7562e+08 1.05321e+09 16258.4 443170 2.20009e+06 1.10748e+11 7.8448e+11 14898.7 3.13799e+09 2.31757e+08 6.39798e+10 5.04107e+11 127.837 0.430259 0.952219 218.873 584.359 0.0777388 35.8444 -9.99466 -166.899 467.97 0.00722408 0.108586 0.266163 36.1024 84.2136 0.0240122 10.4633 1.75589 23.9343 70.6641 0.00214811 2.25058e+06 inf 
1485 1.05535e+06 2.38878e+06 4.95757e+08 1.35527e+09 189004 8.92374e+07 -2.5264e+07 -3.62249e+08 1.10438e+09 17671.1 504855 2.61961e+06 1.08093e+11 8.03165e+11 16723 3.68872e+09 2.80789e+08 5.76803e+10 5.34067e+11 144.825 0.45262 1.0245 212.621 581.249 0.0810601 38.2722 -10.8352 -155.361 473.649 0.00757877 0.107969 0.271837 33.9314 81.3069 0.0245237 10.8286 1.73846 24.5106 68.6119 0.00216218 2.33165e+06 inf 
1495 1.1438e+06 2.64876e+06 4.96013e+08 1.38913e+09 203548 9.83997e+07 -2.81638e+07 -3.46339e+08 1.15369e+09 19115.6 568296 3.08418e+06 1.04186e+11 8.12947e+11 18632.2 4.30379e+09 3.35034e+08 5.11201e+10 5.61019e+11 162.35 0.473005 1.09536 205.12 574.459 0.0841747 40.692 -11.6468 -143.224 477.094 0.00790502 0.106201 0.27497 31.7905 78.6215 0.0248947 11.1329 1.70321 25.0373 66.2101 0.00215606 2.41816e+06 inf 
1505 1.23637e+06 2.92975e+06 4.95042e+08 1.4218e+09 219011 1.08426e+08 -3.12961e+07 -3.29723e+08 1.20484e+09 20629.8 632375 3.59039e+06 9.93321e+10 8.15623e+11 20583.4 4.98086e+09 3.94916e+08 4.47121e+10 5.85262e+11 179.967 0.489828 1.16071 196.127 563.293 0.0867681 42.9563 -12.399 -130.63 477.334 0.00817316 0.102979 0.274211 29.7967 76.3976 0.0250212 11.3172 1.65058 25.493 63.4243 0.00212117 2.52409e+06 inf 
1515 1.32767e+06 3.22053e+06 4.9072e+08 1.44691e+09 234600 1.18962e+08 -3.45255e+07 -3.1103e+08 1.25269e+09 22130.4 692670 4.11728e+06 9.32042e+10 8.07123e+11 22462.4 5.69716e+09 4.57935e+08 3.83685e+10 6.03554e+11 196.517 0.502506 1.21893 185.731 547.638 0.0887931 45.0255 -13.0675 -117.721 474.127 0.00837605 0.098256 0.26934 27.9367 74.6897 0.02485 11.3579 1.60136 25.7635 60.3428 0.00205444 2.6421e+06 inf 
1525 1.41969e+06 3.52627e+06 4.84578e+08 1.46833e+09 250799 1.30274e+08 -3.79067e+07 -2.91678e+08 1.30032e+09 23653.4 747255 4.65242e+06 8.62468e+10 7.89259e+11 24229.9 6.44334e+09 5.22836e+08 3.24086e+10 6.1616e+11 211.498 0.509642 1.26587 173.955 527.104 0.0900323 46.7661 -13.6078 -104.707 466.791 0.00849116 0.0922811 0.26023 26.4715 74.0998 0.0243372 11.2239 1.58604 25.8937 57.416 0.0019556 2.78566e+06 inf 
1535 1.50387e+06 3.82629e+06 4.74268e+08 1.47863e+09 266144 1.41649e+08 -4.12309e+07 -2.70613e+08 1.34087e+09 25056.2 788353 5.14384e+06 7.81761e+10 7.57754e+11 25631 7.15144e+09 5.844e+08 2.67902e+10 6.18573e+11 222.672 0.509932 1.29742 160.815 501.375 0.0902441 48.0302 -13.9806 -91.7593 454.662 0.00849603 0.0853432 0.246746 25.4277 74.5806 0.0233872 10.8629 1.64384 25.7733 55.0251 0.00182234 2.94916e+06 inf 
1545 1.58294e+06 4.1278e+06 4.6127e+08 1.48156e+09 281286 1.53431e+08 -4.45537e+07 -2.48828e+08 1.37745e+09 26389.9 814603 5.57461e+06 6.94868e+10 7.15103e+11 26620.8 7.80075e+09 6.40488e+08 2.16725e+10 6.11366e+11 229.695 0.502318 1.30988 146.376 470.147 0.0892611 48.6887 -14.1383 -78.961 437.11 0.00837437 0.0785915 0.230661 24.9907 76.7267 0.0219111 10.2392 1.83167 25.348 54.2299 0.0016612 3.15127e+06 inf 
1555 1.6451e+06 4.39876e+06 4.43474e+08 1.46946e+09 293973 1.64413e+08 -4.757e+07 -2.25964e+08 1.40157e+09 27451.1 817105 5.86687e+06 6.01722e+10 6.59036e+11 26846.8 8.2741e+09 6.83607e+08 1.71196e+10 5.90255e+11 229.902 0.485408 1.29791 130.852 433.582 0.0867403 48.5122 -14.0361 -66.6735 413.55 0.00809978 0.0740007 0.215698 25.1437 80.3941 0.0199403 9.3779 2.16669 24.6168 56.0185 0.00149298 3.38911e+06 inf 
1565 1.68577e+06 4.62333e+06 4.21087e+08 1.44128e+09 303143 1.73951e+08 -5.01409e+07 -2.02634e+08 1.4107e+09 28156.2 793056 5.97354e+06 5.06581e+10 5.91653e+11 26134.5 8.48948e+09 7.09138e+08 1.31987e+10 5.54904e+11 222.388 0.458332 1.25701 114.487 391.861 0.0824196 47.2944 -13.6325 -55.0928 383.548 0.00765521 0.0745033 0.209859 25.8049 85.475 0.0176794 8.44912 2.63783 23.5223 61.3235 0.00136433 3.67804e+06 inf 
1575 1.69371e+06 4.76588e+06 3.92839e+08 1.39051e+09 306473 1.80581e+08 -5.18986e+07 -1.78683e+08 1.3966e+09 28313.3 740077 5.84574e+06 4.12253e+10 5.14226e+11 24351.1 8.35917e+09 7.10836e+08 9.8904e+09 5.04577e+11 206.534 0.421166 1.18511 97.6853 345.772 0.076209 44.9042 -12.9054 -44.4323 347.286 0.00704053 0.0815484 0.221698 26.6245 91.1702 0.0157305 7.88953 3.19558 22.0265 69.7358 0.00133742 4.02148e+06 inf 
1585 1.6648e+06 4.80568e+06 3.59592e+08 1.31755e+09 302441 1.8325e+08 -5.27025e+07 -1.5509e+08 1.35703e+09 27832.8 662227 5.47926e+06 3.23756e+10 4.3179e+11 21577.6 7.85772e+09 6.88081e+08 7.21753e+09 4.42499e+11 183.466 0.37515 1.08292 81.0314 296.899 0.0681529 41.2941 -11.8761 -34.9483 305.797 0.00627192 0.092144 0.248971 27.0094 95.664 0.014749 8.09156 3.74327 20.1255 78.7509 0.00141621 4.43769e+06 inf 
1595 1.58884e+06 4.70296e+06 3.20734e+08 1.217e+09 288765 1.80225e+08 -5.21197e+07 -1.31789e+08 1.28407e+09 26538.5 564582 4.8858e+06 2.4398e+10 3.47979e+11 18036.3 6.99846e+09 6.38889e+08 5.10887e+09 3.71646e+11 154.878 0.322979 0.956013 65.1984 247.39 0.0586998 36.636 -10.5948 -26.7899 261.025 0.00539471 0.102237 0.281459 26.6227 97.648 0.0148572 8.96893 4.19787 17.9116 86.1041 0.00154288 4.91935e+06 inf 
1605 1.4699e+06 4.45796e+06 2.78394e+08 1.0941e+09 265824 1.71309e+08 -5.01561e+07 -1.09736e+08 1.18092e+09 24492.5 458287 4.1402e+06 1.76339e+10 2.68927e+11 14172.7 5.89389e+09 5.6942e+08 3.51581e+09 2.98565e+11 124.091 0.267946 0.812633 50.7479 199.441 0.0484564 31.2275 -9.14285 -20.0035 215.268 0.00446468 0.108375 0.307142 25.2804 96.153 0.0153457 9.96144 4.49517 15.5161 89.9135 0.00163918 5.48583e+06 inf 
1615 1.31181e+06 4.07195e+06 2.34085e+08 9.52564e+08 234435 1.56485e+08 -4.67595e+07 -8.93019e+07 1.05011e+09 21766.9 353065 3.32217e+06 1.21914e+10 1.98633e+11 10409.9 4.67422e+09 4.85929e+08 2.35299e+09 2.28603e+11 94.0346 0.214132 0.664681 38.2108 155.491 0.0382678 25.5438 -7.63275 -14.5771 171.415 0.0035531 0.108534 0.317001 23.0216 90.8088 0.0153244 10.5123 4.58928 13.0995 89.0668 0.00165081 6.12616e+06 inf 
1625 1.12655e+06 3.57461e+06 1.90156e+08 8.00784e+08 197352 1.36983e+08 -4.21217e+07 -7.08561e+07 9.00155e+08 18579.2 258177 2.52434e+06 8.05671e+09 1.40081e+11 7130.08 3.48966e+09 3.96803e+08 1.52742e+09 1.66668e+11 67.3935 0.164814 0.522968 27.8199 117.155 0.0288727 20.0407 -6.16244 -10.3663 131.693 0.00271815 0.102994 0.309544 20.1185 82.2712 0.0144742 10.4359 4.48073 10.7704 83.9077 0.00157206 6.83524e+06 inf 
1635 930210 3.01268e+06 1.49143e+08 6.49432e+08 158139 1.14759e+08 -3.66598e+07 -5.48838e+07 7.43116e+08 15213.9 179397 1.81742e+06 5.09842e+09 9.44495e+10 4536.44 2.45224e+09 3.10962e+08 9.67228e+08 1.15835e+11 45.6958 0.122505 0.39676 19.6416 85.5278 0.0208264 15.1134 -4.82796 -7.228 97.8657 0.00200362 0.0928351 0.286234 16.9012 71.5796 0.0127943 9.72307 4.2004 8.66813 75.3482 0.00141544 7.59322e+06 inf 
1645 739144 2.4396e+06 1.12986e+08 5.08206e+08 120552 9.20994e+07 -3.08412e+07 -4.14888e+07 5.91065e+08 11962.4 118863 1.24425e+06 3.09608e+09 6.10026e+10 2681.93 1.62865e+09 2.34322e+08 5.96581e+08 7.69432e+10 29.4252 0.0881485 0.290941 13.4744 60.6073 0.0143768 10.9835 -3.67805 -4.94786 70.489 0.00142661 0.0800324 0.252468 13.6993 60.0148 0.0106371 8.57849 3.79693 6.83121 64.8642 0.00121408 8.38522e+06 inf 
1655 565329 1.8984e+06 8.26821e+07 3.83735e+08 87212.4 7.08182e+07 -2.50931e+07 -3.06203e+07 4.52991e+08 9032.07 75352.4 812910 1.80872e+09 3.78407e+10 1469.64 1.02611e+09 1.70324e+08 3.59032e+08 4.89989e+10 18.0555 0.0615656 0.20674 9.00426 41.7896 0.00949762 7.71226 -2.7327 -3.33462 49.3317 0.000983612 0.0664509 0.213978 10.7655 48.7295 0.00835718 7.22954 3.32881 5.28959 53.8745 0.000999394 9.18256e+06 inf 
1665 417223 1.42317e+06 5.85633e+07 2.80132e+08 59860.6 5.23376e+07 -1.97882e+07 -2.20867e+07 3.35278e+08 6565.45 45842.1 508462 1.01858e+09 2.2589e+10 743.485 6.15783e+08 1.19664e+08 2.10762e+08 2.99945e+10 10.592 0.0416443 0.142051 5.84538 27.9608 0.00597488 5.22397 -1.97512 -2.20454 33.4652 0.000655317 0.0533047 0.17485 8.21577 38.378 0.00620567 5.84579 2.836 4.02205 43.2889 0.000792323 1.00187e+07 inf 
1675 298076 1.03132e+06 4.02608e+07 1.98281e+08 38943.3 3.73273e+07 -1.51698e+07 -1.56029e+07 2.404e+08 4610.11 26833.6 305443 5.53907e+08 1.30042e+10 344.961 3.53447e+08 8.14558e+07 1.21061e+08 1.76924e+10 5.95875 0.0272777 0.094379 3.68437 18.1452 0.0035638 3.41591 -1.38823 -1.42786 21.9996 0.000421883 0.0413707 0.138002 6.0922 29.3393 0.00434368 4.54713 2.35097 3.00662 33.6912 0.000606065 1.09275e+07 inf 
1685 206450 723549 2.68968e+07 1.36244e+08 23869.5 2.57455e+07 -1.13203e+07 -1.07996e+07 1.67221e+08 3131.51 15137.8 176577 2.91071e+08 7.22537e+09 144.93 1.94582e+08 5.37333e+07 6.78421e+07 1.00705e+10 3.22082 0.0173492 0.0608039 2.2603 11.4494 0.00200589 2.16354 -0.951308 -0.907555 14.0526 0.000263159 0.0311629 0.105554 4.39903 21.8198 0.00285583 3.41627 1.90014 2.20851 25.4717 0.000448789 1.18997e+07 inf 
1695 138729 491975 1.74658e+07 9.09159e+07 13637.8 1.72123e+07 -8.22611e+06 -7.31699e+06 1.12928e+08 2059.89 8191.68 97835.5 1.46957e+08 3.85366e+09 54.1193 1.02455e+08 3.41834e+07 3.6871e+07 5.50512e+09 1.6656 0.0106886 0.037905 1.34568 7.00477 0.00105075 1.32615 -0.633794 -0.563749 8.70069 0.000158708 0.0227353 0.0781096 3.08411 15.7431 0.0017509 2.47692 1.494 1.58839 18.6668 0.000321156 1.29791e+07 inf 
1705 90608.5 324793 1.10456e+07 5.90329e+07 7089.32 1.11816e+07 -5.83406e+06 -4.86514e+06 7.41767e+07 1314.16 4259.37 52026.9 7.1521e+07 1.97883e+09 17.9591 5.16219e+07 2.10443e+07 1.95767e+07 2.89592e+09 0.824579 0.00639436 0.022921 0.779503 4.16602 0.000500302 0.789101 -0.411717 -0.343339 5.23474 9.27422e-05 0.0161153 0.0560913 2.10706 11.0586 0.00100851 1.73791 1.147 1.12413 13.3029 0.000222689 1.41701e+07 inf 
1715 57548.4 208372 6.80338e+06 3.73056e+07 3181.52 7.07937e+06 -4.03755e+06 -3.17035e+06 4.74121e+07 813.741 2116.03 26415.7 3.33497e+07 9.72647e+08 6.0709 2.47636e+07 1.24606e+07 1.00786e+07 1.45737e+09 0.388483 0.00368488 0.0133423 0.435628 2.38872 0.000203716 0.4533 -0.258529 -0.203001 3.03585 5.21047e-05 0.0110414 0.0389026 1.39486 7.52155 0.000589259 1.1748 0.855002 0.777262 9.17062 0.000148863 1.56174e+07 inf 
1725 35336.7 129144 4.05858e+06 2.28151e+07 1014.7 4.35036e+06 -2.71321e+06 -2.01538e+06 2.9322e+07 485.951 998.099 12719.2 1.48196e+07 4.54869e+08 3.25044 1.12171e+07 7.06618e+06 5.00438e+06 6.97375e+08 0.172783 0.00204458 0.00747226 0.234829 1.32008 5.87103e-05 0.251711 -0.156986 -0.116609 1.69656 2.81171e-05 0.00731912 0.0260786 0.895721 4.95742 0.000429678 0.765285 0.619842 0.525314 6.12141 9.59512e-05 1.72831e+07 inf 
1735 21023.2 77496.7 2.35033e+06 1.35339e+07 -48.4912 2.60615e+06 -1.77478e+06 -1.25267e+06 1.75846e+07 280.372 447.91 5820.69 6.28836e+06 2.02817e+08 2.92429 4.80871e+06 3.8427e+06 2.40111e+06 3.17853e+08 0.0726415 0.00109522 0.00403726 0.122443 0.705063 -2.52619e-06 0.135769 -0.0924589 -0.0652588 0.916086 1.46062e-05 0.00470476 0.0169391 0.559111 3.17314 0.000390304 0.481748 0.437767 0.347605 3.9648 5.97577e-05 1.91954e+07 inf 
1745 12041.6 44747 1.31276e+06 7.73691e+06 -461.164 1.52175e+06 -1.1232e+06 -756224 1.01617e+07 155.213 189.06 2503.48 2.51366e+06 8.50428e+07 2.70503 1.93128e+06 1.97768e+06 1.09229e+06 1.36377e+08 0.0285239 0.000552858 0.00205445 0.0602721 0.355221 -2.11732e-05 0.0698675 -0.0515691 -0.0347201 0.466547 7.12623e-06 0.00289388 0.0105224 0.334328 1.9438 0.000351776 0.289462 0.296885 0.221234 2.4584 3.54799e-05 2.17806e+07 inf 
1755 6610.55 24748.4 704181 4.24365e+06 -529.979 868447 -685234 -441759 5.63377e+06 81.9951 74.2776 1002.06 934757 3.31201e+07 2.14226 721948 949984 464305 5.4501e+07 0.0103604 0.000263694 0.000987207 0.0280896 0.169278 -2.11408e-05 0.0346422 -0.0273338 -0.0176217 0.22473 3.27077e-06 0.001701 0.00624478 0.191045 1.13688 0.00029156 0.166127 0.192737 0.134946 1.45723 2.00643e-05 2.50691e+07 inf 
1765 3449.75 13003.7 359839 2.21516e+06 -446.891 483567 -400059 -247898 2.9726e+06 40.9372 26.472 363.875 315168 1.16792e+07 1.41831 245534 415306 180551 1.97785e+07 0.00338988 0.000118987 0.000448517 0.0124113 0.076404 -1.54139e-05 0.0166789 -0.0137986 -0.00855032 0.102529 1.41198e-06 0.000948102 0.00351417 0.103521 0.630075 0.000220639 0.090502 0.118887 0.0784496 0.819557 1.07204e-05 2.89928e+07 inf 
1775 1688.06 6403.31 172798 1.08546e+06 -315.018 263785 -220773 -131978 1.47279e+06 19.0118 8.09937 113.488 91097.1 3.52637e+06 0.760683 72200.1 156587 60913.1 6.17426e+06 0.000944485 4.86157e-05 0.000184414 0.00497656 0.031261 -9.07247e-06 0.00759696 -0.00635822 -0.00380096 0.0424161 5.47537e-07 0.000480518 0.00179845 0.0509786 0.317146 0.000147734 0.0449626 0.0668525 0.0417114 0.419546 5.18664e-06 3.47224e+07 inf 
1785 750.269 2862.9 75553.7 483735 -185.696 141186 -111723 -64700.8 664005 7.92886 1.89406 27.0594 20156.9 813940 0.302544 16408.2 45580.2 16076.2 1.47853e+06 0.000198537 1.69835e-05 6.48062e-05 0.00171028 0.0109501 -4.20351e-06 0.00319595 -0.00252902 -0.0014646 0.0150308 1.79482e-07 0.000206365 0.000779955 0.0212922 0.135296 8.26492e-05 0.0190055 0.0320216 0.0190201 0.182327 2.11234e-06 4.41764e+07 inf 
1795 285.624 1095.46 28425 185172 -85.3318 73762.8 -49191.6 -27782.4 257166 2.77545 0.292868 4.25544 2985.08 125340 0.080884 2502.66 9043.64 2967.18 235717 2.67279e-05 4.82066e-06 1.84888e-05 0.000479747 0.00312526 -1.4402e-06 0.00124494 -0.000830236 -0.000468901 0.00434036 4.6843e-08 7.01404e-05 0.000267357 0.00708172 0.0458876 3.69196e-05 0.0063788 0.0123266 0.0070611 0.0629246 6.70006e-07 5.92501e+07 inf 
1805 80.6359 310.429 7994.93 52902.1 -19.7488 37947.1 -16495.8 -9170.78 74273.3 0.690505 0.0252302 0.372004 251.051 10941.6 0.0128737 231.234 1058.15 333.177 21196.2 1.88114e-06 9.17374e-07 3.53167e-06 9.09562e-05 0.000601853 -2.24676e-07 0.000431714 -0.000187669 -0.000104334 0.000844988 7.8557e-09 1.69173e-05 6.49594e-05 0.00168756 0.0111408 1.21e-05 0.00156343 0.00346454 0.00194411 0.0155058 1.46081e-07 8.78986e+07 inf 
1815 17.0562 65.9052 1701.31 11421.7 3.47811 19087.9 -4296.55 -2342.9 16178.1 0.116604 0.00149985 0.0225269 14.7511 667.636 0.00145891 20.0056 88.543 28.9311 1322.96 8.55055e-08 1.21461e-07 4.69326e-07 1.21154e-05 8.13368e-05 2.47684e-08 0.000135929 -3.05967e-05 -1.66843e-05 0.000115208 8.30363e-10 3.26589e-06 1.2657e-05 0.000323882 0.00217894 3.22313e-06 0.000352118 0.000793472 0.000453593 0.00306721 2.4662e-08 1.40425e+08 inf 
1825 2.55255 9.93261 258.782 1762.27 5.33904 8146.73 -827.728 -569.114 2505.84 0.0103613 5.0491e-05 0.000785379 0.479244 22.7857 8.13413e-05 2.0658 3.8298 9.1308 46.1383 2.55223e-09 8.64791e-09 3.36512e-08 8.76739e-07 5.9705e-06 1.80884e-08 2.76007e-05 -2.8043e-06 -1.92813e-06 8.48967e-06 3.51035e-11 4.13505e-07 1.63086e-06 4.02851e-05 0.000277779 5.24646e-07 7.89748e-05 0.000113874 0.000175872 0.000395275 2.94034e-09 2.95164e+08 inf 
1835 0.189524 0.758999 19.6281 147.506 1.88886 2124.9 -87.8136 -344.339 195.961 2.23138e-05 9.12746e-07 1.48116e-05 0.00801824 0.406322 1.59172e-06 0.178929 0.0663438 69.3844 0.842841 4.82605e-11 1.39356e-10 5.58087e-10 1.44324e-08 1.0846e-07 1.38887e-09 1.56242e-06 -6.45688e-08 -2.5319e-07 1.44089e-07 1.64072e-14 2.59059e-08 1.04358e-07 2.42808e-06 1.72845e-05 3.41827e-08 1.13633e-05 6.98412e-06 0.000225871 2.48941e-05 1.88376e-10 1.36e+09 inf 
1845 0.0041565 0.0226785 -0.0639591 7.13175 0.000842067 153.485 -8.99051 343.524 6.87824 -0.000357796 2.90284e-09 4.75545e-08 2.67552e-05 0.0013545 7.07031e-08 0.007216 0.000435207 129.145 0.00280338 2.85087e-12 3.87272e-12 2.11302e-11 -5.95925e-11 6.64485e-09 7.84578e-13 1.43006e-07 -8.37671e-09 3.20071e-07 6.40865e-09 -3.33369e-13 1.64458e-09 6.65638e-09 1.57888e-07 1.12338e-06 8.11641e-09 2.589e-06 6.36729e-07 0.000346883 1.61615e-06 5.15376e-11 1.07327e+09 inf 
1855 1.07728e-07 6.09474e-07 1.45376e-05 0.000214745 0.000513276 0.454555 -0.000308063 -0.000104628 -5.5942e-05 -2.42992e-10 4.32091e-18 1.30484e-16 1.01733e-13 1.10731e-11 1.56486e-12 1.23019e-06 3.42654e-11 3.89887e-12 7.25052e-13 2.54762e-23 5.09804e-13 2.88424e-12 6.87966e-11 1.01625e-09 2.429e-09 2.15111e-06 -1.45786e-09 -4.95134e-10 -2.64737e-10 -1.14992e-15 4.49312e-12 2.46814e-11 6.90436e-10 7.16722e-09 1.22695e-09 1.09288e-06 1.26503e-08 4.2668e-09 1.83333e-09 1.09197e-14 211312 inf 
1865 0 0 0 0 0 0 0 0 0 0 0 0 0 0 0 0 0 0 0 0 0.0 0.0 0.0 0.0 0.0 0.0 0.0 0.0 0.0 0.0 0.0 0.0 0.0 0.0 0.0 0.0 0.0 0.0 0.0 0.0 0 -nan 
1875 0 0 0 0 0 0 0 0 0 0 0 0 0 0 0 0 0 0 0 0 0.0 0.0 0.0 0.0 0.0 0.0 0.0 0.0 0.0 0.0 0.0 0.0 0.0 0.0 0.0 0.0 0.0 0.0 0.0 0.0 0 -nan 
1885 0 0 0 0 0 0 0 0 0 0 0 0 0 0 0 0 0 0 0 0 0.0 0.0 0.0 0.0 0.0 0.0 0.0 0.0 0.0 0.0 0.0 0.0 0.0 0.0 0.0 0.0 0.0 0.0 0.0 0.0 0 -nan 
1895 0 0 0 0 0 0 0 0 0 0 0 0 0 0 0 0 0 0 0 0 0.0 0.0 0.0 0.0 0.0 0.0 0.0 0.0 0.0 0.0 0.0 0.0 0.0 0.0 0.0 0.0 0.0 0.0 0.0 0.0 0 -nan 
