255 0 0 0 0 0 0 0 0 0 0 0 0 0 0 0 0 0 0 0 0 0.0 0.0 0.0 0.0 0.0 0.0 0.0 0.0 0.0 0.0 0.0 0.0 0.0 0.0 0.0 0.0 0.0 0.0 0.0 0.0 0 -nan 
265 0 0 0 0 0 0 0 0 0 0 0 0 0 0 0 0 0 0 0 0 0.0 0.0 0.0 0.0 0.0 0.0 0.0 0.0 0.0 0.0 0.0 0.0 0.0 0.0 0.0 0.0 0.0 0.0 0.0 0.0 0 -nan 
275 0 0 0 0 0 0 0 0 0 0 0 0 0 0 0 0 0 0 0 0 0.0 0.0 0.0 0.0 0.0 0.0 0.0 0.0 0.0 0.0 0.0 0.0 0.0 0.0 0.0 0.0 0.0 0.0 0.0 0.0 0 -nan 
285 0 0 0 0 0 0 0 0 0 0 0 0 0 0 0 0 0 0 0 0 0.0 0.0 0.0 0.0 0.0 0.0 0.0 0.0 0.0 0.0 0.0 0.0 0.0 0.0 0.0 0.0 0.0 0.0 0.0 0.0 0 -nan 
295 3.88214e-10 2.36187e-05 4.01564 7.73468e-13 5.65692e-11 44.678 3.11763e-05 0.00751164 1.05666e-10 1.05257e-10 1.11318e-27 4.02348e-18 0.000712708 2.09992e-27 2.25645e-25 0.0451553 2.42152e-14 1.92196e-09 4.39182e-25 4.97932e-23 0.0 0.0 0.0 0.0 0.0 0.0 0.0 0.0 0.0 0.0 0.0 0.0 0.0 0.0 0.0 0.0 0.0 0.0 0.0 0.0 -1.35736e+08 -inf 
305 3.64836e-08 0.00146373 37.7468 6.59355e-12 5.76923e-08 584.144 0.00300245 0.557368 8.27576e-10 2.54681e-06 1.11598e-23 1.47874e-14 0.00595634 2.0983e-25 2.6697e-18 7.24693 1.1857e-10 4.06977e-06 1.762e-22 3.17884e-16 1.09438e-16 4.39067e-12 1.13227e-07 1.97783e-20 1.73056e-16 1.75223e-06 9.00628e-12 1.67191e-09 2.48244e-18 7.63952e-15 1.46625e-16 5.0079e-12 4.22541e-06 2.50882e-17 8.94882e-14 0.000147428 5.96312e-10 1.10477e-07 7.27003e-16 9.76463e-13 3.33373e+08 inf 
315 2.50427e-07 0.00599904 43.2747 7.39397e-12 5.48281e-07 612.054 0.00779104 1.3343 6.50454e-10 1.0331e-05 1.13579e-21 4.63724e-13 0.00761589 4.55649e-27 8.75013e-17 4.98289 1.15327e-09 2.7016e-05 2.28792e-22 9.95032e-15 2.39358e-15 5.73389e-11 4.1362e-07 7.06716e-20 5.24047e-15 5.85002e-06 7.44668e-11 1.27533e-08 6.21704e-18 9.8744e-14 2.2642e-15 3.38309e-11 8.52183e-06 6.59894e-18 9.145e-13 0.000218156 3.31925e-09 5.07992e-07 1.47877e-15 9.75169e-12 1.04624e+08 inf 
325 1.21528e-06 0.0175643 49.2637 1.14651e-11 2.13683e-06 628.435 0.0128004 2.10371 5.52867e-10 1.62065e-05 5.49351e-20 6.03913e-12 0.00915924 1.0192e-26 7.97554e-16 3.9764 2.2041e-09 4.51073e-05 2.08525e-23 1.21108e-14 1.87866e-14 2.71522e-10 7.61553e-07 1.77236e-19 3.30326e-14 9.71479e-06 1.97878e-10 3.25206e-08 8.54661e-18 2.50531e-13 2.22775e-14 1.40117e-10 1.18748e-05 1.25509e-17 3.51113e-12 0.000247741 5.83381e-09 8.34411e-07 5.67697e-16 1.36805e-11 6.46885e+07 inf 
335 4.95239e-06 0.0441946 47.6184 1.47515e-11 5.75998e-06 590.76 0.0166332 2.63521 5.23815e-10 2.48924e-05 1.82478e-18 5.24813e-11 0.00950928 1.45588e-26 2.8529e-15 1.91989 1.32187e-08 3.88785e-05 4.84019e-24 3.75092e-14 1.04949e-13 9.3655e-10 1.00911e-06 3.12606e-19 1.22063e-13 1.25191e-05 3.52483e-10 5.58442e-08 1.11004e-17 5.27507e-13 1.663e-13 4.84799e-10 1.41597e-05 1.75621e-17 7.77447e-12 0.000201317 1.67332e-08 9.05967e-07 3.20075e-16 2.81886e-11 4.71887e+07 inf 
345 1.73158e-05 0.098784 50.7939 1.88869e-11 9.85155e-06 592.543 0.0191868 3.2606 5.39356e-10 3.67915e-05 4.75018e-17 3.40993e-10 0.0106454 3.09586e-26 6.31093e-15 3.12336 8.93907e-08 9.89066e-05 1.7203e-23 2.3021e-14 4.63045e-13 2.6416e-09 1.35829e-06 5.05057e-19 2.63442e-13 1.58453e-05 5.13078e-10 8.71921e-08 1.4423e-17 9.83845e-13 1.02754e-12 1.46305e-09 1.68174e-05 2.87683e-17 1.29882e-11 0.000288567 4.88891e-08 1.62397e-06 6.78101e-16 2.47919e-11 3.73956e+07 inf 
355 5.18918e-05 0.192901 47.5014 2.26244e-11 1.4562e-05 562.698 0.0148243 3.67385 5.64674e-10 4.84383e-05 5.69436e-16 1.76729e-09 0.0100985 7.14914e-26 1.21118e-14 4.4732 3.99787e-07 0.000194954 3.51114e-23 6.7232e-14 1.83963e-12 6.8386e-09 1.68398e-06 8.02064e-19 5.16241e-13 1.99484e-05 5.2554e-10 1.30243e-07 2.00184e-17 1.7172e-12 4.09915e-12 3.98577e-09 1.88459e-05 5.0337e-17 2.0715e-11 0.000397722 1.19049e-07 2.62572e-06 1.1155e-15 4.87905e-11 2.82077e+07 inf 
365 0.000150719 0.37503 46.2744 2.85275e-11 2.15152e-05 531.878 -0.00348343 3.99261 5.89922e-10 6.48833e-05 9.73959e-15 8.30401e-09 0.0103017 1.18472e-25 2.14615e-14 2.1472 2.13203e-06 0.000123362 8.97786e-23 8.30605e-14 6.40984e-12 1.59495e-08 1.96798e-06 1.21324e-18 9.15009e-13 2.262e-05 -1.48145e-10 1.698e-07 2.50885e-17 2.75939e-12 1.93164e-11 9.9384e-09 2.08385e-05 7.09715e-17 3.01975e-11 0.00030134 3.01118e-07 2.2842e-06 1.95385e-15 5.93703e-11 2.35136e+07 inf 
375 0.000415686 0.712582 46.451 3.80722e-11 2.88946e-05 521.265 -0.0329903 4.40423 7.12844e-10 7.93624e-05 7.75159e-14 3.43388e-08 0.0106069 2.55861e-25 3.56175e-14 1.66468 6.31456e-06 0.000117947 2.99962e-22 8.54329e-14 1.99835e-11 3.42564e-08 2.23307e-06 1.83027e-18 1.38907e-12 2.50591e-05 -1.58596e-09 2.11728e-07 3.4269e-17 3.81524e-12 5.76813e-11 2.1847e-08 2.24705e-05 1.10891e-16 4.13562e-11 0.000281779 5.50964e-07 2.37177e-06 3.79725e-15 6.39728e-11 2.08014e+07 inf 
385 0.00104573 1.25668 47.2538 4.78971e-11 3.67589e-05 506.037 -0.100556 4.73075 1.11493e-09 9.57107e-05 5.87388e-13 1.26363e-07 0.0109926 3.8573e-25 5.12374e-14 2.01075 2.1202e-05 0.000173443 2.66832e-21 2.86708e-13 5.87864e-11 7.06448e-08 2.65639e-06 2.69256e-18 2.06642e-12 2.84471e-05 -5.65278e-09 2.65941e-07 6.26761e-17 5.38042e-12 1.71943e-10 4.59659e-08 2.47163e-05 1.4723e-16 5.36289e-11 0.000335001 1.09172e-06 3.11118e-06 1.22473e-14 1.2684e-10 1.77887e+07 inf 
395 0.00258176 2.22981 45.8452 5.89764e-11 4.52566e-05 492.061 -0.203776 5.02572 1.61152e-09 0.000110223 3.12338e-12 4.30535e-07 0.0106882 5.6604e-25 6.92231e-14 1.45492 4.57666e-05 0.00015187 3.85682e-21 1.96323e-13 1.57749e-10 1.36244e-07 2.8012e-06 3.60354e-18 2.76524e-12 3.00656e-05 -1.2451e-08 3.07078e-07 9.84662e-17 6.73475e-12 4.07379e-10 8.79983e-08 2.54011e-05 1.85938e-16 6.49768e-11 0.000296637 1.6722e-06 3.0307e-06 1.53508e-14 1.09317e-10 1.63663e+07 inf 
405 0.00609352 3.86371 44.2028 7.48016e-11 5.36352e-05 479.641 -0.405145 5.2939 3.01044e-09 0.000124478 1.66512e-11 1.36267e-06 0.0104112 9.32957e-25 9.78625e-14 0.79224 0.000135679 9.77717e-05 1.93925e-20 5.26152e-13 3.90112e-10 2.47357e-07 2.82989e-06 4.78885e-18 3.43377e-12 3.0707e-05 -2.59377e-08 3.38919e-07 1.92731e-16 7.96916e-12 9.55945e-10 1.61412e-07 2.56617e-05 2.44347e-16 7.90787e-11 0.000223107 2.94713e-06 2.47882e-06 3.52347e-14 1.83361e-10 1.56199e+07 inf 
415 0.0131014 6.16459 42.7938 9.5316e-11 6.42245e-05 424.735 -0.700708 5.05352 5.13408e-09 0.00013889 8.8469e-11 3.95722e-06 0.0103061 1.50736e-24 1.43292e-13 0.785606 0.000310309 0.000113584 6.23157e-20 1.5639e-12 9.55317e-10 4.49506e-07 3.12041e-06 6.95019e-18 4.68308e-12 3.09705e-05 -5.10938e-08 3.6849e-07 3.74364e-16 1.01275e-11 2.35336e-09 2.941e-07 2.72353e-05 3.31459e-16 1.02111e-10 0.000237329 4.7565e-06 2.8542e-06 6.74074e-14 3.37539e-10 1.37141e+07 inf 
425 0.0272734 9.71305 40.1316 1.11521e-10 7.26513e-05 383.781 -1.06765 4.88472 8.16618e-09 0.000153467 3.58258e-10 1.07527e-05 0.00995012 2.02778e-24 1.79967e-13 0.902021 0.000585893 0.000147516 1.69815e-19 3.07154e-12 2.20103e-09 7.83868e-07 3.23872e-06 9.00004e-18 5.86314e-12 3.0972e-05 -8.61617e-08 3.94209e-07 6.59031e-16 1.23851e-11 4.90589e-09 5.0331e-07 2.81515e-05 4.04433e-16 1.20372e-10 0.000268023 6.87572e-06 3.42776e-06 1.17064e-13 4.97723e-10 1.23912e+07 inf 
435 0.0543805 14.8256 37.7132 1.22522e-10 7.78398e-05 351.475 -1.70041 4.7619 1.48326e-08 0.000170799 1.4371e-09 2.78638e-05 0.00942903 2.05529e-24 2.00015e-13 0.742135 0.00135066 0.000138264 5.90617e-19 8.90088e-12 4.89095e-09 1.33341e-06 3.3919e-06 1.10196e-17 7.00086e-12 3.16115e-05 -1.52934e-07 4.28282e-07 1.33403e-15 1.53616e-11 1.02631e-08 8.53276e-07 2.89229e-05 4.29803e-16 1.33941e-10 0.000256414 1.10206e-05 3.50028e-06 2.30473e-13 8.94597e-10 1.11186e+07 inf 
445 0.105876 22.4568 35.8467 1.50366e-10 8.73929e-05 328.276 -2.54267 4.71522 2.47744e-08 0.000203327 4.98513e-09 6.86615e-05 0.00923376 3.19231e-24 2.63418e-13 0.617058 0.0024999 0.000133257 1.40698e-18 1.08755e-11 1.03524e-08 2.1958e-06 3.50505e-06 1.47026e-17 8.54518e-12 3.20984e-05 -2.48619e-07 4.61049e-07 2.42242e-15 1.98811e-11 1.95004e-08 1.37553e-06 2.98426e-05 5.58502e-16 1.60261e-10 0.000243526 1.56325e-05 3.5801e-06 3.70901e-13 1.03102e-09 1.02272e+07 inf 
455 0.201491 33.6902 34.7262 1.78005e-10 9.66253e-05 315.937 -3.66558 4.78928 3.80029e-08 0.000229162 1.65207e-08 0.000162933 0.0092788 4.50957e-24 3.29226e-13 0.657371 0.00422615 0.000164235 2.94465e-18 2.51613e-11 2.09781e-08 3.50763e-06 3.61549e-06 1.85329e-17 1.00601e-11 3.28936e-05 -3.81639e-07 4.98633e-07 3.95664e-15 2.3859e-11 3.57765e-08 2.15876e-06 3.08704e-05 6.84958e-16 1.84867e-10 0.000259538 2.09728e-05 4.10495e-06 5.53683e-13 1.61836e-09 9.60482e+06 inf 
465 0.369559 49.275 32.8344 2.28634e-10 0.000108709 301.04 -5.43787 4.80231 6.73166e-08 0.000300075 5.25542e-08 0.000369709 0.00922446 6.90157e-24 4.42785e-13 0.662279 0.00865244 0.000176661 8.04985e-18 4.20593e-11 4.12282e-08 5.49714e-06 3.66302e-06 2.55065e-17 1.21276e-11 3.35842e-05 -6.06651e-07 5.35748e-07 7.50986e-15 3.34764e-11 6.45229e-08 3.3206e-06 3.18695e-05 8.77092e-16 2.21924e-10 0.000269734 3.10629e-05 4.40696e-06 9.47622e-13 2.16588e-09 8.96376e+06 inf 
475 0.650605 69.7536 30.2981 2.42277e-10 0.00011029 275.242 -7.47644 4.61319 9.93869e-08 0.00037469 1.63352e-07 0.000802662 0.00864561 8.31001e-24 4.73751e-13 0.630556 0.013462 0.00018494 1.62811e-17 6.2078e-11 7.92978e-08 8.50179e-06 3.69283e-06 2.95296e-17 1.34425e-11 3.35474e-05 -9.11253e-07 5.62271e-07 1.21136e-14 4.56685e-11 1.16712e-07 5.05476e-06 3.22509e-05 1.00597e-15 2.3992e-10 0.000275189 4.04964e-05 4.71433e-06 1.40863e-12 2.75031e-09 8.20457e+06 inf 
485 1.1261 98.1917 28.6783 2.77532e-10 0.000116954 258.735 -10.4193 4.53898 1.58685e-07 0.000496581 4.71492e-07 0.00168584 0.00847038 1.39196e-23 5.59493e-13 0.596119 0.0240473 0.000185647 4.00592e-17 1.09311e-10 1.46982e-07 1.28163e-05 3.74317e-06 3.62242e-17 1.52652e-11 3.37708e-05 -1.35996e-06 5.9244e-07 2.0712e-14 6.48152e-11 1.99842e-07 7.46888e-06 3.30389e-05 1.34741e-15 2.69803e-10 0.000276887 5.60078e-05 4.88674e-06 2.28653e-12 3.77669e-09 7.6615e+06 inf 
495 1.91265 136.937 27.8945 3.34338e-10 0.000127355 253.425 -14.2661 4.64268 2.45363e-07 0.000652679 1.33827e-06 0.00345268 0.00860825 2.29881e-23 6.96074e-13 0.519043 0.0402925 0.000183504 8.36235e-17 1.9883e-10 2.65513e-07 1.90095e-05 3.87229e-06 4.64125e-17 1.76793e-11 3.51803e-05 -1.9804e-06 6.44492e-07 3.4061e-14 9.06043e-11 3.3953e-07 1.08598e-05 3.4351e-05 1.78579e-15 3.10348e-10 0.000266112 7.47626e-05 5.00585e-06 3.40696e-12 5.25292e-09 7.20362e+06 inf 
505 3.17425 188.186 26.8468 3.98884e-10 0.000137979 246.681 -19.4801 4.71716 3.59223e-07 0.000888138 3.64893e-06 0.00686091 0.00872058 3.6149e-23 8.343e-13 0.714922 0.060042 0.000274872 1.43209e-16 3.47226e-10 4.68423e-07 2.77705e-05 3.96177e-06 5.8863e-17 2.03615e-11 3.64026e-05 -2.87467e-06 6.96109e-07 5.30103e-14 1.31062e-10 5.64846e-07 1.55325e-05 3.56538e-05 2.3089e-15 3.50289e-10 0.000322762 9.40856e-05 6.33073e-06 4.59679e-12 7.157e-09 6.77647e+06 inf 
515 5.13244 254.055 25.8259 4.79554e-10 0.000146143 236.034 -25.8556 4.702 5.32235e-07 0.00118816 9.39423e-06 0.0132192 0.00868474 8.53142e-23 9.23059e-13 1.01287 0.100162 0.000415668 3.44001e-16 5.72329e-10 8.10013e-07 4.00955e-05 4.0759e-06 7.56842e-17 2.30646e-11 3.72514e-05 -4.08059e-06 7.4208e-07 8.39985e-14 1.87517e-10 9.09119e-07 2.18779e-05 3.67972e-05 3.66862e-15 3.80982e-10 0.000398077 0.000125663 8.06541e-06 7.36776e-12 9.50216e-09 6.33624e+06 inf 
525 8.15753 339.94 25.021 5.95537e-10 0.000158281 222.676 -34.0825 4.62011 7.70663e-07 0.00160298 2.36052e-05 0.0247962 0.00883383 1.65173e-22 1.10592e-12 0.778163 0.153684 0.000354826 6.34309e-16 9.55719e-10 1.3618e-06 5.67487e-05 4.17693e-06 9.94174e-17 2.64229e-11 3.7173e-05 -5.68964e-06 7.71269e-07 1.28652e-13 2.67597e-10 1.44433e-06 3.0315e-05 3.81739e-05 5.25011e-15 4.28861e-10 0.000358501 0.000160073 7.65761e-06 1.02895e-11 1.26283e-08 5.99027e+06 inf 
535 12.8611 454.52 23.7978 7.37517e-10 0.000166104 216.862 -45.1121 4.68326 1.10092e-06 0.00218465 5.76558e-05 0.0457089 0.00880992 3.13811e-22 1.28562e-12 0.896537 0.226668 0.000448497 1.10283e-15 1.57578e-09 2.23131e-06 7.88561e-05 4.12876e-06 1.27954e-16 2.8818e-11 3.76241e-05 -7.82666e-06 8.12515e-07 1.91002e-13 3.79022e-10 2.24146e-06 4.13751e-05 3.88769e-05 7.37752e-15 4.71398e-10 0.000392591 0.000198152 8.78356e-06 1.3831e-11 1.65301e-08 5.76391e+06 inf 
545 19.9633 602.721 22.4446 9.26399e-10 0.000172679 209.477 -58.5362 4.70551 1.54023e-06 0.00290498 0.000135184 0.082344 0.00864133 5.9232e-22 1.43078e-12 1.10443 0.332484 0.000582276 1.91193e-15 2.49677e-09 3.57246e-06 0.000107858 4.01649e-06 1.6578e-16 3.0901e-11 3.74862e-05 -1.04751e-05 8.42056e-07 2.75625e-13 5.19849e-10 3.38068e-06 5.56982e-05 3.91183e-05 1.02941e-14 5.05059e-10 0.000442983 0.000243698 1.0173e-05 1.8495e-11 2.11312e-08 5.58812e+06 inf 
555 30.3871 788.362 21.6293 1.22034e-09 0.000180091 211.55 -75.4415 4.94094 2.20435e-06 0.00402285 0.000313102 0.145013 0.00856318 1.48054e-21 1.52031e-12 1.1838 0.512034 0.000683256 3.93801e-15 4.32265e-09 5.62857e-06 0.000146028 4.00637e-06 2.26042e-16 3.33581e-11 3.91852e-05 -1.3974e-05 9.15206e-07 4.0831e-13 7.45149e-10 5.12979e-06 7.44081e-05 3.96245e-05 1.65586e-14 5.29616e-10 0.000466624 0.00030765 1.12125e-05 2.70049e-11 2.82865e-08 5.39872e+06 inf 
565 45.4515 1018.94 20.564 1.55902e-09 0.000188524 217.805 -96.7906 5.29165 3.00364e-06 0.00546351 0.000696295 0.249945 0.00856417 2.45456e-21 1.71209e-12 1.42231 0.70857 0.000864537 6.08987e-15 6.49521e-09 8.74626e-06 0.000196076 3.95714e-06 3.00004e-16 3.62778e-11 4.19123e-05 -1.86255e-05 1.01827e-06 5.77992e-13 1.05135e-09 7.5823e-06 9.82407e-05 4.04023e-05 2.17311e-14 5.72837e-10 0.000521478 0.000368787 1.28579e-05 3.42278e-11 3.5338e-08 5.19668e+06 inf 
575 67.1579 1309.09 20.0606 2.14828e-09 0.000198645 228.876 -124.228 5.77124 4.21501e-06 0.00751207 0.00151394 0.423265 0.00872356 5.36192e-21 1.97949e-12 1.65231 1.04526 0.00109983 1.09961e-14 1.06802e-08 1.3343e-05 0.000260092 3.98567e-06 4.26824e-16 3.94672e-11 4.54734e-05 -2.46819e-05 1.14664e-06 8.37446e-13 1.49251e-09 1.10795e-05 0.000128248 4.14406e-05 3.26364e-14 6.25883e-10 0.000571153 0.000455045 1.47378e-05 4.67336e-11 4.60405e-08 5.03317e+06 inf 
585 97.2352 1656.63 20.0277 2.78537e-09 0.000214131 239.101 -155.601 6.25901 5.5485e-06 0.00985249 0.00319776 0.700702 0.00904829 8.86678e-21 2.29715e-12 2.23338 1.39011 0.00154732 1.6643e-14 1.59587e-08 2.01022e-05 0.000342487 4.14047e-06 5.7584e-16 4.42691e-11 4.94311e-05 -3.21687e-05 1.29397e-06 1.14708e-12 2.03688e-09 1.60312e-05 0.000166024 4.30521e-05 4.28108e-14 6.87713e-10 0.000677703 0.00053512 1.78386e-05 5.86465e-11 5.74031e-08 4.83705e+06 inf 
595 139.168 2081.56 20.1411 4.16208e-09 0.000233686 263.238 -200.972 7.14794 8.07257e-06 0.0137372 0.00660808 1.14254 0.00955041 2.00405e-20 2.68835e-12 2.70292 2.17135 0.0020193 3.23926e-14 2.7724e-08 2.99005e-05 0.000447227 4.32737e-06 8.94232e-16 5.02081e-11 5.65573e-05 -4.31793e-05 1.53575e-06 1.73441e-12 2.95148e-09 2.29286e-05 0.000213223 4.5091e-05 6.56121e-14 7.58339e-10 0.000759953 0.000681655 2.07724e-05 8.34064e-11 7.71223e-08 4.65436e+06 inf 
605 197.855 2611.48 19.2945 5.25077e-09 0.000249042 288.082 -247.207 8.08717 1.02212e-05 0.017598 0.0134068 1.83878 0.00971457 3.08648e-20 3.15751e-12 3.69197 2.70709 0.00289914 4.34956e-14 3.82109e-08 4.3729e-05 0.000577179 4.2644e-06 1.1605e-15 5.50423e-11 6.36708e-05 -5.46366e-05 1.78739e-06 2.25904e-12 3.88943e-09 3.24175e-05 0.000270675 4.61399e-05 8.25849e-14 8.33565e-10 0.000901072 0.000771573 2.525e-05 9.8021e-11 9.18155e-08 4.52456e+06 inf 
615 277.614 3249.8 18.3265 7.47728e-09 0.000257644 325.397 -307.818 9.43792 1.39879e-05 0.0234171 0.0264438 2.90866 0.00966315 6.34192e-20 3.4346e-12 4.32334 3.92715 0.00363228 7.76229e-14 6.28605e-08 6.30463e-05 0.000738032 4.16197e-06 1.69809e-15 5.85112e-11 7.38978e-05 -6.99056e-05 2.14336e-06 3.17666e-12 5.31804e-09 4.50619e-05 0.000340394 4.66603e-05 1.19999e-13 8.81235e-10 0.000988116 0.000941792 2.86409e-05 1.32733e-10 1.19362e-07 4.40334e+06 inf 
625 385.332 4016.79 17.2357 1.05883e-08 0.000258813 376.075 -386.579 11.2478 1.92072e-05 0.0313408 0.0511181 4.54241 0.00925986 1.15598e-19 3.29291e-12 5.62914 5.62894 0.00506493 1.31167e-13 1.01108e-07 9.00062e-05 0.000938245 4.02592e-06 2.47322e-15 6.04538e-11 8.7844e-05 -9.02975e-05 2.62726e-06 4.48644e-12 7.3206e-09 6.19604e-05 0.000425107 4.63327e-05 1.64303e-13 8.74932e-10 0.0011433 0.00114309 3.42953e-05 1.7498e-10 1.53504e-07 4.28117e+06 inf 
635 526.926 4910.28 16.8449 1.38875e-08 0.000274653 437.378 -478.117 13.4701 2.50269e-05 0.0409408 0.0966826 6.96995 0.00956329 1.86458e-19 3.73908e-12 6.80828 7.32357 0.00644962 1.86413e-13 1.42372e-07 0.000127072 0.00118415 4.06227e-06 3.34907e-15 6.62347e-11 0.000105477 -0.000115301 3.24841e-06 6.03542e-12 9.87317e-09 8.46664e-05 0.000527866 4.78514e-05 2.12025e-13 9.47269e-10 0.001277 0.00132395 3.93042e-05 2.1194e-10 1.85031e-07 4.14667e+06 inf 
645 712.895 5963.77 16.262 1.88209e-08 0.000289438 516.253 -584.505 16.3192 3.27607e-05 0.0529452 0.178987 10.5386 0.00952212 3.27103e-19 4.12983e-12 8.35466 9.88845 0.00838409 2.93192e-13 2.13094e-07 0.00017731 0.0014833 4.04467e-06 4.6811e-15 7.19887e-11 0.000128402 -0.000145377 4.0589e-06 8.1482e-12 1.31685e-08 0.000114361 0.000648814 4.84971e-05 2.85193e-13 1.01093e-09 0.00143578 0.00156151 4.54841e-05 2.69918e-10 2.29841e-07 4.02061e+06 inf 
655 953.685 7186.92 15.4974 2.54339e-08 0.000304253 610.806 -713.978 19.8003 4.2645e-05 0.0683129 0.324294 15.7087 0.00942498 5.31345e-19 4.75566e-12 10.0737 13.1349 0.0107106 4.31152e-13 3.09165e-07 0.000245007 0.00184636 3.98138e-06 6.53411e-15 7.81644e-11 0.00015692 -0.000183425 5.0868e-06 1.09557e-11 1.755e-08 0.000152593 0.00079158 4.90457e-05 3.69409e-13 1.10256e-09 0.00160105 0.00182778 5.22087e-05 3.32634e-10 2.8128e-07 3.89248e+06 inf 
665 1269.02 8642.1 14.9617 3.67091e-08 0.00032737 737.048 -883.561 24.4989 5.76833e-05 0.0899876 0.580851 23.2053 0.00948926 1.06299e-18 5.72613e-12 13.1517 18.5952 0.01477 7.45993e-13 4.92442e-07 0.000334564 0.00227839 3.94448e-06 9.67795e-15 8.63075e-11 0.000194315 -0.000232941 6.45887e-06 1.52076e-11 2.37242e-08 0.000202983 0.000962681 4.98616e-05 5.29295e-13 1.22564e-09 0.00185191 0.00220185 6.20664e-05 4.43217e-10 3.59533e-07 3.79306e+06 inf 
675 1670.69 10319.5 14.5929 4.71901e-08 0.00034983 873.149 -1064.69 29.7061 7.28064e-05 0.113736 1.01633 33.7804 0.00957691 1.50484e-18 6.68245e-12 16.4487 23.4699 0.0193162 9.92299e-13 6.69057e-07 0.000451962 0.00279167 3.94772e-06 1.27661e-14 9.46374e-11 0.000236208 -0.000288025 8.03622e-06 1.96959e-11 3.07684e-08 0.000265841 0.00115974 5.07464e-05 6.37912e-13 1.3412e-09 0.00209618 0.00250324 7.18394e-05 5.17738e-10 4.24322e-07 3.69653e+06 inf 
685 2178.75 12246.6 13.4583 6.31255e-08 0.000363955 1042.56 -1292.44 36.2799 9.39678e-05 0.145403 1.74704 48.5725 0.00892796 2.48317e-18 7.47805e-12 21.1969 30.7849 0.0260566 1.4632e-12 9.61491e-07 0.000604863 0.00339989 3.73629e-06 1.75248e-14 1.01041e-10 0.000289434 -0.000358806 1.0072e-05 2.60872e-11 4.03665e-08 0.000345183 0.00138759 4.96448e-05 8.30101e-13 1.4373e-09 0.0024085 0.00290133 8.44534e-05 6.36814e-10 5.15071e-07 3.60206e+06 inf 
695 2820.65 14465 12.0846 8.68278e-08 0.000385992 1254.77 -1564.5 44.6632 0.000122439 0.186467 2.96396 69.1016 0.008357 4.16972e-18 9.16172e-12 27.6052 41.1089 0.035603 2.21741e-12 1.42545e-06 0.000802204 0.00411389 3.43692e-06 2.46941e-14 1.09777e-10 0.000356861 -0.000444951 1.27024e-05 3.4822e-11 5.30318e-08 0.000446576 0.00165186 4.86307e-05 1.0887e-12 1.61046e-09 0.00277915 0.00339021 9.98212e-05 7.93365e-10 6.345e-07 3.51613e+06 inf 
705 3622.03 17002.2 11.0114 1.15974e-07 0.000419137 1495.63 -1882.95 54.4069 0.000157764 0.23681 4.93571 97.21 0.00791327 6.13751e-18 1.10989e-11 35.7719 54.0414 0.0481421 3.12432e-12 2.04782e-06 0.00105382 0.00494679 3.20375e-06 3.37426e-14 1.21947e-10 0.000435151 -0.000547843 1.58296e-05 4.59013e-11 6.88997e-08 0.000570519 0.00195255 4.78758e-05 1.33588e-12 1.79286e-09 0.00319663 0.00392723 0.000117287 9.52318e-10 7.68806e-07 3.43703e+06 inf 
715 4616.2 19882.6 9.87169 1.5656e-07 0.000465365 1800.42 -2273.82 66.883 0.000203207 0.30174 8.10306 135.331 0.0072348 1.05299e-17 1.40431e-11 46.4312 70.9542 0.0651931 4.68084e-12 2.95441e-06 0.00137294 0.00591344 2.93602e-06 4.65638e-14 1.38408e-10 0.000535477 -0.000676275 1.98922e-05 6.04375e-11 8.97428e-08 0.000724589 0.00229805 4.62941e-05 1.76907e-12 2.039e-09 0.00367733 0.00454376 0.000137818 1.17835e-09 9.33081e-07 3.36227e+06 inf 
725 5849.19 23178.7 8.65728 2.11332e-07 0.000524009 2136.29 -2705.25 81.0188 0.000259013 0.378158 13.1019 186.469 0.00632815 1.85958e-17 1.94306e-11 60.3446 93.7002 0.0883178 7.33496e-12 4.35515e-06 0.00177121 0.0070188 2.62153e-06 6.39939e-14 1.58676e-10 0.000646895 -0.000819185 2.45335e-05 7.84323e-11 1.14511e-07 0.000911179 0.00268357 4.36963e-05 2.37212e-12 2.42047e-09 0.00422547 0.00526332 0.000161684 1.48828e-09 1.14266e-06 3.30238e+06 inf 
735 7358.45 26891.5 7.41653 2.70823e-07 0.00059921 2551.45 -3231.01 98.7358 0.000325601 0.474925 20.902 254.534 0.00545286 2.12648e-17 2.30937e-11 74.8224 116.756 0.114261 8.7061e-12 5.73215e-06 0.00226781 0.00828773 2.28571e-06 8.34655e-14 1.84672e-10 0.000786336 -0.00099577 3.04296e-05 1.00347e-10 1.46368e-07 0.00113967 0.00312391 4.09304e-05 2.55865e-12 2.66143e-09 0.00473723 0.00591538 0.000185171 1.63496e-09 1.32105e-06 3.24473e+06 inf 
745 9199.71 31080.9 6.56325 3.66801e-07 0.000715087 3031.17 -3840.23 119.727 0.000414803 0.595252 32.9048 344.241 0.00479852 4.21154e-17 3.61843e-11 97.6641 153.435 0.155489 1.41052e-11 8.45078e-06 0.00288162 0.00973544 2.0558e-06 1.14893e-13 2.23986e-10 0.000949448 -0.00120287 3.75018e-05 1.29928e-10 1.8645e-07 0.00141528 0.00361215 3.87145e-05 3.63023e-12 3.35914e-09 0.00544883 0.00682739 0.000217479 2.09792e-09 1.61625e-06 3.19255e+06 inf 
755 11408.2 35699 5.88027 4.96935e-07 0.000877633 3606 -4573 145.281 0.00053105 0.748043 51.1013 460.818 0.00415621 7.17596e-17 5.48572e-11 127.958 202.295 0.211734 2.14585e-11 1.23285e-05 0.00363924 0.0113881 1.87583e-06 1.58524e-13 2.79968e-10 0.00115033 -0.0014588 4.63451e-05 1.69407e-10 2.38629e-07 0.00174854 0.00416095 3.63638e-05 4.78189e-12 4.17388e-09 0.00628456 0.00789967 0.000255727 2.61087e-09 1.96873e-06 3.13476e+06 inf 
765 14003.9 40683.1 5.1601 6.40252e-07 0.00107314 4250.63 -5385.39 174.652 0.000662044 0.927065 78.0208 609.373 0.00352471 9.55295e-17 7.41036e-11 159.974 253.24 0.275799 2.78499e-11 1.66946e-05 0.00456797 0.0132705 1.68319e-06 2.08846e-13 3.50051e-10 0.00138653 -0.00175668 5.69704e-05 2.15955e-10 3.02403e-07 0.00214092 0.00476088 3.3866e-05 5.5783e-12 4.90404e-09 0.00708944 0.00891736 0.00029448 3.0063e-09 2.31392e-06 3.06567e+06 inf 
775 17116.1 46236.7 4.49384 8.73128e-07 0.00137117 5068.98 -6423.05 212.366 0.000852794 1.16898 118.139 801.2 0.00279818 1.55581e-16 1.16004e-10 210.873 335.594 0.377964 4.16009e-11 2.43582e-05 0.00571005 0.0154249 1.49917e-06 2.91281e-13 4.57431e-10 0.00169104 -0.00214277 7.08464e-05 2.84497e-10 3.8998e-07 0.00260905 0.00541838 3.05163e-05 7.19847e-12 6.20406e-09 0.00821517 0.0103617 0.000347954 3.71448e-09 2.82382e-06 2.99755e+06 inf 
785 20787.2 52325 3.90583 1.13403e-06 0.00171059 5935.98 -7519.21 253.497 0.00106068 1.43879 176.184 1042.03 0.00193881 2.29375e-16 1.67463e-10 266.241 423.879 0.49563 5.777e-11 3.35996e-05 0.00707096 0.0177989 1.32861e-06 3.85752e-13 5.81875e-10 0.00201918 -0.00255773 8.62293e-05 3.60801e-10 4.89417e-07 0.00315153 0.00613649 2.56464e-05 8.82469e-12 7.52499e-09 0.00929987 0.0117322 0.000401445 4.41824e-09 3.3451e-06 2.9398e+06 inf 
795 25109.1 58967.4 3.5452 1.47027e-06 0.00215554 6965.32 -8816.54 303.181 0.00131806 1.77186 260.513 1346.04 0.00102268 3.63966e-16 2.49747e-10 334.996 533.894 0.647621 8.15501e-11 4.61171e-05 0.00872045 0.0204795 1.23126e-06 5.10629e-13 7.48626e-10 0.00241907 -0.003062 0.000105295 4.57765e-10 6.15373e-07 0.00379876 0.00693353 1.88059e-05 1.12314e-11 9.28317e-09 0.0105116 0.0132683 0.000462421 5.30217e-09 3.95448e-06 2.87934e+06 inf 
805 30126.1 66123.2 3.64995 1.94607e-06 0.00278962 8220.09 -10398.5 364.64 0.00166596 2.20428 380.079 1721.16 0.000576773 5.51836e-16 3.74354e-10 431.119 686.714 0.865381 1.1545e-10 6.48275e-05 0.0106741 0.0234284 1.29323e-06 6.89518e-13 9.88399e-10 0.00291249 -0.00368433 0.000129197 5.90272e-10 7.81007e-07 0.00455315 0.00780653 1.42368e-05 1.3966e-11 1.14744e-08 0.0120112 0.0151571 0.000538446 6.36845e-09 4.72856e-06 2.82236e+06 inf 
815 36023.2 74021.2 4.17691 2.55942e-06 0.00361059 9642.55 -12189.6 435.756 0.0020914 2.72359 549.286 2186.88 0.0004993 8.55307e-16 5.62936e-10 549.953 876.16 1.14563 1.64041e-10 9.04598e-05 0.01298 0.0266715 1.50504e-06 9.22218e-13 1.30098e-09 0.00347443 -0.0043922 0.000157013 7.5358e-10 9.81373e-07 0.00542587 0.0087529 1.33283e-05 1.7531e-11 1.41826e-08 0.0136415 0.0172165 0.000623011 7.65114e-09 5.6242e-06 2.77529e+06 inf 
825 42820.5 82487.1 5.0147 3.37453e-06 0.0046864 11300.2 -14280.6 520.281 0.00262936 3.36469 784.948 2754.41 0.000549914 1.26758e-15 8.41041e-10 703.346 1119.99 1.5224 2.3102e-10 0.000127057 0.0156928 0.0302297 1.83777e-06 1.23669e-12 1.71746e-09 0.00414128 -0.00523351 0.000190671 9.63601e-10 1.23308e-06 0.00643452 0.00977742 1.40767e-05 2.15177e-11 1.74721e-08 0.0155116 0.0195719 0.000722197 9.15069e-09 6.71142e-06 2.72868e+06 inf 
835 50778.8 91842.6 6.13923 4.44433e-06 0.00607325 13220.6 -16698.3 620.094 0.0032969 4.14412 1113.21 3453.17 0.000715388 1.94536e-15 1.27288e-09 898.429 1430.08 2.01868 3.31206e-10 0.00017834 0.0188707 0.0341312 2.2815e-06 1.65163e-12 2.25698e-09 0.00491314 -0.00620553 0.000230443 1.22522e-09 1.54006e-06 0.00758903 0.010879 1.61447e-05 2.68369e-11 2.16319e-08 0.0175995 0.0222024 0.000834919 1.10265e-08 7.99401e-06 2.69087e+06 inf 
845 59770.8 101634 7.46372 5.77851e-06 0.00780118 15392.3 -19431.1 735.388 0.00410672 5.07947 1560.38 4288.32 0.000904984 2.87572e-15 1.87077e-09 1134.39 1804.33 2.64576 4.60578e-10 0.000245763 0.0225839 0.0384016 2.8201e-06 2.18336e-12 2.9476e-09 0.00581583 -0.00734186 0.00027786 1.55169e-09 1.91923e-06 0.00891873 0.0120674 1.82753e-05 3.28907e-11 2.64228e-08 0.0198695 0.0250569 0.000960453 1.31003e-08 9.44329e-06 2.64662e+06 inf 
855 70003.9 112022 9.10088 7.52683e-06 0.00999035 17890.8 -22579.9 870.541 0.00510725 6.20669 2167.54 5287.57 0.00121807 4.58327e-15 2.82793e-09 1436.77 2283.45 3.47238 6.66612e-10 0.000340443 0.0269181 0.0430751 3.4995e-06 2.89424e-12 3.84152e-09 0.00687941 -0.00868249 0.000334743 1.96386e-09 2.38661e-06 0.0104348 0.0133316 2.13572e-05 4.18807e-11 3.27513e-08 0.0224755 0.0283312 0.00110596 1.58893e-08 1.11898e-05 2.60062e+06 inf 
865 81691.8 123198 11.1389 9.67541e-06 0.0127403 20776.8 -26206.5 1029.39 0.00632802 7.57556 2985.26 6482.41 0.00160687 6.08236e-15 3.92589e-09 1794.53 2849.02 4.49844 8.75153e-10 0.000458129 0.0319295 0.0481525 4.35369e-06 3.78166e-12 4.9796e-09 0.00812069 -0.0102429 0.000402339 2.47333e-09 2.96093e-06 0.0121369 0.0146631 2.46799e-05 4.86108e-11 3.88542e-08 0.0252082 0.031759 0.00126347 1.83286e-08 1.30497e-05 2.5585e+06 inf 
875 95072.6 135245 13.8291 1.28039e-05 0.016555 24341.8 -30684.2 1227.95 0.00799977 9.36181 4087.09 7911.02 0.00221942 9.27099e-15 5.8776e-09 2305.75 3656.94 5.99374 1.25355e-09 0.000643791 0.0377278 0.0536693 5.4878e-06 5.081e-12 6.56954e-09 0.00965957 -0.0121765 0.000487287 3.17456e-09 3.71506e-06 0.014089 0.0160917 2.91654e-05 6.04417e-11 4.78462e-08 0.0286651 0.036096 0.00146323 2.20765e-08 1.55459e-05 2.51996e+06 inf 
885 110076 147884 16.9221 1.67023e-05 0.0211706 28217.9 -35543.4 1449.31 0.00996213 11.4168 5542.64 9586.13 0.00309539 1.4847e-14 8.93485e-09 2919.97 4624.85 7.86635 1.82654e-09 0.000895293 0.0443864 0.0596318 6.82353e-06 6.73491e-12 8.53668e-09 0.0113784 -0.0143322 0.000584411 4.01705e-09 4.60362e-06 0.0162733 0.0175921 3.46641e-05 7.70808e-11 5.94134e-08 0.0323722 0.0407367 0.00168239 2.684e-08 1.84342e-05 2.47996e+06 inf 
895 126930 161162 20.7945 2.18718e-05 0.0271882 32801.8 -41287.4 1715.07 0.0124767 13.974 7461.97 11548 0.00428592 2.27149e-14 1.33038e-08 3711.42 5870.34 10.3622 2.60554e-09 0.0012418 0.0520701 0.0661129 8.5305e-06 8.97243e-12 1.11533e-08 0.0134562 -0.0169372 0.000703571 5.11828e-09 5.73253e-06 0.0187033 0.0191415 4.1054e-05 9.61133e-11 7.30286e-08 0.0366259 0.0460577 0.001938 3.22903e-08 2.18302e-05 2.43767e+06 inf 
905 145825 175210 25.7374 2.91373e-05 0.0352449 38282.9 -48145.9 2037.13 0.0157892 17.1911 9966.32 13832.3 0.00615195 3.74661e-14 2.08904e-08 4801.19 7583.21 13.8773 3.93517e-09 0.00177184 0.06078 0.0730277 1.07274e-05 1.21445e-11 1.46902e-08 0.0159564 -0.0200673 0.000849081 6.58097e-09 7.16531e-06 0.0214423 0.0207917 4.94881e-05 1.24372e-10 9.21486e-08 0.0417916 0.0525167 0.00225014 3.9961e-08 2.62139e-05 2.39922e+06 inf 
915 166789 189767 31.3988 3.77331e-05 0.0448614 44345.8 -55725.1 2402.05 0.0196595 20.9383 13217.9 16476.9 0.00826505 5.39017e-14 2.99636e-08 6034.47 9514.47 18.0785 5.40135e-09 0.00241243 0.0708211 0.0805778 1.33324e-05 1.60221e-11 1.90488e-08 0.0188299 -0.0236617 0.00101995 8.34772e-09 8.89072e-06 0.0244315 0.0224397 5.7721e-05 1.50435e-10 1.11176e-07 0.0469868 0.0589924 0.00257606 4.71573e-08 3.07459e-05 2.35508e+06 inf 
925 190476 205303 38.5785 4.96516e-05 0.0576373 51542.1 -64711.1 2841.96 0.0247213 25.628 17453.7 19553.3 0.0114543 8.12668e-14 4.47197e-08 7699 12117.8 23.9074 7.73912e-09 0.00336268 0.082225 0.0886254 1.66536e-05 2.14336e-11 2.4881e-08 0.0222498 -0.0279346 0.00122682 1.06717e-08 1.10631e-05 0.0278114 0.024214 6.83175e-05 1.8607e-10 1.36695e-07 0.0531833 0.0667135 0.00296906 5.68062e-08 3.64584e-05 2.31652e+06 inf 
935 216905 221756 47.5389 6.58649e-05 0.074294 60021.7 -75291.1 3367.79 0.0312447 31.4312 22880.5 23091.9 0.0163663 1.38103e-13 6.97546e-08 9914.15 15578.6 31.8883 1.16924e-08 0.00475013 0.0950223 0.0971474 2.0826e-05 2.88543e-11 3.25469e-08 0.0262945 -0.0329837 0.00147537 1.36878e-08 1.37695e-05 0.0315325 0.0260487 8.20735e-05 2.4427e-10 1.71753e-07 0.0604303 0.0757416 0.00343409 7.02486e-08 4.34897e-05 2.28268e+06 inf 
945 246478 239179 57.9632 8.56872e-05 0.0944843 69454.8 -87042.5 3965.32 0.0390194 38.2194 29840.4 27167.3 0.0223052 2.04784e-13 1.01802e-07 12524.4 19644.4 41.6845 1.6474e-08 0.00651199 0.109435 0.106194 2.57353e-05 3.80446e-11 4.19505e-08 0.0308375 -0.0386463 0.00176058 1.73244e-08 1.69692e-05 0.035679 0.0280165 9.61305e-05 2.99125e-10 2.08422e-07 0.0678957 0.0850204 0.00392531 8.37509e-08 5.10228e-05 2.25228e+06 inf 
955 279819 257978 70.9443 0.000112341 0.120745 80608.2 -100928 4682.41 0.0490299 46.6442 38747.1 31883.8 0.0307501 3.13673e-13 1.5088e-07 15934.2 24945.1 54.9113 2.36241e-08 0.00900873 0.125597 0.115793 3.18434e-05 5.04243e-11 5.41964e-08 0.036181 -0.0453015 0.0021017 2.20071e-08 2.09363e-05 0.0402134 0.0300493 0.000113085 3.71819e-10 2.5453e-07 0.0764394 0.0956264 0.00449775 1.00595e-07 6.00437e-05 2.22791e+06 inf 
965 316052 276897 87.3324 0.00014933 0.155491 93743 -117258 5540.36 0.0621421 57.1258 49955.2 37158.8 0.0435402 4.98259e-13 2.30606e-07 20550.7 32111 73.3146 3.50612e-08 0.0127086 0.143798 0.125983 3.97347e-05 6.79422e-11 7.07457e-08 0.0426514 -0.0533502 0.00252076 2.82735e-08 2.59912e-05 0.0452865 0.0321685 0.000135023 4.71256e-10 3.16096e-07 0.0867815 0.108461 0.0051964 1.23097e-07 7.14606e-05 2.19789e+06 inf 
975 356389 296945 107.033 0.000197804 0.199286 108659 -135778 6535.35 0.0784523 69.6688 64165 43212.5 0.0616685 8.24639e-13 3.55865e-07 26366.7 41119.5 97.4445 5.27337e-08 0.0178773 0.164314 0.136907 4.93478e-05 9.11979e-11 9.1881e-08 0.0500974 -0.0626006 0.00301313 3.61706e-08 3.2121e-05 0.0508358 0.0343464 0.000161236 6.09823e-10 3.945e-07 0.0982175 0.122635 0.00598732 1.51673e-07 8.49153e-05 2.16895e+06 inf 
985 402225 318998 131.092 0.000259046 0.254188 126360 -157734 7728.96 0.0987733 85.0277 82203.7 50223.2 0.0845018 1.24526e-12 5.20604e-07 33566.2 52238.6 128.242 7.52051e-08 0.0245777 0.187155 0.148429 6.09967e-05 1.20534e-10 1.18273e-07 0.0587952 -0.0733935 0.00359627 4.59591e-08 3.95633e-05 0.056766 0.0365712 0.000188674 7.51591e-10 4.77753e-07 0.110279 0.13755 0.00683647 1.8133e-07 9.93514e-05 2.14916e+06 inf 
995 451057 340453 161.395 0.000345397 0.327308 146978 -183273 9147.18 0.125629 104.116 104502 57880.3 0.119684 2.00981e-12 7.94764e-07 43386 67375.3 171.712 1.12237e-07 0.0346538 0.212809 0.160626 7.61465e-05 1.62959e-10 1.54424e-07 0.0693444 -0.0864684 0.00431565 5.92718e-08 4.91219e-05 0.0633745 0.0388236 0.000225097 9.60038e-10 5.92557e-07 0.125144 0.15592 0.00789867 2.22352e-07 0.000118054 2.11954e+06 inf 
1005 505023 363059 198.255 0.000457995 0.419777 170928 -212901 10822.4 0.15939 127.291 132350 66553.4 0.167769 3.18384e-12 1.1996e-06 55812.3 86488 228.635 1.66263e-07 0.0485125 0.241427 0.173561 9.47765e-05 2.18946e-10 2.00676e-07 0.0817126 -0.101778 0.00517369 7.61969e-08 6.08517e-05 0.0705924 0.0411405 0.000266871 1.21413e-09 7.30206e-07 0.141437 0.176032 0.00908474 2.71434e-07 0.000139602 2.09182e+06 inf 
1015 563797 386261 243.074 0.000606576 0.537008 198418 -246864 12776.1 0.201969 155.204 166617 76170.7 0.23448 4.97172e-12 1.79529e-06 71791.4 111004 304.124 2.44613e-07 0.0677032 0.2731 0.187103 0.000117743 2.93821e-10 2.60123e-07 0.0961122 -0.119579 0.00618867 9.78324e-08 7.51799e-05 0.0782606 0.0434653 0.00031578 1.52379e-09 8.95525e-07 0.159805 0.198672 0.0104411 3.30027e-07 0.000164751 2.06444e+06 inf 
1025 628602 410581 298.849 0.000807427 0.689176 230703 -286697 15109.9 0.256952 189.648 209134 86975.5 0.331382 8.06641e-12 2.73037e-06 92782.4 143139 406.644 3.66454e-07 0.0950927 0.3083 0.201371 0.000146572 3.96006e-10 3.3801e-07 0.113149 -0.140612 0.00741072 1.26023e-07 9.30138e-05 0.086726 0.0459032 0.000375559 1.9492e-09 1.10674e-06 0.180839 0.224569 0.0120217 4.0478e-07 0.000194903 2.03892e+06 inf 
1035 699931 435965 367.761 0.00107945 0.88578 268377 -333120 17878.7 0.327783 231.862 261711 99047.8 0.471287 1.33709e-11 4.2036e-06 120289 185154 545.338 5.57538e-07 0.134404 0.347402 0.216386 0.000182534 5.3577e-10 4.39646e-07 0.133206 -0.16534 0.0088739 1.62691e-07 0.000115082 0.0959629 0.0483557 0.000447883 2.51981e-09 1.37591e-06 0.204842 0.25409 0.0138537 5.00258e-07 0.000231228 2.01476e+06 inf 
1045 778420 462637 452.538 0.00143963 1.13657 312434 -387338 21165.7 0.417856 283.299 326125 112468 0.666456 2.15156e-11 6.37468e-06 155861 239344 730.91 8.36179e-07 0.188801 0.390315 0.231975 0.000226911 7.2186e-10 5.69899e-07 0.156661 -0.194219 0.0106129 2.09521e-07 0.000142052 0.105733 0.0508041 0.000531682 3.20425e-09 1.69458e-06 0.231536 0.286864 0.015933 6.1268e-07 0.000272928 1.99434e+06 inf 
1055 863603 489859 556.193 0.00191868 1.45649 363324 -449869 25031.2 0.532545 345.74 404994 127312 0.940514 3.4639e-11 9.6367e-06 201719 309011 978.182 1.25278e-06 0.264674 0.438052 0.248475 0.000282122 9.73229e-10 7.38788e-07 0.184292 -0.228191 0.0126968 2.70127e-07 0.000175372 0.116354 0.0532689 0.000630453 4.07713e-09 2.08382e-06 0.26145 0.323529 0.018302 7.49992e-07 0.00032171 1.97146e+06 inf 
1065 957459 518516 683.543 0.00256134 1.8661 422359 -522309 29591.2 0.679223 421.599 501238 143739 1.3297 5.58767e-11 1.46185e-05 261467 399542 1311.51 1.88693e-06 0.37182 0.490098 0.265415 0.000349888 1.31108e-09 9.55208e-07 0.216195 -0.267356 0.015147 3.47676e-07 0.000215805 0.127963 0.0559579 0.000747138 5.18487e-09 2.56328e-06 0.295123 0.364741 0.0210214 9.19233e-07 0.000379148 1.95361e+06 inf 
1075 1.05764e+06 547143 840.878 0.00342423 2.39245 491155 -606602 34994.5 0.867533 514.185 617068 161582 1.88462 9.02138e-11 2.2148e-05 339646 517687 1761.96 2.84198e-06 0.522405 0.547403 0.283185 0.000435213 1.77228e-09 1.23826e-06 0.254207 -0.313959 0.0181121 4.49009e-07 0.000266126 0.140447 0.0586219 0.000886572 6.59931e-09 3.15117e-06 0.333421 0.411544 0.0241638 1.12664e-06 0.000446719 1.93211e+06 inf 
1085 1.16874e+06 577578 1036.23 0.00460307 3.07427 571618 -705052 41416.3 1.11136 627.596 758371 181326 2.70551 1.51384e-10 3.42166e-05 443222 673824 2378.56 4.37329e-06 0.739695 0.609986 0.301449 0.000540828 2.40243e-09 1.60452e-06 0.298338 -0.36798 0.021616 5.80041e-07 0.000327554 0.154032 0.0613654 0.00105809 8.55794e-09 3.90945e-06 0.377254 0.465051 0.0278238 1.39501e-06 0.000527986 1.91601e+06 inf 
1095 1.28814e+06 608380 1275.28 0.00617143 3.94165 664602 -818640 48967.7 1.42186 764.689 928337 202848 3.85286 2.46795e-10 5.20821e-05 577241 875232 3203.57 6.63883e-06 1.04155 0.678859 0.320622 0.000672082 3.2524e-09 2.07729e-06 0.350251 -0.43143 0.0258064 7.49331e-07 0.000402998 0.1685 0.0640661 0.0012565 1.09309e-08 4.80964e-06 0.426069 0.524522 0.031974 1.71383e-06 0.00062169 1.8975e+06 inf 
1105 1.42036e+06 641172 1575.42 0.00831521 5.07202 775239 -953621 58077.2 1.82701 934.585 1.13455e+06 226606 5.5233 4.09371e-10 7.99673e-05 755560 1.14255e+06 4334.66 1.01846e-05 1.47407 0.753911 0.340326 0.000836214 4.41361e-09 2.69216e-06 0.411487 -0.50617 0.0308267 9.69754e-07 0.000496066 0.183914 0.0667635 0.00149414 1.40645e-08 5.93278e-06 0.481373 0.591812 0.0367491 2.11315e-06 0.00073235 1.88399e+06 inf 
1115 1.56278e+06 674545 1942.6 0.0111877 6.51152 902417 -1.10852e+06 68741.3 2.34338 1139.07 1.38099e+06 252319 7.90478 6.7243e-10 0.000122185 987511 1.48915e+06 5859.05 1.55605e-05 2.08046 0.835776 0.360748 0.0010389 5.98322e-09 3.48237e-06 0.482614 -0.592836 0.0367629 1.25324e-06 0.000609176 0.20008 0.0692927 0.00177431 1.79949e-08 7.29505e-06 0.543329 0.667041 0.0422127 2.5983e-06 0.000861127 1.86985e+06 inf 
1125 1.71243e+06 706846 2389.32 0.0150154 8.33294 1.04761e+06 -1.28504e+06 81143.9 2.99804 1383.63 1.67165e+06 279458 11.3009 1.10575e-09 0.000186231 1.28826e+06 1.93722e+06 7901.43 2.37411e-05 2.92608 0.925068 0.381842 0.00129072 8.11144e-09 4.5015e-06 0.565927 -0.694188 0.0438344 1.61956e-06 0.000747443 0.217452 0.0718428 0.00210686 2.3055e-08 8.96325e-06 0.612905 0.751398 0.0484453 3.19408e-06 0.00101095 1.85114e+06 inf 
1135 1.88357e+06 743739 2952.47 0.0202592 10.7075 1.22183e+06 -1.49658e+06 96216.7 3.85321 1687.11 2.0271e+06 310236 16.2707 1.83876e-09 0.000285974 1.68931e+06 2.53296e+06 10709.7 3.65213e-05 4.13465 1.02176 0.403445 0.00160158 1.09897e-08 5.80835e-06 0.66279 -0.811828 0.0521933 2.0902e-06 0.000915182 0.235851 0.0743055 0.00250221 2.96086e-08 1.10178e-05 0.690714 0.845551 0.0555464 3.92967e-06 0.00118546 1.84347e+06 inf 
1145 2.06051e+06 778414 3638.15 0.0273156 13.7224 1.41951e+06 -1.73614e+06 113668 4.94204 2049.11 2.44063e+06 342065 23.4787 3.07787e-09 0.000440309 2.2129e+06 3.30818e+06 14508.3 5.63823e-05 5.83918 1.12649 0.425562 0.00198899 1.49336e-08 7.50206e-06 0.776053 -0.949152 0.0621426 2.70183e-06 0.00112026 0.255588 0.0768482 0.0029799 3.82056e-08 1.35808e-05 0.779448 0.952735 0.0637967 4.85021e-06 0.00139188 1.82914e+06 inf 
1155 2.25527e+06 815188 4491.66 0.0368743 17.6056 1.65253e+06 -2.01808e+06 134546 6.34887 2491.84 2.93594e+06 376832 33.8441 5.11e-09 0.000675048 2.90329e+06 4.32713e+06 19680.8 8.68041e-05 8.24136 1.24019 0.448277 0.00246999 2.02774e-08 9.68143e-06 0.908735 -1.10975 0.0739874 3.49128e-06 0.00137028 0.276462 0.079183 0.00353698 4.8978e-08 1.66578e-05 0.877917 1.07143 0.0731331 5.96197e-06 0.00162921 1.81849e+06 inf 
1165 2.46204e+06 851767 5529.73 0.0496498 22.5065 1.91848e+06 -2.33928e+06 158796 8.12985 3018.78 3.51412e+06 413388 48.852 8.57473e-09 0.00103729 3.80067e+06 5.6474e+06 26623.2 0.000133966 11.5986 1.36206 0.471217 0.00305917 2.74674e-08 1.24511e-05 1.06135 -1.29414 0.0878498 4.49761e-06 0.00167006 0.298142 0.0815493 0.00420327 6.31607e-08 2.04651e-05 0.98801 1.20394 0.0837314 7.34061e-06 0.0019046 1.80759e+06 inf 
1175 2.68063e+06 887307 6817.24 0.0670379 28.8086 2.22818e+06 -2.71261e+06 187545 10.4293 3657.94 4.19168e+06 451487 70.7031 1.43898e-08 0.00159622 4.98518e+06 7.38374e+06 36120.1 0.000207293 16.3482 1.49443 0.494665 0.00380055 3.7373e-08 1.60605e-05 1.24219 -1.51226 0.104554 5.81423e-06 0.00203927 0.321735 0.0837007 0.00499721 8.13968e-08 2.51383e-05 1.11182 1.35257 0.0959429 9.04204e-06 0.00222606 1.79375e+06 inf 
1185 2.92751e+06 927479 8426.1 0.0906079 36.9216 2.59529e+06 -3.15449e+06 222108 13.3994 4439.41 5.00476e+06 493985 102.463 2.41063e-08 0.00245202 6.55297e+06 9.67479e+06 49081.3 0.000320323 23.0256 1.63646 0.518456 0.00471015 5.06494e-08 2.0639e-05 1.45075 -1.76334 0.124157 7.49017e-06 0.00248161 0.345859 0.0856636 0.00592377 1.04451e-07 3.0736e-05 1.24835 1.51617 0.109641 1.10886e-05 0.00259091 1.78892e+06 inf 
1195 3.18068e+06 964819 10350.2 0.121692 46.9938 3.00509e+06 -3.64669e+06 261449 17.1037 5351.07 5.92978e+06 536730 147.568 4.00217e-08 0.00373867 8.558e+06 1.25941e+07 66240.3 0.000491673 32.1869 1.78737 0.542178 0.00581626 6.83848e-08 2.64081e-05 1.6887 -2.04925 0.146921 9.61138e-06 0.00300702 0.370831 0.0875082 0.00700691 1.33468e-07 3.7464e-05 1.39908 1.69642 0.125052 1.35615e-05 0.00300752 1.77952e+06 inf 
1205 3.4533e+06 1.00287e+06 12784.1 0.164988 60.1697 3.49103e+06 -4.2294e+06 308838 21.9696 6471.76 7.01345e+06 581995 216.2 6.87466e-08 0.00581835 1.12757e+07 1.65387e+07 90236.8 0.000770614 45.4771 1.95 0.5663 0.0072189 9.3165e-08 3.39764e-05 1.97131 -2.38824 0.174394 1.24057e-05 0.00365445 0.397281 0.0891277 0.00836483 1.73608e-07 4.61637e-05 1.57514 1.90666 0.143323 1.67704e-05 0.00351067 1.77092e+06 inf 
1215 3.75681e+06 1.04419e+06 15797.8 0.22309 76.9484 4.06034e+06 -4.91079e+06 365273 28.1927 7825.38 8.30217e+06 631178 314.328 1.14809e-07 0.00892223 1.48271e+07 2.16741e+07 122679 0.0011905 63.8302 2.12463 0.590534 0.00893431 1.26167e-07 4.35175e-05 2.29629 -2.77725 0.206577 1.59441e-05 0.00442558 0.425628 0.0907041 0.00989664 2.21385e-07 5.61438e-05 1.76419 2.13177 0.16342 2.04711e-05 0.00406361 1.76822e+06 inf 
1225 4.06669e+06 1.08239e+06 19412.8 0.300287 97.7884 4.69647e+06 -5.67053e+06 429574 35.9629 9398.96 9.75031e+06 679854 457.161 1.95377e-07 0.0137283 1.93973e+07 2.82582e+07 165921 0.00184692 89.1521 2.30825 0.614363 0.0110187 1.70443e-07 5.55048e-05 2.66572 -3.21859 0.243827 2.04126e-05 0.00533485 0.454143 0.0918937 0.0117504 2.86087e-07 6.86396e-05 1.97582 2.38328 0.186348 2.51324e-05 0.00470554 1.7618e+06 inf 
1235 4.40535e+06 1.12286e+06 23920.1 0.404765 124.481 5.44681e+06 -6.56514e+06 506566 45.9635 11308.3 1.1445e+07 731934 664.433 3.28425e-07 0.0210232 2.54185e+07 3.69019e+07 224751 0.00285214 124.391 2.50474 0.638423 0.0136002 2.30136e-07 7.07759e-05 3.09688 -3.73272 0.288017 2.61333e-05 0.00642951 0.483243 0.0925744 0.0138856 3.65745e-07 8.33298e-05 2.20487 2.65481 0.211736 3.06379e-05 0.00542086 1.75881e+06 inf 
1245 4.76226e+06 1.16216e+06 29385.8 0.543651 157.803 6.29711e+06 -7.57668e+06 595533 58.5103 13545.6 1.3386e+07 784902 964.357 5.52218e-07 0.0320995 3.32062e+07 4.80388e+07 303519 0.00439266 172.679 2.71385 0.662276 0.016746 3.09809e-07 8.99268e-05 3.58851 -4.3177 0.339375 3.3343e-05 0.00771921 0.513056 0.0931683 0.0164051 4.67664e-07 0.000101023 2.4588 2.9552 0.240395 3.73024e-05 0.00623039 1.7548e+06 inf 
1255 5.14111e+06 1.20129e+06 36197.9 0.73372 200.546 7.28922e+06 -8.7549e+06 701004 74.6858 16238.3 1.56024e+07 838807 1411.57 9.41841e-07 0.0494518 4.35489e+07 6.27796e+07 411565 0.00682794 240.671 2.9338 0.685523 0.0206565 4.18701e-07 0.000114443 4.15963 -4.99603 0.400032 4.26198e-05 0.00926647 0.544462 0.0934191 0.0194636 6.01794e-07 0.000122975 2.74752 3.29624 0.273562 4.56065e-05 0.00717447 1.75237e+06 inf 
1265 5.54506e+06 1.2406e+06 44471.1 0.985141 253.725 8.42276e+06 -1.00983e+07 823720 94.9285 19396.6 1.81351e+07 893957 2054.77 1.59226e-06 0.0754916 5.686e+07 8.16775e+07 555566 0.0105209 332.714 3.16588 0.708305 0.0253902 5.62453e-07 0.000144861 4.80886 -5.76551 0.470292 5.41981e-05 0.0110742 0.575513 0.0932541 0.0229887 7.69886e-07 0.000148715 3.05586 3.65945 0.309868 5.54013e-05 0.00820488 1.75151e+06 inf 
1275 5.98187e+06 1.28141e+06 54573 1.31907 320.235 9.72628e+06 -1.16403e+07 967258 120.396 23123.6 2.104e+07 950951 2976.18 2.65868e-06 0.114326 7.40262e+07 1.0596e+08 747640 0.0160894 457.457 3.40912 0.730284 0.0311017 7.51749e-07 0.000182505 5.54309 -6.63394 0.551249 6.86148e-05 0.0131783 0.607278 0.0929552 0.026997 9.74718e-07 0.000178458 3.38561 4.04699 0.349587 6.67943e-05 0.00932952 1.75467e+06 inf 
1285 6.43335e+06 1.31939e+06 66933.9 1.76687 403.578 1.12137e+07 -1.33964e+07 1.1342e+06 152.497 27492.2 2.42974e+07 1.00673e+06 4333.23 4.50107e-06 0.173975 9.63942e+07 1.37486e+08 1.00674e+06 0.0247267 628.259 3.66542 0.751724 0.0381358 1.00668e-06 0.00022994 6.38905 -7.63265 0.646214 8.68858e-05 0.0156638 0.638931 0.0921863 0.0318518 1.24543e-06 0.000215059 3.75512 4.48057 0.394968 8.08641e-05 0.0106113 1.75515e+06 inf 
1295 6.90926e+06 1.35638e+06 81993.5 2.36162 507.315 1.29103e+07 -1.53957e+07 1.32807e+06 192.702 32594.2 2.79641e+07 1.06175e+06 6293.96 7.56916e-06 0.263335 1.25231e+08 1.77984e+08 1.35235e+06 0.0378173 858.566 3.9326 0.772019 0.0466688 1.34418e-06 0.000288752 7.34827 -8.7629 0.75591 0.000109682 0.0185519 0.671745 0.0911581 0.0374753 1.58157e-06 0.000257889 4.15708 4.95136 0.445342 9.74408e-05 0.012021 1.75692e+06 inf 
1305 7.4249e+06 1.39517e+06 100450 3.15324 636.783 1.48683e+07 -1.7699e+07 1.55563e+06 243.208 38591.6 3.21341e+07 1.11796e+06 9141.56 1.27413e-05 0.397648 1.62483e+08 2.3011e+08 1.8146e+06 0.0577116 1168.44 4.21018 0.79111 0.0569588 1.788e-06 0.000361078 8.43087 -10.0359 0.882099 0.000137907 0.0218828 0.70397 0.0898188 0.0440372 2.00695e-06 0.000308388 4.58846 5.4553 0.500841 0.000117073 0.0135533 1.76356e+06 inf 
1315 7.9708e+06 1.43335e+06 122925 4.19953 797.099 1.71038e+07 -2.03238e+07 1.82025e+06 306.163 45562.9 3.68202e+07 1.17344e+06 13246.4 2.13385e-05 0.597412 2.10313e+08 2.96802e+08 2.42885e+06 0.0876466 1581.63 4.4992 0.809069 0.0693861 2.37047e-06 0.000449931 9.65439 -11.472 1.02746 0.000172817 0.0257184 0.735334 0.0881504 0.0516007 2.53488e-06 0.000367121 5.05033 5.99391 0.561531 0.000140027 0.0152096 1.7716e+06 inf 
1325 8.53734e+06 1.46876e+06 150041 5.57298 993.567 1.96211e+07 -2.32736e+07 2.12421e+06 383.846 53551.7 4.20062e+07 1.22557e+06 19147.7 3.56153e-05 0.892565 2.71171e+08 3.81336e+08 3.23927e+06 0.132387 2125.92 4.79778 0.825406 0.0843193 3.13188e-06 0.000558361 11.0266 -13.0792 1.19375 0.000215712 0.0300948 0.76664 0.0863028 0.0604221 3.19473e-06 0.000435699 5.55028 6.57545 0.628763 0.000166933 0.0170007 1.77944e+06 inf 
1335 9.11637e+06 1.50044e+06 182725 7.36644 1233.39 2.24559e+07 -2.65887e+07 2.47314e+06 479.294 62675 4.76691e+07 1.27323e+06 27577.2 5.90644e-05 1.32433 3.48273e+08 4.88032e+08 4.30298e+06 0.198594 2836.39 5.10467 0.840164 0.102316 4.12481e-06 0.000690629 12.5741 -14.8882 1.38482 0.000268379 0.0350946 0.796521 0.0840626 0.070521 4.00735e-06 0.000514378 6.07503 7.18417 0.701212 0.000197926 0.0188837 1.78589e+06 inf 
1345 9.75789e+06 1.5359e+06 222685 9.72831 1529.34 2.57267e+07 -3.04066e+07 2.88259e+06 597.944 73283.5 5.41014e+07 1.322e+06 39677.2 9.76932e-05 1.95675 4.4668e+08 6.23689e+08 5.70925e+06 0.296806 3766.29 5.41892 0.852941 0.123665 5.4025e-06 0.000849298 14.287 -16.8859 1.60081 0.000332061 0.0406971 0.824514 0.0815283 0.0821046 5.00657e-06 0.000604443 6.62873 7.82449 0.779726 0.000233588 0.0208641 1.80071e+06 inf 
1355 1.04174e+07 1.56732e+06 271090 12.8233 1890.85 2.9417e+07 -3.47051e+07 3.35375e+06 743.801 85362.6 6.11145e+07 1.36488e+06 57100.4 0.000161579 2.883 5.71701e+08 7.95374e+08 7.56098e+06 0.442276 4974.09 5.74015 0.863616 0.149375 7.06582e-06 0.00104189 16.2092 -19.123 1.84797 0.000409846 0.0470361 0.85183 0.0789715 0.0956577 6.25354e-06 0.000709256 7.23036 8.51891 0.866736 0.000275186 0.0229871 1.81483e+06 inf 
1365 1.1094e+07 1.59511e+06 328982 16.812 2325.78 3.35449e+07 -3.9503e+07 3.89155e+06 920.612 98957.3 6.86833e+07 1.40156e+06 81663.4 0.000264498 4.20535 7.27679e+08 1.00871e+09 9.95861e+06 0.652708 6508.08 6.06455 0.87197 0.179839 9.1903e-06 0.00127139 18.3374 -21.5944 2.12732 0.000503254 0.0540952 0.875852 0.0763894 0.110903 7.75416e-06 0.000826091 7.84399 9.22486 0.958325 0.000321775 0.025127 1.82932e+06 inf 
1375 1.18221e+07 1.62327e+06 399672 22.0346 2857.86 3.82772e+07 -4.49928e+07 4.51931e+06 1138.44 114549 7.70598e+07 1.43469e+06 116880 0.000432279 6.11423 9.25576e+08 1.27835e+09 1.3112e+07 0.960229 8475.23 6.39183 0.877645 0.216089 1.19134e-05 0.00154515 20.6952 -24.3261 2.44344 0.000615517 0.0619327 0.89895 0.0736556 0.128446 9.58073e-06 0.000958269 8.49334 9.96997 1.05774 0.00037457 0.0273242 1.84957e+06 inf 
1385 1.25426e+07 1.64393e+06 482872 28.6444 3483.66 4.34509e+07 -5.09792e+07 5.22162e+06 1396.69 131581 8.5843e+07 1.45719e+06 165893 0.000697972 8.77514 1.16766e+09 1.60676e+09 1.71248e+07 1.39458 10895.3 6.71904 0.880647 0.258674 1.53447e-05 0.00186619 23.2765 -27.3095 2.79721 0.000748203 0.0704878 0.916704 0.0712124 0.148177 1.17661e-05 0.0011037 9.14965 10.7205 1.16161 0.000432745 0.0294626 1.86672e+06 inf 
1395 1.33298e+07 1.66658e+06 584335 37.2104 4242.46 4.93975e+07 -5.78482e+07 6.04224e+06 1711.96 150983 9.55124e+07 1.47635e+06 235290 0.00112114 12.5233 1.47154e+09 2.01745e+09 2.23422e+07 2.01444 13924.1 7.04178 0.880406 0.308687 1.96572e-05 0.00224117 26.0953 -30.5595 3.19194 0.000904381 0.0797598 0.932657 0.0692837 0.170321 1.43479e-05 0.00126208 9.81887 11.4838 1.27053 0.000496251 0.0315287 1.89297e+06 inf 
1405 1.41255e+07 1.68366e+06 704544 48.0379 5133.1 5.59602e+07 -6.5409e+07 6.96831e+06 2085.43 172146 1.05655e+08 1.48553e+06 331618 0.00178131 17.6632 1.84259e+09 2.51668e+09 2.89708e+07 2.87764 17586.3 7.3584 0.87707 0.367019 2.50244e-05 0.00267399 29.1514 -34.0736 3.63001 0.00108636 0.0896761 0.945023 0.0678717 0.195057 1.73699e-05 0.00143215 10.491 12.2478 1.38376 0.000564683 0.0334579 1.91964e+06 inf 
1415 1.49655e+07 1.6986e+06 848819 61.7808 6185.63 6.33415e+07 -7.38947e+07 8.03093e+06 2530.49 195477 1.1649e+08 1.48678e+06 465662 0.00280519 24.6615 2.29757e+09 3.12627e+09 3.742e+07 4.07033 21980.9 7.66603 0.870103 0.434804 3.1647e-05 0.00316857 32.4464 -37.8523 4.11381 0.00129623 0.100133 0.950599 0.0672148 0.222439 2.08666e-05 0.00161026 11.1421 12.9855 1.49827 0.000636236 0.0351153 1.95219e+06 inf 
1425 1.58074e+07 1.70617e+06 1.01906e+06 78.9391 7401.52 7.14269e+07 -8.31656e+07 9.22253e+06 3049.4 220348 1.27645e+08 1.47518e+06 649897 0.00436798 33.9993 2.84512e+09 3.85658e+09 4.8017e+07 5.6868 27103.4 7.96129 0.859301 0.513244 3.97572e-05 0.00372773 35.9738 -41.8859 4.64488 0.00153581 0.110977 0.951565 0.0675918 0.252779 2.48852e-05 0.00179654 11.7819 13.7084 1.61512 0.000710918 0.0365324 1.98553e+06 inf 
1435 1.66943e+07 1.71221e+06 1.22119e+06 100.284 8807.68 8.04333e+07 -9.34712e+07 1.05772e+07 3655.07 247147 1.39296e+08 1.45576e+06 901276 0.00671143 46.239 3.50193e+09 4.72893e+09 6.12559e+07 7.84034 32990.7 8.2347 0.844572 0.602371 4.94664e-05 0.00434452 39.6749 -46.1061 5.21736 0.00180292 0.121909 0.948421 0.0691011 0.285863 2.93868e-05 0.00198324 12.3806 14.3821 1.73046 0.000785398 0.0375675 2.02731e+06 inf 
1445 1.75824e+07 1.71069e+06 1.45975e+06 126.648 10413.7 9.03141e+07 -1.0475e+08 1.20986e+07 4353.71 275333 1.51016e+08 1.42301e+06 1.2424e+06 0.0101819 62.0454 4.28237e+09 5.76093e+09 7.76653e+07 10.6702 39608.1 8.4854 0.825596 0.704488 6.11214e-05 0.00502576 43.5864 -50.5534 5.83889 0.00210114 0.132878 0.937985 0.0717491 0.321389 3.43225e-05 0.00216457 12.9204 14.9877 1.84102 0.000857186 0.0381912 2.07207e+06 inf 
1455 1.85043e+07 1.705e+06 1.7412e+06 158.915 12232.4 1.01203e+08 -1.17153e+08 1.38132e+07 5152.68 304784 1.62896e+08 1.37984e+06 1.70104e+06 0.0152243 81.9985 5.20006e+09 6.96912e+09 9.78133e+07 14.3065 46838.1 8.70613 0.802191 0.819223 7.47686e-05 0.00575528 47.6155 -55.1197 6.499 0.0024243 0.143399 0.919011 0.0754741 0.359448 3.96559e-05 0.00233592 13.3924 15.5158 1.94514 0.000924055 0.0383902 2.12543e+06 inf 
1465 1.94128e+07 1.69053e+06 2.06925e+06 197.737 14245.1 1.1296e+08 -1.30509e+08 1.57124e+07 6046.22 334448 1.74379e+08 1.32321e+06 2.31032e+06 0.022381 106.482 6.25973e+09 8.35769e+09 1.22177e+08 18.8533 54422.4 8.8929 0.774425 0.947914 9.05823e-05 0.00652562 51.7466 -59.7857 7.19778 0.00276975 0.153209 0.893512 0.0801464 0.399757 4.5249e-05 0.00248897 13.7785 15.9464 2.03983 0.000982406 0.0381785 2.18295e+06 inf 
1475 2.03384e+07 1.66952e+06 2.45219e+06 243.981 16451.3 1.25741e+08 -1.44995e+08 1.78278e+07 7036.6 364044 1.85457e+08 1.25497e+06 3.10812e+06 0.0322415 135.536 7.46709e+09 9.93236e+09 1.51281e+08 24.364 62041.1 9.03695 0.741817 1.08958 0.000108408 0.00730981 55.8704 -64.4256 7.92143 0.00312657 0.161755 0.858838 0.0856098 0.440281 5.07298e-05 0.00260567 14.0122 16.2041 2.1141 0.00102481 0.0374414 2.25058e+06 inf 
1485 2.1282e+07 1.64339e+06 2.89844e+06 298.567 18844.6 1.39641e+08 -1.60715e+08 2.01859e+07 8124.74 393230 1.95807e+08 1.17792e+06 4.14234e+06 0.0455312 169.119 8.82662e+09 1.16973e+10 1.85714e+08 30.8875 69420.5 9.12742 0.704819 1.24309 0.00012805 0.00808208 59.8891 -68.9276 8.65736 0.00348454 0.168649 0.817319 0.0917573 0.480941 5.5953e-05 0.00268548 14.1017 16.3012 2.16776 0.00105119 0.0364795 2.33165e+06 inf 
1495 2.21647e+07 1.60371e+06 3.40893e+06 361.083 21324.3 1.54189e+08 -1.77123e+08 2.27312e+07 9265.62 419405 2.04584e+08 1.08684e+06 5.46216e+06 0.0628048 205.966 1.03074e+10 1.36097e+10 2.25346e+08 38.2176 75789.9 9.16593 0.663193 1.40972 0.000149322 0.00881842 63.7629 -73.247 9.4002 0.00383169 0.17344 0.767603 0.0980979 0.521049 6.06239e-05 0.00272214 14.0279 16.2169 2.19665 0.00105954 0.0355049 2.41816e+06 inf 
1505 2.30617e+07 1.55779e+06 3.99752e+06 432.141 23884.3 1.69798e+08 -1.9469e+08 2.5536e+07 10462.1 443033 2.11987e+08 989019 7.11337e+06 0.0843621 244.501 1.18988e+10 1.56544e+10 2.70435e+08 46.1377 80827.5 9.13662 0.61717 1.58375 0.000171207 0.00946252 67.271 -77.1326 10.1169 0.00414488 0.175522 0.71232 0.10456 0.556718 6.41172e-05 0.00270693 13.7366 15.8913 2.18855 0.00104828 0.0348503 2.52409e+06 inf 
1515 2.38707e+07 1.49832e+06 4.65821e+06 509.575 26354.7 1.85758e+08 -2.12599e+08 2.85084e+07 11640.2 461136 2.16804e+08 881991 9.12069e+06 0.109849 281.431 1.35222e+10 1.77271e+10 3.19715e+08 54.0591 83708.5 9.03474 0.567096 1.76307 0.000192867 0.00997491 70.3072 -80.4658 10.7901 0.00440565 0.174534 0.65657 0.110561 0.586203 6.617e-05 0.00264935 13.2243 15.3208 2.14071 0.00102514 0.0349356 2.6421e+06 inf 
1525 2.46599e+07 1.4308e+06 5.40442e+06 592.252 28676.5 2.02337e+08 -2.31161e+08 3.16966e+07 12772 473657 2.19331e+08 772457 1.15095e+07 0.138237 313.615 1.51332e+10 1.97709e+10 3.7239e+08 61.3727 84187.4 8.85246 0.513632 1.94009 0.000212608 0.0102944 72.6352 -82.9827 11.3785 0.00458492 0.170034 0.608218 0.116103 0.606436 6.65012e-05 0.00257069 12.5171 14.5354 2.05198 0.0010051 0.0361947 2.78566e+06 inf 
1535 2.53121e+07 1.34923e+06 6.20966e+06 673.927 30571.1 2.18322e+08 -2.48997e+08 3.49213e+07 13733.4 477191 2.18246e+08 660145 1.41835e+07 0.166561 335.421 1.65634e+10 2.15672e+10 4.24429e+08 66.96 81591.8 8.58282 0.457498 2.10557 0.000228515 0.010366 74.0286 -84.43 11.8411 0.00465671 0.161806 0.58138 0.120573 0.613124 6.52566e-05 0.00250598 11.6649 13.586 1.92457 0.00100983 0.0385359 2.94916e+06 inf 
1545 2.59026e+07 1.25759e+06 7.09179e+06 752.155 31981.8 2.34069e+08 -2.66525e+08 3.82452e+07 14492.7 472081 2.14018e+08 549878 1.71024e+07 0.192295 344.594 1.77585e+10 2.30491e+10 4.74193e+08 70.2674 76239.8 8.21974 0.399075 2.25045 0.000238683 0.0101488 74.2778 -84.5768 12.1364 0.00459901 0.149806 0.592284 0.123422 0.60217 6.36536e-05 0.00252028 10.8704 12.6877 1.78429 0.00107111 0.0418494 3.15127e+06 inf 
1555 2.63064e+07 1.15344e+06 7.98981e+06 815.971 32574 2.4778e+08 -2.81702e+08 4.13658e+07 14897.5 455709 2.05625e+08 444922 1.99431e+07 0.210184 336.701 1.84872e+10 2.39191e+10 5.14549e+08 70.2886 68228.8 7.76203 0.340337 2.35749 0.000240762 0.00961136 73.1106 -83.1197 12.2055 0.00439568 0.134463 0.650443 0.124299 0.571555 6.36466e-05 0.00263995 10.4742 12.1957 1.68829 0.00119059 0.0452937 3.38911e+06 inf 
1565 2.65259e+07 1.03981e+06 8.86278e+06 857.88 32223 2.58623e+08 -2.93609e+08 4.41273e+07 14882.8 428467 1.93376e+08 349184 2.23743e+07 0.216831 312.198 1.86275e+10 2.40258e+10 5.40553e+08 66.8979 58405.6 7.21195 0.282708 2.40965 0.000233244 0.00876092 70.3155 -79.8276 11.9975 0.0040464 0.116493 0.750731 0.122529 0.526142 6.74562e-05 0.00285095 10.966 12.6401 1.74012 0.00134725 0.0480505 3.67804e+06 inf 
1575 2.64753e+07 916637 9.61836e+06 868.132 30759.6 2.64682e+08 -3.00079e+08 4.61591e+07 14361.1 390074 1.77337e+08 264515 2.39563e+07 0.209932 273.173 1.80531e+10 2.32101e+10 5.4612e+08 60.2757 47587.3 6.58348 0.227936 2.39175 0.000215874 0.00764884 65.8172 -74.6191 11.4781 0.0035711 0.0969978 0.868997 0.117563 0.486455 7.48401e-05 0.00306985 12.5411 14.2661 2.01323 0.00149522 0.0492415 4.02148e+06 inf 
1585 2.61811e+07 790367 1.01742e+07 843.453 28279 2.65059e+08 -3.00098e+08 4.72462e+07 13367.6 343602 1.58646e+08 193667 2.43593e+07 0.190471 225.332 1.67874e+10 2.15075e+10 5.29251e+08 51.4196 36937 5.89972 0.178103 2.29267 0.000190066 0.00637247 59.7291 -67.6248 10.6466 0.00301229 0.0774281 0.971078 0.109182 0.48255 8.2439e-05 0.0031888 14.6752 16.5362 2.43172 0.00158529 0.0482533 4.43769e+06 inf 
1595 2.55541e+07 662734 1.04006e+07 781.141 24868.1 2.57772e+08 -2.91429e+08 4.695e+07 11923.2 291007 1.38003e+08 136468 2.33507e+07 0.161189 174.477 1.48817e+10 1.8991e+10 4.88614e+08 41.3617 27213.5 5.19462 0.13472 2.11423 0.00015879 0.00505516 52.3995 -59.2413 9.54395 0.00242374 0.0591555 1.03392 0.0979371 0.526038 8.69033e-05 0.00314848 16.7159 18.7334 2.87019 0.00159167 0.0450839 4.91935e+06 inf 
1605 2.46933e+07 540884 1.02478e+07 689.021 20904.3 2.4309e+08 -2.74375e+08 4.52236e+07 10192.7 237059 1.1713e+08 92774.3 2.10639e+07 0.127364 126.985 1.25721e+10 1.59687e+10 4.29501e+08 31.4653 19090.4 4.50129 0.0985965 1.86804 0.0001256 0.00381061 44.3124 -50.0152 8.24371 0.001858 0.043213 1.04387 0.0847959 0.591713 8.62638e-05 0.00293719 18.1147 20.2331 3.21467 0.00151115 0.0401571 5.48583e+06 inf 
1615 2.36111e+07 428756 9.67678e+06 576.679 16738.2 2.21245e+08 -2.49204e+08 4.20144e+07 8326.76 185266 9.71299e+07 60906.4 1.7805e+07 0.09385 86.8171 1.00911e+10 1.2744e+10 3.58276e+08 22.6469 12763.2 3.85414 0.0699876 1.57958 9.41338e-05 0.00273225 36.1147 -40.6787 6.8582 0.00135921 0.0302417 1.00025 0.0710193 0.641335 8.0364e-05 0.00258967 18.5185 20.6276 3.38351 0.00135989 0.0341882 6.12616e+06 inf 
1625 2.23816e+07 329502 8.73465e+06 457.953 12761.8 1.93874e+08 -2.1781e+08 3.75536e+07 6499.08 138806 7.89909e+07 38508.2 1.41055e+07 0.0648125 55.9665 7.69774e+09 9.65346e+09 2.83646e+08 15.4702 8141.18 3.27445 0.0482064 1.27789 6.69988e-05 0.00186706 28.3638 -31.8658 5.49412 0.00095082 0.0203073 0.913467 0.057532 0.65624 7.06631e-05 0.00216841 17.9354 19.9219 3.36337 0.00116587 0.0279047 6.83524e+06 inf 
1635 2.10725e+07 246138 7.52559e+06 345.387 9276.83 1.63473e+08 -1.83045e+08 3.22717e+07 4857.53 99971.8 6.33492e+07 23610.6 1.0467e+07 0.0420966 34.1566 5.58936e+09 6.9483e+09 2.13418e+08 10.0899 4986.99 2.77517 0.0324155 0.991093 4.54862e-05 0.00122173 21.5288 -24.1064 4.25007 0.00063972 0.0131659 0.800806 0.0453724 0.629445 5.89489e-05 0.00173369 16.5109 18.2742 3.16912 0.000958937 0.021987 7.59322e+06 inf 
1645 1.97487e+07 178792 6.19545e+06 248.214 6446.53 1.32756e+08 -1.48025e+08 2.66866e+07 3485.21 69329.6 5.03656e+07 14006.7 7.30732e+06 0.0258552 19.8 3.87675e+09 4.76809e+09 1.53155e+08 6.29365 2931.52 2.35518 0.0213223 0.738854 2.96014e-05 0.000768798 15.8322 -17.6531 3.18258 0.000415638 0.00826808 0.677953 0.0348678 0.570569 4.69807e-05 0.00133051 14.549 16.0312 2.85239 0.000760139 0.0167704 8.38522e+06 inf 
1655 1.84307e+07 126474 4.87312e+06 170.571 4295.89 1.03883e+08 -1.15216e+08 2.12432e+07 2408.4 46429.4 3.98574e+07 8048.69 4.81762e+06 0.0150678 10.9213 2.57809e+09 3.13022e+09 1.05224e+08 3.76113 1654.77 2.00714 0.0137733 0.530693 1.85755e-05 0.000467832 11.313 -12.5472 2.31343 0.00026228 0.00505627 0.558511 0.0262072 0.492965 3.59982e-05 0.000985133 12.3602 13.5445 2.47126 0.000583784 0.0124355 9.18256e+06 inf 
1665 1.72138e+07 87241.7 3.67348e+06 112.442 2752.56 7.85265e+07 -8.65268e+07 1.63213e+07 1606.79 30081.8 3.15993e+07 4473.66 3.0127e+06 0.00833818 5.73119 1.64892e+09 1.97176e+09 6.94397e+07 2.15163 895.466 1.71816 0.00870786 0.366661 1.12232e-05 0.000274742 7.83798 -8.63651 1.62908 0.000160378 0.00300256 0.449388 0.0192536 0.407758 2.65763e-05 0.000704674 10.1563 11.0552 2.06811 0.000434787 0.00896459 1.00187e+07 inf 
1675 1.61438e+07 58816.5 2.66401e+06 71.2997 1699.76 5.75328e+07 -6.28989e+07 1.21442e+07 1037.24 18894.3 2.52208e+07 2413.74 1.79499e+06 0.00437048 2.85524 1.01714e+09 1.19487e+09 4.41479e+07 1.17804 465.502 1.47736 0.00538244 0.24379 6.52482e-06 0.000155549 5.26497 -5.75604 1.11135 9.49206e-05 0.00172906 0.354172 0.0138534 0.323776 1.89045e-05 0.000486924 8.08463 8.73006 1.67481 0.000314317 0.00629362 1.09275e+07 inf 
1685 1.51708e+07 38767.6 1.86164e+06 43.575 1013.06 4.09202e+07 -4.43225e+07 8.76517e+06 648.513 11508.6 2.02438e+07 1257.7 1.0221e+06 0.00216591 1.3473 6.06205e+08 6.97775e+08 2.70917e+07 0.615292 231.399 1.27489 0.00325787 0.156445 3.66186e-06 8.51337e-05 3.43876 -3.72468 0.736587 5.44983e-05 0.000967137 0.275436 0.0097508 0.247826 1.29848e-05 0.000325536 6.25442 6.69065 1.31686 0.000220763 0.00430237 1.18997e+07 inf 
1695 1.43075e+07 24937.7 1.2558e+06 25.5547 579.914 2.82781e+07 -3.02991e+07 6.14257e+06 390.727 6761.2 1.63555e+07 628.326 554887 0.00100101 0.594718 3.47507e+08 3.90846e+08 1.59803e+07 0.303457 108.975 1.10235 0.00192136 0.096755 1.96891e-06 4.46804e-05 2.17873 -2.33445 0.473264 3.01042e-05 0.000520928 0.212055 0.00668721 0.182731 8.55849e-06 0.000209344 4.69333 4.96626 1.00362 0.000149914 0.0028504 1.29791e+07 inf 
1705 1.35047e+07 15708.9 819051 14.4073 319.636 1.90247e+07 -2.01302e+07 4.18798e+06 227.562 3846.34 1.32516e+07 304.044 287279 0.000435415 0.248595 1.92019e+08 2.1035e+08 9.07742e+06 0.143197 49.3251 0.953044 0.00110859 0.0578014 1.01674e-06 2.25571e-05 1.34259 -1.42061 0.295551 1.60593e-05 0.000271441 0.163975 0.00449753 0.130125 5.44922e-06 0.000130517 3.4276 3.58141 0.743811 9.92354e-05 0.00184587 1.41701e+07 inf 
1715 1.28268e+07 9669.5 517416 7.76706 168.707 1.24673e+07 -1.30047e+07 2.77976e+06 127.369 2105.98 1.07945e+07 141.383 141152 0.000178212 0.098375 1.0173e+08 1.08168e+08 4.93913e+06 0.0644799 21.3721 0.821312 0.000619149 0.0331307 4.97333e-07 1.08025e-05 0.798297 -0.832704 0.177991 8.15556e-06 0.000134848 0.128967 0.00294441 0.0891092 3.34122e-06 7.8628e-05 2.42417 2.49654 0.533458 6.37354e-05 0.00116202 1.56174e+07 inf 
1725 1.21792e+07 5793.57 314537 3.97943 84.7941 7.91466e+06 -8.12186e+06 1.78626e+06 68.1987 1105.03 8.77287e+06 62.5904 65217.6 6.86629e-05 0.0366622 5.13912e+07 5.28115e+07 2.55951e+06 0.0274264 8.69736 0.704685 0.000335215 0.0181991 2.30249e-07 4.90617e-06 0.457941 -0.469929 0.103353 3.94597e-06 6.39367e-05 0.104958 0.00187326 0.0586709 1.97985e-06 4.57952e-05 1.66246 1.6837 0.37069 3.96398e-05 0.000706499 1.72831e+07 inf 
1735 1.15172e+07 3387.19 184391 1.94235 40.6787 4.87913e+06 -4.91436e+06 1.11396e+06 35.0026 556.696 7.06648e+06 26.4455 28409 2.49169e-05 0.0128447 2.48113e+07 2.45306e+07 1.26599e+06 0.0109712 3.31818 0.599997 0.000176459 0.00960601 1.01189e-07 2.11919e-06 0.254183 -0.256018 0.0580327 1.82349e-06 2.90016e-05 0.090208 0.00116041 0.0372521 1.13482e-06 2.57811e-05 1.10813 1.10109 0.25017 2.38376e-05 0.000414756 1.91954e+07 inf 
1745 1.09918e+07 1918.21 103603 0.893404 18.4076 2.90313e+06 -2.86269e+06 670118 17.0096 265.63 5.69045e+06 10.3227 11548 8.13039e-06 0.00399895 1.13224e+07 1.07157e+07 591323 0.00388272 1.10641 0.504661 8.807e-05 0.00475667 4.10184e-08 8.4514e-07 0.13329 -0.131433 0.0307668 7.80955e-07 1.21957e-05 0.0811191 0.000682778 0.0225293 6.09593e-07 1.35236e-05 0.708571 0.688992 0.161872 1.33287e-05 0.000225054 2.17806e+07 inf 
1755 1.05152e+07 1047.67 55506.9 0.383224 7.7662 1.66051e+06 -1.59819e+06 387265 7.72629 118.39 4.54966e+06 3.64883 4353.63 2.23446e-06 0.00103773 4.83097e+06 4.35528e+06 258076 0.00114118 0.304061 0.41945 4.17913e-05 0.00221416 1.52868e-08 3.09792e-07 0.0662373 -0.0637516 0.0154479 3.082e-07 4.72255e-06 0.0744781 0.000379216 0.0129909 2.98158e-07 6.42642e-06 0.433957 0.411907 0.100279 6.73993e-06 0.00011003 2.50691e+07 inf 
1765 9.92457e+06 547.473 28114.8 0.149425 2.97704 905982 -848142 213347 3.19755 48.06 3.53921e+06 1.14917 1487.81 4.7839e-07 0.000209294 1.87878e+06 1.60504e+06 102592 0.000262116 0.0653622 0.342312 1.88831e-05 0.000969718 5.15386e-09 1.02682e-07 0.0312485 -0.0292536 0.00735863 1.10288e-07 1.65766e-06 0.069962 0.000198192 0.00709762 1.2835e-07 2.68482e-06 0.252637 0.233461 0.0590286 3.00476e-06 4.74519e-05 2.89928e+07 inf 
1775 9.41262e+06 269.971 13276 0.050124 0.980949 465457 -422040 110608 1.14137 16.8193 2.70318e+06 0.305143 437.326 6.76425e-08 2.7789e-05 630832 507516 35191.7 3.98922e-05 0.00929782 0.271082 7.77513e-06 0.000382346 1.44356e-09 2.82512e-08 0.0134051 -0.0121547 0.00318551 3.28713e-08 4.84394e-07 0.0660742 9.34217e-05 0.00352828 4.41136e-08 8.94159e-07 0.13412 0.120286 0.031676 1.07136e-06 1.63567e-05 3.47224e+07 inf 
1785 9.08043e+06 121.898 5661.74 0.0128753 0.24768 218327 -190752 52322.3 0.313818 4.54044 2.03098e+06 0.0626493 98.3579 4.81021e-09 1.86175e-06 163098 122576 9286.12 3.09287e-06 0.000677286 0.20555 2.75935e-06 0.000128162 2.91452e-10 5.60661e-09 0.00494216 -0.00431797 0.0011844 7.10375e-09 1.0278e-07 0.061023 3.75573e-05 0.00148663 1.04308e-08 2.05213e-07 0.0605603 0.0524981 0.01445 2.64502e-07 3.91419e-06 4.41764e+07 inf 
1795 8.74981e+06 48.0549 2047.93 0.00218941 0.0416597 88366 -73847 21338 0.0582205 0.833084 1.466e+06 0.00920711 14.3862 1.36213e-10 5.04692e-08 28203.8 19563.9 1635.53 9.89236e-08 2.07211e-05 0.147676 8.11052e-07 3.45642e-05 3.6952e-11 7.03117e-10 0.00149141 -0.00124636 0.000360135 9.82623e-10 1.40605e-08 0.0541707 1.24393e-05 0.000491538 1.51578e-09 2.91771e-08 0.0217667 0.0181284 0.00524157 4.08489e-08 5.91207e-07 5.92501e+07 inf 
1805 8.64554e+06 14.4994 541.292 0.00020796 0.00395648 26821.8 -21206.6 6522.67 0.00622345 0.0891873 1.01788e+06 0.000843038 1.14806 1.19376e-12 4.33641e-10 2762.51 1740.97 162.99 1.03748e-09 2.14178e-07 0.0983581 1.64956e-07 6.15814e-06 2.3659e-12 4.50118e-11 0.000305144 -0.000241262 7.42067e-05 7.08026e-11 1.01466e-09 0.0436561 3.09254e-06 0.000114119 1.16514e-10 2.22067e-09 0.00559779 0.00444391 0.0013597 3.43484e-09 4.9352e-08 8.78986e+07 inf 
1815 8.12256e+06 3.38249 105.808 1.36878e-05 0.000262519 6209.35 -4568.79 1519.99 0.000470094 0.00682548 626645 5.69405e-05 0.064404 7.02792e-15 2.52839e-12 189.13 107.13 11.3327 7.31391e-12 1.5239e-09 0.0578425 2.40874e-08 7.5348e-07 9.74742e-14 1.86946e-12 4.42182e-05 -3.25354e-05 1.08242e-05 3.34764e-12 4.86058e-11 0.0334174 6.36322e-07 2.14025e-05 7.07375e-12 1.34171e-10 0.00115969 0.000872832 0.000283876 2.28195e-10 3.29389e-09 1.40425e+08 inf 
1825 7.31301e+06 0.567517 14.8795 5.04869e-07 9.67058e-06 1041.89 -697.965 256.62 1.8781e-05 0.000274609 306836 2.02474e-06 0.00231618 1.58782e-17 5.30144e-15 7.0394 3.73464 0.430094 1.38083e-14 2.74934e-12 0.0247761 1.92272e-09 5.04109e-08 1.71047e-15 3.27635e-14 3.52987e-06 -2.36467e-06 8.69418e-07 6.36292e-14 9.30361e-13 0.0206322 8.28011e-08 2.80082e-06 2.3193e-13 4.23792e-12 0.000154391 0.00011246 3.81626e-05 6.83942e-12 9.65079e-11 2.95164e+08 inf 
1835 6.08815e+06 0.0467614 2.08034 7.35787e-09 2.06192e-07 103.962 -53.5903 25.8165 3.04973e-07 4.7777e-06 89639.5 3.19939e-08 6.58923e-05 2.06289e-20 6.701e-18 0.13498 0.0697569 0.0084684 1.66726e-17 2.9963e-15 0.00447658 3.43833e-11 1.52966e-09 5.41019e-18 1.51612e-16 7.64429e-08 -3.94046e-08 1.89827e-08 2.24244e-16 3.51301e-15 0.00677286 4.85013e-09 2.20109e-07 3.89465e-15 7.01938e-14 9.96213e-06 7.16172e-06 2.49528e-06 1.10721e-13 1.4843e-12 1.36e+09 inf 
1845 996829 0.0040907 1.61871 -8.10066e-10 9.39153e-09 29.6393 -1.60581 7.26319 -6.8601e-09 7.47092e-08 6593.01 1.45029e-10 7.19914e-06 5.54224e-24 6.53358e-22 0.00220699 0.000230074 0.000134044 1.33704e-21 1.6693e-19 0.000928773 3.81142e-12 1.5082e-09 -7.54761e-19 8.75035e-18 2.76158e-08 -1.49618e-09 6.76732e-09 -6.39174e-18 6.96087e-17 0.00229788 3.67578e-10 8.18863e-08 7.1856e-17 7.80177e-16 1.43372e-06 4.62995e-07 3.53337e-07 1.11612e-15 1.24711e-14 1.07327e+09 inf 
1855 2107.84 -9.22188e-07 -1.70079e-07 -1.95323e-16 -1.23955e-15 0.000137733 -4.26564e-05 3.43635e-05 6.18504e-17 -1.35489e-12 22.9756 4.92468e-18 1.89601e-16 1.75488e-35 7.05244e-34 6.90513e-12 6.57009e-13 4.29538e-13 2.87151e-36 6.26727e-28 0.00997501 -4.3641e-12 -8.04869e-13 -9.24335e-22 -5.86598e-21 6.51799e-10 -2.01865e-10 1.6262e-10 2.92697e-22 -6.41179e-18 0.00303771 2.06394e-12 2.99434e-11 9.06602e-21 5.74721e-20 5.67914e-09 1.7517e-09 1.41643e-09 3.67468e-21 5.40812e-17 211312 inf 
1865 0 0 0 0 0 0 0 0 0 0 0 0 0 0 0 0 0 0 0 0 0.0 0.0 0.0 0.0 0.0 0.0 0.0 0.0 0.0 0.0 0.0 0.0 0.0 0.0 0.0 0.0 0.0 0.0 0.0 0.0 0 -nan 
1875 0 0 0 0 0 0 0 0 0 0 0 0 0 0 0 0 0 0 0 0 0.0 0.0 0.0 0.0 0.0 0.0 0.0 0.0 0.0 0.0 0.0 0.0 0.0 0.0 0.0 0.0 0.0 0.0 0.0 0.0 0 -nan 
1885 0 0 0 0 0 0 0 0 0 0 0 0 0 0 0 0 0 0 0 0 0.0 0.0 0.0 0.0 0.0 0.0 0.0 0.0 0.0 0.0 0.0 0.0 0.0 0.0 0.0 0.0 0.0 0.0 0.0 0.0 0 -nan 
1895 0 0 0 0 0 0 0 0 0 0 0 0 0 0 0 0 0 0 0 0 0.0 0.0 0.0 0.0 0.0 0.0 0.0 0.0 0.0 0.0 0.0 0.0 0.0 0.0 0.0 0.0 0.0 0.0 0.0 0.0 0 -nan 
