255 0 0 0 0 0 0 0 0 0 0 0 0 0 0 0 0 0 0 0 0 0.0 0.0 0.0 0.0 0.0 0.0 0.0 0.0 0.0 0.0 0.0 0.0 0.0 0.0 0.0 0.0 0.0 0.0 0.0 0.0 0 -nan 
265 0 0 0 0 0 0 0 0 0 0 0 0 0 0 0 0 0 0 0 0 0.0 0.0 0.0 0.0 0.0 0.0 0.0 0.0 0.0 0.0 0.0 0.0 0.0 0.0 0.0 0.0 0.0 0.0 0.0 0.0 0 -nan 
275 0 0 0 0 0 0 0 0 0 0 0 0 0 0 0 0 0 0 0 0 0.0 0.0 0.0 0.0 0.0 0.0 0.0 0.0 0.0 0.0 0.0 0.0 0.0 0.0 0.0 0.0 0.0 0.0 0.0 0.0 0 -nan 
285 0 0 0 0 0 0 0 0 0 0 0 0 0 0 0 0 0 0 0 0 0.0 0.0 0.0 0.0 0.0 0.0 0.0 0.0 0.0 0.0 0.0 0.0 0.0 0.0 0.0 0.0 0.0 0.0 0.0 0.0 0 -nan 
295 30.5697 -3.42202e-06 1.61382 -1.81558e-07 60.0007 8.16196e-05 136.097 -1.68317e-07 13.1389 0.00363161 3.76829e-06 1.50125e-18 1.0489e-08 8.03077e-22 1.45354e-05 1.12365e-15 7.47717e-05 1.93826e-20 6.99691e-07 5.33216e-14 0.0 0.0 0.0 0.0 0.0 0.0 0.0 0.0 0.0 0.0 0.0 0.0 0.0 0.0 0.0 0.0 0.0 0.0 0.0 0.0 -1.35736e+08 -inf 
305 203.506 -1.18407e-05 10.6305 -6.24466e-08 395.382 0.000553572 901.739 -2.68589e-07 86.406 0.0239817 0.000155463 2.63673e-18 4.22408e-07 4.69847e-21 0.000584667 1.42574e-14 0.00304886 6.6999e-20 2.79524e-05 2.15486e-12 6.10445e-07 -3.55179e-14 3.18879e-08 -1.87318e-16 1.18601e-06 1.66052e-12 2.7049e-06 -8.05673e-16 2.59188e-07 7.19368e-11 3.06092e-07 8.15336e-14 1.5819e-08 3.74949e-15 5.89225e-07 6.32534e-12 1.35242e-06 1.41536e-14 1.29109e-07 3.59014e-11 3.33373e+08 inf 
315 189.621 -5.7791e-06 9.80004 -7.03457e-09 365.174 0.000381192 835.794 -2.21305e-07 79.4295 0.0219944 0.000355846 1.31836e-18 9.48754e-07 6.67107e-22 0.00131831 7.82603e-14 0.00691736 7.73334e-20 6.25911e-05 4.8016e-12 1.8124e-06 -5.52366e-14 9.36688e-08 -6.72365e-17 3.49034e-06 3.64344e-12 7.98852e-06 -2.11523e-15 7.59188e-07 2.10222e-10 3.41181e-07 9.77229e-14 1.71566e-08 2.52422e-15 6.465e-07 2.71061e-11 1.51647e-06 2.7105e-14 1.47921e-07 4.12341e-11 1.04624e+08 inf 
325 189.675 -3.72976e-06 9.7603 -1.52799e-10 365.032 0.000435427 833.662 -1.58784e-07 79.0755 0.0217576 0.000565095 5.67629e-19 1.49454e-06 1.58716e-22 0.00209222 3.55095e-13 0.0109281 7.12393e-20 9.8594e-05 7.46929e-12 2.93213e-06 -5.76572e-14 1.50882e-07 -2.36207e-18 5.64292e-06 6.73113e-12 1.28873e-05 -2.45459e-15 1.2224e-06 3.36344e-10 3.71837e-07 7.38272e-14 1.83938e-08 1.56638e-15 7.07397e-07 7.37834e-11 1.68837e-06 3.30945e-14 1.72809e-07 4.83539e-11 6.46885e+07 inf 
335 191.11 -2.94164e-06 9.81166 3.13424e-09 368.086 0.0006743 838.618 -3.5445e-08 79.5459 0.0217814 0.000782727 3.39048e-19 2.06105e-06 6.10715e-22 0.00290364 1.0885e-12 0.0150941 1.04596e-19 0.000136288 1.02273e-11 4.0499e-06 -6.23377e-14 2.07924e-07 6.64192e-17 7.8003e-06 1.42894e-11 1.77716e-05 -7.51133e-16 1.6857e-06 4.6158e-10 4.30657e-07 5.74365e-14 2.10816e-08 3.59688e-15 8.29348e-07 1.51204e-10 2.00925e-06 4.70743e-14 2.15805e-07 6.06335e-11 4.71887e+07 inf 
345 192.381 -2.46577e-06 9.84913 7.39399e-09 370.71 0.00105962 842.69 1.18208e-07 79.9478 0.021758 0.000998537 2.84671e-19 2.61547e-06 1.76881e-21 0.00370975 2.63063e-12 0.0191921 2.26395e-19 0.000173499 1.28609e-11 5.1445e-06 -6.59375e-14 2.63377e-07 1.97724e-16 9.91321e-06 2.83354e-11 2.25345e-05 3.16102e-15 2.1379e-06 5.81834e-10 4.85941e-07 5.71372e-14 2.39432e-08 6.87466e-15 9.65044e-07 2.6371e-10 2.32686e-06 7.77435e-14 2.62582e-07 7.33818e-11 3.73956e+07 inf 
355 176.423 -1.79946e-06 9.00418 1.6588e-08 339.788 0.00157975 770.819 3.65132e-07 73.0856 0.0197956 0.00111252 2.05069e-19 2.89713e-06 1.50299e-21 0.00413147 5.52699e-12 0.021284 5.05921e-19 0.000192419 1.41335e-11 6.25443e-06 -6.37932e-14 3.1921e-07 5.88066e-16 1.20459e-05 5.6004e-11 2.73265e-05 1.29444e-14 2.59098e-06 7.0178e-10 5.67657e-07 5.6572e-14 2.84967e-08 7.27578e-15 1.16702e-06 4.39093e-10 2.79379e-06 1.33297e-13 3.2913e-07 9.24905e-11 2.82077e+07 inf 
365 173.386 -1.44437e-06 8.81788 2.98267e-08 333.02 0.0022207 755.694 7.1921e-07 71.5349 0.0193636 0.00128848 1.8246e-19 3.33279e-06 2.56778e-21 0.00476147 1.02616e-11 0.0245386 1.07255e-18 0.000221341 1.62399e-11 7.37387e-06 -6.14269e-14 3.75012e-07 1.26849e-15 1.41628e-05 9.44432e-11 3.21386e-05 3.0587e-14 3.04228e-06 8.23504e-10 6.50567e-07 6.31388e-14 3.32429e-08 1.03728e-14 1.38273e-06 6.53828e-10 3.27153e-06 2.11373e-13 3.97314e-07 1.11801e-10 2.35136e+07 inf 
375 176.865 -1.24401e-06 8.95691 4.9194e-08 338.295 0.00298493 768.743 1.18155e-06 72.5762 0.0196632 0.00151485 1.5337e-19 3.88658e-06 6.97161e-21 0.00555495 1.75513e-11 0.0286985 2.15331e-18 0.000257702 1.89392e-11 8.50254e-06 -5.98039e-14 4.30591e-07 2.36493e-15 1.62631e-05 1.43496e-10 3.69563e-05 5.68014e-14 3.489e-06 9.45282e-10 7.28729e-07 6.16163e-14 3.78575e-08 1.81537e-14 1.59959e-06 9.07283e-10 3.72471e-06 3.16688e-13 4.6425e-07 1.3007e-10 2.08014e+07 inf 
385 170.969 -1.03073e-06 8.61845 7.75116e-08 325.457 0.00388219 739.88 1.73699e-06 69.5503 0.0188449 0.00165527 1.25787e-19 4.20903e-06 1.12455e-20 0.00601562 2.839e-11 0.0310939 4.1498e-18 0.000277111 2.03682e-11 9.61108e-06 -5.79427e-14 4.8449e-07 4.35735e-15 1.82957e-05 2.18239e-10 4.15927e-05 9.76454e-14 3.9098e-06 1.05937e-09 8.24111e-07 6.09412e-14 4.33857e-08 2.47626e-14 1.85423e-06 1.24432e-09 4.24348e-06 4.7302e-13 5.39777e-07 1.50796e-10 1.77887e+07 inf 
395 176.029 -9.70185e-07 8.85039 1.17362e-07 334.039 0.00493033 760.202 2.45443e-06 71.3197 0.0193642 0.00190681 1.18001e-19 4.82481e-06 2.56057e-20 0.00688972 4.44771e-11 0.0356746 7.59754e-18 0.000316917 2.33926e-11 1.07556e-05 -5.92796e-14 5.40771e-07 7.17098e-15 2.04102e-05 3.0125e-10 4.64494e-05 1.49969e-13 4.35773e-06 1.18318e-09 9.08221e-07 6.07945e-14 4.86788e-08 3.88988e-14 2.09621e-06 1.62076e-09 4.7144e-06 6.64627e-13 6.11778e-07 1.71493e-10 1.63663e+07 inf 
405 185.648 -9.37707e-07 9.32527 1.71031e-07 351.705 0.00607324 801.21 3.31598e-06 75.1046 0.0204562 0.00222142 1.13788e-19 5.61133e-06 4.4689e-20 0.00800229 6.5943e-11 0.0415013 1.32027e-17 0.000368226 2.73537e-11 1.18853e-05 -6.00327e-14 5.97011e-07 1.09495e-14 2.25164e-05 3.88813e-10 5.1294e-05 2.12291e-13 4.80825e-06 1.30962e-09 9.77709e-07 6.06699e-14 5.30984e-08 5.23558e-14 2.30725e-06 2.01756e-09 5.0856e-06 8.94526e-13 6.74411e-07 1.89979e-10 1.56199e+07 inf 
415 178.872 -7.73803e-07 8.92979 2.45563e-07 336.879 0.00743075 768.609 4.40618e-06 71.719 0.0195323 0.00234928 9.11743e-20 5.86333e-06 7.90786e-20 0.00836957 9.6191e-11 0.0435171 2.23787e-17 0.000383079 2.84455e-11 1.30429e-05 -5.64237e-14 6.51137e-07 1.79058e-14 2.45644e-05 5.41831e-10 5.6045e-05 3.21287e-13 5.22957e-06 1.42424e-09 1.08935e-06 5.88605e-14 5.96577e-08 7.37942e-14 2.62284e-06 2.59238e-09 5.66652e-06 1.23635e-12 7.64674e-07 2.138e-10 1.37141e+07 inf 
425 176.218 -6.56732e-07 8.75046 3.43218e-07 330.388 0.00893143 754.463 5.66707e-06 70.1775 0.0190887 0.00252377 7.66673e-20 6.23327e-06 1.4897e-19 0.00891496 1.35673e-10 0.0464138 3.64695e-17 0.000406435 3.00988e-11 1.42212e-05 -5.29999e-14 7.06183e-07 2.76986e-14 2.66631e-05 7.20789e-10 6.0887e-05 4.57347e-13 5.6635e-06 1.54051e-09 1.19688e-06 5.81227e-14 6.59173e-08 1.0609e-13 2.92216e-06 3.22949e-09 6.20328e-06 1.65349e-12 8.51523e-07 2.36387e-10 1.23912e+07 inf 
435 171.361 -5.60016e-07 8.45133 4.71284e-07 319.555 0.0106196 730.335 7.19559e-06 67.6574 0.01835 0.00266035 1.07074e-19 6.48187e-06 2.76088e-19 0.00930149 1.87981e-10 0.0484812 5.78323e-17 0.000421565 3.10228e-11 1.54122e-05 -5.03675e-14 7.60108e-07 4.2387e-14 2.87406e-05 9.55123e-10 6.56859e-05 6.47167e-13 6.08507e-06 1.65039e-09 1.3175e-06 8.42218e-14 7.21912e-08 1.51771e-13 3.24779e-06 3.99932e-09 6.7623e-06 2.18691e-12 9.41943e-07 2.57658e-10 1.11186e+07 inf 
445 169.875 -4.92167e-07 8.33471 6.38104e-07 315.53 0.0125238 721.512 9.03363e-06 66.6463 0.0180368 0.00284266 2.27151e-19 6.85579e-06 5.04434e-19 0.00986525 2.57901e-10 0.0514456 9.05202e-17 0.000445259 3.26162e-11 1.66102e-05 -4.81236e-14 8.14958e-07 6.23931e-14 3.08521e-05 1.22456e-09 7.05487e-05 8.83298e-13 6.5166e-06 1.76361e-09 1.43269e-06 1.41049e-13 7.87074e-08 2.13143e-13 3.57205e-06 4.87008e-09 7.2926e-06 2.84091e-12 1.03482e-06 2.80792e-10 1.02272e+07 inf 
455 171.179 -4.4229e-07 8.36251 8.525e-07 316.745 0.0146654 725.166 1.11663e-05 66.8037 0.0180752 0.00307355 4.67958e-19 7.35041e-06 8.98381e-19 0.0105903 3.49004e-10 0.0553313 1.38126e-16 0.000476794 3.49104e-11 1.78222e-05 -4.60488e-14 8.70657e-07 8.87575e-14 3.29778e-05 1.52688e-09 7.55002e-05 1.16257e-12 6.95523e-06 1.88189e-09 1.53992e-06 2.15872e-13 8.50845e-08 2.92671e-13 3.88156e-06 5.83138e-09 7.77846e-06 3.60962e-12 1.12512e-06 3.05247e-10 9.60482e+06 inf 
465 170.762 -3.97166e-07 8.30145 1.13085e-06 314.552 0.0171229 721.223 1.37235e-05 66.2272 0.0179134 0.00327774 4.64297e-19 7.76382e-06 1.5644e-18 0.011197 4.65923e-10 0.0586489 2.07213e-16 0.000502665 3.67868e-11 1.90503e-05 -4.4308e-14 9.26113e-07 1.26158e-13 3.50915e-05 1.91024e-09 8.04599e-05 1.531e-12 7.38834e-06 1.99843e-09 1.65904e-06 2.23235e-13 9.19227e-08 3.98257e-13 4.21105e-06 6.95194e-09 8.31303e-06 4.55771e-12 1.22065e-06 3.32004e-10 8.96376e+06 inf 
475 166.596 -3.52619e-07 8.05452 1.47989e-06 305.271 0.0198316 701.133 1.66589e-05 64.1388 0.0173433 0.00340893 4.87729e-19 7.98868e-06 2.67843e-18 0.0115303 6.16245e-10 0.060568 3.06866e-16 0.000515864 3.77387e-11 2.03053e-05 -4.29783e-14 9.81711e-07 1.80374e-13 3.72074e-05 2.41714e-09 8.54565e-05 2.03044e-12 7.81745e-06 2.11385e-09 1.78478e-06 2.39998e-13 9.96501e-08 5.42145e-13 4.57824e-06 8.3227e-09 8.91159e-06 5.76881e-12 1.32769e-06 3.62399e-10 8.20457e+06 inf 
485 165.213 -3.15985e-07 7.95641 1.91696e-06 301.54 0.0228286 693.683 2.00569e-05 63.2985 0.0171277 0.00359062 1.81713e-18 8.35056e-06 4.48876e-18 0.0120543 8.04464e-10 0.0634942 4.46585e-16 0.000538743 3.94744e-11 2.15641e-05 -4.12432e-14 1.03849e-06 2.50208e-13 3.93579e-05 2.97966e-09 9.05414e-05 2.61788e-12 8.2619e-06 2.23556e-09 1.90972e-06 4.85258e-13 1.07107e-07 7.23382e-13 4.93089e-06 9.80421e-09 9.47022e-06 7.1719e-12 1.43499e-06 3.93186e-10 7.6615e+06 inf 
495 164.528 -2.84029e-07 7.88609 2.47438e-06 298.909 0.0262875 688.893 2.41065e-05 62.6753 0.0169592 0.0037875 2.92716e-18 8.72738e-06 7.38765e-18 0.012604 1.04174e-09 0.0666029 6.39191e-16 0.000562445 4.12081e-11 2.28397e-05 -3.94286e-14 1.09474e-06 3.43491e-13 4.14943e-05 3.6492e-09 9.56315e-05 3.34645e-12 8.70052e-06 2.35427e-09 2.03143e-06 6.36232e-13 1.14337e-07 9.5266e-13 5.28208e-06 1.14585e-08 1.00188e-05 8.8053e-12 1.54242e-06 4.2179e-10 7.20362e+06 inf 
505 163.553 -2.58947e-07 7.79593 3.1802e-06 295.574 0.0302778 682.389 2.89015e-05 61.8643 0.0167297 0.00397889 2.70793e-18 9.06904e-06 1.21498e-17 0.0131076 1.3573e-09 0.0694703 9.19637e-16 0.000583238 4.2678e-11 2.41354e-05 -3.82126e-14 1.15044e-06 4.693e-13 4.36176e-05 4.46808e-09 0.0001007 4.26497e-12 9.12928e-06 2.4688e-09 2.15547e-06 6.30989e-13 1.21655e-07 1.25407e-12 5.63749e-06 1.34288e-08 1.05483e-05 1.08407e-11 1.65053e-06 4.50565e-10 6.77647e+06 inf 
515 161.336 -2.31194e-07 7.64123 4.0437e-06 289.85 0.0346072 670.341 3.43409e-05 60.5219 0.0163396 0.00414117 2.72347e-18 9.32157e-06 1.94469e-17 0.0134893 1.7321e-09 0.0717012 1.29129e-15 0.000597891 4.35946e-11 2.54624e-05 -3.64876e-14 1.20596e-06 6.38186e-13 4.57447e-05 5.46179e-09 0.000105795 5.41976e-12 9.55171e-06 2.57876e-09 2.28795e-06 6.54593e-13 1.29704e-07 1.63152e-12 6.02842e-06 1.56055e-08 1.11138e-05 1.32068e-11 1.76789e-06 4.79804e-10 6.33624e+06 inf 
525 160.576 -2.07827e-07 7.56492 5.10168e-06 287.094 0.0393983 665.057 4.05497e-05 59.8433 0.0161383 0.00433929 3.25651e-18 9.66676e-06 3.07363e-17 0.0140048 2.19867e-09 0.0746481 1.79468e-15 0.000619079 4.50379e-11 2.68062e-05 -3.46941e-14 1.26287e-06 8.51661e-13 4.79268e-05 6.57705e-09 0.000111023 6.76927e-12 9.99009e-06 2.69408e-09 2.41202e-06 7.36498e-13 1.37502e-07 2.09898e-12 6.39938e-06 1.7994e-08 1.16391e-05 1.59304e-11 1.88293e-06 5.10348e-10 5.99027e+06 inf 
535 162.288 -1.93944e-07 7.61126 6.42872e-06 289.039 0.0449356 670.414 4.7914e-05 60.1678 0.0162059 0.00460615 3.93864e-18 1.01714e-05 4.8302e-17 0.0147567 2.79e-09 0.0788235 2.49261e-15 0.00065094 4.72391e-11 2.81559e-05 -3.36481e-14 1.3205e-06 1.11534e-12 5.01464e-05 7.79602e-09 0.000116312 8.31276e-12 1.04387e-05 2.81161e-09 2.52676e-06 8.25951e-13 1.44737e-07 2.67135e-12 6.74781e-06 2.05735e-08 1.21152e-05 1.90617e-11 1.9917e-06 5.38985e-10 5.76391e+06 inf 
545 164.934 -1.8202e-07 7.70783 8.06019e-06 292.921 0.0511943 680.11 5.64024e-05 60.9263 0.0163925 0.00490697 2.25077e-18 1.0761e-05 7.51349e-17 0.0156366 3.54025e-09 0.0836572 3.43323e-15 0.000689045 4.99006e-11 2.95151e-05 -3.25726e-14 1.37933e-06 1.44238e-12 5.24185e-05 9.16128e-09 0.000121706 1.00933e-11 1.09028e-05 2.93345e-09 2.6394e-06 6.33812e-13 1.52179e-07 3.3712e-12 7.10617e-06 2.34436e-08 1.25739e-05 2.26386e-11 2.10567e-06 5.6977e-10 5.58812e+06 inf 
555 166.753 -1.70476e-07 7.76181 1.00458e-05 295.143 0.0581031 686.143 6.61186e-05 61.3154 0.0164837 0.00519138 1.37826e-18 1.12967e-05 1.15047e-16 0.0164359 4.43059e-09 0.0881148 4.67316e-15 0.000722972 5.22792e-11 3.08874e-05 -3.1577e-14 1.43771e-06 1.86078e-12 5.4669e-05 1.07624e-08 0.000127094 1.22471e-11 1.13574e-05 3.05325e-09 2.74991e-06 5.04279e-13 1.59537e-07 4.22464e-12 7.46359e-06 2.65489e-08 1.29872e-05 2.6751e-11 2.21926e-06 6.01068e-10 5.39872e+06 inf 
565 167.694 -1.57282e-07 7.7691 1.24875e-05 295.472 0.0659724 688.099 7.74372e-05 61.2763 0.0164709 0.00545411 1.22905e-18 1.17596e-05 1.75096e-16 0.0171172 5.5619e-09 0.0920442 6.34373e-15 0.000750695 5.42866e-11 3.22694e-05 -3.02659e-14 1.49501e-06 2.40298e-12 5.68579e-05 1.26951e-08 0.000132411 1.49013e-11 1.17914e-05 3.1695e-09 2.86742e-06 4.85378e-13 1.66893e-07 5.2839e-12 7.81412e-06 3.01515e-08 1.33925e-05 3.16019e-11 2.32783e-06 6.33009e-10 5.19668e+06 inf 
575 169.445 -1.45359e-07 7.81964 1.54997e-05 297.536 0.07498 693.74 9.07056e-05 61.6091 0.016547 0.00574957 1.29433e-18 1.23017e-05 2.6474e-16 0.0179248 6.9642e-09 0.0965768 8.58834e-15 0.000784118 5.66313e-11 3.36655e-05 -2.88802e-14 1.55362e-06 3.07952e-12 5.9115e-05 1.48972e-08 0.000137834 1.80216e-11 1.22406e-05 3.28758e-09 2.99433e-06 5.06286e-13 1.74292e-07 6.56625e-12 8.17075e-06 3.40842e-08 1.37828e-05 3.71695e-11 2.44079e-06 6.65883e-10 5.03317e+06 inf 
585 169.708 -1.33917e-07 7.80025 1.90926e-05 296.96 0.0847649 693.317 0.000105604 61.3962 0.0164742 0.00600169 1.47164e-18 1.27387e-05 3.94754e-16 0.0185831 8.6449e-09 0.100351 1.14946e-14 0.000810956 5.84896e-11 3.50851e-05 -2.76857e-14 1.61261e-06 3.94715e-12 6.13928e-05 1.75241e-08 0.000143335 2.18324e-11 1.26929e-05 3.40585e-09 3.13228e-06 5.50887e-13 1.81851e-07 8.12592e-12 8.52919e-06 3.84725e-08 1.41927e-05 4.35858e-11 2.55841e-06 7.01583e-10 4.83705e+06 inf 
595 169.973 -1.24239e-07 7.77955 2.34823e-05 296.378 0.0959551 692.753 0.000122918 61.1706 0.0163876 0.0062572 1.01516e-18 1.31703e-05 5.87325e-16 0.0192408 1.07695e-08 0.104101 1.54027e-14 0.000837345 6.02141e-11 3.65191e-05 -2.66931e-14 1.67145e-06 5.04523e-12 6.36774e-05 2.06162e-08 0.00014884 2.64092e-11 1.31426e-05 3.52092e-09 3.27578e-06 4.66259e-13 1.8952e-07 1.00366e-11 8.8951e-06 4.34605e-08 1.45963e-05 5.11064e-11 2.67893e-06 7.35023e-10 4.65436e+06 inf 
605 171.733 -1.13613e-07 7.83518 2.88229e-05 298.754 0.108597 698.803 0.000143044 61.5834 0.0164686 0.0065713 1.30048e-18 1.37439e-05 8.64181e-16 0.020114 1.33376e-08 0.108945 2.04757e-14 0.000873621 6.26281e-11 3.79557e-05 -2.51103e-14 1.7317e-06 6.37031e-12 6.60294e-05 2.40017e-08 0.000154447 3.16151e-11 1.36109e-05 3.63983e-09 3.42437e-06 5.35534e-13 1.9707e-07 1.22645e-11 9.25414e-06 4.87006e-08 1.49938e-05 5.93796e-11 2.79768e-06 7.70335e-10 4.52456e+06 inf 
615 173.566 -1.06846e-07 7.89205 3.51019e-05 301.215 0.12221 705.107 0.000165404 62.0093 0.0165493 0.00689756 4.53837e-19 1.4329e-05 1.2559e-15 0.0210113 1.63802e-08 0.113948 2.6976e-14 0.000910711 6.50406e-11 3.9417e-05 -2.42649e-14 1.79229e-06 7.97165e-12 6.84062e-05 2.77541e-08 0.00016013 3.75634e-11 1.40824e-05 3.75836e-09 3.56955e-06 3.20122e-13 2.0448e-07 1.48885e-11 9.60615e-06 5.43109e-08 1.53639e-05 6.86677e-11 2.91723e-06 8.03434e-10 4.40334e+06 inf 
625 175.113 -9.72994e-08 7.92584 4.29365e-05 302.795 0.138451 709.64 0.00019233 62.2111 0.0165666 0.00722199 6.13104e-19 1.48646e-05 1.83296e-15 0.02184 2.0295e-08 0.118684 3.57615e-14 0.000943301 6.70792e-11 4.0903e-05 -2.27273e-14 1.85133e-06 1.00292e-11 7.07272e-05 3.23395e-08 0.000165758 4.49246e-11 1.45313e-05 3.86964e-09 3.72331e-06 3.77747e-13 2.11376e-07 1.80986e-11 9.95362e-06 6.07839e-08 1.56989e-05 7.95926e-11 3.02951e-06 8.33262e-10 4.28117e+06 inf 
635 175.846 -8.95493e-08 7.92518 5.2061e-05 303.07 0.155771 711.055 0.000222075 62.1538 0.0165134 0.00751961 1.32807e-18 1.53445e-05 2.63844e-15 0.0225918 2.49219e-08 0.122992 4.69273e-14 0.000972628 6.88588e-11 4.24065e-05 -2.15955e-14 1.91121e-06 1.25549e-11 7.30874e-05 3.75654e-08 0.000171476 5.35551e-11 1.49889e-05 3.98234e-09 3.88552e-06 5.65514e-13 2.18407e-07 2.18782e-11 1.03148e-05 6.78154e-08 1.60148e-05 9.19169e-11 3.14497e-06 8.64167e-10 4.14667e+06 inf 
645 176.612 -8.3122e-08 7.92702 6.29527e-05 303.395 0.17515 712.775 0.000256113 62.1157 0.0164713 0.00782382 4.96044e-19 1.58329e-05 3.77161e-15 0.0233499 3.05269e-08 0.127426 6.13336e-14 0.00100226 7.07293e-11 4.39267e-05 -2.0674e-14 1.9716e-06 1.56575e-11 7.54601e-05 4.35632e-08 0.00017728 6.37001e-11 1.54493e-05 4.09672e-09 4.04629e-06 3.50639e-13 2.25225e-07 2.63232e-11 1.06464e-05 7.54643e-08 1.62797e-05 1.05816e-10 3.25559e-06 8.99196e-10 4.02061e+06 inf 
655 176.973 -7.56125e-08 7.90982 7.58595e-05 303.046 0.196526 712.779 0.000294805 61.9255 0.0163804 0.00811529 7.46249e-19 1.62838e-05 5.3621e-15 0.0240654 3.72723e-08 0.131589 7.99658e-14 0.00102947 7.23414e-11 4.54654e-05 -1.94253e-14 2.03208e-06 1.94888e-11 7.78542e-05 5.04886e-08 0.000183117 7.57371e-11 1.5909e-05 4.20822e-09 4.2143e-06 4.37422e-13 2.32504e-07 3.15871e-11 1.10119e-05 8.38235e-08 1.65541e-05 1.21686e-10 3.37352e-06 9.3585e-10 3.89248e+06 inf 
665 178.296 -7.00862e-08 7.94269 9.13899e-05 304.595 0.220918 717.116 0.000339687 62.1578 0.0164044 0.00845401 6.00755e-19 1.685e-05 7.62023e-15 0.0249507 4.57149e-08 0.136651 1.04459e-13 0.00106487 7.45329e-11 4.70057e-05 -1.84775e-14 2.094e-06 2.4094e-11 8.03031e-05 5.82426e-08 0.00018906 8.95548e-11 1.63872e-05 4.32483e-09 4.39009e-06 3.97544e-13 2.39715e-07 3.77951e-11 1.13743e-05 9.30593e-08 1.6819e-05 1.39712e-10 3.49283e-06 9.72437e-10 3.79306e+06 inf 
675 179.52 -6.45073e-08 7.97432 0.000109603 306.126 0.24757 721.424 0.000390267 62.4083 0.0164286 0.00879545 6.62167e-19 1.74282e-05 1.07116e-14 0.0258617 5.56843e-08 0.141875 1.35305e-13 0.00110193 7.67913e-11 4.85644e-05 -1.74508e-14 2.15725e-06 2.96502e-11 8.28146e-05 6.69736e-08 0.000195163 1.05577e-10 1.6883e-05 4.44433e-09 4.56986e-06 4.2288e-13 2.47057e-07 4.4929e-11 1.17451e-05 1.02852e-07 1.70927e-05 1.59552e-10 3.61445e-06 1.01087e-09 3.69653e+06 inf 
685 180.566 -5.86481e-08 7.9963 0.000131003 307.218 0.276865 724.907 0.000447564 62.5517 0.016431 0.00913292 5.70962e-19 1.79828e-05 1.5012e-14 0.0267283 6.77873e-08 0.146962 1.75336e-13 0.00113607 7.88913e-11 5.01284e-05 -1.62818e-14 2.21992e-06 3.63689e-11 8.52895e-05 7.68628e-08 0.000201248 1.24252e-10 1.73655e-05 4.56156e-09 4.75541e-06 3.978e-13 2.53545e-07 5.33377e-11 1.20825e-05 1.13627e-07 1.72881e-05 1.82313e-10 3.71903e-06 1.04588e-09 3.60206e+06 inf 
695 181.768 -5.3e-08 8.02591 0.000156291 308.589 0.309529 729.053 0.00051307 62.7491 0.0164461 0.00948261 2.46595e-19 1.85573e-05 2.09044e-14 0.027623 8.23159e-08 0.152237 2.26319e-13 0.00117095 8.10381e-11 5.16955e-05 -1.50734e-14 2.2826e-06 4.44497e-11 8.77639e-05 8.80313e-08 0.000207345 1.45919e-10 1.78461e-05 4.67732e-09 4.9461e-06 2.64396e-13 2.59813e-07 6.3004e-11 1.23925e-05 1.25146e-07 1.74551e-05 2.07542e-10 3.81312e-06 1.08177e-09 3.51613e+06 inf 
705 183.099 -4.52958e-08 8.0627 0.000185739 310.268 0.345212 733.889 0.000586688 63.0186 0.0164768 0.00984505 3.7944e-19 1.9157e-05 2.88991e-14 0.0285657 9.9601e-08 0.157772 2.90753e-13 0.00120814 8.32766e-11 5.32725e-05 -1.31788e-14 2.34583e-06 5.40406e-11 9.02722e-05 1.00439e-07 0.000213524 1.70696e-10 1.83352e-05 4.7939e-09 5.14258e-06 3.32e-13 2.66056e-07 7.40795e-11 1.27323e-05 1.37444e-07 1.76334e-05 2.35493e-10 3.91489e-06 1.11706e-09 3.43703e+06 inf 
715 184.438 -3.84136e-08 8.10343 0.000220575 312.089 0.385097 739.019 0.000671429 63.3342 0.0165186 0.0102132 1.33808e-19 1.97807e-05 4.00184e-14 0.0295454 1.20886e-07 0.163502 3.75246e-13 0.0012475 8.56428e-11 5.48553e-05 -1.14249e-14 2.41011e-06 6.5603e-11 9.2821e-05 1.14535e-07 0.000219798 1.99695e-10 1.88367e-05 4.91293e-09 5.33843e-06 1.99164e-13 2.73009e-07 8.7169e-11 1.30995e-05 1.51115e-07 1.78181e-05 2.67818e-10 4.02572e-06 1.15533e-09 3.36227e+06 inf 
725 186.358 -3.3285e-08 8.17507 0.000260843 315.201 0.428362 746.877 0.000766243 63.929 0.0166202 0.0106174 6.73294e-20 2.04957e-05 5.48128e-14 0.030684 1.45681e-07 0.169983 4.8006e-13 0.00129402 8.83205e-11 5.64314e-05 -1.00791e-14 2.47551e-06 7.89865e-11 9.54467e-05 1.29713e-07 0.000226164 2.32028e-10 1.93585e-05 5.03281e-09 5.53019e-06 1.42431e-13 2.7962e-07 1.0178e-10 1.34698e-05 1.65192e-07 1.79753e-05 3.02541e-10 4.13455e-06 1.18967e-09 3.30238e+06 inf 
735 188.207 -2.74167e-08 8.24588 0.000308168 318.227 0.476522 754.535 0.000874746 64.5135 0.0167248 0.0110235 7.01461e-20 2.12227e-05 7.50719e-14 0.0318336 1.75942e-07 0.176529 6.15831e-13 0.00134146 9.11057e-11 5.8004e-05 -8.44959e-15 2.54131e-06 9.49749e-11 9.80748e-05 1.4686e-07 0.000232542 2.6959e-10 1.98825e-05 5.15443e-09 5.73493e-06 1.46789e-13 2.87022e-07 1.18812e-10 1.38631e-05 1.8071e-07 1.81473e-05 3.42222e-10 4.25571e-06 1.22876e-09 3.24473e+06 inf 
745 190.233 -1.86752e-08 8.32378 0.000363451 321.51 0.529755 763.033 0.000998312 65.1482 0.0168373 0.0114475 8.27406e-20 2.19776e-05 1.02326e-13 0.0330238 2.11972e-07 0.18344 7.87984e-13 0.00139024 9.38956e-11 5.95866e-05 -5.8496e-15 2.60725e-06 1.13843e-10 0.000100706 1.65934e-07 0.000239004 3.127e-10 2.04063e-05 5.27393e-09 5.9262e-06 1.6088e-13 2.93735e-07 1.38171e-10 1.42226e-05 1.97133e-07 1.83218e-05 3.86054e-10 4.36413e-06 1.26351e-09 3.19255e+06 inf 
755 191.752 -1.0266e-08 8.38123 0.000427046 323.997 0.587366 769.647 0.00113659 65.6347 0.0169108 0.0118471 1.10305e-19 2.26928e-05 1.38808e-13 0.0341575 2.54765e-07 0.190037 1.00636e-12 0.00143725 9.65456e-11 6.11695e-05 -3.27489e-15 2.67365e-06 1.36229e-10 0.000103356 1.87372e-07 0.00024552 3.62577e-10 2.09377e-05 5.3946e-09 6.12792e-06 1.87555e-13 3.01198e-07 1.6038e-10 1.46234e-05 2.14855e-07 1.85023e-05 4.35398e-10 4.4831e-06 1.30257e-09 3.13476e+06 inf 
765 192.409 -1.95572e-09 8.39946 0.000500184 324.945 0.649791 772.754 0.00129133 65.7963 0.0168959 0.0121988 9.27794e-20 2.33048e-05 1.87192e-13 0.0351348 3.05214e-07 0.195859 1.27951e-12 0.00147692 9.86296e-11 6.27626e-05 -6.37944e-16 2.73985e-06 1.63157e-10 0.000105995 2.11958e-07 0.000252067 4.21222e-10 2.14623e-05 5.51134e-09 6.32746e-06 1.73964e-13 3.08399e-07 1.85582e-10 1.50271e-05 2.33737e-07 1.87105e-05 4.89837e-10 4.59698e-06 1.34069e-09 3.06567e+06 inf 
775 193.002 6.02346e-09 8.41138 0.000587103 325.667 0.72108 775.526 0.00147234 65.9022 0.0168531 0.0125545 1.37128e-20 2.39025e-05 2.53255e-13 0.036099 3.67424e-07 0.201717 1.63692e-12 0.00151553 1.00453e-10 6.43867e-05 2.00946e-15 2.80609e-06 1.95861e-10 0.000108645 2.40557e-07 0.00025872 4.91182e-10 2.19854e-05 5.62229e-09 6.5276e-06 6.76064e-14 3.16066e-07 2.14769e-10 1.54661e-05 2.54377e-07 1.8915e-05 5.52111e-10 4.7151e-06 1.37901e-09 2.99755e+06 inf 
785 193.926 1.52042e-08 8.44705 0.000684818 327.326 0.795886 780.111 0.00166991 66.2281 0.0168689 0.0129253 9.4069e-21 2.4579e-05 3.38986e-13 0.0371863 4.38729e-07 0.208082 2.07496e-12 0.00156049 1.02704e-10 6.5966e-05 5.17185e-15 2.87335e-06 2.32948e-10 0.000111343 2.70728e-07 0.000265362 5.68036e-10 2.25281e-05 5.73811e-09 6.72106e-06 5.63303e-14 3.2353e-07 2.47073e-10 1.58746e-05 2.7558e-07 1.90793e-05 6.18994e-10 4.8268e-06 1.41774e-09 2.9398e+06 inf 
795 194.506 2.55549e-08 8.46453 0.000799555 328.243 0.879851 783.166 0.00189788 66.3958 0.0168365 0.0132773 7.16846e-21 2.5199e-05 4.54334e-13 0.0381818 5.25248e-07 0.214085 2.63886e-12 0.00160107 1.04531e-10 6.75522e-05 8.87528e-15 2.93975e-06 2.77687e-10 0.000114 3.05574e-07 0.000271996 6.59137e-10 2.30594e-05 5.84736e-09 6.92256e-06 4.91004e-14 3.30958e-07 2.84044e-10 1.62703e-05 2.98403e-07 1.92565e-05 6.94278e-10 4.9312e-06 1.45341e-09 2.87934e+06 inf 
805 195.027 3.71741e-08 8.49075 0.000929895 329.426 0.96949 786.669 0.00215134 66.6706 0.0168395 0.0136203 5.46143e-21 2.58682e-05 6.07043e-13 0.0392409 6.27574e-07 0.220331 3.35441e-12 0.00164702 1.06779e-10 6.91008e-05 1.31713e-14 3.00839e-06 3.29475e-10 0.00011672 3.43504e-07 0.000278728 7.62249e-10 2.36223e-05 5.96648e-09 7.13782e-06 4.19711e-14 3.39222e-07 3.26389e-10 1.67332e-05 3.23053e-07 1.94193e-05 7.79416e-10 5.05441e-06 1.49475e-09 2.82236e+06 inf 
815 196.02 5.06507e-08 8.54225 0.00108036 331.609 1.06787 792.335 0.00243845 67.1657 0.0168939 0.0139946 4.92652e-21 2.66272e-05 8.08239e-13 0.0404415 7.48379e-07 0.227271 4.25648e-12 0.00169974 1.09386e-10 7.06306e-05 1.82506e-14 3.07797e-06 3.89278e-10 0.000119486 3.84777e-07 0.000285497 8.78631e-10 2.42014e-05 6.08725e-09 7.34144e-06 3.79744e-14 3.47119e-07 3.73752e-10 1.71756e-05 3.48718e-07 1.95558e-05 8.72763e-10 5.17204e-06 1.53617e-09 2.77529e+06 inf 
825 196.855 6.64343e-08 8.5909 0.0012527 333.669 1.17447 797.702 0.00276137 67.6698 0.0169486 0.0143571 5.20808e-21 2.73912e-05 1.07428e-12 0.0416525 8.92141e-07 0.234256 5.40197e-12 0.00175473 1.12064e-10 7.2143e-05 2.43467e-14 3.14837e-06 4.59086e-10 0.000122282 4.30419e-07 0.00029234 1.01198e-09 2.47995e-05 6.21127e-09 7.54584e-06 3.62751e-14 3.55004e-07 4.27715e-10 1.7656e-05 3.76417e-07 1.96695e-05 9.77545e-10 5.29678e-06 1.57767e-09 2.72868e+06 inf 
835 198.142 8.53275e-08 8.66146 0.00145275 336.561 1.29264 804.997 0.00312997 68.348 0.0170478 0.0147514 6.73091e-21 2.82336e-05 1.42561e-12 0.0429781 1.06307e-06 0.241871 6.85301e-12 0.00181492 1.15057e-10 7.3635e-05 3.171e-14 3.21883e-06 5.39882e-10 0.000125075 4.80378e-07 0.000299158 1.16318e-09 2.53999e-05 6.33541e-09 7.74054e-06 3.86764e-14 3.62584e-07 4.88182e-10 1.81101e-05 4.05343e-07 1.9752e-05 1.0926e-09 5.41444e-06 1.61886e-09 2.69087e+06 inf 
845 198.801 1.07674e-07 8.70926 0.00167648 338.553 1.41646 810.036 0.00353328 68.8731 0.0171026 0.0150992 9.33727e-21 2.90242e-05 1.88008e-12 0.0442228 1.26058e-06 0.248967 8.65342e-12 0.00187356 1.17802e-10 7.5115e-05 4.06838e-14 3.29071e-06 6.33443e-10 0.000127919 5.35196e-07 0.000306065 1.33502e-09 2.60231e-05 6.46206e-09 7.92683e-06 4.32762e-14 3.711e-07 5.55988e-10 1.85981e-05 4.35734e-07 1.98607e-05 1.21957e-09 5.54136e-06 1.65904e-09 2.64662e+06 inf 
855 199.138 1.34793e-07 8.74587 0.00193463 340.047 1.55211 813.853 0.00399182 69.3176 0.0171352 0.0154201 1.37995e-20 2.97872e-05 2.47921e-12 0.0454112 1.4953e-06 0.255721 1.09413e-11 0.00193123 1.20483e-10 7.65731e-05 5.18309e-14 3.36299e-06 7.43909e-10 0.000130756 5.96823e-07 0.000312945 1.53495e-09 2.66542e-05 6.58887e-09 8.11999e-06 5.11837e-14 3.79738e-07 6.32388e-10 1.90927e-05 4.67741e-07 1.98967e-05 1.36056e-09 5.67039e-06 1.70741e-09 2.60062e+06 inf 
865 199.585 1.67652e-07 8.79012 0.00222916 341.787 1.69882 818.243 0.00450609 69.8219 0.017184 0.0157456 2.06283e-20 3.05842e-05 3.26219e-12 0.0466393 1.77106e-06 0.262705 1.38191e-11 0.00199109 1.23245e-10 7.80086e-05 6.55272e-14 3.43565e-06 8.71276e-10 0.000133589 6.63989e-07 0.000319813 1.76122e-09 2.72901e-05 6.71643e-09 8.29963e-06 6.13908e-14 3.87662e-07 7.18272e-10 1.95754e-05 5.01341e-07 1.99701e-05 1.51636e-09 5.78574e-06 1.74933e-09 2.5585e+06 inf 
875 200.155 2.0802e-07 8.84065 0.0025716 343.76 1.8612 823.07 0.00509724 70.3868 0.0172397 0.0160793 3.12359e-20 3.14112e-05 4.3025e-12 0.0479126 2.10176e-06 0.269843 1.7537e-11 0.00205401 1.26033e-10 7.94275e-05 8.25487e-14 3.50825e-06 1.02049e-09 0.000136415 7.38581e-07 0.00032662 2.02274e-09 2.79317e-05 6.84127e-09 8.48722e-06 7.47067e-14 3.96409e-07 8.16066e-10 2.01061e-05 5.3716e-07 2.0038e-05 1.69344e-09 5.90888e-06 1.79193e-09 2.51996e+06 inf 
885 200.44 2.56568e-07 8.88205 0.00295717 345.281 2.03344 826.874 0.00574986 70.891 0.0172861 0.0163863 4.68369e-20 3.22189e-05 5.64235e-12 0.0491295 2.48345e-06 0.276704 2.21343e-11 0.00211687 1.28852e-10 8.08241e-05 1.03456e-13 3.58153e-06 1.19243e-09 0.000139228 8.19948e-07 0.000333423 2.31853e-09 2.85856e-05 6.97033e-09 8.65786e-06 9.04594e-14 4.05397e-07 9.23742e-10 2.0642e-05 5.73667e-07 2.01352e-05 1.88406e-09 6.03787e-06 1.83621e-09 2.47996e+06 inf 
895 200.372 3.15203e-07 8.90976 0.00339667 346.219 2.21861 829.27 0.00648368 71.2914 0.0173 0.016659 6.9989e-20 3.29812e-05 7.39289e-12 0.0502656 2.93051e-06 0.283106 2.79504e-11 0.00217702 1.31302e-10 8.21982e-05 1.29305e-13 3.65503e-06 1.39341e-09 0.000142029 9.10135e-07 0.00034019 2.65979e-09 2.92457e-05 7.09695e-09 8.80007e-06 1.09506e-13 4.12996e-07 1.0446e-09 2.11707e-05 6.11416e-07 2.02254e-05 2.0956e-09 6.14507e-06 1.86998e-09 2.43767e+06 inf 
905 200.447 3.87067e-07 8.94724 0.003906 347.385 2.42234 832.281 0.00732402 71.7692 0.0173427 0.0169389 1.04559e-19 3.3793e-05 9.71107e-12 0.0514282 3.46485e-06 0.289705 3.54302e-11 0.00224074 1.3412e-10 8.35469e-05 1.6133e-13 3.72923e-06 1.62803e-09 0.000144791 1.00964e-06 0.000346896 3.05267e-09 2.99136e-05 7.22847e-09 8.94896e-06 1.32488e-13 4.21707e-07 1.182e-09 2.17038e-05 6.51759e-07 2.03101e-05 2.33423e-09 6.25476e-06 1.91072e-09 2.39922e+06 inf 
915 199.898 4.72477e-07 8.95766 0.00447657 347.434 2.63608 832.574 0.00824732 72.0442 0.0173308 0.0171617 1.54493e-19 3.45075e-05 1.2685e-11 0.0524198 4.07556e-06 0.295317 4.46679e-11 0.00229942 1.36511e-10 8.48799e-05 2.00621e-13 3.80356e-06 1.90082e-09 0.000147525 1.11932e-06 0.000353523 3.50193e-09 3.0591e-05 7.35891e-09 9.0852e-06 1.59221e-13 4.30558e-07 1.33159e-09 2.22359e-05 6.91136e-07 2.04286e-05 2.58904e-09 6.36821e-06 1.95218e-09 2.35508e+06 inf 
925 199.545 5.75943e-07 8.98798 0.0051315 348.172 2.86742 834.096 0.00929581 72.5168 0.0173728 0.0173859 2.27791e-19 3.53202e-05 1.65818e-11 0.0535325 4.79232e-06 0.301308 5.64306e-11 0.0023674 1.39531e-10 8.614e-05 2.48624e-13 3.87994e-06 2.21517e-09 0.000150299 1.23781e-06 0.000360064 4.01283e-09 3.13041e-05 7.49951e-09 9.22201e-06 1.91101e-13 4.39475e-07 1.50036e-09 2.27839e-05 7.32514e-07 2.05705e-05 2.87354e-09 6.48164e-06 1.99754e-09 2.31652e+06 inf 
935 199.453 7.0131e-07 9.03121 0.00588415 349.324 3.11904 836.585 0.0104856 73.0962 0.0174435 0.0176266 3.35126e-19 3.61888e-05 2.16886e-11 0.054703 5.63585e-06 0.307581 7.13878e-11 0.00243977 1.42762e-10 8.73767e-05 3.07231e-13 3.95641e-06 2.57774e-09 0.000153033 1.3664e-06 0.000366493 4.59355e-09 3.20221e-05 7.64168e-09 9.33898e-06 2.28958e-13 4.47756e-07 1.69015e-09 2.33547e-05 7.75839e-07 2.07044e-05 3.18951e-09 6.58804e-06 2.0362e-09 2.28268e+06 inf 
945 199.439 8.50623e-07 9.08617 0.00673428 350.979 3.38415 839.657 0.0118061 73.8218 0.0175449 0.0178614 4.89745e-19 3.71245e-05 2.82793e-11 0.0559821 6.59916e-06 0.314007 9.00298e-11 0.00252076 1.4639e-10 8.85496e-05 3.77672e-13 4.03421e-06 2.98998e-09 0.000155833 1.50254e-06 0.000372803 5.24182e-09 3.27765e-05 7.78981e-09 9.45153e-06 2.73511e-13 4.56345e-07 1.90154e-09 2.39141e-05 8.19969e-07 2.08652e-05 3.53498e-09 6.7011e-06 2.07726e-09 2.25228e+06 inf 
955 199.81 1.03199e-06 9.16157 0.00771882 353.303 3.67517 844.237 0.0133183 74.715 0.0176959 0.0181237 7.15274e-19 3.81545e-05 3.69337e-11 0.0573602 7.73213e-06 0.3209 1.13836e-10 0.00260865 1.50578e-10 8.9685e-05 4.63209e-13 4.11218e-06 3.46459e-09 0.00015858 1.6496e-06 0.000378936 5.97791e-09 3.35358e-05 7.94282e-09 9.56117e-06 3.26326e-13 4.64409e-07 2.13876e-09 2.44632e-05 8.65671e-07 2.10582e-05 3.91915e-09 6.80015e-06 2.12103e-09 2.22791e+06 inf 
965 199.506 1.24741e-06 9.21339 0.00882456 354.538 3.97764 846.066 0.0149941 75.444 0.0178142 0.0183146 1.04045e-18 3.9114e-05 4.81449e-11 0.0585687 9.0292e-06 0.326684 1.43766e-10 0.00269451 1.54717e-10 9.07714e-05 5.67549e-13 4.19192e-06 4.01501e-09 0.000161308 1.80975e-06 0.000384944 6.82206e-09 3.43257e-05 8.10513e-09 9.66168e-06 3.88938e-13 4.7321e-07 2.40514e-09 2.5046e-05 9.12644e-07 2.12903e-05 4.34403e-09 6.90659e-06 2.168e-09 2.19789e+06 inf 
975 199.21 1.50448e-06 9.2648 0.0100853 355.852 4.29977 847.636 0.0168715 76.1949 0.0179206 0.0185029 1.50593e-18 4.00779e-05 6.26944e-11 0.0598072 1.05184e-05 0.332266 1.81301e-10 0.00278346 1.58625e-10 9.18462e-05 6.93643e-13 4.27156e-06 4.64987e-09 0.000164066 1.98242e-06 0.000390804 7.77865e-09 3.51298e-05 8.26233e-09 9.75074e-06 4.61708e-13 4.8145e-07 2.6989e-09 2.5621e-05 9.58942e-07 2.15358e-05 4.80435e-09 7.01537e-06 2.20644e-09 2.16895e+06 inf 
985 199.61 1.8196e-06 9.35275 0.0115679 358.307 4.66118 851.912 0.0190602 77.232 0.0181153 0.0187474 2.18521e-18 4.12173e-05 8.19577e-11 0.0612104 1.22837e-05 0.338716 2.29735e-10 0.00288424 1.63608e-10 9.2878e-05 8.46655e-13 4.35182e-06 5.38254e-09 0.00016672 2.16884e-06 0.000396394 8.8687e-09 3.59359e-05 8.42901e-09 9.83975e-06 5.47678e-13 4.89912e-07 3.02706e-09 2.61861e-05 1.00584e-06 2.18188e-05 5.31426e-09 7.11628e-06 2.25353e-09 2.14916e+06 inf 
995 198.887 2.18897e-06 9.40134 0.0132119 359.026 5.02599 851.633 0.0214544 77.981 0.018251 0.0188712 3.15045e-18 4.22292e-05 1.0672e-10 0.0623371 1.42614e-05 0.343231 2.90174e-10 0.00297974 1.6843e-10 9.38353e-05 1.03276e-12 4.43556e-06 6.23337e-09 0.000169389 2.37127e-06 0.000401801 1.01222e-08 3.67915e-05 8.61083e-09 9.92014e-06 6.47918e-13 4.99579e-07 3.3905e-09 2.67991e-05 1.0515e-06 2.21902e-05 5.86901e-09 7.22678e-06 2.30631e-09 2.11954e+06 inf 
1005 198.242 2.63088e-06 9.45321 0.0150919 359.784 5.41442 851.249 0.0241535 78.7576 0.0183979 0.0189959 4.53385e-18 4.32612e-05 1.38992e-10 0.0634556 1.65317e-05 0.34748 3.66635e-10 0.00307791 1.73398e-10 9.47699e-05 1.2577e-12 4.51913e-06 7.21471e-09 0.000171995 2.58838e-06 0.000406942 1.15466e-08 3.76503e-05 8.79517e-09 9.98398e-06 7.65257e-13 5.08512e-07 3.7939e-09 2.7435e-05 1.09696e-06 2.26362e-05 6.47661e-09 7.33907e-06 2.35337e-09 2.09182e+06 inf 
1015 197.45 3.15422e-06 9.5042 0.0172191 360.388 5.82051 850.14 0.0271682 79.5456 0.0185536 0.0190928 6.49602e-18 4.43071e-05 1.80758e-10 0.0645378 1.91021e-05 0.351192 4.62804e-10 0.0031794 1.78625e-10 9.56434e-05 1.52788e-12 4.60378e-06 8.3408e-09 0.000174569 2.81942e-06 0.000411802 1.31601e-08 3.85314e-05 8.98724e-09 1.00381e-05 9.01222e-13 5.17018e-07 4.24135e-09 2.80567e-05 1.14185e-06 2.31066e-05 7.14076e-09 7.44418e-06 2.39879e-09 2.06444e+06 inf 
1025 196.668 3.77759e-06 9.56311 0.0196434 361.158 6.24855 848.975 0.0305594 80.4114 0.0187379 0.0191774 9.28928e-18 4.54189e-05 2.35028e-10 0.0656495 2.20189e-05 0.35464 5.84194e-10 0.00328754 1.84424e-10 9.64569e-05 1.85274e-12 4.69027e-06 9.63419e-09 0.000177131 3.06463e-06 0.000416384 1.4988e-08 3.94381e-05 9.19007e-09 1.00842e-05 1.05988e-12 5.26577e-07 4.73845e-09 2.86801e-05 1.18629e-06 2.36557e-05 7.86641e-09 7.55153e-06 2.44828e-09 2.03892e+06 inf 
1035 195.882 4.51776e-06 9.62438 0.0223983 361.877 6.69837 847.499 0.0343618 81.2969 0.0189354 0.0192504 1.32489e-17 4.6553e-05 3.05377e-10 0.066725 2.53166e-05 0.357679 7.37118e-10 0.00339836 1.9051e-10 9.72235e-05 2.24233e-12 4.77694e-06 1.11171e-08 0.000179613 3.32465e-06 0.000420646 1.7055e-08 4.03507e-05 9.39837e-09 1.0113e-05 1.24413e-12 5.35577e-07 5.28962e-09 2.92781e-05 1.22974e-06 2.4223e-05 8.65939e-09 7.65185e-06 2.49558e-09 2.01476e+06 inf 
1045 195.267 5.40788e-06 9.70445 0.025578 363.039 7.18198 846.649 0.0387113 82.3533 0.0191913 0.0193238 1.89007e-17 4.78134e-05 3.97419e-10 0.0678682 2.90852e-05 0.360656 9.32082e-10 0.00352063 1.97614e-10 9.79105e-05 2.71162e-12 4.866e-06 1.28253e-08 0.000182035 3.60118e-06 0.000424526 1.94106e-08 4.12936e-05 9.62288e-09 1.01424e-05 1.45751e-12 5.44647e-07 5.89786e-09 2.98959e-05 1.27096e-06 2.48434e-05 9.51803e-09 7.75588e-06 2.54714e-09 1.99434e+06 inf 
1055 194.3 6.45563e-06 9.77071 0.0291556 363.597 7.67605 843.946 0.0435331 83.2974 0.019425 0.0193523 2.6864e-17 4.90287e-05 5.1617e-10 0.0688887 3.32696e-05 0.362556 1.17657e-09 0.00364098 2.047e-10 9.85565e-05 3.27454e-12 4.95607e-06 1.47888e-08 0.00018443 3.89358e-06 0.000428081 2.20816e-08 4.22516e-05 9.85308e-09 1.01403e-05 1.70406e-12 5.53681e-07 6.56595e-09 3.0472e-05 1.30981e-06 2.54722e-05 1.045e-08 7.85149e-06 2.5978e-09 1.97146e+06 inf 
1065 193.6 7.69634e-06 9.86203 0.0332196 364.955 8.19346 842.374 0.0489442 84.488 0.0197338 0.0193874 3.8056e-17 5.04039e-05 6.69485e-10 0.0700686 3.79307e-05 0.364562 1.4835e-09 0.00377799 2.13056e-10 9.90987e-05 3.93955e-12 5.04812e-06 1.70042e-08 0.000186811 4.19402e-06 0.000431189 2.50532e-08 4.32472e-05 1.01012e-08 1.01651e-05 1.98991e-12 5.62998e-07 7.31766e-09 3.11132e-05 1.35127e-06 2.61818e-05 1.14761e-08 7.97072e-06 2.65003e-09 1.95361e+06 inf 
1075 192.461 9.15661e-06 9.93321 0.0377847 365.223 8.71812 838.209 0.0549393 85.4588 0.0200196 0.0193713 5.3786e-17 5.17011e-05 8.67159e-10 0.0709767 4.30729e-05 0.36504 1.86841e-09 0.00390588 2.21614e-10 9.96122e-05 4.73918e-12 5.14113e-06 1.95562e-08 0.000189028 4.51223e-06 0.000433832 2.84349e-08 4.42309e-05 1.03616e-08 1.01694e-05 2.31909e-12 5.72443e-07 8.1467e-09 3.16802e-05 1.39031e-06 2.68955e-05 1.25892e-08 8.0744e-06 2.70905e-09 1.93211e+06 inf 
1085 191.601 1.09001e-05 10.0374 0.0430183 366.494 9.27434 835.385 0.061764 86.7519 0.0204003 0.0193584 7.5981e-17 5.3233e-05 1.12338e-09 0.072103 4.88017e-05 0.365701 2.35619e-09 0.00405663 2.31866e-10 0.0001 5.68896e-12 5.23873e-06 2.24521e-08 0.00019128 4.84045e-06 0.000436003 3.22358e-08 4.52775e-05 1.06473e-08 1.01717e-05 2.7003e-12 5.82271e-07 9.06748e-09 3.23068e-05 1.42847e-06 2.76995e-05 1.38055e-08 8.19638e-06 2.76584e-09 1.91601e+06 inf 
1095 190.454 1.29434e-05 10.1231 0.0488957 366.962 9.83688 830.417 0.0693067 87.8595 0.0207463 0.0193114 1.06939e-16 5.46703e-05 1.45235e-09 0.0730186 5.50507e-05 0.364958 2.9642e-09 0.00419889 2.41939e-10 0.000100371 6.82126e-12 5.33496e-06 2.57685e-08 0.000193392 5.18412e-06 0.000437637 3.65252e-08 4.63027e-05 1.09335e-08 1.01495e-05 3.13498e-12 5.91477e-07 1.0069e-08 3.28762e-05 1.46187e-06 2.84594e-05 1.51018e-08 8.30117e-06 2.82197e-09 1.8975e+06 inf 
1105 189.62 1.53926e-05 10.238 0.0556556 368.123 10.4344 826.439 0.0779234 89.212 0.0211841 0.0192782 1.50687e-16 5.63148e-05 1.87984e-09 0.0740425 6.20035e-05 0.364144 3.73745e-09 0.00435797 2.53811e-10 0.000100648 8.17022e-12 5.43419e-06 2.95413e-08 0.000195395 5.53846e-06 0.000438663 4.13608e-08 4.73526e-05 1.12442e-08 1.01286e-05 3.63736e-12 6.00635e-07 1.11852e-08 3.34903e-05 1.49539e-06 2.92813e-05 1.65251e-08 8.41934e-06 2.87865e-09 1.88399e+06 inf 
1115 188.588 1.82766e-05 10.3526 0.063279 369.052 11.0408 821.214 0.0875288 90.5571 0.0216354 0.0192104 2.11799e-16 5.80153e-05 2.42923e-09 0.0750054 6.95296e-05 0.362356 4.70665e-09 0.00452186 2.66448e-10 0.000100857 9.77434e-12 5.5366e-06 3.38417e-08 0.000197369 5.90464e-06 0.000439186 4.68106e-08 4.84301e-05 1.15706e-08 1.00778e-05 4.21102e-12 6.10528e-07 1.24054e-08 3.4034e-05 1.52308e-06 3.00679e-05 1.80525e-08 8.53377e-06 2.93548e-09 1.86985e+06 inf 
1125 186.971 2.16086e-05 10.4388 0.0716764 368.793 11.6249 812.8 0.0979528 91.6424 0.0220444 0.0190704 2.96009e-16 5.95774e-05 3.12481e-09 0.0756895 7.74386e-05 0.358647 5.90016e-09 0.00467534 2.79046e-10 0.000101003 1.16731e-11 5.63909e-06 3.872e-08 0.000199224 6.27984e-06 0.000439079 5.29147e-08 4.95058e-05 1.19085e-08 1.00171e-05 4.86263e-12 6.20264e-07 1.37404e-08 3.46062e-05 1.54804e-06 3.08666e-05 1.96809e-08 8.65037e-06 2.98817e-09 1.85114e+06 inf 
1135 186.315 2.5667e-05 10.5899 0.081567 370.453 12.2826 808.093 0.110172 93.2685 0.0226197 0.019013 4.15308e-16 6.15676e-05 4.03517e-09 0.0767176 8.63764e-05 0.356074 7.43183e-09 0.00486059 2.94627e-10 0.000101068 1.39232e-11 5.74458e-06 4.42465e-08 0.000200954 6.66274e-06 0.000438355 5.97635e-08 5.0594e-05 1.22702e-08 9.95189e-06 5.60621e-12 6.30506e-07 1.52037e-08 3.51172e-05 1.56946e-06 3.16138e-05 2.1442e-08 8.76932e-06 3.04377e-09 1.84347e+06 inf 
1145 184.831 3.0318e-05 10.7034 0.0923315 370.546 12.8935 799.322 0.123275 94.5432 0.0231432 0.0188554 5.78881e-16 6.33805e-05 5.17937e-09 0.0773875 9.55234e-05 0.351209 9.30757e-09 0.00503132 3.10407e-10 0.000101048 1.65749e-11 5.85157e-06 5.04779e-08 0.000202579 7.04894e-06 0.000436992 6.73948e-08 5.16871e-05 1.26525e-08 9.88221e-06 6.46124e-12 6.39954e-07 1.68391e-08 3.56351e-05 1.59231e-06 3.23282e-05 2.33756e-08 8.89298e-06 3.10084e-09 1.82914e+06 inf 
1155 183.576 3.58804e-05 10.8443 0.104709 371.124 13.5384 790.967 0.138259 96.0242 0.0237544 0.0187058 8.08038e-16 6.5435e-05 6.65765e-09 0.0781076 0.000105482 0.346011 1.16844e-08 0.00521812 3.2845e-10 0.00010095 1.97308e-11 5.96334e-06 5.75801e-08 0.000204083 7.44487e-06 0.000434958 7.60297e-08 5.28043e-05 1.30627e-08 9.77708e-06 7.41881e-12 6.49369e-07 1.85906e-08 3.60819e-05 1.60604e-06 3.29443e-05 2.53935e-08 9.00998e-06 3.15951e-09 1.81849e+06 inf 
1165 182.113 4.23517e-05 10.9843 0.118458 371.371 14.169 781.28 0.154709 97.4695 0.0243996 0.0185175 1.12308e-15 6.75363e-05 8.52506e-09 0.0787085 0.000115813 0.339713 1.46162e-08 0.00540688 3.48086e-10 0.000100749 2.34299e-11 6.07677e-06 6.55334e-08 0.000205451 7.83861e-06 0.000432221 8.55882e-08 5.39223e-05 1.34984e-08 9.69152e-06 8.50605e-12 6.5986e-07 2.05336e-08 3.6513e-05 1.62065e-06 3.34898e-05 2.75798e-08 9.14298e-06 3.21886e-09 1.80759e+06 inf 
1175 180.238 4.99035e-05 11.108 0.133751 370.542 14.7758 768.944 0.172877 98.7181 0.0250382 0.0182749 1.55775e-15 6.95921e-05 1.0892e-08 0.0789762 0.000126472 0.33168 1.8264e-08 0.00558679 3.68763e-10 0.000100481 2.78207e-11 6.19259e-06 7.45649e-08 0.000206574 8.23736e-06 0.000428679 9.63774e-08 5.50344e-05 1.39586e-08 9.57221e-06 9.718e-12 6.69939e-07 2.26332e-08 3.68212e-05 1.62877e-06 3.38055e-05 2.98903e-08 9.2627e-06 3.27721e-09 1.79375e+06 inf 
1185 179.125 5.89892e-05 11.2889 0.151517 371.376 15.4439 759.381 0.193852 100.449 0.0258327 0.0180952 2.16471e-15 7.20671e-05 1.39442e-08 0.0795651 0.000138093 0.324427 2.28781e-08 0.0057983 3.92897e-10 0.00010013 3.29747e-11 6.31045e-06 8.46971e-08 0.000207597 8.63304e-06 0.00042449 1.08362e-07 5.61503e-05 1.44404e-08 9.43834e-06 1.10785e-11 6.80698e-07 2.49227e-08 3.71472e-05 1.6322e-06 3.40816e-05 3.23476e-08 9.40013e-06 3.33224e-09 1.78892e+06 inf 
1195 177.352 6.94065e-05 11.4478 0.170787 371.05 16.049 746.723 0.216386 101.935 0.0266212 0.017829 2.99063e-15 7.44938e-05 1.77328e-08 0.0798593 0.000149515 0.315427 2.84961e-08 0.00600084 4.18645e-10 9.96624e-05 3.90029e-11 6.43306e-06 9.59733e-08 0.000208511 9.01871e-06 0.000419619 1.21597e-07 5.72823e-05 1.49597e-08 9.29402e-06 1.26237e-11 6.90948e-07 2.74598e-08 3.74164e-05 1.63787e-06 3.4251e-05 3.50334e-08 9.53433e-06 3.38571e-09 1.77952e+06 inf 
1205 175.563 8.16625e-05 11.6093 0.192406 370.382 16.6452 733.044 0.241492 103.371 0.0274542 0.0175524 4.13155e-15 7.69773e-05 2.25235e-08 0.0799798 0.000161214 0.305521 3.54794e-08 0.0061995 4.46642e-10 9.91364e-05 4.61129e-11 6.55552e-06 1.08647e-07 0.000209146 9.39914e-06 0.000413933 1.36365e-07 5.83712e-05 1.55027e-08 9.13297e-06 1.43733e-11 7.018e-07 3.02362e-08 3.76916e-05 1.64017e-06 3.43518e-05 3.79339e-08 9.6707e-06 3.44577e-09 1.77092e+06 inf 
1215 174.165 9.62597e-05 11.8177 0.217114 370.77 17.272 720.672 0.270071 105.186 0.0284372 0.0172969 5.71178e-15 7.98828e-05 2.86206e-08 0.0802829 0.000173476 0.295798 4.42328e-08 0.00642766 4.79018e-10 9.84978e-05 5.44388e-11 6.6834e-06 1.22787e-07 0.000209686 9.76801e-06 0.00040757 1.52736e-07 5.94873e-05 1.60824e-08 8.96034e-06 1.63298e-11 7.13609e-07 3.33092e-08 3.78826e-05 1.64132e-06 3.42447e-05 4.1074e-08 9.81696e-06 3.50144e-09 1.76822e+06 inf 
1225 172.22 0.000113057 12.0068 0.243945 370.03 17.8322 705.589 0.3009 106.757 0.0294229 0.0169711 7.85984e-15 8.2756e-05 3.61457e-08 0.08026 0.000185216 0.284624 5.48736e-08 0.00664385 5.13677e-10 9.77524e-05 6.41714e-11 6.81506e-06 1.38463e-07 0.000210029 1.01215e-05 0.000400493 1.70791e-07 6.05954e-05 1.67004e-08 8.792e-06 1.8528e-11 7.26201e-07 3.6664e-08 3.79911e-05 1.63807e-06 3.40329e-05 4.44591e-08 9.96267e-06 3.55798e-09 1.7618e+06 inf 
1235 170.504 0.000133031 12.2214 0.274386 369.522 18.4074 690.612 0.335766 108.466 0.0305147 0.0166586 1.08303e-14 8.58849e-05 4.56363e-08 0.0801817 0.000197263 0.273171 6.81252e-08 0.00686896 5.524e-10 9.69427e-05 7.5637e-11 6.94867e-06 1.56007e-07 0.000210098 1.04658e-05 0.000392659 1.90905e-07 6.16699e-05 1.73497e-08 8.58181e-06 2.09001e-11 7.39787e-07 4.01134e-08 3.80448e-05 1.61982e-06 3.36816e-05 4.78421e-08 1.01136e-05 3.61462e-09 1.75881e+06 inf 
1245 168.507 0.000156107 12.4347 0.307679 368.624 18.9252 674.207 0.373654 110.115 0.0316512 0.0163046 1.48673e-14 8.91081e-05 5.73495e-08 0.0799741 0.000208635 0.260974 8.42531e-08 0.00709445 5.94583e-10 9.60267e-05 8.89602e-11 7.0861e-06 1.75336e-07 0.000210067 1.07848e-05 0.000384208 2.12933e-07 6.2751e-05 1.8037e-08 8.38436e-06 2.36313e-11 7.52925e-07 4.40331e-08 3.80337e-05 1.60686e-06 3.3233e-05 5.16966e-08 1.02566e-05 3.67429e-09 1.7548e+06 inf 
1255 166.481 0.000183229 12.6623 0.344631 367.427 19.4159 657.029 0.415682 111.774 0.0328894 0.0159328 2.04053e-14 9.25311e-05 7.18614e-08 0.0795716 0.000219527 0.248215 1.04068e-07 0.00731986 6.41671e-10 9.50033e-05 1.04561e-10 7.22583e-06 1.96665e-07 0.000209674 1.10798e-05 0.000374937 2.37211e-07 6.37845e-05 1.87685e-08 8.15695e-06 2.66729e-11 7.68577e-07 4.82782e-08 3.80089e-05 1.58514e-06 3.26777e-05 5.58403e-08 1.04239e-05 3.73042e-09 1.75237e+06 inf 
1265 164.428 0.000215026 12.9082 0.385642 366.188 19.8734 639.245 0.462268 113.51 0.0342374 0.015546 2.7978e-14 9.6211e-05 8.98031e-08 0.0790662 0.000229763 0.235085 1.28369e-07 0.00755238 6.94395e-10 9.38777e-05 1.22766e-10 7.36977e-06 2.20177e-07 0.00020907 1.13464e-05 0.000364968 2.63926e-07 6.4807e-05 1.95474e-08 7.92232e-06 3.00345e-11 7.85383e-07 5.28576e-08 3.78334e-05 1.56142e-06 3.18853e-05 6.02823e-08 1.0582e-05 3.78873e-09 1.75151e+06 inf 
1275 162.55 0.000252484 13.1892 0.431346 365.357 20.3187 621.831 0.514137 115.447 0.0357484 0.015162 3.83387e-14 0.000100265 1.11921e-07 0.0785516 0.000239424 0.222049 1.58092e-07 0.00779745 7.54267e-10 9.26388e-05 1.43893e-10 7.51662e-06 2.45828e-07 0.00020822 1.15798e-05 0.000354387 2.93011e-07 6.57942e-05 2.03734e-08 7.6826e-06 3.38286e-11 8.01259e-07 5.79096e-08 3.75726e-05 1.53556e-06 3.09437e-05 6.51348e-08 1.07218e-05 3.8458e-09 1.75467e+06 inf 
1285 160.266 0.00029582 13.4552 0.480859 363.454 20.6792 602.286 0.57031 117.135 0.0372914 0.014731 5.23999e-14 0.000104331 1.38778e-07 0.0776977 0.000247608 0.20825 1.94023e-07 0.00802506 8.19071e-10 9.13122e-05 1.68544e-10 7.66614e-06 2.73971e-07 0.000207079 1.1782e-05 0.000343155 3.24936e-07 6.67381e-05 2.12469e-08 7.4249e-06 3.80508e-11 8.2039e-07 6.33192e-08 3.72382e-05 1.503e-06 2.9936e-05 7.04411e-08 1.08776e-05 3.90346e-09 1.75515e+06 inf 
1295 157.894 0.000346298 13.7339 0.534965 361.308 20.9895 582.092 0.631784 118.826 0.0389462 0.0142798 7.14809e-14 0.000108605 1.71308e-07 0.0766946 0.000254536 0.194322 2.37407e-07 0.00825098 8.9092e-10 8.98699e-05 1.97105e-10 7.81705e-06 3.0449e-07 0.000205649 1.19467e-05 0.000331314 3.59597e-07 6.7633e-05 2.21673e-08 7.15248e-06 4.28362e-11 8.42061e-07 6.9215e-08 3.68983e-05 1.46674e-06 2.88912e-05 7.62664e-08 1.10474e-05 3.9627e-09 1.75692e+06 inf 
1305 155.749 0.000406063 14.0572 0.595203 359.533 21.2935 562.391 0.700549 120.742 0.0408299 0.0138384 9.75936e-14 0.000113366 2.10934e-07 0.075625 0.000260698 0.180695 2.90319e-07 0.00848688 9.73915e-10 8.83152e-05 2.30252e-10 7.97092e-06 3.37501e-07 0.000203868 1.20742e-05 0.000318895 3.97236e-07 6.84649e-05 2.3152e-08 6.87751e-06 4.81972e-11 8.64107e-07 7.55002e-08 3.63296e-05 1.42808e-06 2.76802e-05 8.26137e-08 1.11762e-05 4.02854e-09 1.76356e+06 inf 
1315 153.524 0.000476098 14.3986 0.661334 357.603 21.5494 542.084 0.776279 122.697 0.042855 0.0133812 1.33166e-13 0.000118422 2.58884e-07 0.0744483 0.000265523 0.16711 3.54376e-07 0.00872484 1.06636e-09 8.66583e-05 2.68738e-10 8.12742e-06 3.73297e-07 0.000201853 1.21638e-05 0.000305985 4.38179e-07 6.92575e-05 2.419e-08 6.5951e-06 5.42858e-11 8.8851e-07 8.23364e-08 3.57578e-05 1.38535e-06 2.64543e-05 8.96152e-08 1.13236e-05 4.09457e-09 1.7716e+06 inf 
1325 151.05 0.000556986 14.7405 0.732097 354.983 21.7222 520.686 0.857797 124.515 0.0449929 0.012893 1.81022e-13 0.000123603 3.15493e-07 0.0730095 0.00026837 0.153487 4.3036e-07 0.00894727 1.16852e-09 8.48867e-05 3.13013e-10 8.28381e-06 4.11421e-07 0.000199492 1.22074e-05 0.000292613 4.82061e-07 6.99746e-05 2.52849e-08 6.30978e-06 6.12629e-11 9.16712e-07 8.96213e-08 3.51084e-05 1.34073e-06 2.51665e-05 9.73095e-08 1.14763e-05 4.16534e-09 1.77944e+06 inf 
1335 148.255 0.00065083 15.0751 0.807982 351.38 21.801 497.902 0.945928 126.102 0.0472287 0.012372 2.45725e-13 0.000128854 3.82464e-07 0.0712373 0.000269106 0.139832 5.20995e-07 0.00914446 1.28129e-09 8.3015e-05 3.64429e-10 8.44124e-06 4.52426e-07 0.000196754 1.22074e-05 0.000278798 5.29668e-07 7.06102e-05 2.64455e-08 6.0159e-06 6.91645e-11 9.46875e-07 9.73112e-08 3.43057e-05 1.29011e-06 2.38681e-05 1.05736e-07 1.16019e-05 4.25299e-09 1.78589e+06 inf 
1345 145.9 0.000762405 15.4818 0.892659 348.761 21.8893 476.567 1.04529 128.151 0.0498213 0.0118802 3.33789e-13 0.000134833 4.62459e-07 0.0695613 0.000268822 0.127048 6.30493e-07 0.00936752 1.41226e-09 8.10235e-05 4.23392e-10 8.59763e-06 4.95727e-07 0.00019368 1.21559e-05 0.000264656 5.80486e-07 7.11669e-05 2.76677e-08 5.71761e-06 7.81303e-11 9.79172e-07 1.05242e-07 3.34384e-05 1.23301e-06 2.26262e-05 1.14771e-07 1.17221e-05 4.33403e-09 1.80071e+06 inf 
1355 143.228 0.000891604 15.8864 0.982721 345.275 21.8697 454.074 1.15237 130.028 0.0525578 0.0113571 4.52332e-13 0.000140937 5.55631e-07 0.0676081 0.000266061 0.114444 7.6007e-07 0.00957079 1.55784e-09 7.89206e-05 4.91287e-10 8.75362e-06 5.41494e-07 0.000190252 1.20505e-05 0.000250202 6.34972e-07 7.16475e-05 2.89601e-08 5.42603e-06 8.87612e-11 1.01622e-06 1.13778e-07 3.25179e-05 1.17797e-06 2.14325e-05 1.24984e-07 1.1844e-05 4.43882e-09 1.81483e+06 inf 
1365 140.334 0.00104099 16.2883 1.07817 340.958 21.755 430.831 1.26754 131.722 0.0554518 0.010814 6.11031e-13 0.000147065 6.62925e-07 0.0653559 0.000261028 0.102221 9.12141e-07 0.00974545 1.7187e-09 7.67139e-05 5.69059e-10 8.90405e-06 5.89384e-07 0.000186386 1.18924e-05 0.000235515 6.92903e-07 7.20061e-05 3.03128e-08 5.14544e-06 1.00962e-10 1.05413e-06 1.22541e-07 3.14226e-05 1.12309e-06 2.03014e-05 1.36048e-07 1.19369e-05 4.54562e-09 1.82932e+06 inf 
1375 137.59 0.00121675 16.7362 1.18173 336.784 21.6006 408.112 1.39482 133.624 0.0587033 0.0102792 8.24959e-13 0.000153657 7.86892e-07 0.063007 0.000254369 0.0907361 1.09232e-06 0.00992 1.90381e-09 7.43905e-05 6.57858e-10 9.04869e-06 6.38924e-07 0.000182088 1.16787e-05 0.000220652 7.54134e-07 7.22461e-05 3.17389e-08 4.86849e-06 1.15113e-10 1.09466e-06 1.31235e-07 3.0164e-05 1.06581e-06 1.92493e-05 1.47862e-07 1.19964e-05 4.68702e-09 1.84957e+06 inf 
1385 134.338 0.00141698 17.1501 1.2882 331.245 21.3036 384.077 1.52857 135.117 0.0620346 0.00970741 1.10794e-12 0.000159967 9.25501e-07 0.0603262 0.000245049 0.0796524 1.2998e-06 0.0100495 2.10522e-09 7.19648e-05 7.59073e-10 9.18727e-06 6.90084e-07 0.000177447 1.14123e-05 0.000205749 8.18849e-07 7.23821e-05 3.32318e-08 4.61604e-06 1.31646e-10 1.13492e-06 1.39906e-07 2.87951e-05 1.01559e-06 1.83541e-05 1.60573e-07 1.20132e-05 4.83806e-09 1.86672e+06 inf 
1395 131.419 0.00165392 17.6313 1.40479 326.306 20.9935 361.229 1.67822 137 0.0658394 0.00916033 1.48832e-12 0.000166851 1.08427e-06 0.0576718 0.000234625 0.0695256 1.5454e-06 0.0101888 2.33765e-09 6.94249e-05 8.73718e-10 9.31413e-06 7.42113e-07 0.000172378 1.10903e-05 0.000190827 8.86558e-07 7.23731e-05 3.47811e-08 4.39509e-06 1.51169e-10 1.17889e-06 1.48525e-07 2.74239e-05 9.75601e-07 1.77024e-05 1.74374e-07 1.20253e-05 5.01881e-09 1.89297e+06 inf 
1405 128.219 0.00192552 18.0998 1.52504 320.431 20.575 337.927 1.83685 138.616 0.0698702 0.00859819 1.9895e-12 0.000173527 1.25876e-06 0.0547867 0.000222245 0.0600585 1.8262e-06 0.0102864 2.59569e-09 6.67933e-05 1.00307e-09 9.42875e-06 7.94442e-07 0.000166923 1.07182e-05 0.000176037 9.56871e-07 7.22093e-05 3.63976e-08 4.20908e-06 1.73928e-10 1.22246e-06 1.56801e-07 2.60189e-05 9.46294e-07 1.72442e-05 1.89008e-07 1.20122e-05 5.23382e-09 1.91964e+06 inf 
1415 125.043 0.00224185 18.5968 1.65215 314.363 20.0964 315.07 2.00955 140.298 0.0742995 0.00804155 2.65249e-12 0.000180276 1.45066e-06 0.0517968 0.00020857 0.0514136 2.14958e-06 0.0103606 2.88622e-09 6.40527e-05 1.14838e-09 9.52612e-06 8.46305e-07 0.000161031 1.02943e-05 0.000161393 1.02939e-06 7.1867e-05 3.80596e-08 4.06238e-06 1.99876e-10 1.26433e-06 1.63899e-07 2.45299e-05 9.30634e-07 1.69881e-05 2.03656e-07 1.19285e-05 5.4702e-09 1.95219e+06 inf 
1425 121.533 0.00260347 19.071 1.78128 307.231 19.4983 291.798 2.19202 141.679 0.0789581 0.00747014 3.51921e-12 0.00018655 1.65572e-06 0.0485885 0.000193202 0.043447 2.51547e-06 0.0103865 3.2054e-09 6.12092e-05 1.31122e-09 9.60498e-06 8.9713e-07 0.000154735 9.82019e-06 0.000146962 1.104e-06 7.13561e-05 3.97668e-08 3.96643e-06 2.30479e-10 1.3035e-06 1.70443e-07 2.29852e-05 9.32298e-07 1.68483e-05 2.19294e-07 1.18064e-05 5.74307e-09 1.98553e+06 inf 
1435 118.146 0.00302481 19.5905 1.91679 300.155 18.8597 269.475 2.39091 143.216 0.0841725 0.00691654 4.65601e-12 0.000192944 1.87484e-06 0.0453731 0.000177284 0.0363951 2.93182e-06 0.0103917 3.56913e-09 5.82772e-05 1.49203e-09 9.66329e-06 9.45484e-07 0.000148056 9.30285e-06 0.000132922 1.17935e-06 7.06432e-05 4.15193e-08 3.93087e-06 2.65484e-10 1.33908e-06 1.75649e-07 2.14576e-05 9.51254e-07 1.68541e-05 2.35147e-07 1.16351e-05 6.05571e-09 2.02731e+06 inf 
1445 114.5 0.00350443 20.08 2.05176 292.016 18.1176 247.144 2.5994 144.401 0.0896765 0.0063594 6.11881e-12 0.000198481 2.09793e-06 0.0419813 0.000160428 0.0300701 3.39086e-06 0.010333 3.96637e-09 5.52586e-05 1.69127e-09 9.69078e-06 9.90198e-07 0.00014093 8.74371e-06 0.000119274 1.25449e-06 6.96891e-05 4.32786e-08 3.94828e-06 3.04312e-10 1.37014e-06 1.78857e-07 1.99846e-05 9.85734e-07 1.69056e-05 2.50402e-07 1.1412e-05 6.41591e-09 2.07207e+06 inf 
1455 110.848 0.00405711 20.5849 2.18936 283.59 17.3179 225.549 2.82382 145.603 0.0957052 0.00581543 8.00086e-12 0.000203497 2.32417e-06 0.0385747 0.000143359 0.0245447 3.90089e-06 0.0102374 4.40775e-09 5.21533e-05 1.90885e-09 9.68504e-06 1.03008e-06 0.000133427 8.14795e-06 0.000106119 1.32859e-06 6.85052e-05 4.50287e-08 4.01891e-06 3.47366e-10 1.39427e-06 1.80125e-07 1.86096e-05 1.02966e-06 1.69368e-05 2.64956e-07 1.11215e-05 6.79984e-09 2.12543e+06 inf 
1465 106.925 0.00468219 21.0509 2.32326 274.197 16.423 204.205 3.05833 146.483 0.102076 0.00527488 1.03813e-11 0.000207358 2.54269e-06 0.0351017 0.000126106 0.0197278 4.45404e-06 0.0100838 4.887e-09 4.89818e-05 2.14489e-09 9.64331e-06 1.06428e-06 0.000125608 7.52328e-06 9.35455e-05 1.40101e-06 6.71032e-05 4.67606e-08 4.14567e-06 3.93793e-10 1.41293e-06 1.79195e-07 1.73917e-05 1.0812e-06 1.69255e-05 2.78484e-07 1.07928e-05 7.22225e-09 2.18295e+06 inf 
1475 102.928 0.00539057 21.4927 2.45391 264.208 15.4674 183.612 3.30559 147.198 0.108911 0.00474899 1.33485e-11 0.000209808 2.74483e-06 0.0316197 0.000109188 0.0156147 5.04317e-06 0.00986982 5.40283e-09 4.57338e-05 2.39519e-09 9.54986e-06 1.09034e-06 0.000117395 6.87261e-06 8.1584e-05 1.46877e-06 6.54045e-05 4.83922e-08 4.30552e-06 4.40677e-10 1.42265e-06 1.75388e-07 1.63679e-05 1.13255e-06 1.67965e-05 2.89041e-07 1.03782e-05 7.66994e-09 2.25058e+06 inf 
1485 98.979 0.00619551 21.9347 2.58164 254.002 14.4844 164.193 3.56755 147.883 0.116431 0.00424912 1.70163e-11 0.000211113 2.92517e-06 0.0282408 9.32456e-05 0.0122041 5.66399e-06 0.00960916 5.97004e-09 4.24501e-05 2.65713e-09 9.40736e-06 1.10721e-06 0.000108936 6.21206e-06 7.0419e-05 1.53005e-06 6.34241e-05 4.99351e-08 4.51092e-06 4.87438e-10 1.42963e-06 1.69189e-07 1.56461e-05 1.18387e-06 1.65909e-05 2.96842e-07 9.92778e-06 8.18028e-09 2.33165e+06 inf 
1495 94.5688 0.00708058 22.2585 2.69407 242.279 13.395 144.95 3.83137 147.91 0.123999 0.00375245 2.14174e-11 0.000209834 3.06425e-06 0.0248308 7.78206e-05 0.00932051 6.29004e-06 0.0092628 6.54071e-09 3.91078e-05 2.92809e-09 9.20474e-06 1.1141e-06 0.000100191 5.53932e-06 5.99422e-05 1.58442e-06 6.11666e-05 5.12784e-08 4.72894e-06 5.32177e-10 1.43068e-06 1.61131e-07 1.51717e-05 1.2238e-06 1.61652e-05 3.01327e-07 9.44297e-06 8.68104e-09 2.41816e+06 inf 
1505 90.2129 0.00806894 22.5508 2.79713 230.3 12.2935 127.018 4.10642 147.832 0.132194 0.00328631 2.66129e-11 0.00020666 3.15779e-06 0.0215825 6.38312e-05 0.00700516 6.90872e-06 0.00885949 7.13869e-09 3.57407e-05 3.19677e-09 8.93422e-06 1.10817e-06 9.12407e-05 4.87046e-06 5.03224e-05 1.62689e-06 5.85685e-05 5.23731e-08 4.95735e-06 5.69403e-10 1.43344e-06 1.51698e-07 1.50246e-05 1.25195e-06 1.55878e-05 3.00563e-07 8.92724e-06 9.23482e-09 2.52409e+06 inf 
1515 85.5119 0.00912778 22.6958 2.87601 217.046 11.1344 109.843 4.37438 146.997 0.140408 0.00283849 3.24711e-11 0.000200434 3.18471e-06 0.0184336 5.11337e-05 0.0051465 7.47122e-06 0.00836543 7.71538e-09 3.23652e-05 3.45475e-09 8.59006e-06 1.08853e-06 8.21491e-05 4.21423e-06 4.15741e-05 1.65565e-06 5.56366e-05 5.31425e-08 5.17963e-06 5.95488e-10 1.43964e-06 1.4307e-07 1.51129e-05 1.26242e-06 1.48148e-05 2.94267e-07 8.41255e-06 9.80068e-09 2.6421e+06 inf 
1525 80.7762 0.0102734 22.7506 2.93534 203.354 9.97479 93.9747 4.64378 145.845 0.149006 0.00242323 3.8911e-11 0.000191702 3.14641e-06 0.0155022 4.00989e-05 0.0037065 7.96182e-06 0.00781023 8.27071e-09 2.89972e-05 3.68797e-09 8.16706e-06 1.05374e-06 7.30005e-05 3.58077e-06 3.37352e-05 1.66703e-06 5.23557e-05 5.34906e-08 5.39058e-06 6.06021e-10 1.45489e-06 1.38375e-07 1.53597e-05 1.25413e-06 1.38744e-05 2.81328e-07 7.91243e-06 1.03826e-08 2.78566e+06 inf 
1535 75.6895 0.0114415 22.6015 2.95802 188.493 8.79349 79.1522 4.88768 143.705 0.157246 0.00203415 4.54609e-11 0.00017982 3.02605e-06 0.0127768 3.06433e-05 0.00260732 8.30485e-06 0.00716946 8.74482e-09 2.56648e-05 3.87957e-09 7.66371e-06 1.003e-06 6.39142e-05 2.98169e-06 2.68389e-05 1.65731e-06 4.87274e-05 5.33188e-08 5.57314e-06 6.03165e-10 1.4969e-06 1.41625e-07 1.57264e-05 1.22475e-06 1.27969e-05 2.63289e-07 7.52722e-06 1.10588e-08 2.94916e+06 inf 
1545 70.501 0.012632 22.2823 2.94872 173.062 7.63152 65.6306 5.11248 140.939 0.165227 0.00167966 5.17737e-11 0.00016531 2.83515e-06 0.0103124 2.2779e-05 0.00178521 8.48314e-06 0.0064733 9.10581e-09 2.23723e-05 4.00854e-09 7.0709e-06 9.35723e-07 5.4918e-05 2.42173e-06 2.08267e-05 1.62236e-06 4.47244e-05 5.24317e-08 5.70015e-06 6.00883e-10 1.56859e-06 1.55271e-07 1.60141e-05 1.16779e-06 1.15219e-05 2.44817e-07 7.34248e-06 1.18524e-08 3.15127e+06 inf 
1555 65.0001 0.013732 21.6828 2.89046 156.662 6.49605 53.4139 5.28053 136.831 0.171944 0.00135954 5.69897e-11 0.000148227 2.57183e-06 0.00812875 1.64798e-05 0.00119327 8.41408e-06 0.00571078 9.28809e-09 1.91791e-05 4.0518e-09 6.39779e-06 8.52866e-07 4.62251e-05 1.91674e-06 1.57604e-05 1.55809e-06 4.03735e-05 5.07343e-08 5.77155e-06 6.31187e-10 1.67462e-06 1.77403e-07 1.61779e-05 1.09027e-06 1.01831e-05 2.34627e-07 7.41712e-06 1.29073e-08 3.38911e+06 inf 
1565 59.3015 0.0146724 20.806 2.78348 139.748 5.41919 42.6342 5.3779 131.369 0.176956 0.00107774 6.0559e-11 0.000129647 2.25885e-06 0.00625823 1.1592e-05 0.000777228 8.08881e-06 0.00491556 9.26687e-09 1.61231e-05 3.98919e-09 5.65681e-06 7.56783e-07 3.79952e-05 1.47339e-06 1.15915e-05 1.46217e-06 3.57171e-05 4.81115e-08 5.75028e-06 7.42547e-10 1.8026e-06 2.03527e-07 1.60585e-05 9.90355e-07 8.77223e-06 2.47568e-07 7.79426e-06 1.43106e-08 3.67804e+06 inf 
1575 53.2719 0.0153176 19.5752 2.61873 122.183 4.40733 33.1998 5.36996 124.044 0.17904 0.000832522 6.18818e-11 0.0001101 1.91212e-06 0.00468347 7.89637e-06 0.000491373 7.50395e-06 0.00410749 9.00058e-09 1.32469e-05 3.80896e-09 4.86766e-06 6.51185e-07 3.03826e-05 1.09595e-06 8.25562e-06 1.33532e-06 3.08455e-05 4.4521e-08 5.61604e-06 9.37924e-10 1.91936e-06 2.26794e-07 1.55408e-05 8.73182e-07 7.35065e-06 2.87904e-07 8.36321e-06 1.60002e-08 4.02148e+06 inf 
1585 47.1579 0.0156182 18.0711 2.40714 104.82 3.50131 25.2836 5.25355 115.153 0.178165 0.000628057 6.09687e-11 9.11171e-05 1.56381e-06 0.00342101 5.24069e-06 0.000303722 6.7321e-06 0.0033386 8.54288e-09 1.06267e-05 3.51944e-09 4.07219e-06 5.42432e-07 2.36205e-05 7.88995e-07 5.69748e-06 1.18385e-06 2.59489e-05 4.01482e-08 5.34803e-06 1.16293e-09 1.98741e-06 2.41164e-07 1.45935e-05 7.47287e-07 5.99836e-06 3.39901e-07 8.88718e-06 1.76973e-08 4.43769e+06 inf 
1595 40.8594 0.015448 16.262 2.14755 87.6636 2.69938 18.7073 5.0015 104.373 0.173163 0.000459816 5.76619e-11 7.31173e-05 1.2298e-06 0.0024257 3.36703e-06 0.000182153 5.81621e-06 0.00262661 7.8812e-09 8.30586e-06 3.14025e-09 3.30572e-06 4.36553e-07 1.78202e-05 5.48726e-07 3.80281e-06 1.0167e-06 2.12169e-05 3.52003e-08 4.94807e-06 1.36393e-09 1.98378e-06 2.43752e-07 1.3249e-05 6.1915e-07 4.75043e-06 3.85534e-07 9.15305e-06 1.90531e-08 4.91935e+06 inf 
1605 34.6686 0.0148207 14.2713 1.86008 71.5343 2.02413 13.4804 4.63258 92.3442 0.16442 0.000327565 5.24572e-11 5.70276e-05 9.32525e-07 0.00167501 2.10597e-06 0.000106638 4.84921e-06 0.00200377 7.08387e-09 6.31967e-06 2.70164e-09 2.60148e-06 3.3907e-07 1.30398e-05 3.68975e-07 2.45732e-06 8.44462e-07 1.68332e-05 2.99718e-08 4.44667e-06 1.50448e-09 1.90467e-06 2.34562e-07 1.16317e-05 4.97745e-07 3.66066e-06 4.13323e-07 9.0502e-06 1.98241e-08 5.48583e+06 inf 
1615 28.7088 0.0137538 12.1864 1.56023 56.8482 1.47484 9.45396 4.16285 79.5214 0.152136 0.000226923 4.59399e-11 4.33134e-05 6.82711e-07 0.00112892 1.28449e-06 6.10411e-05 3.90418e-06 0.00148324 6.21238e-09 4.68626e-06 2.2451e-09 1.98924e-06 2.54682e-07 9.27957e-06 2.40744e-07 1.54321e-06 6.79521e-07 1.29806e-05 2.48339e-08 3.88338e-06 1.56796e-09 1.76442e-06 2.15821e-07 9.90802e-06 3.89506e-07 2.75364e-06 4.18985e-07 8.58019e-06 1.99337e-08 6.12616e+06 inf 
1625 23.1373 0.0123185 10.0972 1.26462 43.8751 1.04168 6.4347 3.62043 66.4575 0.13676 0.000152487 3.86924e-11 3.19215e-05 4.81802e-07 0.00073937 7.60201e-07 3.39672e-05 3.03152e-06 0.00106251 5.29645e-09 3.385e-06 1.80221e-09 1.47722e-06 1.85015e-07 6.41895e-06 1.52399e-07 9.41401e-07 5.29671e-07 9.72278e-06 2.00081e-08 3.29404e-06 1.55331e-09 1.57733e-06 1.90414e-07 8.18336e-06 2.96635e-07 2.02069e-06 4.03686e-07 7.80472e-06 1.93533e-08 6.83524e+06 inf 
1635 18.1713 0.0106668 8.13854 0.992661 32.989 0.716828 4.27396 3.05198 53.9768 0.119707 9.99601e-05 3.15378e-11 2.29969e-05 3.29993e-07 0.000474286 4.40441e-07 1.85487e-05 2.28305e-06 0.000740723 4.42093e-09 2.39309e-06 1.40478e-09 1.07182e-06 1.3073e-07 4.34453e-06 9.44037e-08 5.62866e-07 4.01934e-07 7.10855e-06 1.5765e-08 2.72718e-06 1.47649e-09 1.37107e-06 1.62384e-07 6.60203e-06 2.21568e-07 1.45807e-06 3.72986e-07 6.85705e-06 1.8267e-08 7.59322e+06 inf 
1645 13.9045 0.00893818 6.38238 0.755088 24.16 0.480148 2.76632 2.49553 42.6116 0.102049 6.38555e-05 2.49025e-11 1.61693e-05 2.19255e-07 0.000297118 2.48383e-07 9.86543e-06 1.66944e-06 0.000502484 3.60984e-09 1.65822e-06 1.06595e-09 7.61147e-07 9.00499e-08 2.88127e-06 5.72613e-08 3.29904e-07 2.97611e-07 5.08175e-06 1.21701e-08 2.2058e-06 1.3541e-09 1.16145e-06 1.34309e-07 5.20883e-06 1.62304e-07 1.03329e-06 3.32447e-07 5.83958e-06 1.68044e-08 8.38522e+06 inf 
1655 10.3731 0.00726246 4.87833 0.557737 17.265 0.313635 1.74789 1.9822 32.7317 0.0848685 3.98248e-05 1.91014e-11 1.11054e-05 1.41552e-07 0.000181792 1.36464e-07 5.12504e-06 1.18869e-06 0.000332373 2.88736e-09 1.12965e-06 7.90897e-10 5.3126e-07 6.07387e-08 1.88019e-06 3.41555e-08 1.90349e-07 2.15866e-07 3.56455e-06 9.24236e-09 1.74954e-06 1.20609e-09 9.62895e-07 1.08287e-07 4.03267e-06 1.17024e-07 7.22423e-07 2.87842e-07 4.84666e-06 1.51334e-08 9.18256e+06 inf 
1665 7.55605 0.00573796 3.64189 0.400892 12.0565 0.199744 1.07751 1.53347 24.5173 0.0690259 2.42425e-05 1.42501e-11 7.4497e-06 8.87827e-08 0.000108473 7.25885e-08 2.5752e-06 8.25498e-07 0.000214612 2.26383e-09 7.54193e-07 5.72723e-10 3.63509e-07 4.00143e-08 1.2034e-06 1.99371e-08 1.0755e-07 1.5306e-07 2.44714e-06 6.88969e-09 1.36048e-06 1.04611e-09 7.81946e-07 8.52087e-08 3.0625e-06 8.27514e-08 4.95451e-07 2.42834e-07 3.92843e-06 1.33601e-08 1.00187e+07 inf 
1675 5.38798 0.00441984 2.66167 0.281076 8.24678 0.124489 0.651011 1.15842 17.9508 0.0550441 1.44678e-05 1.03469e-11 4.89414e-06 5.4236e-08 6.35174e-05 3.81189e-08 1.28268e-06 5.59377e-07 0.000135389 1.74289e-09 4.93067e-07 4.0447e-10 2.43576e-07 2.57219e-08 7.54683e-07 1.13923e-08 5.95757e-08 1.0601e-07 1.64272e-06 5.03723e-09 1.03965e-06 8.85029e-10 6.23334e-07 6.5587e-08 2.28978e-06 5.79532e-08 3.3739e-07 1.9988e-07 3.11308e-06 1.15811e-08 1.09275e+07 inf 
1685 3.76207 0.00332363 1.90508 0.192338 5.52197 0.0755989 0.383342 0.855625 12.8589 0.0430751 8.41996e-06 7.29293e-12 3.12668e-06 3.20854e-08 3.60672e-05 1.92323e-08 6.11633e-07 3.69223e-07 8.32091e-05 1.31076e-09 3.16149e-07 2.79303e-10 1.60094e-07 1.61633e-08 4.64043e-07 6.35301e-09 3.22144e-08 7.19031e-08 1.08061e-06 3.61985e-09 7.79505e-07 7.31339e-10 4.86953e-07 4.93464e-08 1.67797e-06 3.96969e-08 2.24413e-07 1.60804e-07 2.41347e-06 9.85127e-09 1.18997e+07 inf 
1695 2.57151 0.00243846 1.33408 0.128287 3.61397 0.0446024 0.219449 0.617962 9.0135 0.0330708 4.76784e-06 4.9679e-12 1.93794e-06 1.83236e-08 1.98516e-05 9.36109e-09 2.81042e-07 2.36477e-07 4.96669e-05 9.60558e-10 1.98127e-07 1.87875e-10 1.02787e-07 9.88409e-09 2.78445e-07 3.43646e-09 1.69078e-08 4.76119e-08 6.9446e-07 2.548e-09 5.72793e-07 5.8946e-10 3.72487e-07 3.62502e-08 1.20498e-06 2.66352e-08 1.46176e-07 1.26305e-07 1.82877e-06 8.21678e-09 1.29791e+07 inf 
1705 1.72563 0.00175059 0.916994 0.0836611 2.32014 0.02571 0.122861 0.437512 6.19745 0.0249892 2.64165e-06 3.28512e-12 1.17147e-06 1.01618e-08 1.06492e-05 4.39158e-09 1.2385e-07 1.47389e-07 2.88746e-05 6.89006e-10 1.2178e-07 1.23541e-10 6.47134e-08 5.90407e-09 1.63735e-07 1.81438e-09 8.67043e-09 3.08758e-08 4.37362e-07 1.76352e-09 4.14239e-07 4.65373e-10 2.8015e-07 2.61203e-08 8.51305e-07 1.75108e-08 9.30864e-08 9.72013e-08 1.35884e-06 6.74641e-09 1.41701e+07 inf 
1715 1.13494 0.00122591 0.616209 0.0531217 1.45375 0.0143715 0.0667486 0.30301 4.17131 0.0185277 1.42084e-06 2.09043e-12 6.83427e-07 5.42048e-09 5.50753e-06 1.97174e-09 5.21785e-08 8.86122e-08 1.6197e-05 4.78963e-10 7.26717e-08 7.84966e-11 3.94565e-08 3.40144e-09 9.30853e-08 9.20222e-10 4.27398e-09 1.9402e-08 2.67093e-07 1.18635e-09 2.9274e-07 3.57338e-10 2.05436e-07 1.83169e-08 5.86505e-07 1.11985e-08 5.76436e-08 7.27839e-08 9.82737e-07 5.40935e-09 1.56174e+07 inf 
1725 0.728982 0.000834208 0.40362 0.0327301 0.886707 0.0077742 0.0350933 0.204496 2.73829 0.0134395 7.40015e-07 1.28116e-12 3.84766e-07 2.77797e-09 2.7305e-06 8.14918e-10 2.00331e-08 5.13766e-08 8.7602e-06 3.23161e-10 4.21788e-08 4.82672e-11 2.33534e-08 1.89376e-09 5.13047e-08 4.49814e-10 2.03049e-09 1.18321e-08 1.58437e-07 7.77605e-10 2.02579e-07 2.67952e-10 1.47367e-07 1.25358e-08 3.9415e-07 6.85191e-09 3.39852e-08 5.32226e-08 6.94091e-07 4.25363e-09 1.72831e+07 inf 
1735 0.458272 0.000552502 0.257993 0.0195877 0.526754 0.00406135 0.0178157 0.134693 1.75566 0.00955548 3.72017e-07 7.51564e-13 2.07147e-07 1.35365e-09 1.28429e-06 3.09507e-10 7.06022e-09 2.859e-08 4.54204e-06 2.10432e-10 2.38741e-08 2.87831e-11 1.34404e-08 1.02044e-09 2.74417e-08 2.1158e-10 9.28127e-10 7.01696e-09 9.14627e-08 4.97801e-10 1.37152e-07 1.95767e-10 1.03009e-07 8.33535e-09 2.57203e-07 4.0099e-09 1.91559e-08 3.79497e-08 4.77761e-07 3.27335e-09 1.91954e+07 inf 
1745 0.280281 0.000353803 0.159846 0.0113012 0.302377 0.00201759 0.00858567 0.0860324 1.09242 0.00662085 1.7754e-07 4.15662e-13 1.04737e-07 6.13004e-10 5.57639e-07 1.01047e-10 2.12118e-09 1.5096e-08 2.23137e-06 1.30619e-10 1.28684e-08 1.6244e-11 7.33894e-09 5.18868e-10 1.38829e-08 9.26327e-11 3.9419e-10 3.94996e-09 5.01555e-08 3.0398e-10 8.93628e-08 1.37187e-10 6.89556e-08 5.27971e-09 1.59405e-07 2.15191e-09 9.86071e-09 2.60287e-08 3.16121e-07 2.42995e-09 2.17806e+07 inf 
1755 0.166249 0.000218235 0.0956245 0.00625314 0.166791 0.000936454 0.00385845 0.0530969 0.657233 0.00446049 7.90284e-08 2.11698e-13 4.85889e-08 2.50173e-10 2.17202e-07 2.71189e-11 5.21285e-10 7.43856e-09 1.02278e-06 7.60789e-11 6.63163e-09 8.70536e-12 3.81444e-09 2.49437e-10 6.65327e-09 3.7355e-11 1.53913e-10 2.11802e-09 2.62169e-08 1.77928e-10 5.57535e-08 9.14812e-11 4.38595e-08 3.14915e-09 9.28432e-08 1.03941e-09 4.55744e-09 1.70949e-08 2.00277e-07 1.73295e-09 2.50691e+07 inf 
1765 0.0949211 0.000128363 0.0546712 0.00327554 0.0872685 0.000394575 0.00157255 0.031389 0.379089 0.00290116 3.19205e-08 9.50923e-14 1.98762e-08 8.77341e-11 7.27954e-08 5.69351e-12 1.0021e-10 3.30195e-09 4.2353e-07 4.0265e-11 3.27396e-09 4.42742e-12 1.88568e-09 1.12978e-10 3.01001e-09 1.36094e-11 5.42393e-11 1.08265e-09 1.30753e-08 1.00065e-10 3.30191e-08 5.70987e-11 2.61152e-08 1.73589e-09 5.00175e-08 4.42935e-10 1.85835e-09 1.06168e-08 1.20155e-07 1.17422e-09 2.89928e+07 inf 
1775 0.0515373 7.08232e-05 0.0293968 0.00158969 0.0424083 0.000142804 0.000551199 0.0175352 0.20697 0.00180226 1.11232e-08 3.54253e-14 6.76635e-09 2.45713e-11 1.95523e-08 8.08672e-13 1.29617e-11 1.25649e-09 1.5164e-07 1.85291e-11 1.48426e-09 2.0397e-12 8.46622e-10 4.57828e-11 1.22135e-09 4.11273e-12 1.58744e-11 5.05011e-10 5.96069e-09 5.19048e-11 1.78366e-08 3.18761e-11 1.39339e-08 8.39972e-10 2.36983e-08 1.52554e-10 6.10771e-10 5.99429e-09 6.58155e-08 7.28656e-10 3.47224e+07 inf 
1785 0.0257958 3.50106e-05 0.0142142 0.00067595 0.0181265 3.90771e-05 0.000148961 0.00893298 0.103517 0.00103409 3.00531e-09 9.49714e-15 1.67543e-09 4.68854e-12 3.61803e-09 6.04466e-14 8.84215e-13 3.64644e-10 4.2245e-08 6.64005e-12 5.83929e-10 7.9252e-13 3.21761e-10 1.53012e-11 4.10322e-10 8.84571e-13 3.37197e-12 2.02212e-10 2.34327e-09 2.34082e-11 8.22732e-09 1.46408e-11 6.14999e-09 3.2542e-10 9.04053e-09 3.698e-11 1.41436e-10 2.8659e-09 3.08349e-08 3.86988e-10 4.41764e+07 inf 
1795 0.0113314 1.44145e-05 0.00577907 0.000231933 0.00632226 6.16323e-06 2.78124e-05 0.00391328 0.0449923 0.000519753 5.66686e-10 1.59627e-15 2.67844e-10 5.29673e-13 4.09105e-10 2.01139e-15 2.74417e-14 7.16744e-11 8.26425e-09 1.66938e-12 1.91246e-10 2.43282e-13 9.7537e-11 3.91447e-12 1.06705e-10 1.04021e-13 4.69407e-13 6.60469e-11 7.59363e-10 8.7722e-12 3.0867e-09 5.18479e-12 2.12392e-09 9.44685e-11 2.62552e-09 5.82552e-12 2.15158e-11 1.09788e-09 1.17858e-08 1.67625e-10 5.92501e+07 inf 
1805 0.00381457 4.2392e-06 0.00170991 5.48771e-05 0.00155507 -1.22444e-06 2.77752e-06 0.00128994 0.0150437 0.000200082 6.47563e-11 1.42884e-16 2.40219e-11 2.9803e-14 2.44153e-11 2.68061e-17 3.1413e-16 8.37374e-12 1.01629e-09 2.64041e-13 4.33974e-11 4.82283e-14 1.94532e-11 6.24322e-13 1.76916e-11 -1.39301e-14 3.15991e-14 1.46753e-11 1.71148e-10 2.27629e-12 8.57223e-10 1.27406e-12 5.22411e-10 1.8403e-11 5.26738e-10 5.52061e-13 1.89018e-12 3.08303e-10 3.39599e-09 5.47607e-11 8.78986e+07 inf 
1815 0.00100944 9.56124e-07 0.000397075 9.6516e-06 0.000295707 -6.02696e-06 -3.27088e-06 0.000329209 0.00397811 6.31288e-05 5.46909e-12 8.71025e-18 1.54469e-12 1.11642e-15 1.02387e-12 1.85982e-16 5.2042e-17 6.72076e-13 8.72776e-11 3.26026e-14 7.18842e-12 6.80877e-15 2.82766e-12 6.87312e-14 2.10579e-12 -4.29193e-14 -2.32926e-14 2.34437e-12 2.8329e-11 4.49554e-13 1.97218e-10 2.4896e-13 1.04843e-10 2.81879e-12 8.53626e-11 1.15003e-12 6.08326e-13 6.91412e-11 7.87858e-10 1.52305e-11 1.40425e+08 inf 
1825 0.000188674 1.52563e-07 6.51796e-05 3.35917e-07 3.56857e-05 -3.58938e-05 -3.63556e-05 5.13315e-05 0.000768811 1.56728e-05 2.38721e-13 2.18858e-19 4.29871e-14 1.64203e-17 1.70933e-14 7.95108e-16 1.38406e-15 2.38712e-14 3.53097e-12 2.09094e-15 6.39219e-13 5.16877e-16 2.20825e-13 1.13807e-15 1.20901e-13 -1.21607e-13 -1.23171e-13 1.73909e-13 2.60469e-12 5.30988e-14 2.84318e-11 2.72252e-14 1.2066e-11 2.3586e-13 7.60898e-12 1.63676e-12 2.16193e-12 8.99133e-12 1.09343e-10 2.66105e-12 2.95164e+08 inf 
1835 -0.000145016 -1.19745e-08 -7.56373e-05 -8.76062e-06 -0.000132556 -0.000287475 -0.000337868 -4.9596e-05 -0.000159875 4.6388e-06 7.05598e-15 1.4638e-21 3.85034e-16 5.14922e-18 2.61895e-15 3.2894e-15 8.12956e-15 4.04136e-16 5.40097e-13 2.67948e-17 -1.06629e-13 -8.80476e-18 -5.56156e-14 -6.44162e-15 -9.74676e-14 -2.11379e-13 -2.48432e-13 -3.64676e-14 -1.17555e-13 3.41088e-15 2.27527e-12 1.03742e-15 5.29169e-13 6.11939e-14 1.38427e-12 1.54078e-12 2.43226e-12 5.43902e-13 1.99278e-11 1.40323e-13 1.36e+09 inf 
1845 -0.000413968 -1.86035e-09 -0.000109255 -7.71278e-06 -0.000451757 -0.000437624 -0.00107537 -4.52495e-05 -0.000923802 2.18217e-05 6.09083e-15 6.47951e-23 1.14859e-16 1.26308e-18 3.1969e-15 1.12441e-15 7.19365e-15 2.88539e-17 2.40303e-13 6.24828e-18 -3.85705e-13 -1.73334e-18 -1.01796e-13 -7.18621e-15 -4.20915e-13 -4.07746e-13 -1.00196e-12 -4.21602e-14 -8.60732e-13 2.03319e-14 2.35079e-12 2.457e-16 3.10894e-13 3.35441e-14 1.67376e-12 9.38821e-13 2.38718e-12 1.5845e-13 1.49384e-11 7.35412e-14 1.07327e+09 inf 
1855 -1.22118e-08 -2.68849e-12 -1.02769e-08 -3.92834e-10 -3.8292e-09 -1.24425e-08 -1.63433e-09 -1.75842e-08 -3.75173e-08 -1.13271e-08 1.82894e-21 1.4093e-28 7.55776e-22 1.06098e-24 1.20285e-22 6.99174e-21 2.8493e-23 2.55564e-21 1.25268e-20 1.16506e-21 -5.77903e-14 -1.27228e-17 -4.86339e-14 -1.85902e-15 -1.81211e-14 -5.8882e-14 -7.73418e-15 -8.32144e-14 -1.77544e-13 -5.36038e-14 7.29072e-14 2.24735e-17 3.48043e-14 1.25098e-15 1.55195e-14 1.72105e-13 8.66146e-15 7.18992e-14 1.66611e-13 5.13817e-14 211312 inf 
1865 0 0 0 0 0 0 0 0 0 0 0 0 0 0 0 0 0 0 0 0 0.0 0.0 0.0 0.0 0.0 0.0 0.0 0.0 0.0 0.0 0.0 0.0 0.0 0.0 0.0 0.0 0.0 0.0 0.0 0.0 0 -nan 
1875 0 0 0 0 0 0 0 0 0 0 0 0 0 0 0 0 0 0 0 0 0.0 0.0 0.0 0.0 0.0 0.0 0.0 0.0 0.0 0.0 0.0 0.0 0.0 0.0 0.0 0.0 0.0 0.0 0.0 0.0 0 -nan 
1885 0 0 0 0 0 0 0 0 0 0 0 0 0 0 0 0 0 0 0 0 0.0 0.0 0.0 0.0 0.0 0.0 0.0 0.0 0.0 0.0 0.0 0.0 0.0 0.0 0.0 0.0 0.0 0.0 0.0 0.0 0 -nan 
1895 0 0 0 0 0 0 0 0 0 0 0 0 0 0 0 0 0 0 0 0 0.0 0.0 0.0 0.0 0.0 0.0 0.0 0.0 0.0 0.0 0.0 0.0 0.0 0.0 0.0 0.0 0.0 0.0 0.0 0.0 0 -nan 
