255 0 0 0 0 0 0 0 0 0 0 0 0 0 0 0 0 0 0 0 0 0.0 0.0 0.0 0.0 0.0 0.0 0.0 0.0 0.0 0.0 0.0 0.0 0.0 0.0 0.0 0.0 0.0 0.0 0.0 0.0 0 -nan 
265 0 0 0 0 0 0 0 0 0 0 0 0 0 0 0 0 0 0 0 0 0.0 0.0 0.0 0.0 0.0 0.0 0.0 0.0 0.0 0.0 0.0 0.0 0.0 0.0 0.0 0.0 0.0 0.0 0.0 0.0 0 -nan 
275 0 0 0 0 0 0 0 0 0 0 0 0 0 0 0 0 0 0 0 0 0.0 0.0 0.0 0.0 0.0 0.0 0.0 0.0 0.0 0.0 0.0 0.0 0.0 0.0 0.0 0.0 0.0 0.0 0.0 0.0 0 -nan 
285 0 0 0 0 0 0 0 0 0 0 0 0 0 0 0 0 0 0 0 0 0.0 0.0 0.0 0.0 0.0 0.0 0.0 0.0 0.0 0.0 0.0 0.0 0.0 0.0 0.0 0.0 0.0 0.0 0.0 0.0 0 -nan 
295 0.012279 0.0139722 0.027945 0.00334374 -0.00256822 1.48823e-10 1.46692e-07 0.170946 -2.31341e-05 8.17587e-07 6.43071e-11 8.37293e-11 3.3493e-10 4.80847e-12 1.57075e-09 5.15724e-24 5.36929e-18 2.42115e-05 7.61086e-16 4.89068e-16 0.0 0.0 0.0 0.0 0.0 0.0 0.0 0.0 0.0 0.0 0.0 0.0 0.0 0.0 0.0 0.0 0.0 0.0 0.0 0.0 -1.35736e+08 -inf 
305 0.394954 0.447408 0.894839 0.105846 -0.8372 4.42496e-08 0.000118257 113.527 -0.000836475 0.00135763 1.20865e-08 1.44341e-08 5.77387e-08 7.82082e-10 6.74818e-05 3.77258e-20 1.80496e-13 0.903282 1.77231e-10 1.64827e-10 1.18472e-09 1.34207e-09 2.6842e-09 3.17501e-10 -2.5113e-09 1.32733e-16 3.54731e-13 3.40542e-07 -2.50913e-12 4.0724e-12 5.90352e-09 6.44173e-09 1.28837e-08 1.49839e-09 4.49906e-07 1.0637e-14 2.32658e-11 5.2052e-05 7.29126e-10 7.0314e-10 3.33373e+08 inf 
315 0.569915 0.634457 1.26896 0.145912 -5.80043 5.14531e-07 0.0014174 711.336 -0.0107543 0.0168763 1.60409e-07 1.42966e-07 5.71881e-07 6.22651e-09 0.00182201 3.10244e-18 8.5773e-12 13.7975 4.26337e-08 1.14827e-08 5.44725e-09 6.06415e-09 1.21287e-08 1.39462e-09 -5.54406e-08 4.91789e-15 1.35475e-11 6.79895e-06 -1.0279e-10 1.61304e-10 3.87753e-08 3.6465e-08 7.2931e-08 7.58736e-09 4.17273e-06 1.72131e-13 2.86004e-10 0.000363084 2.01862e-08 1.0475e-08 1.04624e+08 inf 
325 0.786078 0.830761 1.66159 0.184129 -19.1284 3.03984e-06 0.0066003 2026.39 -0.0696767 0.0736554 2.1145e-06 1.84803e-06 7.39238e-06 7.26953e-08 0.0167071 9.46122e-17 1.07699e-10 75.4506 2.36761e-06 1.80272e-07 1.21517e-08 1.28425e-08 2.5686e-08 2.8464e-09 -2.957e-07 4.69919e-14 1.02032e-10 3.13254e-05 -1.07711e-09 1.13862e-09 1.80388e-07 1.68533e-07 3.37071e-07 3.34017e-08 1.6068e-05 1.20846e-12 1.28627e-09 0.00107953 1.91309e-07 5.27776e-08 6.46885e+07 inf 
335 1.14432 1.13794 2.27598 0.242919 -44.5414 1.34247e-05 0.0213345 4249.62 -0.262244 0.205329 1.35336e-05 1.23901e-05 4.95632e-05 4.57191e-07 0.0820037 1.7362e-15 7.4854e-10 246.43 3.73782e-05 1.17598e-06 2.42498e-08 2.41148e-08 4.82315e-08 5.14782e-09 -9.43899e-07 2.84489e-13 4.52111e-10 9.00559e-05 -5.55734e-09 4.35124e-09 5.34986e-07 5.11843e-07 1.02372e-06 9.82959e-08 4.1676e-05 6.05903e-12 3.95706e-09 0.00228344 8.89983e-07 1.57803e-07 4.71887e+07 inf 
345 1.87679 1.80714 3.61444 0.374929 -86.3337 4.79358e-05 0.0528627 7532.99 -0.723138 0.452562 5.25735e-05 5.06616e-05 0.000202665 1.80167e-06 0.269952 2.63678e-14 3.61935e-09 612.77 0.000248133 4.69133e-06 5.01876e-08 4.8325e-08 9.66541e-08 1.0026e-08 -2.30866e-06 1.28186e-12 1.41361e-09 0.000201441 -1.93375e-08 1.2102e-08 1.18463e-06 1.16293e-06 2.32597e-06 2.19267e-07 8.49323e-05 2.65228e-11 9.73587e-09 0.00404297 2.57584e-06 3.53985e-07 3.73956e+07 inf 
355 3.10011 2.9382 5.87667 0.597522 -149.941 0.000145172 0.112083 11969.7 -1.66185 0.866282 0.000155757 0.000151353 0.000605483 5.31069e-06 0.701874 1.84272e-13 1.38002e-08 1285.86 0.00098303 1.40816e-05 1.09903e-07 1.04163e-07 2.08336e-07 2.11829e-08 -5.31559e-06 5.14655e-12 3.97349e-09 0.000424342 -5.89146e-08 3.07108e-08 2.34728e-06 2.31405e-06 4.62836e-06 4.33384e-07 0.000157652 8.06611e-11 2.17589e-08 0.00673835 5.90307e-06 7.0588e-07 2.82077e+07 inf 
365 4.95719 4.70166 9.40388 0.938559 -238.644 0.000400788 0.214211 17549.1 -3.59507 1.49694 0.000431377 0.000449229 0.00179726 1.49691e-05 1.66608 1.83727e-12 4.55373e-08 2490.6 0.00459122 4.01428e-05 2.10822e-07 1.99955e-07 3.99933e-07 3.99156e-08 -1.01492e-05 1.70449e-11 9.11007e-09 0.000746336 -1.52893e-07 6.36625e-08 4.27801e-06 4.36636e-06 8.73354e-06 7.96881e-07 0.000265994 2.79009e-10 4.3054e-08 0.0102647 1.39726e-05 1.30505e-06 2.35136e+07 inf 
375 7.60685 7.23167 14.4644 1.42543 -354.588 0.000999305 0.376651 24342.5 -6.59861 2.39083 0.000948089 0.000997902 0.00399257 3.28157e-05 3.26925 9.57938e-12 1.30452e-07 4314.48 0.0121213 9.00323e-05 3.65689e-07 3.47653e-07 6.95358e-07 6.85254e-08 -1.70463e-05 4.80402e-11 1.8107e-08 0.00117023 -3.17219e-07 1.14936e-07 6.74124e-06 6.91751e-06 1.38367e-05 1.25414e-06 0.000396073 6.76911e-10 7.70938e-08 0.0143542 2.41374e-05 2.07725e-06 2.08014e+07 inf 
385 11.241 10.7632 21.5284 2.09473 -506.969 0.00234068 0.630715 32492.7 -11.9462 3.635 0.00201785 0.00221298 0.00885483 7.0685e-05 6.2744 5.08991e-11 3.40377e-07 7197.72 0.035096 0.000197225 6.31917e-07 6.05056e-07 1.21023e-06 1.17756e-07 -2.84995e-05 1.31582e-10 3.5456e-08 0.00182659 -6.71562e-07 2.04343e-07 1.06318e-05 1.11372e-05 2.22781e-05 1.9899e-06 0.000593216 1.68642e-09 1.33706e-07 0.0200321 4.44127e-05 3.32345e-06 1.77887e+07 inf 
395 16.1927 15.6249 31.2537 3.00875 -705.782 0.00514526 1.00445 42496.5 -20.0147 5.34992 0.00382471 0.00416309 0.0166587 0.000132319 10.9726 1.94367e-10 8.24898e-07 11402.8 0.0697839 0.000378884 9.89396e-07 9.54704e-07 1.90964e-06 1.83839e-07 -4.31242e-05 3.14382e-10 6.13732e-08 0.00259659 -1.22293e-06 3.26887e-07 1.5255e-05 1.59204e-05 3.18468e-05 2.83744e-06 0.000817668 3.4318e-09 2.15953e-07 0.0262675 6.5287e-05 4.80036e-06 1.63663e+07 inf 
405 22.5307 21.9347 43.8764 4.17755 -945.944 0.0107321 1.53397 53776 -33.2625 7.57948 0.00740753 0.00837383 0.0335122 0.000258497 19.0811 7.91009e-10 1.87526e-06 17507.7 0.182758 0.00075102 1.44243e-06 1.40428e-06 2.809e-06 2.6745e-07 -6.056e-05 6.87079e-10 9.82057e-08 0.00344277 -2.12949e-06 4.85244e-07 2.17291e-05 2.31112e-05 4.6234e-05 4.05927e-06 0.00110359 7.083e-09 3.32282e-07 0.0333017 0.000108147 6.91703e-06 1.56199e+07 inf 
415 30.8577 30.2706 60.5535 5.71211 -1251.17 0.0217472 2.30065 67600.3 -52.5291 10.5799 0.0132191 0.0152515 0.0610445 0.000461882 30.8006 3.11838e-09 4.10457e-06 26176.9 0.380623 0.00137524 2.25007e-06 2.20726e-06 4.41541e-06 4.16512e-07 -9.12319e-05 1.58575e-09 1.67758e-07 0.00492924 -3.83029e-06 7.71457e-07 3.09651e-05 3.3275e-05 6.65711e-05 5.78841e-06 0.00149585 1.49956e-08 5.20722e-07 0.0434103 0.000166551 9.98416e-06 1.37141e+07 inf 
425 40.9144 40.4111 80.8425 7.56365 -1600 0.0417421 3.33782 83264.9 -77.2296 14.2843 0.0214172 0.0249889 0.100033 0.000747418 45.7438 1.0064e-08 8.45359e-06 37056.6 0.674509 0.00229051 3.3019e-06 3.26127e-06 6.52419e-06 6.10405e-07 -0.000129124 3.36869e-09 2.69371e-07 0.00671968 -6.23262e-06 1.15278e-06 4.1443e-05 4.47888e-05 8.96122e-05 7.74247e-06 0.00191702 2.82991e-08 7.80811e-07 0.0542716 0.000233229 1.3547e-05 1.23912e+07 inf 
435 53.9179 53.6733 107.38 9.95768 -2039.07 0.0780702 4.72868 101534 -115.939 19.1523 0.0363919 0.0435799 0.174489 0.00127344 70.7292 3.27951e-08 1.69566e-05 52874.9 1.37941 0.00399767 4.84934e-06 4.82734e-06 9.65773e-06 8.95588e-07 -0.000183393 7.02158e-09 4.25294e-07 0.00913194 -1.04275e-05 1.72255e-06 5.70048e-05 6.24199e-05 0.000124901 1.06644e-05 0.00251549 5.38542e-08 1.15939e-06 0.0683531 0.000352072 1.88833e-05 1.11186e+07 inf 
445 69.9625 70.1651 140.384 12.9193 -2559.5 0.140483 6.56485 122624 -168.551 25.2736 0.057609 0.0701764 0.281027 0.00203024 103.372 8.98644e-08 3.25322e-05 73579.1 2.42771 0.00653266 6.84085e-06 6.86067e-06 1.37266e-05 1.26324e-06 -0.000250265 1.37363e-08 6.41904e-07 0.01199 -1.64807e-05 2.47123e-06 7.47405e-05 8.25512e-05 0.000165197 1.40328e-05 0.00316937 9.27262e-08 1.66401e-06 0.0839685 0.000486936 2.51525e-05 1.02272e+07 inf 
455 89.8574 90.6678 181.421 16.5716 -3178.15 0.247148 8.99208 146998 -240.223 32.9782 0.0897825 0.109634 0.439119 0.00314828 148.019 2.40772e-07 6.07748e-05 101297 4.03298 0.0104451 9.35544e-06 9.43982e-06 1.88885e-05 1.72534e-06 -0.000330891 2.57317e-08 9.36205e-07 0.0153046 -2.50107e-05 3.43351e-06 9.62295e-05 0.00010642 0.000212983 1.80223e-05 0.0039117 1.56223e-07 2.33475e-06 0.101549 0.000647507 3.27978e-05 9.60482e+06 inf 
465 114.054 115.985 232.101 21.0374 -3901.53 0.425001 12.1917 174897 -339.75 42.5429 0.140538 0.175676 0.703804 0.00495283 214.956 6.31926e-07 0.000110001 138075 7.27577 0.0167898 1.27239e-05 1.29393e-05 2.58933e-05 2.34694e-06 -0.000435256 4.74133e-08 1.36011e-06 0.0195116 -3.79027e-05 4.7461e-06 0.000124566 0.000139395 0.000279009 2.33887e-05 0.00487762 2.61247e-07 3.2283e-06 0.122568 0.000900139 4.3018e-05 8.96376e+06 inf 
475 143.568 146.743 293.686 26.4577 -4741.97 0.712049 16.2074 206698 -468.503 54.4282 0.207536 0.260771 1.04502 0.00731539 290.406 1.63867e-06 0.000195033 184541 11.3946 0.0257501 1.74986e-05 1.78856e-05 3.57954e-05 3.22475e-06 -0.000577967 8.67869e-08 1.97541e-06 0.0251931 -5.71027e-05 6.63389e-06 0.000158079 0.00017738 0.00035509 2.96854e-05 0.00592129 4.384e-07 4.45746e-06 0.147844 0.00117709 5.56282e-05 8.20457e+06 inf 
485 178.447 183.503 367.302 32.8735 -5681.63 1.1652 21.2786 242214 -637.866 68.7505 0.309508 0.392791 1.57455 0.0108845 395.754 3.973e-06 0.000335127 244948 18.7744 0.0394703 2.32914e-05 2.39513e-05 4.79413e-05 4.29074e-06 -0.000741582 1.52085e-07 2.77734e-06 0.0316145 -8.32561e-05 8.97351e-06 0.000199638 0.000225154 0.000450795 3.74468e-05 0.00714877 7.03873e-07 6.00234e-06 0.175988 0.00156319 7.12127e-05 7.6615e+06 inf 
495 220.393 228.001 456.437 40.611 -6782.57 1.87943 27.8191 282890 -856.353 86.4026 0.450213 0.582629 2.33643 0.0159319 533.635 9.60273e-06 0.000567416 320826 30.1093 0.0597358 3.05947e-05 3.16509e-05 6.33621e-05 5.63758e-06 -0.00094155 2.609e-07 3.86182e-06 0.0392706 -0.000118878 1.19943e-05 0.000248117 0.000282627 0.000565973 4.66891e-05 0.00855525 1.12471e-06 7.9909e-06 0.207351 0.00204098 9.02696e-05 7.20362e+06 inf 
505 273.519 284.507 569.653 50.3762 -8121.25 2.98245 36.0144 331153 -1159.64 108.938 0.656381 0.854054 3.42635 0.0231854 708.988 2.27607e-05 0.000944336 424590 47.0135 0.0905037 4.0363e-05 4.19846e-05 8.40634e-05 7.43398e-06 -0.00119845 4.40119e-07 5.31463e-06 0.048868 -0.000171128 1.60759e-05 0.000308598 0.000352519 0.000706086 5.80189e-05 0.0101582 1.77907e-06 1.05409e-05 0.245496 0.0026284 0.000114443 6.77647e+06 inf 
515 333.297 348.244 697.396 61.3784 -9547.33 4.6299 46.1024 383239 -1521.09 135.108 0.918204 1.20582 4.83954 0.0325181 917.68 4.92422e-05 0.00153718 544678 71.0761 0.131784 5.26016e-05 5.49607e-05 0.000110065 9.68687e-06 -0.00150678 7.30702e-07 7.27598e-06 0.0604836 -0.000240062 2.13231e-05 0.000377023 0.000432764 0.000866991 7.09806e-05 0.0119398 2.69028e-06 1.37717e-05 0.286887 0.00334062 0.000142631 6.33624e+06 inf 
525 403.182 423.135 847.549 74.2089 -11136.2 7.0525 58.2602 440714 -1976.21 166.295 1.28234 1.69514 6.80667 0.0453234 1185.23 0.000107623 0.00244688 694894 106.494 0.191169 6.73062e-05 7.06371e-05 0.000141488 1.23882e-05 -0.00185904 1.17733e-06 9.72581e-06 0.0735717 -0.000329903 2.77609e-05 0.000457756 0.00052725 0.00105654 8.6097e-05 0.0139428 4.07188e-06 1.77168e-05 0.332552 0.00420345 0.000176473 5.99027e+06 inf 
535 489.128 515.904 1033.61 90.016 -13013.3 10.6459 73.3925 508705 -2577.5 205.343 1.79904 2.38416 9.57822 0.0634428 1527.06 0.000226961 0.00385969 893498 159.503 0.278648 8.48604e-05 8.95059e-05 0.000179324 1.56172e-05 -0.00225771 1.847e-06 1.27331e-05 0.088257 -0.000447178 3.56257e-05 0.000552196 0.000636887 0.00127656 0.000103745 0.0161195 5.99706e-06 2.25277e-05 0.383701 0.00524145 0.000216966 5.76391e+06 inf 
545 590.158 625.748 1253.99 108.696 -15159.9 15.8452 91.7006 585801 -3323.34 252.619 2.44624 3.28951 13.223 0.086856 1931.04 0.000465162 0.00599398 1.13781e+06 232.475 0.398566 0.000105609 0.000111978 0.000224404 1.94513e-05 -0.00271288 2.83552e-06 1.64099e-05 0.10483 -0.000594716 4.52064e-05 0.000653149 0.000759027 0.00152181 0.000123145 0.0183903 8.67185e-06 2.83433e-05 0.438888 0.00642246 0.000263211 5.58812e+06 inf 
555 705.586 749.989 1503.4 129.842 -17450.3 23.2531 113.724 669391 -4226.56 307.935 3.32298 4.47485 17.9996 0.11758 2416.79 0.000950637 0.00917387 1.42409e+06 338.421 0.565909 0.000130695 0.00013892 0.000278472 2.40506e-05 -0.00323229 4.30714e-06 2.1065e-05 0.123991 -0.000782881 5.70384e-05 0.000773584 0.000899763 0.00180458 0.000145605 0.0209096 1.25513e-05 3.54335e-05 0.498407 0.00787861 0.000318699 5.39872e+06 inf 
565 844.373 901.413 1807.49 155.385 -20135.5 33.8024 140.355 766745 -5379.02 376.046 4.46941 6.05248 24.3614 0.158375 3018.98 0.00187157 0.0138741 1.79537e+06 483.678 0.798667 0.000162483 0.000173459 0.000347816 2.99008e-05 -0.00387469 6.50461e-06 2.70086e-05 0.147545 -0.00103509 7.23627e-05 0.000913044 0.00106517 0.00213703 0.000171995 0.0237893 1.7828e-05 4.40494e-05 0.568959 0.00959182 0.000385294 5.19668e+06 inf 
575 1007.17 1078.9 2164.11 185.256 -23141.8 48.5932 172.337 877136 -6803.89 457.847 6.01432 8.17532 32.9296 0.212782 3767.69 0.00362394 0.0206901 2.2543e+06 695.018 1.12664 0.000200107 0.000214358 0.000429969 3.6807e-05 -0.00459786 9.65458e-06 3.42403e-05 0.174271 -0.00135181 9.09658e-05 0.00107466 0.00125632 0.00252144 0.00020229 0.0269709 2.5036e-05 5.42066e-05 0.646156 0.011673 0.000464293 5.03317e+06 inf 
585 1189.6 1278.79 2566 218.89 -26354.8 68.906 209.651 996624 -8502.45 553.236 7.84885 10.7055 43.1573 0.278481 4559.63 0.00693483 0.0304239 2.789e+06 964.346 1.55714 0.000245935 0.000264374 0.000530489 4.52528e-05 -0.00544854 1.42455e-05 4.33428e-05 0.20604 -0.00175778 0.000114375 0.00124987 0.00146401 0.00293953 0.000235637 0.0302152 3.50821e-05 6.64166e-05 0.730849 0.0140099 0.000555732 4.83705e+06 inf 
595 1413.5 1525.01 3061.32 259.945 -30194 96.9693 253.839 1.13626e+06 -10705.2 672.099 10.6539 14.678 59.2248 0.376828 5753.08 0.0130687 0.0443466 3.50761e+06 1408.06 2.21771 0.000303693 0.000327653 0.000657731 5.58498e-05 -0.00648725 2.08341e-05 5.4538e-05 0.244128 -0.00230004 0.000144402 0.00148216 0.00174535 0.00350599 0.000279004 0.034554 4.87215e-05 8.09542e-05 0.833078 0.0172405 0.000675002 4.65436e+06 inf 
605 1661.04 1795.73 3606.29 305.382 -34186.7 135.233 306.145 1.28975e+06 -13224.4 809.212 13.5924 18.7036 75.5383 0.481666 6825.56 0.0241185 0.0638865 4.29436e+06 1894.64 3.00264 0.000367116 0.000396884 0.000797049 6.74943e-05 -0.00755581 2.98888e-05 6.76629e-05 0.285055 -0.0029228 0.000178849 0.00169392 0.00199406 0.00400748 0.000319219 0.0380981 6.66126e-05 9.76814e-05 0.931593 0.0202535 0.00079476 4.52456e+06 inf 
615 1941.47 2104.03 4227.44 356.768 -38511.6 186.143 365.624 1.45586e+06 -16273.1 970.016 17.674 24.3896 98.6063 0.6247 8237.65 0.0436329 0.090679 5.26169e+06 2638.5 4.13381 0.000440908 0.000477826 0.000960055 8.10221e-05 -0.00874601 4.22733e-05 8.30335e-05 0.330627 -0.00369564 0.000220291 0.00195432 0.00230447 0.00463377 0.000367838 0.042359 9.01222e-05 0.000117041 1.04193 0.0241981 0.000943538 4.40334e+06 inf 
625 2286.21 2483.64 4992.7 419.889 -43756.3 255.487 436.91 1.6563e+06 -20160.5 1172.07 23.1164 32.1133 129.978 0.816101 10056.9 0.0778027 0.12832 6.50861e+06 3686.39 5.73096 0.000534014 0.000580131 0.0011662 9.80781e-05 -0.0102206 5.96768e-05 0.000102054 0.386881 -0.0047091 0.000273774 0.0022615 0.00267666 0.0053852 0.000425448 0.0473776 0.00012088 0.00013985 1.17073 0.0289637 0.00112414 4.28117e+06 inf 
635 2667.07 2905.02 5842.99 489.835 -49272.7 346.436 516.546 1.8705e+06 -24741.2 1405.4 29.6297 41.2439 167.128 1.04705 12037.1 0.137074 0.178698 7.97578e+06 5025.47 7.82118 0.000643183 0.000700567 0.00140908 0.000118127 -0.0118825 8.35455e-05 0.000124569 0.451084 -0.00596651 0.000338923 0.00259456 0.00307498 0.00619021 0.000488417 0.0525512 0.000161483 0.000166063 1.31147 0.0342977 0.00133089 4.14667e+06 inf 
645 3098.48 3379.1 6800.48 568.486 -55218.9 465.077 606.814 2.10744e+06 -30101 1678.73 37.6188 52.3641 212.453 1.32484 14259.3 0.236682 0.246174 9.67268e+06 6756.88 10.5495 0.000770649 0.000840445 0.00169141 0.000141393 -0.013734 0.000115673 0.000150926 0.524158 -0.00748669 0.000417532 0.00296017 0.00350964 0.00706966 0.000556345 0.0579476 0.000213277 0.000196085 1.45981 0.0403052 0.00156509 4.02061e+06 inf 
655 3584.21 3918.3 7890.55 657.676 -61687.8 619.825 708.772 2.37013e+06 -36516.9 2000.74 47.387 66.2288 269.054 1.672 16840.3 0.402672 0.335054 1.17242e+07 9072.84 14.204 0.000920804 0.00100663 0.00202713 0.000168961 -0.0158479 0.000159237 0.000182088 0.6089 -0.0093814 0.000514003 0.00336543 0.00400016 0.00806302 0.000633246 0.0638374 0.00027945 0.000230046 1.6252 0.0473588 0.00183981 3.89248e+06 inf 
665 4168.77 4565.53 9200.17 764.529 -69329.7 822.444 824.604 2.67479e+06 -44566.3 2398.72 60.9516 85.3251 347.144 2.1443 20230.4 0.685586 0.453504 1.43438e+07 12464.5 19.5131 0.00109905 0.00120365 0.00242553 0.00020156 -0.018278 0.000216828 0.000217398 0.705178 -0.0117494 0.000632395 0.00385504 0.00458762 0.00925406 0.000724359 0.0707067 0.000365695 0.000268886 1.81227 0.0561076 0.00217818 3.79306e+06 inf 
675 4803.16 5265.4 10618.1 880.185 -77144.7 1080.21 952.573 3.00241e+06 -53676.8 2852.03 75.6651 105.901 431.494 2.65892 23508.5 1.13586 0.605693 1.72472e+07 16370.5 25.937 0.00129937 0.00142442 0.00287244 0.000238111 -0.0208695 0.000292222 0.000257694 0.812225 -0.0145209 0.000771544 0.00433369 0.00515945 0.0104153 0.000814005 0.0769681 0.000471046 0.000312167 2.00152 0.0649443 0.00253403 3.69653e+06 inf 
685 5526.91 6071.25 12252.4 1012.98 -85847.5 1408.97 1094.26 3.36721e+06 -64703.1 3392.13 94.6344 132.797 541.933 3.32725 27559.2 1.86545 0.800764 2.08447e+07 21801.8 34.8219 0.00153437 0.00168549 0.0034015 0.000281222 -0.0238329 0.000391158 0.000303788 0.9348 -0.0179628 0.000941721 0.0048906 0.00583318 0.0117848 0.000919034 0.0841603 0.000604053 0.000360583 2.21654 0.0756963 0.00296317 3.60206e+06 inf 
695 6349.76 6977.77 14093.4 1162.33 -95254.8 1827.77 1251.33 3.77266e+06 -77719.8 4030.88 118.449 166.036 678.779 4.14653 32177.8 3.04605 1.0505 2.50893e+07 29054.7 46.8591 0.0018059 0.0019845 0.00400822 0.000330571 -0.0270908 0.000519823 0.000355884 1.07296 -0.0221038 0.0011464 0.00551597 0.00657897 0.0133034 0.00103441 0.0917473 0.00077207 0.000414865 2.44627 0.0881742 0.00346593 3.51613e+06 inf 
705 7256.24 7990.66 16153.2 1328.27 -105233 2353.76 1421.35 4.21637e+06 -92855.7 4773.97 146.617 206.735 846.712 5.13523 37321.2 4.90055 1.36021 3.01386e+07 38351.5 62.576 0.0021112 0.00232487 0.00469976 0.00038646 -0.0306173 0.000684825 0.00041354 1.22675 -0.0270163 0.00138898 0.00618068 0.00739894 0.0149754 0.00115963 0.0996049 0.000978174 0.000474063 2.69516 0.10212 0.0040345 3.43703e+06 inf 
715 8310.73 9165.34 18544.8 1521.19 -116545 3015.87 1607.31 4.71972e+06 -111271 5670.62 182.296 257.031 1054.72 6.37592 43345.4 7.82065 1.74975 3.62875e+07 50803.7 83.9475 0.00247176 0.00272594 0.00551557 0.000452428 -0.0346625 0.000896975 0.000478044 1.40373 -0.033094 0.00168655 0.00693604 0.00830753 0.0168307 0.00130062 0.108121 0.00123347 0.00054026 2.9702 0.118384 0.00470352 3.36227e+06 inf 
725 9440.31 10413.7 21091.1 1726.07 -127814 3834.16 1806.24 5.25407e+06 -131780 6683.51 222.949 314.784 1294.29 7.77591 49510.5 12.2477 2.22172 4.3162e+07 65990.4 110.857 0.00285864 0.00315341 0.00638664 0.000522675 -0.0387036 0.00116103 0.000546953 1.591 -0.0399046 0.00202385 0.00770324 0.00923994 0.0187387 0.00144272 0.116166 0.00153648 0.000611233 3.24634 0.135611 0.00542889 3.30238e+06 inf 
735 10741.3 11860.5 24045.7 1963.58 -140546 4855.8 2021.29 5.8599e+06 -156606 7903.25 273.391 385.346 1587.78 9.52534 56612 19.1152 2.80301 5.16031e+07 86112 147.132 0.00331037 0.0036553 0.0074107 0.000605159 -0.0433152 0.00149652 0.000622945 1.80597 -0.0482648 0.00243572 0.00856144 0.0102664 0.0208428 0.00160294 0.124784 0.00191091 0.000689786 3.55558 0.155594 0.00627792 3.24473e+06 inf 
745 12180.7 13453 27304 2224.67 -153755 6115.7 2251.63 6.52138e+06 -185154 9320.23 334.213 470.324 1942.37 11.5972 64279.4 29.5312 3.50342 6.13579e+07 111940 194.998 0.00381536 0.00421387 0.00855241 0.00069683 -0.0481606 0.00191561 0.000705274 2.04268 -0.0579956 0.00291936 0.00949358 0.0113825 0.0231357 0.00177398 0.133472 0.0023623 0.00077457 3.87898 0.178043 0.00724957 3.19255e+06 inf 
755 13789.8 15238.3 30962.7 2516.69 -167967 7658.19 2492.14 7.24774e+06 -218547 10980.7 409.095 575.979 2384.26 14.1584 73258.5 45.1936 4.33119 7.30697e+07 145775 258.66 0.004399 0.00486106 0.00987723 0.000802833 -0.0535821 0.00244299 0.000795001 2.31206 -0.0697174 0.00350287 0.0105429 0.0126534 0.0257493 0.00196775 0.143174 0.00290667 0.000865818 4.23839 0.204064 0.00838113 3.13476e+06 inf 
765 15525.4 17172.8 34935.5 2832.42 -182389 9520.78 2745.61 8.02859e+06 -256309 12882.6 493.57 695.885 2887.92 17.0608 82002.4 68.3459 5.30201 8.64326e+07 187118 339.755 0.0050643 0.00560165 0.0113957 0.000923918 -0.0594942 0.00310562 0.000895599 2.61887 -0.0836063 0.00420223 0.0116341 0.0139862 0.0284984 0.0021706 0.152345 0.00355656 0.000963007 4.61901 0.232479 0.0096523 3.06567e+06 inf 
775 17582.4 19470.6 39660.6 3206.19 -199133 11828.9 3023.66 8.93803e+06 -302368 15207.1 605.295 856.07 3562.06 20.8658 93301.6 103.129 6.46476 1.03217e+08 244116 452.607 0.00586558 0.00649552 0.013231 0.0010696 -0.066432 0.00394618 0.00100871 2.98178 -0.100872 0.00507318 0.0129431 0.0156012 0.0318318 0.00241183 0.16344 0.00433961 0.00106733 5.05399 0.266952 0.0111917 2.99755e+06 inf 
785 19709.1 21835.4 44536.4 3591.91 -214862 14561.3 3296.66 9.8709e+06 -352407 17779.9 725.41 1025.6 4279.12 24.9726 103389 153.031 7.76454 1.21392e+08 310880 591.161 0.00670425 0.00742751 0.0151495 0.00122182 -0.0730874 0.00495317 0.00112139 3.35768 -0.119875 0.00604799 0.0142059 0.0171377 0.0350154 0.0026461 0.172705 0.00524605 0.00117629 5.47894 0.302289 0.0128262 2.9398e+06 inf 
795 22158.4 24537.4 50117.5 4033.64 -232228 17891.1 3592.51 1.09284e+07 -411561 20850.1 872.265 1228.96 5142.11 29.9138 114608 226.153 9.29938 1.4308e+08 395891 772.905 0.00769565 0.00852191 0.0174059 0.00140089 -0.0806534 0.00621363 0.00124769 3.79547 -0.142936 0.00724129 0.0156114 0.0188201 0.0385085 0.00290286 0.18248 0.00631937 0.00129343 5.94024 0.342145 0.0146968 2.87934e+06 inf 
805 24884.4 27577.2 56409 4527.26 -250818 21844.8 3880.19 1.20794e+07 -480278 24433.4 1056.24 1489.1 6249.48 36.1225 127894 331.853 11.0078 1.6931e+08 508632 1018.81 0.00881688 0.00977099 0.0199865 0.00160407 -0.0888682 0.00773991 0.0013748 4.2799 -0.170169 0.00865709 0.0172193 0.0207879 0.0426007 0.00319776 0.193435 0.00759433 0.00141779 6.45534 0.388919 0.0169125 2.82236e+06 inf 
815 27870.8 30894.5 63291.4 5065.48 -269670 26563.5 4171.71 1.33245e+07 -557851 28546.4 1272.1 1792.61 7546.89 43.3474 141562 482.41 12.9188 1.99282e+08 648252 1334.19 0.0100425 0.011132 0.0228053 0.00182521 -0.0971683 0.00957144 0.00150316 4.80113 -0.201007 0.0102859 0.0189081 0.0228473 0.046896 0.00350538 0.203878 0.00906702 0.00154773 6.98248 0.439519 0.0193633 2.77529e+06 inf 
825 31189.3 34589.4 70974.8 5663.45 -289494 32143.9 4454 1.46825e+07 -646926 33325.5 1530.73 2159.71 9122.88 51.9882 156127 696.463 15.0152 2.34546e+08 824989 1747.73 0.0114302 0.0126762 0.0260107 0.00207553 -0.106093 0.01178 0.00163229 5.38082 -0.237084 0.0122131 0.0207444 0.0251157 0.0516408 0.00383988 0.214385 0.0107921 0.00168474 7.55001 0.496116 0.0221663 2.72868e+06 inf 
835 34897.1 38701.9 79546.7 6330 -310289 38813.3 4746.75 1.61807e+07 -749110 38896 1838.63 2591.2 10983.6 62.1933 171437 998.621 17.3975 2.75309e+08 1.04593e+06 2283.11 0.0129687 0.0143827 0.0295617 0.0023524 -0.115312 0.0144241 0.00176402 6.01317 -0.278389 0.0144548 0.0226957 0.0274972 0.0566383 0.00419272 0.22453 0.0127695 0.00183129 8.1335 0.557849 0.0252888 2.69087e+06 inf 
845 38871.2 43124.6 88793.4 7043.92 -330630 46541.4 5008.92 1.77489e+07 -862669 45188.8 2200.19 3099.69 13186.6 74.1165 186978 1418.89 19.8602 3.21974e+08 1.31843e+06 2967.91 0.0146871 0.0162942 0.0335498 0.00266148 -0.124926 0.0175852 0.00189257 6.70627 -0.325952 0.0170742 0.0248115 0.0300947 0.0621036 0.00457392 0.234609 0.0150623 0.00198045 8.75677 0.626028 0.0288075 2.64662e+06 inf 
855 43326.5 48029.7 99073.8 7837.88 -352041 55596.9 5271.25 1.9462e+07 -992374 52477.9 2631.18 3691.35 15761.9 88.1018 203181 2000.62 22.5703 3.75384e+08 1.65557e+06 3846.63 0.0166601 0.0184685 0.0380961 0.00301385 -0.135368 0.0213783 0.00202692 7.48359 -0.381591 0.0201789 0.027096 0.0328378 0.0678934 0.00497935 0.244547 0.0176707 0.00213785 9.39893 0.70071 0.0327403 2.60062e+06 inf 
865 48211 53448.7 110462 8711.87 -374009 66173.8 5510.23 2.13112e+07 -1.13861e+06 60834.3 3139.53 4395.76 18842.1 104.72 220208 2801.04 25.4334 4.37435e+08 2.07381e+06 4975.62 0.0188434 0.0208906 0.0431743 0.00340506 -0.146183 0.0258642 0.00215369 8.32956 -0.445031 0.0237773 0.02953 0.0358006 0.0741653 0.00541624 0.254361 0.0206358 0.00230268 10.0793 0.782625 0.03714 2.5585e+06 inf 
875 53881.3 59752.8 123736 9722.17 -398669 78622.8 5732.17 2.33824e+07 -1.31072e+06 70755.2 3792.71 5309.2 22850.7 125.901 240963 3914.98 28.4636 5.1281e+08 2.62566e+06 6503.55 0.0213818 0.0237117 0.0491025 0.00385806 -0.158204 0.0312 0.0022747 9.27886 -0.520135 0.0280779 0.032371 0.0393015 0.0815892 0.00592256 0.265693 0.0240862 0.00247406 10.8352 0.878294 0.0423373 2.51996e+06 inf 
885 59899.9 66423.5 137835 10788.7 -421920 92889.7 5911.56 2.55357e+07 -1.4976e+06 81805.8 4529.17 6333.41 27374.5 149.422 259657 5415.3 31.5177 5.95428e+08 3.27295e+06 8392.88 0.0241536 0.0267841 0.0555796 0.00435035 -0.170132 0.0374561 0.00238373 10.2968 -0.603883 0.0329868 0.035255 0.0428538 0.0891582 0.00642855 0.27524 0.0279403 0.00265081 11.5789 0.977285 0.0479182 2.47996e+06 inf 
895 66640.3 73896.8 153673 11980.8 -446440 109381 6056.43 2.78666e+07 -1.71046e+06 94573.9 5431.62 7584.99 32927.8 178.191 280766 7450.25 34.6985 6.91783e+08 4.09205e+06 10858.4 0.0273377 0.0303145 0.063041 0.00491484 -0.183142 0.044871 0.00248452 11.4317 -0.70168 0.0387968 0.0384818 0.0468252 0.0976408 0.00699593 0.285722 0.0322938 0.00283927 12.3736 1.08918 0.0543067 2.43767e+06 inf 
905 74300.9 82404.3 171745 13331.6 -473297 128340 6149.68 3.04214e+07 -1.95495e+06 109412 6550.73 9151.35 39908 213.542 304995 10185.8 37.9044 8.04972e+08 5.12957e+06 14086.3 0.0309688 0.0343463 0.0715838 0.00555664 -0.197271 0.0534923 0.0025632 12.6797 -0.814828 0.0456031 0.0420867 0.0513287 0.107282 0.00762421 0.296996 0.0372025 0.00303787 13.2189 1.21411 0.0615757 2.39922e+06 inf 
915 82529.7 91505 191155 14773.4 -498846 149925 6192.69 3.30759e+07 -2.22236e+06 126043 7839.77 10919.8 47844.4 253.735 327213 13825.1 41.1309 9.30129e+08 6.36426e+06 18115.9 0.0350433 0.0388544 0.0811671 0.00627302 -0.211818 0.0636605 0.00262951 14.0445 -0.943648 0.0535199 0.045835 0.0559201 0.117164 0.00826975 0.306713 0.0426344 0.00324815 14.0605 1.34606 0.0694832 2.35508e+06 inf 
925 91824.4 101793 213160 16395.4 -525998 174810 6145.49 3.59621e+07 -2.52699e+06 145296 9432.56 13111.3 57730.1 302.946 352122 18704.2 44.3663 1.07601e+09 7.91955e+06 23379.4 0.0396389 0.0439421 0.0920173 0.0070776 -0.227063 0.0754622 0.00265289 15.5242 -1.09085 0.0627217 0.0500062 0.0610653 0.128272 0.00898241 0.316933 0.0487821 0.00348056 14.9497 1.4929 0.0784756 2.31652e+06 inf 
935 102269 113394 238043 18210.3 -555050 203130 6003.37 3.90823e+07 -2.87116e+06 167384 11386.6 15803.7 69935.7 362.571 380106 25128.4 47.5553 1.24453e+09 9.85331e+06 30161 0.0448023 0.0496761 0.104282 0.00797762 -0.243157 0.0889877 0.00262997 17.1212 -1.25781 0.073328 0.0545987 0.0667505 0.14058 0.00975672 0.327707 0.0555835 0.00373047 15.8767 1.65363 0.0885212 2.28268e+06 inf 
945 113539 125818 264799 20151.7 -582929 235092 5747.6 4.23027e+07 -3.24604e+06 192015 13655 18888 84015.8 431.04 406689 33487.6 50.9153 1.42884e+09 1.21497e+07 38582.8 0.0504109 0.0558622 0.117569 0.00894724 -0.258817 0.10438 0.0025519 18.7822 -1.44122 0.0852535 0.059342 0.0725642 0.153232 0.0105511 0.337018 0.0630334 0.00401172 16.7818 1.82134 0.0993096 2.25228e+06 inf 
955 126319 139960 295344 22344.7 -613091 271744 5365.61 4.58239e+07 -3.67198e+06 220461 16442.7 22688.2 101460 514.384 436268 44472.1 54.5768 1.64263e+09 1.50038e+07 49451.8 0.0566984 0.0628213 0.132565 0.0100294 -0.275186 0.121972 0.00240836 20.5681 -1.64817 0.0989542 0.0645415 0.0789753 0.167234 0.0114145 0.346543 0.0713029 0.00432396 17.7271 2.0045 0.111376 2.22791e+06 inf 
965 140487 155667 329388 24758.2 -644058 312629 4815.72 4.95117e+07 -4.14559e+06 252661 19885.2 27390.2 123169 615.766 469379 58710.6 58.4201 1.88626e+09 1.85452e+07 63453.7 0.0639191 0.0708254 0.149866 0.0112645 -0.293034 0.14224 0.00219106 22.5269 -1.88617 0.114956 0.0704396 0.0862891 0.183249 0.0123804 0.357337 0.0804979 0.00466683 18.7284 2.2091 0.125121 2.19789e+06 inf 
975 156046 172789 366659 27381.3 -674678 358477 4124.2 5.33427e+07 -4.66692e+06 288865 23981.8 32933.3 148959 734.388 501910 77040.3 63.1995 2.15391e+09 2.28031e+07 81055.9 0.0719452 0.0796645 0.169049 0.0126242 -0.311061 0.165276 0.00190147 24.5938 -2.15169 0.133182 0.0766861 0.0940081 0.20025 0.0133873 0.366943 0.0905721 0.005052 19.7031 2.42562 0.14012 2.16895e+06 inf 
985 174008 192626 409931 30404.7 -709946 411314 3247.87 5.76469e+07 -5.26679e+06 331021 28989.1 39670.4 180457 878.739 539619 100732 69.4561 2.46555e+09 2.80395e+07 103383 0.0809655 0.0896287 0.19074 0.0141472 -0.330337 0.191384 0.00151123 26.823 -2.45063 0.154023 0.0832657 0.102104 0.218139 0.0144475 0.376778 0.101206 0.00548033 20.6819 2.65352 0.156144 2.14916e+06 inf 
995 193568 214279 457391 33658.1 -743826 469139 2113.32 6.20016e+07 -5.91896e+06 377930 35160.7 47981.4 219605 1053.01 579161 131023 77.5909 2.81245e+09 3.4483e+07 132078 0.0913254 0.101097 0.215797 0.0158799 -0.350938 0.22134 0.000997067 29.2524 -2.79257 0.178308 0.0908213 0.111432 0.238833 0.015641 0.387416 0.113248 0.00596769 21.7074 2.91044 0.174702 2.11954e+06 inf 
1005 215406 238462 510592 37267.1 -779434 533776 736.126 6.66075e+07 -6.64598e+06 431131 42612.2 58022.3 267228 1260.99 621045 169530 88.8523 3.2008e+09 4.22822e+07 168224 0.102975 0.113998 0.24409 0.0178156 -0.37261 0.255173 0.000351907 31.8419 -3.17713 0.206103 0.098828 0.121418 0.261092 0.0168945 0.397559 0.126219 0.00650786 22.721 3.18103 0.194786 2.09182e+06 inf 
1015 239403 264950 569098 41184.2 -815367 604819 -917.31 7.13615e+07 -7.43764e+06 490227 51619.7 70046.2 324646 1507.02 666020 217541 104.758 3.62742e+09 5.16212e+07 213155 0.115965 0.12834 0.275668 0.0199494 -0.394959 0.292971 -0.000444339 34.567 -3.60275 0.237463 0.1075 0.132131 0.285068 0.0182213 0.408195 0.139798 0.00710962 23.7112 3.46774 0.216477 2.06444e+06 inf 
1025 266209 294617 634894 45522.1 -852543 683985 -2908.34 7.63543e+07 -8.31671e+06 557163 62651.5 84792.2 395575 1804.24 714296 278342 127.866 4.10563e+09 6.30201e+07 270285 0.130563 0.144496 0.311387 0.0223265 -0.418134 0.335464 -0.00142641 37.4483 -4.07897 0.273263 0.116965 0.143901 0.311529 0.0196576 0.41892 0.15485 0.0077896 24.7234 3.77764 0.240603 2.03892e+06 inf 
1035 296118 327722 708624 50307.2 -890814 771801 -5285.94 8.15722e+07 -9.28816e+06 632561 76159.4 102884 483258 2160.85 765814 354612 160.566 4.63531e+09 7.68216e+07 342261 0.146975 0.162661 0.351717 0.0249693 -0.442145 0.383074 -0.00262361 40.4874 -4.61007 0.313964 0.127276 0.156866 0.340815 0.0211906 0.429663 0.17106 0.00853297 25.7187 4.10813 0.267027 2.01476e+06 inf 
1045 329728 364876 791656 55624.7 -932008 869288 -8057.14 8.71408e+07 -1.0366e+07 717655 92639.1 124687 589664 2587.3 822714 449265 206.384 5.22556e+09 9.34642e+07 432238 0.165332 0.182956 0.396951 0.0278913 -0.467327 0.435878 -0.00404001 43.6941 -5.19772 0.359846 0.138262 0.170433 0.371616 0.0227902 0.440602 0.187831 0.00933613 26.665 4.45516 0.29537 1.99434e+06 inf 
1055 366747 405807 883585 61395.3 -972596 975725 -11260.1 9.27888e+07 -1.15398e+07 812373 112690 151159 719936 3092.99 880907 566532 270.698 5.8665e+09 1.1336e+08 544428 0.186028 0.205841 0.448188 0.031142 -0.493338 0.494924 -0.00571155 47.066 -5.85344 0.412066 0.150181 0.185211 0.405347 0.0244756 0.451052 0.205952 0.0102316 27.5772 4.82057 0.326123 1.97146e+06 inf 
1065 407748 451051 985649 67684.3 -1.01405e+06 1.09294e+06 -14989.4 9.86404e+07 -1.28181e+07 917836 137003 183094 878342 3691.92 943341 710534 359.261 6.56482e+09 1.37086e+08 683730 0.208716 0.230881 0.504528 0.0346458 -0.519064 0.559448 -0.0076727 50.4914 -6.56127 0.469816 0.162991 0.201035 0.441646 0.0262577 0.462 0.225215 0.0111815 28.4776 5.20774 0.359522 1.95361e+06 inf 
1075 452984 501056 1.09898e+06 74524.9 -1.0562e+06 1.21962e+06 -19251.1 1.04589e+08 -1.42102e+07 1.03501e+06 166709 221972 1.07273e+06 4404.97 1.00996e+06 886529 480.89 7.32548e+09 1.65485e+08 857117 0.234451 0.259332 0.568801 0.0385718 -0.546656 0.631239 -0.00996377 54.1319 -7.35477 0.535689 0.176965 0.21825 0.481331 0.0281441 0.473175 0.245718 0.0122318 29.346 5.61758 0.395796 1.93211e+06 inf 
1085 503597 557244 1.22688e+06 82042.9 -1.09953e+06 1.36009e+06 -24208.4 1.10843e+08 -1.57357e+07 1.16632e+06 203045 269700 1.31333e+06 5252.27 1.08088e+06 1.10247e+06 646.333 8.15688e+09 1.99379e+08 1.07286e+06 0.262837 0.290836 0.640329 0.0428197 -0.573864 0.709855 -0.0126348 57.8509 -8.21274 0.608723 0.192067 0.237014 0.524812 0.0301285 0.484573 0.267404 0.0133302 30.1745 6.05067 0.435206 1.91601e+06 inf 
1095 559240 618766 1.36763e+06 90133.6 -1.14293e+06 1.51108e+06 -29697.7 1.17113e+08 -1.73812e+07 1.31115e+06 247097 327131 1.60536e+06 6246.61 1.15483e+06 1.36286e+06 864.813 9.04354e+09 2.39363e+08 1.33825e+06 0.294724 0.326095 0.720751 0.0475012 -0.602337 0.79635 -0.015651 61.7198 -9.16003 0.690986 0.20823 0.257027 0.571453 0.0321816 0.49578 0.289939 0.0145194 30.9304 6.49924 0.477292 1.8975e+06 inf 
1105 622497 689145 1.52925e+06 99167.9 -1.19007e+06 1.67903e+06 -36081.4 1.23833e+08 -1.92119e+07 1.47536e+06 301657 398631 1.97176e+06 7441.55 1.23722e+06 1.68185e+06 1161.2 1.00283e+10 2.87462e+08 1.67001e+06 0.330414 0.365789 0.811707 0.0526371 -0.631674 0.891208 -0.0191516 65.7291 -10.1974 0.7831 0.225704 0.278902 0.622669 0.0343397 0.50763 0.313772 0.0157978 31.6637 6.97092 0.522663 1.88399e+06 inf 
1115 691701 765994 1.70669e+06 108817 -1.23596e+06 1.85935e+06 -43165.3 1.30533e+08 -2.11682e+07 1.6552e+06 367519 484337 2.41514e+06 8830.72 1.32077e+06 2.06275e+06 1544.58 1.10614e+10 3.43668e+08 2.07476e+06 0.369923 0.409655 0.912743 0.0581953 -0.660994 0.994386 -0.0230849 69.8095 -11.3208 0.885201 0.24435 0.302005 0.677143 0.0365512 0.519075 0.33817 0.0171211 32.2844 7.4588 0.570967 1.86985e+06 inf 
1125 766256 848684 1.89879e+06 118909 -1.27886e+06 2.04863e+06 -50943.4 1.3694e+08 -2.32174e+07 1.84891e+06 446547 586739 2.94991e+06 10428.6 1.4051e+06 2.5116e+06 2036.06 1.21257e+10 4.08613e+08 2.56377e+06 0.413936 0.458465 1.02574 0.0642352 -0.690848 1.10668 -0.0275199 73.9757 -12.5422 0.99879 0.264356 0.326757 0.735816 0.0388259 0.530825 0.363376 0.018508 32.8326 7.96426 0.622402 1.85114e+06 inf 
1135 852855 944834 2.12282e+06 130423 -1.32875e+06 2.26409e+06 -59916.8 1.44162e+08 -2.55477e+07 2.07235e+06 544916 713775 3.61865e+06 12345.1 1.50055e+06 3.05931e+06 2678.73 1.33151e+10 4.86598e+08 3.17302e+06 0.462636 0.512531 1.15154 0.0707489 -0.720786 1.22817 -0.0325022 78.2015 -13.8585 1.12416 0.285589 0.352851 0.798072 0.0411251 0.542631 0.388765 0.0199172 33.277 8.47942 0.67638 1.84347e+06 inf 
1145 944718 1.04708e+06 2.36274e+06 142217 -1.37253e+06 2.48653e+06 -69638.5 1.50791e+08 -2.79368e+07 2.30928e+06 662280 865462 4.4255e+06 14524.2 1.59279e+06 3.69646e+06 3489.8 1.45064e+10 5.75582e+08 3.90321e+06 0.516481 0.572442 1.29172 0.0777508 -0.750365 1.3594 -0.0380716 82.4378 -15.2732 1.26249 0.308736 0.381395 0.866549 0.0435343 0.554741 0.415822 0.0214112 33.6852 9.02235 0.734856 1.82914e+06 inf 
1155 1.04852e+06 1.16283e+06 2.63548e+06 155218 -1.41965e+06 2.73054e+06 -80491.6 1.57794e+08 -3.05682e+07 2.5752e+06 806145 1.05113e+06 5.42192e+06 17084.6 1.6917e+06 4.4563e+06 4519.57 1.57865e+10 6.80342e+08 4.79809e+06 0.576586 0.639445 1.44927 0.0853556 -0.780676 1.50154 -0.0442628 86.7721 -16.8096 1.41612 0.332945 0.411258 0.938709 0.0459279 0.56641 0.442628 0.0229378 33.9369 9.56876 0.795678 1.81849e+06 inf 
1165 1.16074e+06 1.28834e+06 2.93301e+06 168778 -1.46343e+06 2.98813e+06 -92339.8 1.64545e+08 -3.33129e+07 2.86104e+06 977812 1.27313e+06 6.62524e+06 19978.4 1.78986e+06 5.33775e+06 5799.19 1.708e+10 7.99167e+08 5.86232e+06 0.64215 0.71274 1.62261 0.0933721 -0.809604 1.6531 -0.0510844 91.0298 -18.4294 1.58279 0.358595 0.443085 1.01606 0.0483131 0.578563 0.469278 0.0244668 34.0969 10.1229 0.859034 1.80759e+06 inf 
1175 1.28433e+06 1.42639e+06 3.26217e+06 183129 -1.50649e+06 3.25959e+06 -105200 1.71073e+08 -3.62281e+07 3.17261e+06 1.18685e+06 1.54168e+06 8.096e+06 23303.3 1.88946e+06 6.36556e+06 7388.29 1.84012e+10 9.36453e+08 7.1487e+06 0.716 0.795197 1.81863 0.102093 -0.839857 1.81719 -0.0586481 95.3716 -20.1968 1.7687 0.386007 0.476585 1.09819 0.0506797 0.589913 0.496542 0.0260635 34.0994 10.6842 0.925754 1.79375e+06 inf 
1185 1.42533e+06 1.58388e+06 3.63916e+06 199075 -1.55473e+06 3.5626e+06 -119654 1.78205e+08 -3.94705e+07 3.52496e+06 1.44316e+06 1.86993e+06 9.90973e+06 27178.5 1.99962e+06 7.58387e+06 9363.98 1.98186e+10 1.09732e+09 8.71433e+06 0.796755 0.885382 2.03427 0.111282 -0.869088 1.99148 -0.0668861 99.6156 -22.0638 1.97044 0.41461 0.511252 1.18374 0.0529996 0.602048 0.522849 0.0275801 33.9889 11.2509 0.994307 1.78892e+06 inf 
1195 1.57319e+06 1.75016e+06 4.04009e+06 214955 -1.59381e+06 3.87031e+06 -134911 1.84485e+08 -4.27065e+07 3.89083e+06 1.74266e+06 2.25579e+06 1.20659e+07 31400 2.09837e+06 8.95366e+06 11734 2.11583e+10 1.27337e+09 1.05262e+07 0.88405 0.983497 2.27032 0.120794 -0.895636 2.17491 -0.0758131 103.671 -23.9988 2.18644 0.444681 0.548062 1.27517 0.0552635 0.61401 0.548856 0.0290912 33.7974 11.8163 1.06519 1.77952e+06 inf 
1205 1.73852e+06 1.93672e+06 4.49226e+06 231972 -1.63522e+06 4.19972e+06 -151510 1.90742e+08 -4.61927e+07 4.29513e+06 2.11043e+06 2.73188e+06 1.4752e+07 36250 2.20613e+06 1.05466e+07 14628.3 2.25365e+10 1.47703e+09 1.27224e+07 0.981704 1.09362 2.53667 0.130989 -0.923373 2.37148 -0.0855541 107.708 -26.0839 2.42536 0.47746 0.588745 1.37674 0.0575441 0.627002 0.575764 0.0306721 33.5388 12.3964 1.14089 1.77092e+06 inf 
1215 1.92483e+06 2.14632e+06 5.00279e+06 250367 -1.67788e+06 4.56052e+06 -169884 1.97229e+08 -4.99839e+07 4.74415e+06 2.55815e+06 3.3061e+06 1.80255e+07 41751.6 2.31584e+06 1.24019e+07 18145.6 2.39398e+10 1.71077e+09 1.53494e+07 1.08857 1.21383 2.82929 0.141593 -0.948911 2.57916 -0.0960762 111.541 -28.268 2.68301 0.511624 0.62956 1.47963 0.0596965 0.639744 0.601409 0.0321158 33.1295 12.9782 1.21745 1.76822e+06 inf 
1225 2.12023e+06 2.36769e+06 5.54597e+06 268477 -1.71194e+06 4.92426e+06 -188963 2.02808e+08 -5.37414e+07 5.20799e+06 3.07911e+06 3.97866e+06 2.19044e+07 47612.9 2.41383e+06 1.44528e+07 22247.2 2.52179e+10 1.96222e+09 1.83491e+07 1.20345 1.3439 3.14789 0.152388 -0.971699 2.79501 -0.107255 115.114 -30.5036 2.95606 0.547195 0.672473 1.58862 0.0616691 0.652602 0.625562 0.0335237 32.5967 13.5383 1.29487 1.7618e+06 inf 
1235 2.34036e+06 2.61793e+06 6.16279e+06 288005 -1.74994e+06 5.3179e+06 -209717 2.08572e+08 -5.78269e+07 5.72334e+06 3.7115e+06 4.79753e+06 2.66745e+07 54209.8 2.51636e+06 1.68169e+07 27143.5 2.65189e+10 2.24828e+09 2.19256e+07 1.33065 1.48847 3.50396 0.16375 -0.994957 3.02358 -0.119238 118.587 -32.8785 3.2541 0.58275 0.715672 1.69956 0.0633072 0.663911 0.647689 0.0348593 31.8566 14.0465 1.37002 1.75881e+06 inf 
1245 2.5759e+06 2.88486e+06 6.82564e+06 307451 -1.7803e+06 5.72276e+06 -231455 2.13511e+08 -6.19492e+07 6.26398e+06 4.45734e+06 5.75707e+06 3.23302e+07 61251.9 2.61036e+06 1.94462e+07 32804.9 2.76743e+10 2.55939e+09 2.60362e+07 1.46792 1.64398 3.88971 0.175206 -1.01453 3.26121 -0.131899 121.673 -35.3027 3.56963 0.620729 0.760312 1.81496 0.0648719 0.676964 0.668012 0.0360169 31.0876 14.568 1.44737 1.7548e+06 inf 
1255 2.83511e+06 3.1822e+06 7.56793e+06 327508 -1.81047e+06 6.14855e+06 -254624 2.18203e+08 -6.62429e+07 6.848e+06 5.35277e+06 6.9261e+06 3.92924e+07 68904.5 2.70602e+06 2.24027e+07 39420.1 2.8771e+10 2.90233e+09 3.08475e+07 1.61787 1.81594 4.31868 0.186894 -1.03315 3.5087 -0.145302 124.518 -37.8018 3.90785 0.661126 0.809184 1.94202 0.0662675 0.690508 0.687887 0.0371818 30.2235 15.0748 1.5271 1.75237e+06 inf 
1265 3.11715e+06 3.50504e+06 8.37895e+06 347798 -1.83781e+06 6.59274e+06 -278935 2.22415e+08 -7.06625e+07 7.46983e+06 6.40968e+06 8.29742e+06 4.75547e+07 76986.9 2.79551e+06 2.56831e+07 46965 2.97394e+10 3.27304e+09 3.63522e+07 1.7797 2.00116 4.78385 0.198571 -1.04927 3.76404 -0.159254 126.985 -40.3438 4.2648 0.70157 0.855964 2.06531 0.0672635 0.703621 0.703894 0.0381076 29.2265 15.5266 1.60196 1.75151e+06 inf 
1275 3.42623e+06 3.86159e+06 9.27979e+06 368520 -1.86182e+06 7.06403e+06 -304858 2.26382e+08 -7.5248e+07 8.13785e+06 7.65676e+06 9.93064e+06 5.75061e+07 85516.1 2.87634e+06 2.93428e+07 55620.6 3.06008e+10 3.67375e+09 4.26631e+07 1.95264 2.20075 5.28863 0.210023 -1.06107 4.02585 -0.173741 129.017 -42.8845 4.63783 0.742201 0.903462 2.19171 0.0680208 0.716514 0.717789 0.0388931 28.1821 15.957 1.67469 1.75467e+06 inf 
1285 3.75695e+06 4.24397e+06 1.02529e+07 388560 -1.88093e+06 7.53977e+06 -331264 2.29335e+08 -7.98182e+07 8.83441e+06 9.12249e+06 1.18535e+07 6.9363e+07 94244.6 2.9523e+06 3.33218e+07 65266.4 3.125e+10 4.09931e+09 4.98163e+07 2.14054 2.41801 5.84163 0.221383 -1.07167 4.29581 -0.188739 130.664 -45.4767 5.03343 0.784649 0.952248 2.32275 0.0684523 0.73049 0.72885 0.0395393 27.0488 16.3543 1.74571 1.75515e+06 inf 
1295 4.11368e+06 4.65956e+06 1.13173e+07 408019 -1.89555e+06 8.028e+06 -358487 2.31592e+08 -8.44122e+07 9.56479e+06 1.08378e+07 1.41239e+07 8.35259e+07 103026 3.01998e+06 3.76378e+07 75959.8 3.17059e+10 4.54729e+09 5.78544e+07 2.34141 2.65212 6.44156 0.232235 -1.0789 4.56935 -0.204043 131.817 -48.0455 5.44406 0.828501 1.00264 2.45915 0.0686069 0.744899 0.737301 0.0400147 25.8966 16.7286 1.81429 1.75692e+06 inf 
1305 4.50681e+06 5.12007e+06 1.25031e+07 427629 -1.90884e+06 8.54706e+06 -387284 2.33632e+08 -8.92038e+07 1.03501e+07 1.28584e+07 1.6812e+07 1.00488e+08 111923 3.08122e+06 4.23931e+07 87907.2 3.20245e+10 5.02423e+09 6.69498e+07 2.55552 2.90326 7.08971 0.24248 -1.08238 4.84648 -0.219603 132.478 -50.5817 5.86889 0.87205 1.05076 2.59158 0.0683183 0.758692 0.741619 0.0402599 24.6712 17.0413 1.8759 1.76356e+06 inf 
1315 4.93141e+06 5.61958e+06 1.37978e+07 446410 -1.91914e+06 9.07904e+06 -416675 2.34893e+08 -9.40499e+07 1.11735e+07 1.52103e+07 1.99643e+07 1.20619e+08 120603 3.13782e+06 4.75048e+07 100885 3.21184e+10 5.5238e+09 7.70773e+07 2.78358 3.17203 7.78834 0.251981 -1.08328 5.12476 -0.235197 132.588 -53.0875 6.30698 0.915037 1.09877 2.72513 0.0676867 0.773096 0.742558 0.0403465 23.4519 17.3114 1.9311 1.7716e+06 inf 
1325 5.38133e+06 6.15265e+06 1.51899e+07 463318 -1.92149e+06 9.61195e+06 -446100 2.3506e+08 -9.87311e+07 1.20148e+07 1.79096e+07 2.36099e+07 1.44197e+08 128572 3.18022e+06 5.28968e+07 114712 3.19343e+10 6.02553e+09 8.81134e+07 3.02418 3.45764 8.53634 0.260373 -1.07983 5.40169 -0.250697 132.098 -55.4845 6.75205 0.958696 1.14581 2.85768 0.0667857 0.788145 0.740597 0.0402036 22.2785 17.5405 1.98177 1.77944e+06 inf 
1335 5.85692e+06 6.72039e+06 1.66831e+07 478191 -1.92015e+06 1.01372e+07 -474933 2.34095e+08 -1.03241e+08 1.2871e+07 2.09966e+07 2.78166e+07 1.71748e+08 135683 3.21509e+06 5.85049e+07 129141 3.14808e+10 6.52643e+09 1.00054e+08 3.27956 3.76305 9.34165 0.267761 -1.07518 5.67626 -0.265937 131.08 -57.8094 7.20707 1.00071 1.18964 2.98378 0.0654155 0.802661 0.734606 0.0398733 21.1073 17.6781 2.02065 1.78589e+06 inf 
1345 6.38421e+06 7.35559e+06 1.83619e+07 492651 -1.91731e+06 1.0704e+07 -505382 2.33058e+08 -1.07908e+08 1.37917e+07 2.4584e+07 3.27715e+07 2.04574e+08 142085 3.24071e+06 6.45733e+07 144621 3.08826e+10 7.03146e+09 1.13192e+08 3.54539 4.08483 10.197 0.273588 -1.06475 5.94436 -0.280657 129.426 -59.9253 7.65904 1.04049 1.23018 3.10291 0.0636795 0.816084 0.724286 0.0393037 19.9797 17.714 2.04914 1.80071e+06 inf 
1355 6.94213e+06 8.03163e+06 2.01617e+07 504345 -1.91005e+06 1.12609e+07 -534781 2.30807e+08 -1.1227e+08 1.47207e+07 2.86814e+07 3.84783e+07 2.42861e+08 147097 3.26313e+06 7.07944e+07 160290 3.0008e+10 7.51477e+09 1.27206e+08 3.82521 4.42554 11.1094 0.277902 -1.05247 6.20493 -0.294672 127.178 -61.8623 8.11132 1.08242 1.27149 3.22521 0.0618341 0.830869 0.71248 0.0386035 18.991 17.7146 2.07338 1.81483e+06 inf 
1365 7.52897e+06 8.75237e+06 2.20943e+07 513189 -1.8966e+06 1.18096e+07 -562960 2.27542e+08 -1.16279e+08 1.56537e+07 3.32801e+07 4.50012e+07 2.87193e+08 150487 3.27073e+06 7.71336e+07 175871 2.89028e+10 7.95797e+09 1.41888e+08 4.11573 4.7845 12.0779 0.280536 -1.03678 6.45577 -0.307743 124.386 -63.5642 8.55714 1.11957 1.3071 3.33444 0.0596982 0.844415 0.698793 0.0378714 18.1063 17.6021 2.08292 1.82932e+06 inf 
1375 8.16974e+06 9.54686e+06 2.4236e+07 520101 -1.88149e+06 1.23813e+07 -591184 2.23836e+08 -1.20158e+08 1.66281e+07 3.85595e+07 5.25937e+07 3.39401e+08 152350 3.27626e+06 8.37465e+07 191506 2.76457e+10 8.36665e+09 1.57516e+08 4.41711 5.16167 13.1036 0.281201 -1.01726 6.69417 -0.319633 121.021 -64.9654 8.99026 1.15628 1.33898 3.43497 0.0574149 0.858228 0.683424 0.037082 17.3521 17.4088 2.08293 1.84957e+06 inf 
1385 8.82181e+06 1.03644e+07 2.64597e+07 522395 -1.85657e+06 1.29099e+07 -616040 2.18599e+08 -1.23313e+08 1.75526e+07 4.43244e+07 6.10181e+07 3.98168e+08 151843 3.25963e+06 9.0113e+07 205769 2.61209e+10 8.6922e+09 1.73036e+08 4.72582 5.55218 14.1744 0.279846 -0.994562 6.91578 -0.330011 117.103 -66.0585 9.40291 1.18788 1.36404 3.51914 0.0550327 0.870071 0.66734 0.0363699 16.7277 17.1076 2.06888 1.86672e+06 inf 
1395 9.54007e+06 1.12755e+07 2.89475e+07 523055 -1.8354e+06 1.34699e+07 -640960 2.13268e+08 -1.26441e+08 1.85266e+07 5.08826e+07 7.08042e+07 4.67179e+08 149807 3.25289e+06 9.66562e+07 219474 2.45304e+10 8.97601e+09 1.89241e+08 5.03975 5.95653 15.2921 0.276315 -0.96959 7.11577 -0.338601 112.663 -66.795 9.78707 1.21687 1.38692 3.59833 0.0528073 0.882216 0.653085 0.0359352 16.2991 16.7392 2.04542 1.89297e+06 inf 
1405 1.02793e+07 1.22296e+07 3.15736e+07 519347 -1.80464e+06 1.40011e+07 -662950 2.06763e+08 -1.28878e+08 1.9456e+07 5.79979e+07 8.16992e+07 5.45092e+08 145440 3.22731e+06 1.02912e+08 231429 2.27616e+10 9.16083e+09 2.04944e+08 5.35482 6.37079 16.4477 0.270544 -0.940093 7.29362 -0.345351 107.709 -67.1365 10.1352 1.24051 1.40452 3.6645 0.0506971 0.89299 0.642837 0.0359311 15.9997 16.2745 2.00975 1.91964e+06 inf 
1415 1.10668e+07 1.32608e+07 3.44289e+07 512299 -1.77231e+06 1.45288e+07 -683026 1.99576e+08 -1.30897e+08 2.03751e+07 6.58243e+07 9.39695e+07 6.33983e+08 139088 3.19501e+06 1.08919e+08 241546 2.08904e+10 9.25798e+09 2.20159e+08 5.66893 6.79278 17.6361 0.262423 -0.907861 7.44235 -0.349877 102.232 -67.0515 10.437 1.25756 1.41194 3.70465 0.0487976 0.901344 0.636121 0.0362921 15.7996 15.6992 1.96055 1.95219e+06 inf 
1425 1.18692e+07 1.43261e+07 3.74039e+07 500283 -1.73464e+06 1.5006e+07 -698737 1.91156e+08 -1.32066e+08 2.12092e+07 7.41526e+07 1.07343e+08 7.32312e+08 130492 3.15469e+06 1.1422e+08 248659 1.88915e+10 9.23512e+09 2.33765e+08 5.97787 7.21525 18.8383 0.251965 -0.873643 7.55769 -0.351915 96.2747 -66.5143 10.6819 1.26949 1.41516 3.73428 0.0472774 0.908619 0.638539 0.0373063 15.6779 15.0689 1.90553 1.98553e+06 inf 
1435 1.27146e+07 1.54754e+07 4.06309e+07 485319 -1.69229e+06 1.54831e+07 -712414 1.82412e+08 -1.32747e+08 2.20144e+07 8.30337e+07 1.22172e+08 8.42789e+08 120494 3.10525e+06 1.19108e+08 253431 1.69073e+10 9.11027e+09 2.45943e+08 6.27166 7.63346 20.0418 0.239391 -0.834746 7.63726 -0.351409 89.9773 -65.4795 10.8589 1.27431 1.41184 3.74751 0.0461259 0.913734 0.651323 0.038989 15.6156 14.36 1.84361 2.02731e+06 inf 
1445 1.35744e+07 1.66746e+07 4.40241e+07 465778 -1.64421e+06 1.59101e+07 -721433 1.72703e+08 -1.32495e+08 2.27187e+07 9.22798e+07 1.38282e+08 9.64564e+08 108968 3.045e+06 1.23112e+08 254726 1.48963e+10 8.85456e+09 2.55675e+08 6.55115 8.04728 21.2464 0.224788 -0.793511 7.67834 -0.34817 83.3479 -63.9433 10.9643 1.2718 1.40611 3.75448 0.0453755 0.916451 0.676706 0.0413584 15.5639 13.5845 1.78216 2.07207e+06 inf 
1455 1.44657e+07 1.79484e+07 4.76509e+07 442914 -1.59117e+06 1.63131e+07 -726863 1.62561e+08 -1.31527e+08 2.33416e+07 1.01831e+08 1.5571e+08 1.09821e+09 96572.2 2.9751e+06 1.26286e+08 252715 1.29397e+10 8.48696e+09 2.62658e+08 6.80603 8.4446 22.4194 0.208388 -0.748633 7.6752 -0.341984 76.484 -61.8825 10.9821 1.26042 1.39613 3.75107 0.0448445 0.91614 0.712666 0.0441289 15.4351 12.7912 1.72422 2.12543e+06 inf 
1465 1.53504e+07 1.92492e+07 5.13849e+07 415973 -1.53127e+06 1.66491e+07 -726662 1.5166e+08 -1.29505e+08 2.38131e+07 1.11299e+08 1.73938e+08 1.24027e+09 83582.5 2.89095e+06 1.2825e+08 246792 1.10454e+10 7.99606e+09 2.65919e+08 7.03192 8.81798 23.5392 0.190555 -0.701469 7.62688 -0.332881 69.4748 -59.3255 10.9087 1.23993 1.3869 3.75071 0.0444689 0.912289 0.762637 0.0473774 15.2672 11.9767 1.67839 2.18295e+06 inf 
1475 1.62478e+07 2.06119e+07 5.5321e+07 386072 -1.46615e+06 1.69398e+07 -721760 1.40426e+08 -1.26585e+08 2.41478e+07 1.20581e+08 1.93027e+08 1.39138e+09 70601.9 2.79345e+06 1.29024e+08 237265 9.26929e+09 7.4014e+09 2.65192e+08 7.21937 9.15848 24.5807 0.171543 -0.651454 7.52687 -0.320699 62.3952 -56.2453 10.7296 1.20764 1.37468 3.74407 0.0440853 0.90378 0.821814 0.0507545 15.0152 11.1861 1.64588 2.25058e+06 inf 
1485 1.71503e+07 2.20583e+07 5.95225e+07 354296 -1.38595e+06 1.72034e+07 -713038 1.29143e+08 -1.22828e+08 2.43507e+07 1.29311e+08 2.13068e+08 1.55255e+09 58256 2.67826e+06 1.28791e+08 224927 7.65528e+09 6.72499e+09 2.60571e+08 7.35544 9.46039 25.528 0.151951 -0.594406 7.37819 -0.305808 55.387 -52.6784 10.4436 1.16471 1.37179 3.76536 0.0435411 0.891815 0.893554 0.0542958 14.6794 10.4502 1.63886 2.33165e+06 inf 
1495 1.79934e+07 2.34666e+07 6.3654e+07 319370 -1.3032e+06 1.73444e+07 -696409 1.17224e+08 -1.17785e+08 2.42909e+07 1.36865e+08 2.32332e+08 1.71088e+09 46572 2.54736e+06 1.26685e+08 208577 6.17143e+09 5.96995e+09 2.50662e+08 7.44094 9.70433 26.3233 0.132072 -0.538923 7.17256 -0.287991 48.4766 -48.7085 10.0452 1.10955 1.37987 3.82032 0.0426191 0.873495 0.971277 0.0575812 14.2176 9.81271 1.65904 2.41816e+06 inf 
1505 1.88211e+07 2.49457e+07 6.80174e+07 283808 -1.20575e+06 1.74445e+07 -675595 1.05494e+08 -1.11912e+08 2.40539e+07 1.43091e+08 2.51526e+08 1.87181e+09 36206.5 2.40011e+06 1.23372e+08 190084 4.87889e+09 5.18079e+09 2.36591e+08 7.45659 9.88302 26.9473 0.11244 -0.477697 6.91119 -0.267659 41.795 -44.3373 9.52971 1.04374 1.40563 3.92723 0.041251 0.850109 1.05515 0.060554 13.6421 9.31314 1.70821 2.52409e+06 inf 
1515 1.95424e+07 2.637e+07 7.2267e+07 247076 -1.09364e+06 1.74197e+07 -647518 9.35689e+07 -1.04802e+08 2.35185e+07 1.4703e+08 2.688e+08 2.02129e+09 27173.4 2.22911e+06 1.18289e+08 169150 3.75474e+09 4.36765e+09 2.177e+08 7.39656 9.9807 27.3521 0.0935151 -0.413929 6.59312 -0.245077 35.4146 -39.6664 8.90146 0.969481 1.45701 4.11 0.0392392 0.819971 1.14085 0.0629141 12.92 8.92613 1.77781 2.6421e+06 inf 
1525 2.01938e+07 2.78004e+07 7.65651e+07 211282 -967797 1.73247e+07 -614889 8.2053e+07 -9.69488e+07 2.27528e+07 1.48625e+08 2.84057e+08 2.15801e+09 19778.8 2.05106e+06 1.11951e+08 147375 2.82491e+09 3.58402e+09 1.95551e+08 7.24921 9.97985 27.4855 0.0758464 -0.347422 6.21924 -0.220734 29.4556 -34.8029 8.16784 0.895802 1.54068 4.38586 0.0367089 0.784597 1.22855 0.0646649 12.1022 8.68088 1.86695 2.78566e+06 inf 
1535 2.06581e+07 2.90944e+07 8.05173e+07 176353 -818386 1.70822e+07 -575533 7.07343e+07 -8.80359e+07 2.16493e+07 1.46761e+08 2.95116e+08 2.26493e+09 13871.5 1.86328e+06 1.04033e+08 124981 2.06424e+09 2.84072e+09 1.70195e+08 7.00475 9.86531 27.3018 0.0597978 -0.277498 5.79224 -0.195151 23.9846 -29.8512 7.34083 0.83498 1.65627 4.75455 0.0335823 0.744847 1.31361 0.065532 11.1662 8.49337 1.95498 2.94916e+06 inf 
1545 2.09744e+07 3.03064e+07 8.42633e+07 143569 -658063 1.67303e+07 -531390 5.99426e+07 -7.85341e+07 2.02738e+07 1.41657e+08 3.01838e+08 2.33979e+09 9353.72 1.66765e+06 9.49153e+07 103013 1.46201e+09 2.17436e+09 1.43429e+08 6.65585 9.6172 26.7395 0.045559 -0.208825 5.30908 -0.168627 19.0217 -24.9214 6.43352 0.807536 1.81448 5.24319 0.0298766 0.696845 1.39045 0.0652252 10.1054 8.30171 2.03085 3.15127e+06 inf 
1555 2.10071e+07 3.12654e+07 8.73234e+07 113661 -473407 1.62127e+07 -482163 4.97702e+07 -6.84454e+07 1.85822e+07 1.32576e+08 3.02063e+08 2.36496e+09 6078.29 1.48294e+06 8.47614e+07 82390 1.00389e+09 1.59998e+09 1.16473e+08 6.1984 9.22524 25.7659 0.0335371 -0.139685 4.78376 -0.142268 14.6853 -20.1957 5.4829 0.835417 2.00559 5.82499 0.0258599 0.646567 1.45793 0.0637964 8.97502 8.01438 2.07473 3.38911e+06 inf 
1565 2.07209e+07 3.19269e+07 8.95656e+07 87414.8 -267583 1.55367e+07 -429526 4.04446e+07 -5.8194e+07 1.66383e+07 1.19889e+08 2.95278e+08 2.33515e+09 3805.57 1.31376e+06 7.39918e+07 63853 6.67795e+08 1.13114e+09 9.09985e+07 5.63369 8.6804 24.3514 0.0237667 -0.0727516 4.22418 -0.116781 10.9962 -15.822 4.5237 0.926006 2.22081 6.47272 0.0216753 0.59321 1.50781 0.0610145 7.78752 7.56329 2.06814 3.67804e+06 inf 
1575 2.00147e+07 3.20925e+07 9.04174e+07 64989.7 -51034.9 1.46531e+07 -373824 3.19937e+07 -4.80083e+07 1.4468e+07 1.04113e+08 2.80102e+08 2.23768e+09 2287.93 1.17002e+06 6.28277e+07 47736.6 4.28328e+08 7.64775e+08 6.80574e+07 4.97696 7.98027 22.4836 0.0161607 -0.0126906 3.64372 -0.092957 7.9557 -11.938 3.59769 1.0579 2.44269 7.13567 0.0175431 0.539242 1.53178 0.0568278 6.57396 6.90343 1.99502 4.02148e+06 inf 
1585 1.88906e+07 3.17346e+07 8.97986e+07 46788.1 176031 1.3605e+07 -318100 2.46584e+07 -3.8406e+07 1.22095e+07 8.66024e+07 2.57647e+08 2.08017e+09 1327.34 1.06554e+06 5.19581e+07 34508.2 2.65863e+08 4.94889e+08 4.87741e+07 4.25686 7.15115 20.2354 0.0105433 0.0396674 3.06578 -0.0716815 5.55658 -8.6545 2.75131 1.18083 2.63058 7.69925 0.0137092 0.488405 1.51966 0.0513607 5.38838 6.05137 1.84964 4.43769e+06 inf 
1595 1.72937e+07 3.06357e+07 8.70758e+07 32478.5 393900 1.23549e+07 -263174 1.84163e+07 -2.96265e+07 9.93646e+06 6.85993e+07 2.28091e+08 1.86206e+09 741.041 987265 4.16142e+07 24016.3 1.59136e+08 3.05743e+08 3.33743e+07 3.51545 6.22759 17.7007 0.00660219 0.0800716 2.51148 -0.0534977 3.74364 -6.02244 2.01987 1.25954 2.75376 8.07492 0.0103465 0.440771 1.46688 0.0449443 4.28184 5.08737 1.64451 4.91935e+06 inf 
1605 1.53334e+07 2.884e+07 8.23611e+07 21793.4 590143 1.09751e+07 -211964 1.33447e+07 -2.20431e+07 7.80101e+06 5.17364e+07 1.94314e+08 1.60534e+09 399.523 930632 3.23403e+07 16141.6 9.21434e+07 1.807e+08 2.18666e+07 2.7951 5.25718 15.0134 0.00397267 0.107576 2.00063 -0.0386385 2.43258 -4.01818 1.42203 1.27215 2.78981 8.19942 0.00755288 0.397581 1.37576 0.038072 3.29836 4.09799 1.40138 5.48583e+06 inf 
1615 1.31086e+07 2.63391e+07 7.56075e+07 14151.3 747780 9.50364e+06 -165898 9.37077e+06 -1.57889e+07 5.89405e+06 3.70708e+07 1.58697e+08 1.32824e+09 208.894 881477 2.4366e+07 10490.5 5.17686e+07 1.02356e+08 1.37378e+07 2.13977 4.29944 12.3417 0.00230997 0.122063 1.55132 -0.0270803 1.52963 -2.57729 0.962111 1.21351 2.72391 8.0309 0.00536309 0.359149 1.2533 0.0312901 2.47197 3.17263 1.14753 6.12616e+06 inf 
1625 1.07799e+07 2.32653e+07 6.71623e+07 8869.52 848997 7.99977e+06 -125946 6.36138e+06 -1.08733e+07 4.27992e+06 2.52442e+07 1.24088e+08 1.05333e+09 104.795 818058 1.77556e+07 6568.81 2.80316e+07 5.54588e+07 8.26794e+06 1.57711 3.40373 9.82589 0.00129762 0.124209 1.17037 -0.018426 0.930675 -1.59077 0.626155 1.09816 2.56296 7.58646 0.00369428 0.322885 1.1081 0.02493 1.79858 2.36286 0.904177 6.83524e+06 inf 
1635 8.52632e+06 1.98611e+07 5.76994e+07 5405.09 894580 6.55172e+06 -93031.7 4.19427e+06 -7.22019e+06 2.99619e+06 1.63834e+07 9.30728e+07 8.02509e+08 51.0737 742490 1.25792e+07 3994.04 1.478e+07 2.89215e+07 4.80183e+06 1.12289 2.61564 7.59881 0.000711831 0.117813 0.862838 -0.0122519 0.55237 -0.950873 0.394588 0.946976 2.32719 6.92429 0.0024939 0.289661 0.95506 0.0193879 1.28115 1.70432 0.690423 7.59322e+06 inf 
1645 6.49248e+06 1.63857e+07 4.79395e+07 3194.82 883466 5.21998e+06 -66868.8 2.68375e+06 -4.62772e+06 2.02444e+06 1.01657e+07 6.70436e+07 5.88008e+08 23.8726 648500 8.65657e+06 2348.51 7.52491e+06 1.4484e+07 2.68545e+06 0.774277 1.95412 5.71715 0.000381006 0.10536 0.622522 -0.00797461 0.320058 -0.55189 0.24143 0.782838 2.04374 6.11871 0.00164372 0.257367 0.803011 0.0147134 0.891608 1.19279 0.511832 8.38522e+06 inf 
1655 4.76395e+06 1.30646e+07 3.85246e+07 1833.92 826609 4.04853e+06 -46843.7 1.67006e+06 -2.86899e+06 1.32384e+06 6.05385e+06 4.65044e+07 4.15476e+08 10.8078 544160 5.79973e+06 1338.03 3.71282e+06 6.94805e+06 1.44672e+06 0.518804 1.42276 4.19541 0.000199717 0.0900195 0.440893 -0.00510138 0.181873 -0.312439 0.144169 0.624595 1.74361 5.25783 0.00106635 0.226179 0.661223 0.0109403 0.609308 0.811812 0.369819 9.18256e+06 inf 
1665 3.3768e+06 1.00867e+07 3.0003e+07 1020.26 737132 3.06111e+06 -32016.3 1.01084e+06 -1.72255e+06 839159 3.46847e+06 3.11229e+07 2.83623e+08 4.6612 436453 3.7825e+06 736.008 1.76052e+06 3.18745e+06 749069 0.337049 1.00679 2.99469 0.000101836 0.0735755 0.305538 -0.00319565 0.100895 -0.171933 0.083759 0.482283 1.44667 4.39785 0.000674447 0.195321 0.533094 0.00795305 0.40687 0.537204 0.260291 1.00187e+07 inf 
1675 2.31935e+06 7.56177e+06 2.27073e+07 552.501 630495 2.26211e+06 -21400.9 596515 -1.00247e+06 516672 1.91421e+06 2.01389e+07 1.87448e+08 1.97464 337346 2.40894e+06 393.594 813704 1.39739e+06 374113 0.212249 0.691997 2.078 5.05607e-05 0.0576982 0.207012 -0.00195845 0.0545886 -0.0917382 0.047282 0.360728 1.16795 3.58271 0.000422076 0.165959 0.42142 0.00567303 0.267365 0.345634 0.178887 1.09275e+07 inf 
1685 1.54619e+06 5.51163e+06 1.67223e+07 289.317 518995 1.63509e+06 -13989.2 342489 -565255 308979 1.01835e+06 1.261e+07 1.20011e+08 0.799382 249223 1.49382e+06 203.016 361486 581966 179123 0.129935 0.463174 1.40527 2.4313e-05 0.0436141 0.137406 -0.00117559 0.0287813 -0.0475016 0.0259653 0.262096 0.919327 2.84789 0.000258042 0.137991 0.32658 0.00395962 0.171899 0.215985 0.119911 1.18997e+07 inf 
1695 1.00062e+06 3.9069e+06 1.1985e+07 145.35 411672 1.15543e+06 -8922.86 190133 -306827 178488 518672 7.59963e+06 7.40268e+07 0.305416 175552 896933 100.255 152890 227830 81488.6 0.0770948 0.301014 0.923402 1.11988e-05 0.031718 0.089022 -0.000687476 0.0146491 -0.02364 0.0137519 0.184441 0.703503 2.20246 0.00015299 0.111891 0.247348 0.0026929 0.107541 0.130364 0.078034 1.29791e+07 inf 
1705 629771 2.69961e+06 8.37984e+06 70.87 316484 800341 -5575.46 102707 -160914 100032 253354 4.42624e+06 4.4184e+07 0.11055 119020 524725 47.9248 62410.4 85134 35740.2 0.0444437 0.190515 0.591375 5.00138e-06 0.0223346 0.056481 -0.000393467 0.00724817 -0.0113559 0.00705937 0.126112 0.525423 1.66385 8.81853e-05 0.0888849 0.183957 0.00179647 0.0659685 0.076675 0.0497232 1.41701e+07 inf 
1715 385229 1.81843e+06 5.71533e+06 33.2645 235659 542798 -3404.26 53578.9 -80923.4 54036.6 117772 2.47673e+06 2.53642e+07 0.0375853 77112 296892 22.0128 24390.5 30162.1 15022.8 0.0246666 0.116436 0.365959 2.12996e-06 0.0150895 0.0347559 -0.000217978 0.00343071 -0.00518161 0.00346002 0.0832624 0.380829 1.22073 4.90111e-05 0.0686285 0.133425 0.00116704 0.0393698 0.0436402 0.0308214 1.56174e+07 inf 
1725 227693 1.18805e+06 3.78366e+06 14.8656 169620 358865 -2023.3 26872.5 -38862.8 28025.2 51788.9 1.32532e+06 1.39421e+07 0.0108985 47558.8 161734 9.55792 8727.91 10024.6 5925 0.0131743 0.0687401 0.218922 8.6012e-07 0.00981417 0.0207639 -0.000117068 0.00155484 -0.00224859 0.00162153 0.0531313 0.268249 0.87107 2.50967e-05 0.0515308 0.0944814 0.000734381 0.0224182 0.0239785 0.0184443 1.72831e+07 inf 
1735 130277 754854 2.43786e+06 6.33943 118444 231870 -1173.66 12979.8 -17840 13977.8 21542.9 679892 7.35586e+06 0.00282963 27998.9 84946.1 3.9504 2912.51 3114.93 2193.73 0.00678688 0.0393248 0.127002 3.30258e-07 0.00617043 0.0120795 -6.11427e-05 0.000676195 -0.00092939 0.000728185 0.032806 0.184046 0.605871 1.21369e-05 0.0376902 0.0654173 0.000449512 0.0122993 0.0127048 0.0106655 1.91954e+07 inf 
1745 71613.7 463605 1.51945e+06 2.46846 79791.9 145486 -659.203 5928.89 -7727.78 6611.8 8352.38 329865 3.67304e+06 0.000558211 15426.4 42236.3 1.49108 824.323 852.123 709.762 0.00328797 0.0212853 0.0697616 1.13333e-07 0.00366344 0.00667965 -3.02656e-05 0.00027221 -0.000354802 0.000303564 0.0193046 0.12121 0.404687 5.06123e-06 0.0263599 0.0435265 0.000259891 0.00614595 0.00624477 0.00570042 2.17806e+07 inf 
1755 37640.2 274228 912830 0.845316 51729 88344.7 -356.887 2520.46 -3118.19 2925.49 2972.94 149333 1.71147e+06 7.94796e-05 7830.71 19564.2 0.50423 189.353 193.64 189.795 0.00150146 0.0109389 0.0364126 3.37195e-08 0.00206346 0.00352405 -1.42362e-05 0.000100541 -0.000124384 0.000116697 0.0107859 0.0764016 0.258736 1.78025e-06 0.017553 0.0277127 0.000141106 0.00274648 0.00277647 0.00274905 2.50691e+07 inf 
1765 18740.1 155118 524869 0.245674 32070.4 51556.3 -184.794 974.771 -1142.49 1181.62 942.179 61574.9 726428 7.92932e-06 3592.49 8257.64 0.151122 34.2958 34.4314 39.9846 0.00064637 0.00535023 0.0181034 8.47362e-09 0.00110615 0.00177825 -6.37379e-06 3.36212e-05 -3.94059e-05 4.07555e-05 0.00566385 0.0457731 0.157251 5.22897e-07 0.0110764 0.0167826 7.1915e-05 0.0010871 0.00108905 0.00117365 2.89928e+07 inf 
1775 8704.07 82874 285303 0.0541947 18795.1 28566.9 -90.2245 324.629 -359.622 412.865 250.564 21878.2 265678 4.12499e-07 1414.02 3010.68 0.0378798 4.09935 4.05887 5.61565 0.000250676 0.00238676 0.00821669 1.5608e-09 0.000541295 0.000822723 -2.59845e-06 9.34926e-06 -1.03571e-05 1.18904e-05 0.00267458 0.0249878 0.087086 1.08984e-07 0.00635849 0.00927525 3.29269e-05 0.000343472 0.000341742 0.00040198 3.47224e+07 inf 
1785 3644.97 40577.9 142252 0.00757143 10111.3 14589.4 -40.3041 83.8342 -86.8717 111.959 49.8337 5993.49 74942.3 7.70763e-09 431.83 854.899 0.00732553 0.254065 0.243157 0.407958 8.25095e-05 0.000918544 0.0032201 1.71391e-10 0.000228885 0.000330253 -9.12346e-07 1.89772e-06 -1.96648e-06 2.53437e-06 0.00105889 0.0116116 0.0410617 1.32078e-08 0.00311813 0.00438667 1.28449e-05 7.58126e-05 7.41645e-05 9.60642e-05 4.41764e+07 inf 
1795 1302.11 17267.9 61727.7 0.000576397 4764.77 6542.28 -15.7312 15.0685 -14.0967 20.9026 6.59765 1114.17 14386.9 3.964e-11 92.6966 170.025 0.00102554 0.00695907 0.00590562 0.012662 2.19764e-05 0.000291442 0.00104182 9.72821e-12 8.0418e-05 0.000110418 -2.65505e-07 2.54321e-07 -2.37918e-07 3.52786e-07 0.000332971 0.00432661 0.0155477 8.17884e-10 0.00124821 0.00169039 4.15188e-06 1.08346e-05 9.98079e-06 1.46143e-05 5.92501e+07 inf 
1805 350.253 5583.08 20400.8 2.01921e-05 1735.55 2268.39 -4.71267 1.63189 -1.48656 2.338 0.5141 120.864 1621.83 3.71211e-14 12.3859 20.8372 9.09325e-05 7.24706e-05 7.55459e-05 0.000138072 3.98474e-06 6.35173e-05 0.000232095 2.2972e-13 1.97449e-05 2.58069e-05 -5.36148e-08 1.85656e-08 -1.69122e-08 2.65988e-08 7.63735e-05 0.0011709 0.0042892 2.05491e-11 0.000374862 0.000486203 1.0157e-06 9.07819e-07 9.2692e-07 1.25304e-06 8.78986e+07 inf 
1815 71.6645 1399.72 5245.17 5.2005e-07 501.562 623.533 -1.09719 0.00327067 -0.130096 0.192991 0.0282487 9.39618 131.741 3.19646e-17 1.2391 1.9055 6.03626e-06 2.15847e-06 1.19784e-05 1.0671e-06 5.10339e-07 9.9677e-06 3.73521e-05 3.70339e-15 3.57173e-06 4.44032e-06 -7.8133e-09 2.32912e-11 -9.2644e-10 1.37433e-09 1.41741e-05 0.000258482 0.000967863 4.77088e-13 9.38678e-05 0.000116403 2.07182e-07 1.2398e-07 2.92061e-07 8.71618e-08 1.40425e+08 inf 
1825 10.4699 259.751 1000.95 -1.27244e-08 109.353 130.501 -0.186037 -0.941042 -0.826073 0.00916782 0.000900207 0.385297 5.61998 1.11184e-20 0.064023 0.0900366 2.12015e-07 1.86599e-05 3.07279e-05 2.21955e-09 3.54714e-08 8.80024e-07 3.39116e-06 -4.31097e-17 3.70481e-07 4.42132e-07 -6.30286e-10 -3.1882e-09 -2.7987e-09 3.10602e-11 1.74602e-06 3.61191e-05 0.000137945 6.13732e-15 1.47231e-05 1.74598e-05 2.67936e-08 2.51413e-07 3.22641e-07 2.74204e-09 2.95164e+08 inf 
1835 0.79292 22.3205 91.7439 -9.49688e-08 15.2359 19.7296 -0.0189273 -8.97991 -0.0412203 0.000244985 1.59305e-05 0.00676078 0.0991588 3.3367e-20 0.00370143 0.00141691 3.33008e-09 0.000116549 2.64438e-05 4.09212e-12 5.83029e-10 1.64121e-08 6.74587e-08 -6.983e-17 1.12029e-08 1.45071e-08 -1.39171e-11 -6.60287e-09 -3.0309e-11 1.80136e-13 1.08228e-07 2.22955e-06 8.53851e-06 4.95275e-15 1.6497e-06 1.02061e-06 1.56473e-09 2.92667e-07 1.39442e-07 5.48532e-11 1.36e+09 inf 
1845 0.0228172 0.225082 3.76332 -2.49372e-08 5.97776 5.04031 -0.0027997 -5.79735 0.156009 6.45283e-06 4.90915e-08 9.30636e-05 0.00132482 4.97717e-21 0.00116487 5.13732e-05 1.53168e-11 7.69365e-05 2.05091e-07 2.11934e-15 2.12594e-11 2.09715e-10 3.50639e-09 -2.32347e-17 5.56965e-09 4.69619e-09 -2.60856e-12 -5.40155e-09 1.45358e-10 6.01228e-15 6.7631e-09 2.94465e-07 1.11102e-06 2.15333e-15 1.04178e-06 2.18732e-07 1.19433e-10 2.67684e-07 1.38227e-08 1.40521e-12 1.07327e+09 inf 
1855 1.35723e-06 0.000114317 0.000447847 2.75538e-17 0.000104438 0.000108317 -5.80994e-08 -1.11891e-06 -4.7281e-08 2.23746e-11 6.67294e-16 4.75132e-12 7.17426e-11 1.939e-36 3.89577e-12 4.19073e-12 7.83179e-19 1.87788e-15 3.35207e-18 3.10726e-25 6.42286e-12 5.40988e-10 2.11936e-09 1.30394e-22 4.94236e-10 5.12592e-10 -2.74946e-13 -5.29506e-12 -2.2375e-13 1.05884e-16 5.58266e-11 4.71086e-09 1.83035e-08 3.02638e-21 4.26519e-09 4.42371e-09 1.90543e-12 9.41208e-11 3.97657e-12 1.20799e-15 211312 inf 
1865 0 0 0 0 0 0 0 0 0 0 0 0 0 0 0 0 0 0 0 0 0.0 0.0 0.0 0.0 0.0 0.0 0.0 0.0 0.0 0.0 0.0 0.0 0.0 0.0 0.0 0.0 0.0 0.0 0.0 0.0 0 -nan 
1875 0 0 0 0 0 0 0 0 0 0 0 0 0 0 0 0 0 0 0 0 0.0 0.0 0.0 0.0 0.0 0.0 0.0 0.0 0.0 0.0 0.0 0.0 0.0 0.0 0.0 0.0 0.0 0.0 0.0 0.0 0 -nan 
1885 0 0 0 0 0 0 0 0 0 0 0 0 0 0 0 0 0 0 0 0 0.0 0.0 0.0 0.0 0.0 0.0 0.0 0.0 0.0 0.0 0.0 0.0 0.0 0.0 0.0 0.0 0.0 0.0 0.0 0.0 0 -nan 
1895 0 0 0 0 0 0 0 0 0 0 0 0 0 0 0 0 0 0 0 0 0.0 0.0 0.0 0.0 0.0 0.0 0.0 0.0 0.0 0.0 0.0 0.0 0.0 0.0 0.0 0.0 0.0 0.0 0.0 0.0 0 -nan 
