255 0 0 0 0 0 0 0 0 0 0 0 0 0 0 0 0 0 0 0 0 0.0 0.0 0.0 0.0 0.0 0.0 0.0 0.0 0.0 0.0 0.0 0.0 0.0 0.0 0.0 0.0 0.0 0.0 0.0 0.0 0 -nan 
265 0 0 0 0 0 0 0 0 0 0 0 0 0 0 0 0 0 0 0 0 0.0 0.0 0.0 0.0 0.0 0.0 0.0 0.0 0.0 0.0 0.0 0.0 0.0 0.0 0.0 0.0 0.0 0.0 0.0 0.0 0 -nan 
275 0 0 0 0 0 0 0 0 0 0 0 0 0 0 0 0 0 0 0 0 0.0 0.0 0.0 0.0 0.0 0.0 0.0 0.0 0.0 0.0 0.0 0.0 0.0 0.0 0.0 0.0 0.0 0.0 0.0 0.0 0 -nan 
285 0 0 0 0 0 0 0 0 0 0 0 0 0 0 0 0 0 0 0 0 0.0 0.0 0.0 0.0 0.0 0.0 0.0 0.0 0.0 0.0 0.0 0.0 0.0 0.0 0.0 0.0 0.0 0.0 0.0 0.0 0 -nan 
295 13.9771 0.000834595 6.12519e-14 0.00099259 1.73864e-11 653.183 3.05776e-08 1.76366e-13 1.08457e-05 0.000114533 0.00441888 2.4835e-11 1.60178e-31 4.25806e-11 2.84056e-27 0.143184 5.23785e-22 8.53772e-32 5.22212e-14 4.39831e-15 0.0 0.0 0.0 0.0 0.0 0.0 0.0 0.0 0.0 0.0 0.0 0.0 0.0 0.0 0.0 0.0 0.0 0.0 0.0 0.0 -1.35736e+08 -inf 
305 182.399 0.0620836 8.95453e-12 0.075552 7.83185e-10 3826.43 1.00484e-06 1.17978e-12 0.00150542 0.000857026 0.707695 5.19189e-08 1.23532e-27 8.08874e-08 8.26925e-22 0.718041 1.04742e-19 1.72535e-31 4.52752e-10 3.59613e-14 5.47132e-07 1.86229e-10 2.68604e-20 2.26629e-10 2.34928e-18 1.14779e-05 3.01417e-15 3.53891e-21 4.51572e-12 2.57077e-12 4.6071e-05 1.24781e-08 1.92479e-18 1.55751e-08 1.57495e-15 4.4968e-05 1.74672e-14 2.24726e-20 1.16536e-09 1.00629e-11 3.33373e+08 inf 
315 190.521 0.147634 4.75746e-11 0.183274 7.63229e-10 1980.59 1.83237e-06 9.35354e-13 0.0116231 0.000673768 0.482484 3.29707e-07 4.29883e-26 5.0624e-07 6.4848e-22 0.361539 2.67247e-18 3.43341e-30 1.93291e-08 4.87997e-14 1.821e-06 1.41108e-09 4.54718e-19 1.75174e-09 7.29495e-18 1.89305e-05 1.75138e-14 8.94012e-21 1.11094e-10 6.43988e-12 6.78842e-05 5.6119e-08 2.02651e-17 6.95383e-08 2.4896e-15 5.56528e-05 1.58861e-13 1.80933e-19 1.35917e-08 2.06144e-11 1.04624e+08 inf 
325 195.003 0.232119 1.67102e-10 0.294726 6.53983e-10 1276.89 3.26603e-06 2.00608e-12 0.0450556 0.000661825 0.382966 5.61712e-07 3.44412e-25 9.55028e-07 1.07209e-21 0.589047 6.3623e-17 1.59335e-27 2.44877e-07 3.1945e-13 3.0145e-06 3.58826e-09 2.58317e-18 4.55608e-09 1.01097e-17 1.9739e-05 5.04886e-14 3.10114e-20 6.96501e-10 1.0231e-11 7.68835e-05 9.31153e-08 7.29211e-17 1.2142e-07 4.07099e-15 9.3361e-05 9.90444e-13 4.96287e-18 6.15224e-08 6.95242e-11 6.46885e+07 inf 
335 182.722 0.288458 4.50539e-10 0.374214 3.77785e-10 930.685 6.01158e-06 9.65233e-12 0.114601 0.000738968 0.183578 4.49267e-07 1.05432e-24 7.17508e-07 1.77412e-22 1.63769 8.20686e-16 1.83132e-25 1.50549e-06 3.0383e-12 3.87216e-06 6.11286e-09 9.54761e-18 7.93015e-09 8.00583e-18 1.97226e-05 1.27395e-13 2.04547e-19 2.42857e-09 1.56598e-11 6.22519e-05 9.73822e-08 1.49169e-16 1.23054e-07 1.93896e-15 0.000185246 4.16838e-12 6.22962e-17 1.78599e-07 2.53261e-10 4.71887e+07 inf 
345 182.685 0.352947 1.12699e-09 0.468391 4.92414e-10 871.26 1.20945e-05 4.06524e-11 0.235638 0.00105043 0.29655 1.12788e-06 1.03426e-23 1.88356e-06 2.68278e-22 4.19313 5.5033e-15 4.29532e-24 5.7338e-06 1.844e-11 4.8852e-06 9.4382e-09 3.0137e-17 1.25253e-08 1.31677e-17 2.32985e-05 3.2342e-13 1.08709e-18 6.30123e-09 2.80896e-11 8.89169e-05 1.73412e-07 5.25038e-16 2.2408e-07 2.67841e-15 0.000334045 1.21268e-11 3.38911e-16 3.91521e-07 7.01653e-10 3.73956e+07 inf 
355 172.901 0.391694 2.52379e-09 0.532092 5.15073e-10 947.204 2.44864e-05 1.27469e-10 0.428957 0.00168942 0.421985 2.15451e-06 8.07713e-23 3.80731e-06 2.83291e-22 9.21685 2.41639e-14 3.6424e-23 1.60904e-05 7.46725e-11 6.12957e-06 1.38861e-08 8.94716e-17 1.88634e-08 1.826e-17 3.35796e-05 8.68073e-13 4.51894e-18 1.52071e-08 5.98921e-11 0.000122157 2.76021e-07 1.6898e-15 3.66903e-07 3.16902e-15 0.000570633 2.92556e-11 1.13633e-15 7.55113e-07 1.62593e-09 2.82077e+07 inf 
365 162.882 0.417226 5.153e-09 0.582208 3.84434e-10 1150.33 4.9085e-05 4.84285e-10 0.725636 0.00296748 0.20118 1.30902e-06 1.77234e-22 2.45292e-06 1.20571e-22 19.2189 1.28446e-13 7.82696e-22 4.61054e-05 3.85671e-10 6.92714e-06 1.7744e-08 2.1915e-16 2.47605e-08 1.63494e-17 4.89219e-05 2.08751e-12 2.05959e-17 3.08602e-08 1.26202e-10 9.22383e-05 2.35279e-07 2.73669e-15 3.22034e-07 2.26438e-15 0.00090275 7.388e-11 5.76945e-15 1.39994e-06 4.04797e-09 2.35136e+07 inf 
375 159.088 0.451092 1.04065e-08 0.647033 3.3035e-10 1472.1 9.30889e-05 1.19683e-09 1.12415 0.00522738 0.15513 1.2363e-06 6.82659e-22 2.64241e-06 6.45293e-23 34.0937 4.08368e-13 4.24584e-21 9.76486e-05 1.17256e-09 7.64792e-06 2.16856e-08 5.00281e-16 3.11052e-08 1.58811e-17 7.07692e-05 4.47512e-12 5.75358e-17 5.40419e-08 2.51299e-10 8.60184e-05 2.42823e-07 5.7068e-15 3.55053e-07 1.76122e-15 0.00127828 1.40042e-10 1.42867e-14 2.16596e-06 7.50374e-09 2.08014e+07 inf 
385 153.913 0.474326 1.9677e-08 0.699788 3.65235e-10 1909.79 0.000170692 3.16085e-09 1.69764 0.00913144 0.186127 1.74808e-06 2.85949e-21 3.82771e-06 7.0632e-23 60.3981 1.38507e-12 3.42942e-20 0.00021363 3.89559e-09 8.65228e-06 2.66645e-08 1.10615e-15 3.93389e-08 2.05318e-17 0.00010736 9.59555e-12 1.77689e-16 9.54333e-08 5.13328e-10 0.000101923 3.12343e-07 1.26303e-14 4.622e-07 1.99253e-15 0.00183951 2.78873e-10 4.39071e-14 3.46413e-06 1.47895e-08 1.77887e+07 inf 
395 149.151 0.493256 3.61334e-08 0.75031 3.57375e-10 2492.23 0.000299874 6.26412e-09 2.47108 0.0155464 0.133603 1.44787e-06 7.29828e-21 3.20848e-06 3.89264e-23 98.517 3.36156e-12 8.22739e-20 0.000389699 8.91099e-09 9.11333e-06 3.01386e-08 2.2078e-15 4.5845e-08 2.18361e-17 0.000152278 1.83227e-11 3.82746e-16 1.50986e-07 9.49907e-10 8.98902e-05 2.95903e-07 2.10014e-14 4.40387e-07 1.54207e-15 0.00244874 4.52836e-10 7.09006e-14 4.87733e-06 2.33146e-08 1.63663e+07 inf 
405 144.898 0.508397 6.38293e-08 0.798121 3.76577e-10 3188.36 0.00051001 1.50863e-08 3.50467 0.0258396 0.07225 8.83102e-07 1.43465e-20 2.11821e-06 2.29309e-23 163.333 9.81325e-12 4.99475e-19 0.000796381 2.60935e-08 9.27646e-06 3.25479e-08 4.0864e-15 5.10963e-08 2.41087e-17 0.000204121 3.26512e-11 9.65833e-16 2.24372e-07 1.65427e-09 6.73754e-05 2.35536e-07 3.00296e-14 3.6469e-07 1.21139e-15 0.00322724 7.9195e-10 1.78818e-13 7.13684e-06 4.08386e-08 1.56199e+07 inf 
415 127.84 0.471418 9.97519e-08 0.764902 4.39147e-10 4050.58 0.000849131 3.18773e-08 4.8668 0.0420813 0.0710575 9.78227e-07 5.67753e-20 2.50931e-06 4.15818e-23 253.742 2.52313e-11 1.99127e-18 0.00144357 6.54527e-08 9.32175e-06 3.43746e-08 7.27365e-15 5.57747e-08 3.20215e-17 0.000295358 6.19164e-11 2.32441e-15 3.54874e-07 3.06846e-09 7.13753e-05 2.64855e-07 6.39297e-14 4.24101e-07 1.74098e-15 0.00429127 1.35498e-09 3.81042e-13 1.02535e-05 6.90161e-08 1.37141e+07 inf 
425 115.092 0.443532 1.54332e-07 0.744836 5.19661e-10 5031.65 0.00134334 5.91863e-08 6.46957 0.0653967 0.0810822 1.25241e-06 2.00367e-19 3.61387e-06 8.97988e-23 363.961 5.55961e-11 6.4887e-18 0.00231437 1.41321e-07 9.28818e-06 3.57941e-08 1.2455e-14 6.01101e-08 4.19379e-17 0.000406067 1.08411e-10 4.77648e-15 5.2211e-07 5.27767e-09 8.03571e-05 3.15898e-07 1.2655e-13 5.36689e-07 2.6917e-15 0.00540441 2.11542e-09 7.23624e-13 1.36566e-05 1.06663e-07 1.23912e+07 inf 
435 105.012 0.42014 2.36922e-07 0.730719 6.66374e-10 6249.98 0.00213142 1.21541e-07 8.69216 0.102104 0.0661779 1.0649e-06 6.15238e-19 3.19381e-06 2.70943e-22 547.544 1.34371e-10 2.46728e-17 0.00412616 3.39878e-07 9.44472e-06 3.77872e-08 2.13086e-14 6.57205e-08 5.99333e-17 0.000562119 1.91699e-10 1.09313e-14 7.81768e-07 9.18317e-09 7.65689e-05 3.07162e-07 2.34265e-13 5.31912e-07 4.93608e-15 0.00699498 3.47109e-09 1.48961e-12 1.92482e-05 1.74597e-07 1.11186e+07 inf 
445 97.708 0.404092 3.62409e-07 0.728094 9.24858e-10 7697.34 0.00327047 2.18311e-07 11.4771 0.154658 0.054489 9.41693e-07 1.38666e-18 2.88994e-06 5.50551e-22 786.668 2.78219e-10 6.5581e-17 0.00662633 6.92142e-07 9.55378e-06 3.95117e-08 3.54359e-14 7.11922e-08 9.04316e-17 0.000752637 3.19782e-10 2.13462e-14 1.12222e-06 1.51222e-08 7.23643e-05 3.0086e-07 3.6651e-13 5.26789e-07 7.33649e-15 0.00873803 5.20593e-09 2.53219e-12 2.54294e-05 2.59708e-07 1.02272e+07 inf 
455 93.677 0.398652 5.58888e-07 0.745241 1.21338e-09 9413.39 0.00496129 3.78509e-07 15.0111 0.23124 0.0574218 1.01586e-06 3.94923e-18 3.43221e-06 1.15462e-21 1106.17 5.5952e-10 1.35203e-16 0.0102567 1.35063e-06 9.75312e-06 4.15055e-08 5.81882e-14 7.75903e-08 1.2633e-16 0.000980069 5.16542e-10 3.94083e-14 1.56287e-06 2.40754e-08 7.67027e-05 3.22556e-07 6.38581e-13 5.92724e-07 1.09634e-14 0.0106868 7.61494e-09 3.75168e-12 3.26409e-05 3.74219e-07 9.60482e+06 inf 
465 88.912 0.387244 8.34853e-07 0.750514 1.891e-09 11436.2 0.00737631 6.80354e-07 19.5562 0.340307 0.0575728 1.05104e-06 1.0754e-17 3.78404e-06 2.79902e-21 1599.66 1.14596e-09 3.88475e-16 0.0171286 2.73942e-06 9.91906e-06 4.32011e-08 9.31365e-14 8.37276e-08 2.1096e-16 0.00127583 8.22904e-10 7.59005e-14 2.1817e-06 3.79648e-08 7.95265e-05 3.39688e-07 1.09135e-12 6.44312e-07 1.76696e-14 0.0132978 1.12768e-08 6.58275e-12 4.3659e-05 5.51515e-07 8.96376e+06 inf 
475 80.9622 0.360228 1.18687e-06 0.725106 2.72567e-09 13785.4 0.0108326 1.14752e-06 25.0193 0.494187 0.0543961 1.04232e-06 2.82411e-17 4.22889e-06 5.42756e-21 2146.35 2.20353e-09 9.04131e-16 0.0249303 5.20003e-06 9.86794e-06 4.39057e-08 1.44659e-13 8.83783e-08 3.32214e-16 0.00168021 1.32031e-09 1.39864e-13 3.04944e-06 6.02331e-08 8.08245e-05 3.53714e-07 1.84965e-12 7.12475e-07 2.57181e-14 0.0160867 1.63349e-08 1.04966e-11 5.50389e-05 7.93832e-07 8.20457e+06 inf 
485 75.7996 0.343289 1.70367e-06 0.717308 4.19092e-09 16461.8 0.0155361 1.92463e-06 31.8092 0.70374 0.0511614 9.85544e-07 7.36441e-17 4.25422e-06 1.34415e-20 2940.91 4.12446e-09 2.24946e-15 0.0385314 9.76247e-06 9.89357e-06 4.4807e-08 2.22368e-13 9.3625e-08 5.47011e-16 0.00214865 2.02781e-09 2.51208e-13 4.15183e-06 9.18541e-08 8.11163e-05 3.55849e-07 3.09238e-12 7.39261e-07 4.18822e-14 0.019474 2.31133e-08 1.71331e-11 7.07954e-05 1.12507e-06 7.6615e+06 inf 
495 73.9429 0.33979 2.51332e-06 0.73864 6.26537e-09 19593.9 0.0221291 3.24427e-06 40.1626 0.994331 0.0440233 8.35077e-07 2.32421e-16 3.75595e-06 2.76287e-20 3976.75 7.73864e-09 6.38678e-15 0.0586681 1.84979e-05 1.02647e-05 4.71693e-08 3.48897e-13 1.02537e-07 8.69753e-16 0.00272001 3.07195e-09 4.50366e-13 5.57534e-06 1.38032e-07 7.74978e-05 3.37194e-07 5.66946e-12 7.14761e-07 6.19244e-14 0.0233377 3.26318e-08 2.97725e-11 9.00731e-05 1.5965e-06 7.20362e+06 inf 
505 71.6689 0.333219 3.66667e-06 0.754009 9.53749e-09 23447.3 0.0314365 5.38369e-06 51.1362 1.40582 0.0601319 1.20518e-06 6.37751e-16 6.2502e-06 5.46295e-20 5326.56 1.41857e-08 1.38789e-14 0.0854161 3.41115e-05 1.05761e-05 4.91729e-08 5.41088e-13 1.11269e-07 1.40744e-15 0.0034601 4.63907e-09 7.94468e-13 7.54613e-06 2.07456e-07 9.36044e-05 4.18843e-07 9.68606e-12 9.53917e-07 8.97756e-14 0.027822 4.55176e-08 4.5249e-11 0.000112017 2.234e-06 6.77647e+06 inf 
515 68.2802 0.320078 5.14015e-06 0.752836 1.40072e-08 27620.6 0.0435355 8.40991e-06 63.5582 1.93497 0.0845035 1.70395e-06 1.58892e-15 9.12533e-06 1.1792e-19 6976.67 2.43902e-08 3.20048e-14 0.123658 5.86058e-05 1.07761e-05 5.05155e-08 8.11229e-13 1.18814e-07 2.21064e-15 0.00435914 6.87088e-09 1.32727e-12 1.00309e-05 3.05381e-07 0.00011498 5.16111e-07 1.58148e-11 1.19418e-06 1.36402e-13 0.0328948 6.16612e-08 7.10584e-11 0.000139339 3.02589e-06 6.33624e+06 inf 
525 64.1246 0.301956 7.11181e-06 0.739221 2.03884e-08 32336 0.0595331 1.31559e-05 78.5788 2.63584 0.0642001 1.26583e-06 3.52186e-15 7.28749e-06 2.16665e-19 9099.42 4.18242e-08 6.57414e-14 0.1771 0.000100844 1.07048e-05 5.04078e-08 1.18723e-12 1.23404e-07 3.40359e-15 0.00539809 9.9383e-09 2.19622e-12 1.31177e-05 4.4002e-07 0.00010297 4.56918e-07 2.42182e-11 1.09605e-06 1.90152e-13 0.0385992 8.29653e-08 1.04737e-10 0.000171442 4.07934e-06 5.99027e+06 inf 
535 62.1554 0.293197 1.00212e-05 0.746246 2.99869e-08 38012.1 0.0811664 2.04805e-05 97.8147 3.59123 0.0731897 1.41522e-06 7.83994e-15 8.79887e-06 3.96151e-19 11905.1 7.06688e-08 1.28276e-13 0.252091 0.000171318 1.07836e-05 5.08677e-08 1.73861e-12 1.29469e-07 5.20253e-15 0.00659484 1.40818e-08 3.55324e-12 1.69702e-05 6.23055e-07 0.000112168 4.92893e-07 3.68396e-11 1.22873e-06 2.62112e-13 0.0449663 1.09828e-07 1.49139e-10 0.000208442 5.41611e-06 5.76391e+06 inf 
545 59.7464 0.281214 1.39007e-05 0.745448 4.25965e-08 44555 0.10942 3.11804e-05 120.851 4.84399 0.0895703 1.80202e-06 1.73742e-14 1.16483e-05 7.16311e-19 15284.8 1.14902e-07 2.6223e-13 0.352668 0.000284661 1.06917e-05 5.03236e-08 2.48755e-12 1.33399e-07 7.62269e-15 0.00797317 1.95808e-08 5.57977e-12 2.16265e-05 8.66838e-07 0.000126152 5.65633e-07 5.57042e-11 1.4376e-06 3.57948e-13 0.0516881 1.42051e-07 2.16553e-10 0.000250285 7.08441e-06 5.58812e+06 inf 
555 60.0329 0.281321 1.99509e-05 0.774703 6.22551e-08 51696.6 0.145421 4.73243e-05 147.453 6.44648 0.0948689 1.84866e-06 4.2412e-14 1.32625e-05 1.40211e-18 19485 1.85922e-07 5.64059e-13 0.494813 0.000470866 1.11198e-05 5.21088e-08 3.69548e-12 1.43497e-07 1.15315e-14 0.00957571 2.69363e-08 8.76584e-12 2.73125e-05 1.19408e-06 0.000132094 5.82847e-07 8.85567e-11 1.56077e-06 5.09489e-13 0.0593084 1.8361e-07 3.23115e-10 0.000301509 9.26241e-06 5.39872e+06 inf 
565 61.4736 0.286057 2.85099e-05 0.818334 8.85654e-08 60177.4 0.19213 7.0157e-05 180.787 8.55978 0.113257 2.16698e-06 8.34026e-14 1.66049e-05 2.32309e-18 24750.9 2.91321e-07 1.00996e-12 0.67544 0.000754631 1.18294e-05 5.50461e-08 5.48617e-12 1.57472e-07 1.70427e-14 0.01158 3.69717e-08 1.35003e-11 3.47889e-05 1.64716e-06 0.000147154 6.434e-07 1.26567e-10 1.78059e-06 6.68389e-13 0.0680348 2.33863e-07 4.40642e-10 0.000358838 1.19374e-05 5.19668e+06 inf 
575 64.2546 0.295849 4.09793e-05 0.877171 1.27317e-07 69878.9 0.251479 0.000104333 221.05 11.2804 0.129803 2.44777e-06 1.69046e-13 2.09305e-05 4.19616e-18 31509.9 4.54919e-07 1.92584e-12 0.938227 0.0012109 1.27662e-05 5.87799e-08 8.14183e-12 1.74278e-07 2.52955e-14 0.0138837 4.99643e-08 2.0729e-11 4.39186e-05 2.24121e-06 0.000160083 6.9489e-07 1.83085e-10 2.03178e-06 9.12721e-13 0.0778954 2.96459e-07 6.18224e-10 0.000429511 1.5348e-05 5.03317e+06 inf 
585 66.7481 0.303847 5.8721e-05 0.93717 1.75889e-07 80444.1 0.324247 0.000150891 266.779 14.6903 0.174353 3.42161e-06 4.11189e-13 3.05237e-05 7.22166e-18 38901.5 6.76808e-07 3.6782e-12 1.23547 0.00188896 1.37994e-05 6.28167e-08 1.21399e-11 1.93748e-07 3.63628e-14 0.0166308 6.7034e-08 3.11949e-11 5.51533e-05 3.03703e-06 0.000189354 8.38708e-07 2.91309e-10 2.50457e-06 1.22134e-12 0.0881239 3.68006e-07 8.71464e-10 0.000502371 1.95268e-05 4.83705e+06 inf 
595 73.0652 0.327902 8.71517e-05 1.04937 2.56259e-07 93206.7 0.417812 0.000226919 326.852 19.2107 0.208576 3.92081e-06 7.73172e-13 3.74329e-05 1.30707e-17 50167.1 1.04072e-06 7.17164e-12 1.78253 0.00305661 1.56982e-05 7.04505e-08 1.87247e-11 2.25459e-07 5.50579e-14 0.0200257 8.97679e-08 4.8754e-11 7.0225e-05 4.12747e-06 0.000211108 9.15113e-07 4.07145e-10 2.82696e-06 1.67488e-12 0.10187 4.64266e-07 1.24035e-09 0.000614857 2.5292e-05 4.65436e+06 inf 
605 79.516 0.353621 0.000124924 1.17419 3.43041e-07 106838 0.528103 0.000317179 391.059 24.6764 0.282473 5.37812e-06 1.71117e-12 5.69714e-05 2.02744e-17 60755.6 1.47473e-06 1.21501e-11 2.27138 0.00456991 1.75743e-05 7.81559e-08 2.76103e-11 2.59515e-07 7.58176e-14 0.0236129 1.16719e-07 7.01017e-11 8.64303e-05 5.45389e-06 0.000249243 1.08745e-06 6.14357e-10 3.53896e-06 2.11547e-12 0.113448 5.58851e-07 1.63721e-09 0.000703236 3.13094e-05 4.52456e+06 inf 
615 89.3064 0.392488 0.000183924 1.35352 4.79441e-07 121911 0.659493 0.000454415 468.07 31.5123 0.327084 5.93156e-06 3.61652e-12 6.79231e-05 3.73457e-17 75044.2 2.08656e-06 2.36393e-11 3.08151 0.00700857 2.02815e-05 8.91344e-08 4.17693e-11 3.07385e-07 1.08881e-13 0.0276862 1.49771e-07 1.03198e-10 0.000106299 7.15647e-06 0.00027179 1.1572e-06 9.053e-10 3.91547e-06 2.91022e-12 0.127578 6.71883e-07 2.3147e-09 0.000829766 3.92484e-05 4.40334e+06 inf 
625 102.642 0.445914 0.00027217 1.59575 6.70044e-07 140290 0.823496 0.000653695 565.703 40.4213 0.420453 7.43272e-06 7.6116e-12 9.28802e-05 6.56345e-17 93672.5 2.93953e-06 4.46425e-11 4.21789 0.0107554 2.39753e-05 1.04157e-07 6.35737e-11 3.72736e-07 1.56509e-13 0.032769 1.92353e-07 1.52691e-10 0.000132138 9.44164e-06 0.000312466 1.3135e-06 1.33187e-09 4.64286e-06 3.91235e-12 0.144244 8.05989e-07 3.22557e-09 0.000983747 4.92252e-05 4.28117e+06 inf 
635 118.708 0.51076 0.000398593 1.90063 9.10098e-07 160079 1.01033 0.000915603 677.353 51.2748 0.503553 8.77993e-06 1.32906e-11 0.000117471 1.0015e-16 114633 4.00279e-06 7.18379e-11 5.51712 0.0159953 2.86273e-05 1.23173e-07 9.61236e-11 4.58351e-07 2.19477e-13 0.0386043 2.43648e-07 2.20804e-10 0.000163349 1.23653e-05 0.000347298 1.44989e-06 1.7877e-09 5.30274e-06 4.90956e-12 0.161723 9.51808e-07 4.15638e-09 0.00114185 6.08644e-05 4.14667e+06 inf 
645 139.377 0.59679 0.000580676 2.30235 1.22408e-06 181822 1.22136 0.00126455 804.264 64.448 0.611162 1.02813e-05 2.5828e-11 0.000149693 1.61849e-16 138808 5.29352e-06 1.24091e-10 7.21443 0.0234166 3.46657e-05 1.48433e-07 1.44425e-10 5.72637e-07 3.04452e-13 0.0452224 3.03775e-07 3.14516e-10 0.000200035 1.60294e-05 0.000388337 1.59221e-06 2.53042e-09 6.07482e-06 6.33736e-12 0.18022 1.10649e-06 5.54661e-09 0.00132452 7.46137e-05 4.02061e+06 inf 
655 164.039 0.698043 0.000840543 2.79528 1.64424e-06 206003 1.45504 0.00173506 953.797 80.579 0.728328 1.17568e-05 4.63614e-11 0.000185768 2.56421e-16 167878 6.81584e-06 2.04017e-10 9.39024 0.033955 4.21425e-05 1.79331e-07 2.1594e-10 7.18124e-07 4.22414e-13 0.0529233 3.73807e-07 4.45748e-10 0.000245036 2.07012e-05 0.000430506 1.72865e-06 3.4444e-09 6.87089e-06 8.10541e-12 0.200818 1.26937e-06 7.22595e-09 0.00153374 9.10752e-05 3.89248e+06 inf 
665 196.859 0.833817 0.00124827 3.46403 2.26978e-06 234648 1.7158 0.00243783 1141.81 101.17 0.940145 1.46586e-05 9.2835e-11 0.00025 4.54406e-16 206499 8.6753e-06 3.71786e-10 12.6464 0.0504384 5.18996e-05 2.19827e-07 3.29092e-10 9.13253e-07 5.98402e-13 0.0618624 4.52353e-07 6.42706e-10 0.000301025 2.66723e-05 0.000495142 1.95352e-06 4.93626e-09 8.06695e-06 1.09289e-11 0.224976 1.4431e-06 9.87948e-09 0.00180096 0.000112188 3.79306e+06 inf 
675 231.97 0.979483 0.00178026 4.22286 2.96851e-06 264817 1.97897 0.00327299 1345.3 125.262 1.16386 1.81318e-05 1.63573e-10 0.000333665 6.50927e-16 245753 1.07063e-05 5.76023e-10 16.0255 0.0712122 6.27534e-05 2.64974e-07 4.81604e-10 1.14239e-06 8.03054e-13 0.0716394 5.3536e-07 8.85424e-10 0.000363935 3.38864e-05 0.000557598 2.19883e-06 6.63464e-09 9.43182e-06 1.32456e-11 0.247689 1.61546e-06 1.24517e-08 0.00205008 0.000134597 3.69653e+06 inf 
685 275.507 1.15838 0.00255231 5.17986 3.95421e-06 298910 2.23033 0.00443562 1591.18 154.748 1.48372 2.29707e-05 2.82943e-10 0.000455645 1.013e-15 295541 1.29308e-05 9.25082e-10 20.7439 0.101353 7.64858e-05 3.21589e-07 7.08569e-10 1.43803e-06 1.09776e-12 0.0829831 6.19182e-07 1.23141e-09 0.000441743 4.29608e-05 0.000637228 2.50473e-06 8.83449e-09 1.11547e-05 1.67339e-11 0.274156 1.79065e-06 1.59782e-08 0.00235877 0.000162148 3.60206e+06 inf 
695 329.733 1.38396 0.0037012 6.41891 5.29564e-06 336564 2.44318 0.00602859 1876.71 190.459 1.91 2.92242e-05 5.53724e-10 0.000624071 1.63921e-15 354387 1.62876e-05 1.57682e-09 26.9839 0.144576 9.37773e-05 3.93605e-07 1.05263e-09 1.82556e-06 1.5061e-12 0.0957201 6.9485e-07 1.71455e-09 0.000533743 5.41674e-05 0.000731038 2.85597e-06 1.25049e-08 1.31968e-05 2.1539e-11 0.302699 2.03702e-06 2.11072e-08 0.00271835 0.000195407 3.51613e+06 inf 
705 390.873 1.63307 0.00526609 7.86069 7.00435e-06 377592 2.56965 0.00809999 2205.94 232.914 2.44891 3.70781e-05 1.00804e-09 0.000852069 2.57143e-15 423022 2.13434e-05 2.54395e-09 34.9377 0.203372 0.000113724 4.75139e-07 1.53216e-09 2.28706e-06 2.03791e-12 0.10986 7.47638e-07 2.35668e-09 0.000641817 6.77661e-05 0.000836405 3.24993e-06 1.7057e-08 1.55781e-05 2.72764e-11 0.33318 2.37716e-06 2.71036e-08 0.003123 0.000233621 3.43703e+06 inf 
715 467.925 1.94984 0.00750959 9.73253 9.31102e-06 424642 2.56371 0.0108721 2601.87 284.772 3.14328 4.74417e-05 1.81107e-09 0.00116971 4.06552e-15 506050 3.06219e-05 4.09827e-09 45.0474 0.285042 0.000139169 5.79917e-07 2.23349e-09 2.89463e-06 2.76927e-12 0.126296 7.62493e-07 3.23355e-09 0.000773844 8.46964e-05 0.000956818 3.7113e-06 2.3101e-08 1.84259e-05 3.46625e-11 0.366821 2.91995e-06 3.47627e-08 0.00357758 0.000278574 3.36227e+06 inf 
725 552.099 2.29493 0.010491 11.8702 1.21316e-05 473453 2.3383 0.0143367 3033.13 344.138 4.04153 5.98115e-05 3.16694e-09 0.00158713 6.42997e-15 596606 4.74604e-05 6.643e-09 57.5966 0.391674 0.000167182 6.94932e-07 3.1768e-09 3.59446e-06 3.67361e-12 0.143367 7.08067e-07 4.34132e-09 0.00091847 0.000104209 0.00109356 4.19866e-06 3.08042e-08 2.16259e-05 4.39725e-11 0.400132 3.72428e-06 4.46401e-08 0.00407399 0.000328244 3.30238e+06 inf 
735 655.643 2.71914 0.014697 14.5755 1.5883e-05 529395 1.7816 0.0189158 3553.23 416.359 4.95046 7.38253e-05 5.4113e-09 0.00210523 9.41908e-15 705180 8.39029e-05 9.85734e-09 72.8035 0.537137 0.000202064 8.38016e-07 4.5295e-09 4.49204e-06 4.89502e-12 0.163155 5.49075e-07 5.82971e-09 0.00109508 0.000128318 0.00121855 4.69575e-06 4.05857e-08 2.50726e-05 5.36556e-11 0.436705 5.05537e-06 5.48084e-08 0.0046085 0.000386103 3.24473e+06 inf 
745 774.286 3.20598 0.0205024 17.8006 2.07687e-05 589652 0.731977 0.0249033 4142.95 500.742 6.38571 9.45262e-05 9.4871e-09 0.00288557 1.47782e-14 830049 0.000156413 1.60318e-08 92.8396 0.73407 0.000242529 1.00421e-06 6.42193e-09 5.57565e-06 6.50536e-12 0.184696 2.29276e-07 7.80044e-09 0.00129769 0.000156847 0.00139333 5.34789e-06 5.41331e-08 2.95424e-05 6.77247e-11 0.475271 6.99576e-06 7.04328e-08 0.00523412 0.000453135 3.19255e+06 inf 
755 915.68 3.78092 0.0284524 21.7248 2.72348e-05 656206 -0.99691 0.0327659 4836.25 600.488 8.27312 0.000121128 1.65722e-08 0.00395551 2.35637e-14 981755 0.000297556 2.56285e-08 119.195 1.00027 0.000292105 1.20613e-06 9.07642e-09 6.93028e-06 8.68801e-12 0.209332 -3.18018e-07 1.04525e-08 0.00154278 0.000191558 0.00159807 6.098e-06 7.21402e-08 3.48395e-05 8.62637e-11 0.519003 9.73757e-06 8.98128e-08 0.00597021 0.00053141 3.13476e+06 inf 
765 1072.85 4.4181 0.0390966 26.2976 3.51608e-05 726784 -3.65005 0.0425393 5607.67 714.953 10.2117 0.000149726 2.83123e-08 0.00525185 3.50576e-14 1.14512e+06 0.000576854 3.87167e-08 149.668 1.34261 0.000349956 1.44115e-06 1.27531e-08 8.57811e-06 1.14692e-11 0.237072 -1.19062e-06 1.3876e-08 0.00182919 0.000233213 0.00179124 6.83832e-06 9.52504e-08 4.04912e-05 1.0632e-10 0.563317 1.36656e-05 1.1152e-07 0.00674349 0.000619324 3.06567e+06 inf 
775 1271.57 5.21983 0.0541509 32.1338 4.63086e-05 809921 -7.64347 0.0560728 6564.32 855.249 13.2992 0.000193666 4.85183e-08 0.00725001 5.48707e-14 1.35906e+06 0.00108386 6.15947e-08 193.742 1.82717 0.000424202 1.74137e-06 1.80651e-08 1.072e-05 1.54488e-11 0.270195 -2.54991e-06 1.87062e-08 0.0021899 0.000285316 0.00206319 7.84703e-06 1.25935e-07 4.79972e-05 1.34412e-10 0.616755 1.88436e-05 1.42121e-07 0.0077355 0.00072674 2.99755e+06 inf 
785 1479.73 6.05846 0.0732762 38.5937 5.94103e-05 893459 -13.2141 0.072083 7579.05 1010.07 16.5855 0.000240038 8.04207e-08 0.00964499 8.25695e-14 1.57727e+06 0.00196771 9.29789e-08 242.173 2.41806 0.000503345 2.06084e-06 2.49256e-08 1.3128e-05 2.0209e-11 0.303919 -4.49489e-06 2.45197e-08 0.00257809 0.000343585 0.00232129 8.79796e-06 1.63507e-07 5.57539e-05 1.66368e-10 0.666452 2.54781e-05 1.76143e-07 0.00870235 0.000839332 2.9398e+06 inf 
795 1725.13 7.05249 0.098876 46.4285 7.62608e-05 988287 -21.0118 0.0925608 8775.15 1193.96 20.6034 0.000298036 1.30902e-07 0.0127485 1.23028e-13 1.83411e+06 0.0034746 1.39052e-07 302.631 3.18935 0.000599142 2.44935e-06 3.43399e-08 1.61247e-05 2.64856e-11 0.343235 -7.29744e-06 3.21466e-08 0.00304763 0.000414664 0.00260704 9.87468e-06 2.10436e-07 6.45568e-05 2.05004e-10 0.720541 3.3963e-05 2.17393e-07 0.00978859 0.000967328 2.87934e+06 inf 
805 2022.62 8.2448 0.134291 56.0845 9.91739e-05 1.09327e+06 -31.8693 0.120056 10197.4 1409.34 26.1721 0.000377871 2.19417e-07 0.017233 1.90518e-13 2.15319e+06 0.00617957 2.13109e-07 385.078 4.24439 0.000716642 2.92125e-06 4.75812e-08 1.98715e-05 3.51387e-11 0.387362 -1.12917e-05 4.25376e-08 0.00361307 0.000499349 0.00295966 1.1196e-05 2.74734e-07 7.55712e-05 2.57426e-10 0.782851 4.54093e-05 2.71474e-07 0.0111078 0.00112004 2.82236e+06 inf 
815 2356.91 9.58627 0.180737 67.3051 0.000127976 1.2059e+06 -46.393 0.154551 11799.8 1655.03 32.9484 0.000474133 3.61899e-07 0.0230401 2.85729e-13 2.51343e+06 0.0107148 3.2447e-07 486.807 5.59325 0.000849251 3.45415e-06 6.51238e-08 2.42516e-05 4.61129e-11 0.434513 -1.67165e-05 5.56885e-08 0.00425173 0.000596345 0.00333929 1.26059e-05 3.55189e-07 8.78278e-05 3.17535e-10 0.846666 5.98444e-05 3.37362e-07 0.0125432 0.00128831 2.77529e+06 inf 
825 2743.31 11.1291 0.242808 80.6488 0.000165413 1.32967e+06 -65.8195 0.199055 13659.2 1939.66 41.5573 0.000595498 6.06984e-07 0.030894 4.40075e-13 2.93489e+06 0.0184322 4.99704e-07 617.315 7.36366 0.00100536 4.07856e-06 8.89835e-08 2.95559e-05 6.062e-11 0.487293 -2.41214e-05 7.29491e-08 0.00500578 0.000710841 0.00377082 1.41987e-05 4.63172e-07 0.000102217 3.96992e-10 0.915488 7.85693e-05 4.21674e-07 0.0141836 0.00148099 2.72868e+06 inf 
835 3187.08 12.9022 0.324295 96.4523 0.00021319 1.46614e+06 -91.3528 0.255302 15796.9 2268.7 52.3424 0.000747306 1.00389e-06 0.0412524 6.80896e-13 3.42087e+06 0.030893 7.64099e-07 779.646 9.63174 0.0011844 4.7948e-06 1.20517e-07 3.58443e-05 7.92269e-11 0.544855 -3.39491e-05 9.48771e-08 0.00587055 0.000843108 0.00424842 1.59602e-05 5.9879e-07 0.000118514 4.96752e-10 0.987127 0.000101627 5.24364e-07 0.0159773 0.00169369 2.69087e+06 inf 
845 3684.15 14.8832 0.430125 114.723 0.00027332 1.60979e+06 -124.361 0.325821 18205.4 2638.89 65.1415 0.000929704 1.62927e-06 0.0544894 1.02423e-12 3.97338e+06 0.0506126 1.14932e-06 980.402 12.5156 0.00139202 5.62348e-06 1.62519e-07 4.33471e-05 1.03271e-10 0.608246 -4.69887e-05 1.23109e-07 0.00687874 0.000997082 0.00476187 1.7879e-05 7.67588e-07 0.000136782 6.13457e-10 1.06365 0.00013006 6.47384e-07 0.0179755 0.00193254 2.64662e+06 inf 
855 4250.7 17.1539 0.567034 136.17 0.000349548 1.76826e+06 -166.766 0.414263 20966.6 3063.89 81.3322 0.00115997 2.57907e-06 0.0718695 1.54903e-12 4.60828e+06 0.0812995 1.71564e-06 1227.78 16.1601 0.00163449 6.59605e-06 2.18038e-07 5.23603e-05 1.34409e-10 0.679936 -6.41254e-05 1.59294e-07 0.00806213 0.00117814 0.00534813 2.00631e-05 9.71685e-07 0.000157778 7.59983e-10 1.14441 0.000164771 7.96448e-07 0.020177 0.0021968 2.60062e+06 inf 
865 4899.89 19.7354 0.744808 161.375 0.000446113 1.94086e+06 -220.84 0.525828 24141.6 3548.45 100.049 0.00142857 4.04409e-06 0.093936 2.26827e-12 5.34641e+06 0.128883 2.50535e-06 1536.06 20.7983 0.00191514 7.71364e-06 2.91111e-07 6.30741e-05 1.74365e-10 0.758593 -8.63161e-05 2.05522e-07 0.00943581 0.00138692 0.00595287 2.23352e-05 1.22307e-06 0.000180933 9.25287e-10 1.23053 0.000207181 9.6798e-07 0.0226128 0.00249109 2.5585e+06 inf 
875 5697.14 22.9004 0.987761 192.701 0.000578673 2.13978e+06 -291.423 0.676331 27994.5 4123.73 126.591 0.00180421 6.58281e-06 0.125779 3.51554e-12 6.28062e+06 0.20632 3.83103e-06 1961.14 27.095 0.0022608 9.08757e-06 3.91974e-07 7.64698e-05 2.29635e-10 0.849132 -0.000115646 2.68389e-07 0.0111091 0.00163643 0.00671744 2.51671e-05 1.568e-06 0.000209918 1.15859e-09 1.33091 0.000261725 1.20343e-06 0.0255896 0.00284152 2.51996e+06 inf 
885 6552.8 26.3059 1.29244 227.707 0.000739745 2.34668e+06 -378.591 0.858542 32212 4757.05 157.858 0.00224468 1.05018e-05 0.165379 5.36398e-12 7.29219e+06 0.32196 5.78341e-06 2466.47 34.7455 0.0026423 1.06074e-05 5.21152e-07 9.18187e-05 2.98289e-10 0.946256 -0.00015266 3.46192e-07 0.0129889 0.0019182 0.00752807 2.81534e-05 1.99074e-06 0.000241362 1.44012e-09 1.43005 0.000326373 1.48735e-06 0.0287376 0.00321419 2.47996e+06 inf 
895 7556.81 30.2925 1.69146 269.617 0.000949752 2.57615e+06 -488.56 1.09363 37142.6 5485.53 197.475 0.00280489 1.66521e-05 0.21858 8.13223e-12 8.51028e+06 0.49877 8.70517e-06 3119.99 44.6465 0.00310001 1.24268e-05 6.93883e-07 0.000110604 3.89614e-10 1.05681 -0.000200421 4.48636e-07 0.0152369 0.00225032 0.00844984 3.15629e-05 2.51985e-06 0.00027827 1.78445e-09 1.54088 0.000405513 1.83571e-06 0.0323688 0.00364023 2.43767e+06 inf 
905 8748.72 35.0203 2.21775 320.18 0.00122697 2.83527e+06 -626.775 1.4 42967 6330.15 251.486 0.0035555 2.70187e-05 0.292578 1.27593e-11 9.99554e+06 0.769757 1.34833e-05 3988.24 57.589 0.00364648 1.45965e-05 9.24363e-07 0.000133452 5.11402e-10 1.18175 -0.000261241 5.83525e-07 0.0179087 0.00263842 0.00956678 3.56214e-05 3.22599e-06 0.000322704 2.24868e-09 1.66422 0.000502583 2.29769e-06 0.0366276 0.00412819 2.39922e+06 inf 
915 10049.3 40.2009 2.87968 377.528 0.00156875 3.10846e+06 -796.144 1.77534 49447.5 7266.7 310.716 0.00440532 4.201e-05 0.382313 1.9097e-11 1.16398e+07 1.16596 1.99314e-05 5018.81 73.3708 0.00426708 1.70699e-05 1.22276e-06 0.000160304 6.66117e-10 1.3199 -0.000338055 7.53837e-07 0.0209962 0.00308555 0.0106643 3.9739e-05 4.04264e-06 0.000369646 2.7686e-09 1.78893 0.000617091 2.80979e-06 0.0411123 0.00465121 2.35508e+06 inf 
925 11579.5 46.2937 3.74958 446.345 0.00202004 3.41408e+06 -1007.95 2.26391 57065.9 8347.47 389.543 0.00553073 6.68035e-05 0.505925 2.94556e-11 1.3632e+07 1.76539 3.02649e-05 6377.45 93.8822 0.00499864 1.99841e-05 1.61862e-06 0.000192679 8.72015e-10 1.4738 -0.000435114 9.77287e-07 0.0246343 0.00360344 0.0119654 4.45887e-05 5.12034e-06 0.000425762 3.4576e-09 1.92681 0.000756811 3.4799e-06 0.0463269 0.00524808 2.31652e+06 inf 
935 13367.4 53.4163 4.87616 528.202 0.00260495 3.75491e+06 -1268.75 2.89147 65960.8 9585.17 492.93 0.00700198 0.000105741 0.673004 4.55887e-11 1.60281e+07 2.64872 4.63333e-05 8141.91 120.163 0.00585602 2.34008e-05 2.13616e-06 0.000231396 1.14118e-09 1.64496 -0.000555816 1.2667e-06 0.0288963 0.00419909 0.0134778 5.01981e-05 6.46219e-06 0.00049121 4.3208e-09 2.07743 0.000922729 4.32357e-06 0.0522669 0.00591682 2.28268e+06 inf 
945 15329.9 61.2775 6.28257 621.214 0.00333119 4.1158e+06 -1582.52 3.66133 75860.7 10950.4 611.7 0.00871442 0.000163352 0.880591 6.88917e-11 1.87159e+07 3.90738 6.88871e-05 10273.8 152.121 0.00680637 2.72069e-05 2.78943e-06 0.000275815 1.47903e-09 1.82739 -0.000702629 1.62561e-06 0.0336817 0.00486193 0.0150088 5.59369e-05 8.04652e-06 0.000561162 5.32917e-09 2.22944 0.00111408 5.2861e-06 0.0585409 0.00662588 2.25228e+06 inf 
955 17629.2 70.4856 8.10995 732.225 0.00428135 4.52254e+06 -1969.16 4.65611 87502.2 12525.3 763.96 0.0109192 0.000253951 1.15877 1.05431e-10 2.19607e+07 5.75648 0.000103547 13048.9 193.134 0.00791287 3.16375e-05 3.64015e-06 0.00032866 1.92169e-09 2.02994 -0.00088386 2.0899e-06 0.0392754 0.00562198 0.0167419 6.24511e-05 1.00367e-05 0.000641949 6.60529e-09 2.39508 0.00134261 6.48916e-06 0.0656843 0.00742171 2.22791e+06 inf 
965 20310.2 81.229 10.4798 864.048 0.00552539 4.96835e+06 -2439.65 5.94478 101019 14309.6 966.959 0.0138545 0.000399874 1.54119 1.64253e-10 2.5885e+07 8.46451 0.000158748 16712.1 245.971 0.00924078 3.69577e-05 4.76814e-06 0.000393126 2.51395e-09 2.26051 -0.00111 2.70477e-06 0.0459618 0.0065106 0.0188297 7.02685e-05 1.26174e-05 0.000739367 8.27116e-09 2.58211 0.00161836 8.05679e-06 0.0741026 0.00833812 2.19789e+06 inf 
975 23311.8 93.3488 13.4873 1016.34 0.00711257 5.44945e+06 -3005.15 7.56506 116306 16300.2 1216.51 0.0174735 0.000629803 2.03922 2.56473e-10 3.04046e+07 12.346 0.000243716 21300.3 311.477 0.0107479 4.30386e-05 6.21835e-06 0.000468585 3.27927e-09 2.51248 -0.00138553 3.48789e-06 0.0536232 0.00751524 0.0211035 7.87647e-05 1.58652e-05 0.00084889 1.03679e-08 2.77588 0.00194229 1.001e-05 0.0833374 0.00933424 2.16895e+06 inf 
985 26846.8 107.636 17.3105 1198.35 0.00914129 6.00455e+06 -3695.03 9.61507 134403 18617.3 1518.8 0.0219443 0.00096069 2.67774 3.88639e-10 3.58473e+07 17.7648 0.000362718 27083.9 393.517 0.0124918 5.00828e-05 8.05453e-06 0.000557588 4.25343e-09 2.79391 -0.00171929 4.47388e-06 0.0625373 0.00866259 0.023466 8.77632e-05 1.95482e-05 0.000966977 1.2757e-08 2.97888 0.00230434 1.21966e-05 0.0932265 0.0103953 2.14916e+06 inf 
995 30908.4 124.102 22.2862 1412.39 0.0118302 6.59896e+06 -4525.23 12.2907 155161 21202.6 1922.27 0.0279448 0.00150237 3.56465 6.06032e-10 4.23784e+07 25.729 0.000556622 34765.6 499.204 0.0145826 5.85514e-05 1.05147e-05 0.000666368 5.5815e-09 3.11339 -0.00213501 5.79875e-06 0.0732051 0.0100034 0.0263491 9.8773e-05 2.44593e-05 0.00111255 1.59616e-08 3.20951 0.00275331 1.51324e-05 0.105088 0.0116386 2.11954e+06 inf 
1005 35570.2 143.06 28.6162 1663.72 0.0152874 7.25725e+06 -5521.87 15.6835 179129 24131.4 2421.32 0.0353908 0.00233307 4.71878 9.44186e-10 5.0102e+07 36.9245 0.00084839 44515.8 631.168 0.0170044 6.83901e-05 1.368e-05 0.000795346 7.30816e-09 3.46935 -0.00263975 7.49754e-06 0.0856329 0.0115361 0.0294681 0.000110641 3.04662e-05 0.00127407 1.9949e-08 3.45182 0.00326857 1.86912e-05 0.118101 0.0129865 2.09182e+06 inf 
1015 40855.9 164.723 36.5516 1954.62 0.0196933 7.97002e+06 -6695.6 19.9414 206334 27383.6 3048.92 0.0449236 0.00358896 6.2356 1.46014e-09 5.91767e+07 52.4136 0.00128496 56882.9 794.535 0.0197903 7.97906e-05 1.77054e-05 0.000946806 9.53929e-09 3.86063 -0.00324331 9.65949e-06 0.0999467 0.0132645 0.0329427 0.000124073 3.7749e-05 0.00145741 2.48251e-08 3.7095 0.00385614 2.30026e-05 0.132531 0.0144541 2.06444e+06 inf 
1025 46984.8 189.892 46.7561 2299.1 0.0254544 8.75918e+06 -8106.74 25.4328 237939 31076.7 3854.32 0.0571874 0.00553725 8.27183 2.27409e-09 7.00853e+07 74.3994 0.00196101 72962.7 1001.76 0.0230439 9.31333e-05 2.29317e-05 0.0011276 1.24842e-08 4.29598 -0.00397599 1.24736e-05 0.116698 0.0152417 0.0368693 0.000139191 4.67964e-05 0.00166897 3.09755e-08 3.98976 0.00454765 2.83935e-05 0.148884 0.0160936 2.03892e+06 inf 
1035 54043.8 219.071 59.8204 2704.4 0.0329615 9.62889e+06 -9789.3 32.472 274402 35243.6 4886.13 0.0730137 0.00864016 10.993 3.57843e-09 8.31072e+07 105.289 0.003025 93777.2 1262.59 0.026824 0.000108733 2.96911e-05 0.0013423 1.636e-08 4.77918 -0.0048588 1.61171e-05 0.136196 0.0174927 0.0412995 0.000156258 5.83685e-05 0.00191167 3.88389e-08 4.29053 0.00535267 3.52372e-05 0.16732 0.0179074 2.01476e+06 inf 
1045 62197.2 252.987 76.2827 3181.28 0.0426241 1.05983e+07 -11784 41.3903 316550 39960.9 6184.94 0.093311 0.013258 14.5931 5.58075e-09 9.86467e+07 147.796 0.00461012 120319 1587.18 0.0311869 0.000126852 3.82496e-05 0.00159515 2.13726e-08 5.3142 -0.00590872 2.07539e-05 0.158724 0.0200371 0.046137 0.000175204 7.20054e-05 0.00218466 4.83891e-08 4.60681 0.00626059 4.33691e-05 0.187448 0.0198584 1.99434e+06 inf 
1055 71472.6 291.93 97.1992 3737.17 0.0551635 1.16502e+07 -14139.7 52.7323 364664 45221.2 7815.03 0.119351 0.020341 19.3366 8.71724e-09 1.17002e+08 206.664 0.00701808 154244 1990.7 0.0362536 0.000148078 4.93031e-05 0.00189563 2.7981e-08 5.90942 -0.00717219 2.67478e-05 0.184972 0.0229379 0.0514758 0.0001965 8.88084e-05 0.00249296 6.03223e-08 4.94232 0.00730667 5.33328e-05 0.209819 0.0219911 1.97146e+06 inf 
1065 82077.8 336.743 123.543 4385.88 0.0713242 1.28022e+07 -16906.1 67.1161 419670 51096.7 9881.86 0.152614 0.0312293 25.6345 1.36719e-08 1.38798e+08 287.464 0.0107314 197697 2491.75 0.0420135 0.00017237 6.32385e-05 0.00224501 3.6509e-08 6.55309 -0.00865377 3.4355e-05 0.214818 0.026155 0.0573858 0.000220017 0.000109482 0.0028428 7.52688e-08 5.3013 0.00850045 6.56723e-05 0.234625 0.0243182 1.95361e+06 inf 
1075 94255.6 388.567 156.88 5145.98 0.0923165 1.40614e+07 -20156.3 85.4338 482730 57667.3 12513.1 0.195925 0.0477304 34.023 2.14392e-08 1.64805e+08 398.425 0.0163593 253559 3116.19 0.0487838 0.000201111 8.11963e-05 0.0026634 4.77802e-08 7.27773 -0.0104323 4.42179e-05 0.249846 0.0298468 0.0640043 0.0002469 0.000134577 0.00324277 9.38795e-08 5.68619 0.00986814 8.0696e-05 0.262319 0.0268703 1.93211e+06 inf 
1085 108294 448.721 199.309 6039.03 0.119722 1.54548e+07 -23992.7 108.859 555398 65071.2 15907 0.252279 0.0735629 45.2896 3.3975e-08 1.95915e+08 551.035 0.0251832 325777 3896.66 0.0565206 0.000234196 0.000104023 0.00315189 6.24853e-08 8.06616 -0.0125222 5.68158e-05 0.289873 0.0339619 0.0714675 0.000277166 0.000166051 0.00370177 1.17592e-07 6.09829 0.0114363 9.95769e-05 0.293263 0.0296703 1.91601e+06 inf 
1095 124246 517.803 252.507 7077.08 0.155039 1.69672e+07 -28455.8 138.446 637888 73275.9 20163.9 0.324689 0.112479 60.1411 5.35576e-08 2.32685e+08 757.749 0.0385026 417651 4857.45 0.0654788 0.000272887 0.000133073 0.00372968 8.17067e-08 8.94184 -0.0149965 7.29624e-05 0.336172 0.038617 0.0796185 0.00031088 0.000203885 0.00421715 1.46797e-07 6.53225 0.0132078 0.000122342 0.327252 0.0326901 1.8975e+06 inf 
1105 142980 599.449 320.709 8314.14 0.201441 1.86746e+07 -33764.7 176.583 734422 82671.6 25681.1 0.419701 0.172769 80.1361 8.48834e-08 2.77357e+08 1041.47 0.0591895 537302 6067.81 0.0758918 0.00031818 0.000170228 0.00441304 1.06922e-07 9.91225 -0.0179219 9.37281e-05 0.389822 0.0438811 0.0887224 0.000348617 0.000250452 0.00480211 1.83365e-07 6.99751 0.0152187 0.00015044 0.365009 0.0359884 1.88399e+06 inf 
1115 164120 692.741 405.957 9743.84 0.261341 2.05157e+07 -39899.3 224.572 843209 93010 32616 0.542156 0.264049 106.576 1.34461e-07 3.2983e+08 1423.1 0.0906521 688990 7548.52 0.0877718 0.000370479 0.000217107 0.00521102 1.39766e-07 10.9718 -0.0213382 0.000120102 0.45095 0.0497419 0.0986874 0.000390757 0.000306722 0.0054628 2.28857e-07 7.4842 0.0174859 0.000184544 0.406346 0.039531 1.86985e+06 inf 
1125 187791 798.519 511.728 11382 0.337895 2.24691e+07 -46910.9 284.545 964589 104235 41322.9 0.699429 0.401324 141.286 2.11938e-07 3.91133e+08 1931.02 0.138085 880085 9345.94 0.101446 0.000431365 0.000276439 0.00614864 1.82533e-07 12.1379 -0.0253416 0.000153713 0.521077 0.0563085 0.109689 0.000437904 0.000374673 0.00620625 2.84907e-07 7.99772 0.0200238 0.000225758 0.45156 0.0433369 1.85114e+06 inf 
1135 215802 924.934 647.145 13349.6 0.438798 2.47258e+07 -55297.1 361.754 1.10778e+06 117266 52577.6 0.907525 0.612243 188.032 3.36829e-07 4.65826e+08 2621.08 0.211403 1.12766e+06 11598.6 0.117063 0.000501736 0.000351048 0.00724158 2.38028e-07 13.4127 -0.0299962 0.000196235 0.600919 0.0636119 0.121726 0.000490463 0.000457034 0.0070398 3.55046e-07 8.53172 0.0228484 0.000275987 0.500603 0.0473843 1.84347e+06 inf 
1145 246895 1067.06 815.062 15588 0.568244 2.70819e+07 -64791.2 458.226 1.26588e+06 131232 66743.3 1.17601 0.932833 249.685 5.36567e-07 5.52668e+08 3537.73 0.323481 1.43978e+06 14325.8 0.134978 0.000583368 0.000445597 0.008522 3.10661e-07 14.8058 -0.0354216 0.000250514 0.692062 0.0717451 0.135165 0.000550101 0.000558056 0.00799245 4.43658e-07 9.10686 0.0260654 0.000337774 0.555145 0.0518132 1.82914e+06 inf 
1155 282923 1233.69 1027.36 18229.8 0.737331 2.97202e+07 -75925.6 580.911 1.44833e+06 147040 84782.9 1.52651 1.41844 331.839 8.54766e-07 6.5676e+08 4765.98 0.494288 1.83888e+06 17690.9 0.155581 0.000678413 0.00056495 0.0100247 4.05463e-07 16.3433 -0.041752 0.000319446 0.796443 0.0808582 0.149724 0.000615788 0.000678852 0.00905463 5.52848e-07 9.69809 0.0296245 0.000412027 0.613912 0.0564827 1.81849e+06 inf 
1165 323199 1422.62 1289.75 21247 0.952691 3.25345e+07 -88578 733.191 1.65121e+06 164190 107419 1.97775 2.15078 439.216 1.35789e-06 7.77834e+08 6373.94 0.752041 2.33732e+06 21734.9 0.178801 0.000787024 0.000713521 0.0117543 5.2705e-07 17.9988 -0.0490033 0.000405618 0.913489 0.0908333 0.1657 0.000689005 0.000825073 0.0102382 6.88065e-07 10.313 0.0335392 0.000501518 0.677195 0.0614289 1.80759e+06 inf 
1175 369079 1641.54 1619.56 24761 1.23361 3.55893e+07 -103162 925.892 1.88063e+06 183115 136066 2.56863 3.26498 582.16 2.17075e-06 9.21256e+08 8515.44 1.14746 2.96988e+06 26668.9 0.205758 0.000915141 0.000902889 0.013804 6.87729e-07 19.8407 -0.0575118 0.000516176 1.04843 0.102085 0.183083 0.000771043 0.00100249 0.0115757 8.58604e-07 10.9517 0.037943 0.000610951 0.745965 0.066681 1.79375e+06 inf 
1185 422498 1899.77 2035.24 28922.4 1.59919 3.90513e+07 -120291 1169.99 2.14605e+06 204656 172637 3.3448 4.93855 772.24 3.46042e-06 1.09345e+09 11352.4 1.74431 3.77364e+06 32723.4 0.236174 0.00106196 0.00113769 0.0161675 8.9394e-07 21.8295 -0.067242 0.000654016 1.19963 0.114402 0.201804 0.000861373 0.00121091 0.0130496 1.06547e-06 11.6065 0.0427133 0.000739813 0.81874 0.0721419 1.78892e+06 inf 
1195 480625 2185.85 2541.31 33565.5 2.05932 4.26189e+07 -139274 1467.78 2.43306e+06 227307 217448 4.32696 7.42383 1016.42 5.4838e-06 1.28915e+09 14990.4 2.63093 4.75632e+06 39826 0.270086 0.00122833 0.00142808 0.0188621 1.15723e-06 23.9496 -0.078265 0.000824817 1.36725 0.127734 0.221918 0.000960584 0.00146027 0.0146764 1.32001e-06 12.2821 0.0479418 0.000893378 0.896344 0.0778721 1.77952e+06 inf 
1205 548152 2522.43 3183.73 39048.8 2.66369 4.65752e+07 -161355 1847.93 2.76181e+06 252734 275923 5.63973 11.2794 1346.77 8.80488e-06 1.52473e+09 19842.5 4.01409 6.01772e+06 48609.2 0.309529 0.00142436 0.00179778 0.02205 1.50413e-06 26.2999 -0.0911132 0.00104349 1.55953 0.142713 0.244948 0.00107509 0.00177122 0.0165617 1.64606e-06 13.0114 0.0538794 0.00108527 0.982817 0.0841518 1.77092e+06 inf 
1215 625394 2916.03 3988.11 45465.9 3.44775 5.09731e+07 -186987 2324.68 3.13584e+06 281128 348830 7.35348 17.0031 1780.46 1.40615e-05 1.80314e+09 26186.8 6.06798 7.5912e+06 59163.4 0.353686 0.00164913 0.00225544 0.0257128 1.94985e-06 28.8274 -0.105749 0.0013147 1.77345 0.15899 0.26867 0.00119961 0.00212813 0.018595 2.03727e-06 13.7379 0.0602242 0.00130509 1.07146 0.0904523 1.76822e+06 inf 
1225 709318 3352.49 4963.8 52610.4 4.43273 5.55129e+07 -215238 2903.42 3.53815e+06 310889 438348 9.53354 25.5502 2337.23 2.24233e-05 2.1184e+09 34237.6 9.1364 9.49807e+06 71438.8 0.402609 0.00190288 0.00281746 0.0298617 2.51602e-06 31.5092 -0.122169 0.00164798 2.00826 0.176461 0.29447 0.00133802 0.00256208 0.0208541 2.52926e-06 14.4768 0.0671417 0.00157162 1.16534 0.0970064 1.7618e+06 inf 
1235 806094 3864.15 6190.51 61004.3 5.71053 6.0589e+07 -248048 3631.28 3.99751e+06 344349 551038 12.3781 38.3467 3070.17 3.56931e-05 2.49311e+09 44745.8 13.7193 1.18833e+07 86264.6 0.458319 0.00219703 0.00351972 0.034685 3.24682e-06 34.4489 -0.141032 0.00206463 2.27285 0.195785 0.321319 0.00148689 0.00306827 0.0232927 3.12283e-06 15.1911 0.0745053 0.00188086 1.26119 0.103515 1.75881e+06 inf 
1245 912371 4441.32 7685.66 70476.8 7.32843 6.59181e+07 -284645 4519.18 4.49632e+06 379769 689379 16.0317 57.1956 4015.02 5.65882e-05 2.92151e+09 58102.7 20.4713 1.47725e+07 103509 0.51993 0.00253096 0.0043798 0.0401624 4.17623e-06 37.5645 -0.16221 0.00257533 2.5623 0.216418 0.350039 0.00165232 0.00366213 0.025981 3.84796e-06 15.9303 0.0824549 0.00224357 1.36124 0.110226 1.7548e+06 inf 
1255 1.03333e+06 5109.49 9559.23 81449.9 9.41961 7.17277e+07 -326409 5628.2 5.0547e+06 418747 864710 20.8261 85.9021 5260.77 9.03262e-05 3.42472e+09 75398.8 30.6834 1.83605e+07 124189 0.589674 0.00291575 0.00545502 0.0464798 5.37535e-06 40.9318 -0.186267 0.00321176 2.88449 0.23896 0.381753 0.00183926 0.00438899 0.0290124 4.75928e-06 16.701 0.0912759 0.00268221 1.46875 0.117335 1.75237e+06 inf 
1265 1.16725e+06 5870.1 11847.5 93914.7 12.0634 7.79556e+07 -373339 6979.37 5.6664e+06 460627 1.07783e+06 26.9646 127.859 6853.76 0.000142982 4.00147e+09 97230.6 45.5395 2.26689e+07 148107 0.666423 0.00335145 0.00676418 0.0536193 6.88742e-06 44.5077 -0.213153 0.00398477 3.23515 0.262989 0.413831 0.0020403 0.00521971 0.0322185 5.84784e-06 17.4256 0.100391 0.00318147 1.57362 0.124084 1.75151e+06 inf 
1275 1.3167e+06 6739.03 14669.6 108157 15.4222 8.47026e+07 -426469 8634.76 6.342e+06 506080 1.3379e+06 34.8015 189.65 8894.12 0.000225331 4.66554e+09 124878 67.1656 2.78652e+07 175940 0.750399 0.00384063 0.00836031 0.0616393 8.78926e-06 48.2728 -0.243049 0.00492103 3.61436 0.288419 0.446525 0.00225461 0.00617967 0.035629 7.1531e-06 18.1293 0.109985 0.0037499 1.67841 0.130707 1.75467e+06 inf 
1285 1.48136e+06 7723.83 18123 124262 19.6798 9.18077e+07 -485603 10651.4 7.07237e+06 554196 1.65736e+06 44.9124 281.259 11521.5 0.0003556 5.42451e+09 159746 98.9384 3.40915e+07 208101 0.844009 0.00440068 0.0103256 0.0707988 1.12126e-05 52.3077 -0.276674 0.00606868 4.02951 0.315755 0.481596 0.0024946 0.00732323 0.0393944 8.76822e-06 18.8291 0.120282 0.00442059 1.78516 0.137349 1.75515e+06 inf 
1295 1.66282e+06 8840.99 22352.2 142454 25.0506 9.93531e+07 -551531 13096.7 7.86315e+06 605376 2.04512e+06 57.838 415.986 14865.4 0.000559003 6.28771e+09 203364 144.898 4.1478e+07 244972 0.946442 0.00503209 0.0127224 0.0810814 1.42582e-05 56.5495 -0.313919 0.00745433 4.47553 0.344566 0.51796 0.00275647 0.0086551 0.0434377 1.07179e-05 19.5186 0.131168 0.00518704 1.89155 0.143898 1.75692e+06 inf 
1305 1.86524e+06 10122.8 27560.5 163246 31.8545 1.07581e+08 -626161 16077.3 8.73337e+06 660981 2.51454e+06 74.3891 613.908 19125 0.000875887 7.27827e+09 258075 211.247 5.02435e+07 287358 1.05765 0.00574001 0.0156278 0.0925662 1.80626e-05 61.0019 -0.355055 0.00911637 4.95213 0.374799 0.554256 0.00303868 0.0101922 0.0477077 1.30537e-05 20.1444 0.142384 0.0060561 1.99155 0.14989 1.76356e+06 inf 
1315 2.0876e+06 11577.2 33918.4 186721 40.4151 1.16338e+08 -709320 19671.9 9.67093e+06 719947 3.07881e+06 95.4209 902.76 24506.2 0.00136614 8.40043e+09 325962 306.053 6.0503e+07 335420 1.17837 0.00653486 0.0191456 0.105396 2.28127e-05 65.6682 -0.400383 0.011104 5.45886 0.406382 0.591033 0.00334019 0.011959 0.0521954 1.58339e-05 20.722 0.153902 0.00703246 2.08625 0.155515 1.7716e+06 inf 
1325 2.32724e+06 13203.1 41609 212805 51.0634 1.2546e+08 -800631 23955.6 1.06605e+07 781091 3.74543e+06 121.907 1321.25 31223.2 0.0021193 9.65037e+09 409204 440.104 7.22854e+07 388829 1.30785 0.00741985 0.0233833 0.119592 2.86964e-05 70.5053 -0.449936 0.0134625 5.99093 0.438954 0.627989 0.00366806 0.0139905 0.056961 1.91706e-05 21.2667 0.165893 0.00812957 2.17517 0.160721 1.77944e+06 inf 
1335 2.58532e+06 15021.8 50884 241756 64.2753 1.34944e+08 -900531 29033.1 1.16996e+07 844335 4.52879e+06 155.16 1923.85 39553.6 0.00326648 1.10381e+10 510534 627.491 8.56946e+07 447808 1.44764 0.00841139 0.0284922 0.13537 3.59907e-05 75.5615 -0.504248 0.016257 6.55115 0.472782 0.663493 0.00401618 0.0162924 0.061829 2.31025e-05 21.7071 0.177778 0.00933123 2.25094 0.165001 1.78589e+06 inf 
1345 2.87125e+06 17106.9 62289 274694 80.8567 1.45361e+08 -1.01351e+06 35148.4 1.28331e+07 912796 5.45421e+06 197.102 2797.69 49943.4 0.0050172 1.26103e+10 635237 890.347 1.01105e+08 513803 1.59452 0.00950008 0.0345914 0.152548 4.49028e-05 80.7246 -0.562839 0.0195192 7.12667 0.50691 0.697458 0.00438256 0.0188969 0.0668181 2.77485e-05 22.0573 0.189694 0.010651 2.31466 0.168453 1.80071e+06 inf 
1355 3.1777e+06 19444.3 76065.1 311192 101.405 1.56165e+08 -1.13695e+06 42372.3 1.40122e+07 982845 6.53482e+06 249.896 4058.87 62788.9 0.00767161 1.4347e+10 786356 1255.5 1.18389e+08 585606 1.75096 0.0107141 0.041913 0.171471 5.58759e-05 86.0494 -0.626478 0.0233478 7.72091 0.541562 0.731381 0.00478589 0.0219043 0.0720777 3.32423e-05 22.3807 0.202037 0.0121111 2.37096 0.171429 1.81483e+06 inf 
1365 3.50248e+06 22033.9 92598.1 351245 126.56 1.67358e+08 -1.27125e+06 50819.8 1.52313e+07 1.05414e+06 7.76654e+06 314.833 5852.03 78349.5 0.0116237 1.6242e+10 967030 1753.05 1.37432e+08 662298 1.91464 0.0120449 0.0506189 0.192009 6.91844e-05 91.4868 -0.694931 0.0277807 8.32624 0.576246 0.761424 0.00519853 0.0252339 0.0772173 3.95935e-05 22.5588 0.213776 0.013658 2.40856 0.173168 1.82932e+06 inf 
1375 3.85612e+06 24982 112791 396237 157.824 1.79419e+08 -1.42113e+06 60849.8 1.65275e+07 1.12917e+06 9.19094e+06 396.314 8430.69 97450.3 0.0175589 1.83534e+10 1.1859e+06 2435.32 1.5862e+08 745334 2.08487 0.0135069 0.0609823 0.214232 8.53303e-05 97.0056 -0.768356 0.0328994 8.93584 0.610504 0.789008 0.00564239 0.0289716 0.0824174 4.70344e-05 22.6491 0.225406 0.0153075 2.43129 0.17396 1.84957e+06 inf 
1385 4.21593e+06 28174.2 136583 444194 195.348 1.91395e+08 -1.57957e+06 72265.8 1.78018e+07 1.20121e+06 1.07505e+07 494.555 12035 119943 0.0261875 2.05765e+10 1.44067e+06 3336.75 1.80809e+08 829104 2.25846 0.0150929 0.0731674 0.237954 0.000104648 102.53 -0.846173 0.0387126 9.53637 0.643486 0.811399 0.00609408 0.0330704 0.0873573 5.54749e-05 22.5926 0.236126 0.0169948 2.4324 0.17342 1.86672e+06 inf 
1395 4.60841e+06 31819.9 165606 498051 241.579 2.0445e+08 -1.75675e+06 85685.6 1.91525e+07 1.27737e+06 1.25228e+07 616.422 17163.9 147083 0.0388552 2.30346e+10 1.74501e+06 4541.12 2.04847e+08 918096 2.43449 0.0168095 0.0874852 0.263106 0.00012762 108.005 -0.928043 0.0452653 10.1177 0.674798 0.829883 0.00656338 0.0375975 0.0920592 6.51103e-05 22.4371 0.246124 0.0187083 2.41805 0.172196 1.89297e+06 inf 
1405 5.00903e+06 35790.2 200035 555699 296.973 2.1765e+08 -1.94596e+06 100945 2.04786e+07 1.35102e+06 1.44345e+07 762.412 24314.4 178692 0.0570114 2.56186e+10 2.09754e+06 6108.25 2.29399e+08 1.00639e+06 2.60936 0.0186442 0.104205 0.289481 0.000154703 113.381 -1.01371 0.0525856 10.668 0.703788 0.842982 0.00703967 0.0425151 0.0963685 7.59347e-05 22.1443 0.255072 0.020414 2.38657 0.170129 1.91964e+06 inf 
1415 5.42718e+06 40218.5 241413 618508 363.792 2.31477e+08 -2.15207e+06 118403 2.18067e+07 1.42439e+06 1.64932e+07 938.867 34301.1 215480 0.0828767 2.83646e+10 2.50667e+06 8126.64 2.54226e+08 1.09363e+06 2.78005 0.0206018 0.123663 0.316828 0.000186351 118.573 -1.10239 0.0606515 11.1704 0.729636 0.848466 0.00751654 0.047729 0.0999932 8.79011e-05 21.6808 0.262242 0.0220054 2.33417 0.166851 1.95219e+06 inf 
1425 5.84202e+06 45015.3 290142 684555 442.883 2.45199e+08 -2.36904e+06 137834 2.30468e+07 1.49191e+06 1.86176e+07 1147.41 48043.1 257094 0.119083 3.11652e+10 2.96949e+06 10664.1 2.77775e+08 1.17386e+06 2.9423 0.0226717 0.146128 0.344772 0.000223056 123.493 -1.19315 0.0694191 11.6074 0.751392 0.848226 0.00799243 0.0533206 0.103035 0.000101103 21.11 0.26825 0.0234922 2.27331 0.163142 1.98553e+06 inf 
1435 6.26487e+06 50287 348169 755247 536.549 2.59513e+08 -2.60357e+06 159604 2.42528e+07 1.55753e+06 2.0792e+07 1392.32 66883.1 303777 0.169005 3.40638e+10 3.49394e+06 13808.6 3.00012e+08 1.24795e+06 3.09024 0.0248048 0.17174 0.372537 0.000264661 128.009 -1.28425 0.0787273 11.9631 0.768277 0.840449 0.00845592 0.0591324 0.10516 0.000115408 20.4019 0.272285 0.0247655 2.20701 0.159116 2.02731e+06 inf 
1445 6.67825e+06 55980.8 416688 828944 645.849 2.73751e+08 -2.8507e+06 183548 2.53402e+07 1.61614e+06 2.294e+07 1676.33 92583.9 355026 0.236492 3.6962e+10 4.07793e+06 17636.2 3.19466e+08 1.31068e+06 3.22298 0.0270168 0.201097 0.400056 0.000311692 132.115 -1.37577 0.0885818 12.2294 0.779962 0.826686 0.00889401 0.0651282 0.106275 0.000130311 19.5946 0.274388 0.0257803 2.149 0.155571 2.07207e+06 inf 
1455 7.08083e+06 62167.4 497719 905780 772.874 2.88237e+08 -3.11362e+06 209682 2.6316e+07 1.66831e+06 2.49743e+07 2002.08 127346 410052 0.326151 3.98322e+10 4.72145e+06 22179.7 3.3525e+08 1.35893e+06 3.33148 0.0292493 0.234173 0.426164 0.000363632 135.614 -1.46494 0.0986539 12.3815 0.784928 0.807142 0.00929751 0.0712609 0.106354 0.000145683 18.7008 0.274537 0.0265107 2.10489 0.152491 2.12543e+06 inf 
1465 7.449e+06 68711.6 591921 982999 917.754 3.02239e+08 -3.38548e+06 237397 2.70912e+07 1.70873e+06 2.67601e+07 2366.22 173546 466880 0.442529 4.25366e+10 5.41304e+06 27404.6 3.45782e+08 1.38727e+06 3.41235 0.0314765 0.271156 0.450307 0.000420419 138.454 -1.55087 0.108751 12.4103 0.782763 0.783912 0.00965329 0.0772977 0.105353 0.000161148 17.783 0.27291 0.026967 2.09387 0.150943 2.18295e+06 inf 
1475 7.78238e+06 75704.9 702192 1.06037e+06 1081.06 3.16089e+08 -3.66942e+06 266526 2.76732e+07 1.73839e+06 2.81968e+07 2768.15 234553 523444 0.588322 4.50314e+10 6.14488e+06 33209.6 3.50326e+08 1.39376e+06 3.45794 0.0336379 0.312005 0.471154 0.000480345 140.448 -1.63043 0.118425 12.296 0.772416 0.75585 0.00992284 0.0828959 0.102931 0.000175149 16.83 0.268416 0.0270452 2.11382 0.150544 2.25058e+06 inf 
1485 8.07731e+06 83086 831721 1.13719e+06 1263.35 3.29936e+08 -3.9679e+06 296972 2.80707e+07 1.75808e+06 2.92215e+07 3198.79 314819 577775 0.766285 4.72838e+10 6.91288e+06 39526.1 3.49044e+08 1.37974e+06 3.4642 0.035634 0.356709 0.48772 0.000541828 141.503 -1.70175 0.127365 12.039 0.754006 0.729291 0.0101055 0.0881951 0.0996302 0.000187263 15.9983 0.262358 0.0270195 2.18209 0.152377 2.33165e+06 inf 
1495 8.28654e+06 90609.8 978817 1.20696e+06 1459.65 3.42181e+08 -4.26251e+06 326542 2.81057e+07 1.75675e+06 2.96034e+07 3645.55 417049 624624 0.974443 4.8993e+10 7.67128e+06 45873.8 3.39348e+08 1.3351e+06 3.4268 0.0374706 0.404778 0.499124 0.000603621 141.505 -1.76271 0.135038 11.6228 0.726481 0.706525 0.0101749 0.0928462 0.095816 0.000196495 15.3883 0.25537 0.027118 2.29016 0.156013 2.41816e+06 inf 
1505 8.4303e+06 98407.4 1.15001e+06 1.27132e+06 1669.16 3.54059e+08 -4.56638e+06 355629 2.78916e+07 1.74182e+06 2.93662e+07 4093.93 547570 661771 1.20559 5.02435e+10 8.41626e+06 52037.5 3.23098e+08 1.26759e+06 3.33994 0.0389872 0.455615 0.503674 0.000661292 140.272 -1.80912 0.140894 11.0501 0.690078 0.692246 0.0100964 0.0967101 0.0921658 0.000200819 15.1435 0.247912 0.0276626 2.429 0.161211 2.52409e+06 inf 
1515 8.46059e+06 105987 1.34281e+06 1.32228e+06 1880.82 3.63881e+08 -4.85806e+06 381645 2.72825e+07 1.70423e+06 2.83445e+07 4507.6 708833 683028 1.44374 5.07411e+10 9.08729e+06 57369.2 2.99312e+08 1.17311e+06 3.20222 0.0401148 0.508236 0.500466 0.000711865 137.724 -1.83871 0.144448 10.3261 0.645029 0.688335 0.00984229 0.0999017 0.0897278 0.000199208 15.3907 0.242 0.0291271 2.58022 0.167165 2.6421e+06 inf 
1525 8.39114e+06 113441 1.56179e+06 1.36002e+06 2089.72 3.72462e+08 -5.14612e+06 404108 2.63624e+07 1.64898e+06 2.66361e+07 4866.15 904941 686589 1.66892 5.05406e+10 9.66812e+06 61451.9 2.70295e+08 1.06003e+06 3.01227 0.0407235 0.560654 0.488221 0.000750173 133.707 -1.84736 0.145068 9.46364 0.591953 0.698662 0.00940529 0.10259 0.0900742 0.000190663 16.2945 0.240688 0.0318671 2.73328 0.173566 2.78566e+06 inf 
1535 8.17361e+06 119980 1.8009e+06 1.37468e+06 2274.09 3.77865e+08 -5.40188e+06 419744 2.50199e+07 1.56868e+06 2.4174e+07 5108.7 1.13256e+06 666735 1.84453 4.93487e+10 1.0073e+07 63512.2 2.36367e+08 928672 2.7715 0.0406827 0.610649 0.466126 0.000771096 128.126 -1.83167 0.142326 8.48375 0.531907 0.718122 0.00878467 0.105521 0.0938213 0.000175651 17.7983 0.24607 0.0357611 2.85891 0.178799 2.94916e+06 inf 
1545 7.82768e+06 125728 2.06551e+06 1.36702e+06 2425.87 3.80851e+08 -5.63474e+06 428114 2.33358e+07 1.46803e+06 2.11918e+07 5217.26 1.39266e+06 625449 1.9467 4.72756e+10 1.02925e+07 63357 2.00019e+08 788238 2.48397 0.0398974 0.655452 0.433799 0.000769805 120.856 -1.78808 0.135854 7.40522 0.465854 0.744786 0.00798769 0.110992 0.101456 0.000158592 19.8946 0.262472 0.0406055 2.93859 0.181972 3.15127e+06 inf 
1555 7.32473e+06 129573 2.34169e+06 1.32825e+06 2514.62 3.79466e+08 -5.80964e+06 426239 2.12908e+07 1.34496e+06 1.7828e+07 5127.25 1.66769e+06 562441 1.94154 4.4184e+10 1.02441e+07 60663.2 1.63356e+08 646033 2.16125 0.0382322 0.690943 0.391918 0.000741969 111.966 -1.7142 0.125767 6.28211 0.396847 0.767705 0.00715226 0.12112 0.111156 0.000149528 22.3741 0.290096 0.0456295 2.95557 0.182022 3.38911e+06 inf 
1565 6.68383e+06 131024 2.62233e+06 1.25813e+06 2525.06 3.73429e+08 -5.91532e+06 413553 1.89757e+07 1.20433e+06 1.43688e+07 4822.94 1.94069e+06 483856 1.82884 4.02144e+10 9.90954e+06 55689.9 1.28644e+08 510549 1.81723 0.0356233 0.71297 0.342066 0.000686523 101.529 -1.60828 0.112438 5.15918 0.327437 0.77739 0.00650081 0.138986 0.120596 0.00016099 25.0086 0.328142 0.0499878 2.89123 0.177749 3.67804e+06 inf 
1575 5.91164e+06 129137 2.8829e+06 1.15445e+06 2441.33 3.61132e+08 -5.91695e+06 388798 1.64309e+07 1.04804e+06 1.10363e+07 4307.45 2.17754e+06 396057 1.62567 3.54586e+10 9.26224e+06 48798.4 9.72636e+07 387236 1.47002 0.0321117 0.716875 0.287072 0.000607073 89.8008 -1.47134 0.0966805 4.0858 0.260612 0.763791 0.0063204 0.166034 0.126788 0.000188972 27.4431 0.371964 0.0527951 2.7372 0.168445 4.02148e+06 inf 
1585 5.06273e+06 123583 3.10717e+06 1.02473e+06 2271.06 3.42998e+08 -5.80704e+06 354172 1.38287e+07 886403 8.08139e+06 3633.13 2.35131e+06 308419 1.36927 3.02846e+10 8.35212e+06 40907.7 7.08112e+07 282555 1.14085 0.0278486 0.700177 0.230915 0.000511767 77.2922 -1.30857 0.0798101 3.11619 0.199744 0.720795 0.0065694 0.199002 0.127195 0.000215984 29.1607 0.411975 0.0533723 2.49923 0.154188 4.43769e+06 inf 
1595 4.17118e+06 113855 3.25585e+06 873990 2021.73 3.1778e+08 -5.55101e+06 310636 1.12458e+07 724107 5.62078e+06 2870.94 2.42228e+06 227569 1.09118 2.49124e+10 7.21893e+06 32672.6 4.94584e+07 197533 0.847913 0.0231444 0.661846 0.177664 0.000410976 64.598 -1.1284 0.0631457 2.28604 0.147196 0.650868 0.00692384 0.233146 0.121226 0.000230029 29.8542 0.440637 0.0515198 2.19724 0.135969 4.91935e+06 inf 
1605 3.30645e+06 100653 3.31096e+06 716153 1723.66 2.8709e+08 -5.16177e+06 262622 8.84794e+06 571889 3.72287e+06 2117.76 2.37779e+06 159475 0.825277 1.97634e+10 5.97888e+06 24978.7 3.32818e+07 132838 0.602726 0.0183479 0.603548 0.130546 0.000314201 52.333 -0.940929 0.0478728 1.61287 0.104248 0.561566 0.00702842 0.263004 0.109673 0.00022741 29.392 0.45225 0.0475553 1.86159 0.11553 5.48583e+06 inf 
1615 2.51469e+06 84816.6 3.24877e+06 562104 1405.47 2.51936e+08 -4.64676e+06 213570 6.72363e+06 435772 2.35003e+06 1448.48 2.21317e+06 106198 0.593876 1.50973e+10 4.73007e+06 18301.9 2.16179e+07 86050 0.410484 0.013845 0.530311 0.0917547 0.00022942 41.1246 -0.75851 0.034862 1.09753 0.071133 0.463797 0.00669021 0.282906 0.0944259 0.000210493 27.8059 0.443591 0.0420967 1.52454 0.0947966 6.12616e+06 inf 
1625 1.83335e+06 67839.7 3.06684e+06 422265 1095.59 2.14232e+08 -4.03844e+06 166919 4.92734e+06 319894 1.41492e+06 915.491 1.95216e+06 67317 0.407234 1.10961e+10 3.57189e+06 12852.5 1.35159e+07 53576.5 0.268221 0.00992499 0.448681 0.0617776 0.000160285 31.3423 -0.590827 0.0244204 0.720873 0.0468006 0.367508 0.00595244 0.290323 0.0776662 0.000184085 25.3184 0.416526 0.0358326 1.20737 0.0751531 6.83524e+06 inf 
1635 1.28449e+06 51283 2.78181e+06 304312 819.25 1.76598e+08 -3.38599e+06 125833 3.49671e+06 227073 817731 531.119 1.63257e+06 40868.6 0.268178 7.8778e+09 2.57887e+06 8717.95 8.20448e+06 32328.9 0.169163 0.00675378 0.366355 0.0400768 0.000107892 23.2574 -0.445922 0.0165717 0.460505 0.0299047 0.281205 0.00493284 0.284232 0.06145 0.000153874 22.2839 0.375207 0.029555 0.931899 0.057994 7.59322e+06 inf 
1645 866264 36511.5 2.4254e+06 210815 589.152 1.41189e+08 -2.73954e+06 91603 2.40353e+06 155933 453356 281.478 1.29802e+06 23781 0.169703 5.40929e+09 1.78352e+06 5697.85 4.81098e+06 18820.6 0.103309 0.00435428 0.289247 0.0251412 7.02608e-05 16.8379 -0.326711 0.0109243 0.286639 0.0185961 0.208311 0.00382212 0.266711 0.0469466 0.0001237 19.0154 0.325511 0.0236679 0.70113 0.0435739 8.38522e+06 inf 
1655 563955 24292.1 2.03242e+06 140824 408.99 1.09558e+08 -2.13909e+06 64581.7 1.60427e+06 103860 241256 134.693 984364 13278.1 0.10333 3.60258e+09 1.18481e+06 3591.23 2.72886e+06 10586 0.0614159 0.00264547 0.221335 0.0153361 4.45398e-05 11.9311 -0.232952 0.00703309 0.174708 0.0113105 0.150004 0.00276945 0.241268 0.0347968 9.6276e-05 15.8107 0.273426 0.0184832 0.516387 0.0320141 9.18256e+06 inf 
1665 355085 14928.7 1.64107e+06 90913.4 274.81 8.26719e+07 -1.61509e+06 44158.5 1.04064e+06 67161.7 123043 57.1057 714416 7107.2 0.06047 2.33026e+09 757490 2176.07 1.48984e+06 5726.05 0.0354421 0.00149008 0.1638 0.00907435 2.74297e-05 8.25174 -0.161207 0.00440759 0.10387 0.00670361 0.105001 0.00186536 0.210897 0.0250409 7.26864e-05 12.8257 0.222755 0.0140632 0.371371 0.0229477 1.00187e+07 inf 
1675 216677 8263.36 1.28082e+06 56842.6 178.998 6.0835e+07 -1.18254e+06 29344.9 657477 42257.2 60253 20.9289 497555 3646.75 0.0339006 1.46693e+09 467093 1274.29 790187 3002.31 0.0198287 0.000756201 0.117211 0.00520181 1.63805e-05 5.56717 -0.108218 0.00268543 0.0601674 0.00386707 0.0715593 0.00115906 0.178309 0.0175118 5.32354e-05 10.1612 0.176164 0.0104596 0.262091 0.0161182 1.09275e+07 inf 
1685 128200 3846.48 967762 34449.4 113.096 4.37073e+07 -840643 18944.4 404108 25847.5 28209 6.7228 333314 1787.06 0.0181184 8.98184e+08 277983 715.84 403055 1512.37 0.0107733 0.000323242 0.0813266 0.00289498 9.50414e-06 3.67298 -0.070644 0.001592 0.0339596 0.00217211 0.0474815 0.00067858 0.146275 0.0119078 3.78453e-05 7.8733 0.135536 0.00759089 0.180881 0.0110623 1.18997e+07 inf 
1695 73144.1 1150.03 708502 20133.5 68.9602 3.06566e+07 -580414 11816.3 240240 15281.5 12502.2 2.62027 213870 827.866 0.00913576 5.31907e+08 158830 382.618 196040 725.276 0.00563551 8.86059e-05 0.0545877 0.00155122 5.31315e-06 2.36199 -0.044719 0.000910409 0.0185097 0.00117739 0.0305204 0.00044049 0.116182 0.00783441 2.59933e-05 5.95002 0.101181 0.00535263 0.121497 0.00738199 1.29791e+07 inf 
1705 40401.8 -330.686 503644 11384.8 40.6658 2.10421e+07 -389987 7152.13 138884 8776.28 5324.56 2.26746 131742 367.515 0.00438329 3.0609e+08 87382.7 197.068 92117.1 335.658 0.00285121 -2.3337e-05 0.0355428 0.000803436 2.86983e-06 1.48497 -0.0275218 0.000504734 0.00980121 0.000619353 0.0191737 0.000399341 0.0896321 0.00502896 1.73522e-05 4.40409 0.0735476 0.00369494 0.0800297 0.00482745 1.41701e+07 inf 
1715 21474 -1005.4 347912 6191.05 23.0232 1.41238e+07 -255054 4173.18 77532.4 4862.71 2171.13 2.68635 77518.3 155.783 0.00198522 1.69989e+08 46028.8 97.1804 41520.5 148.919 0.001375 -6.43769e-05 0.0222772 0.000396419 1.4742e-06 0.904362 -0.0163314 0.000267213 0.00496448 0.000311365 0.0117102 0.000409714 0.0668379 0.00313333 1.11778e-05 3.17281 0.0517741 0.00248015 0.0513221 0.00307222 1.56174e+07 inf 
1725 10933.2 -1192.77 232244 3223.33 12.4639 9.22714e+06 -161458 2338.29 41632.9 2588.56 831.438 2.82389 43307.5 62.3716 0.000846346 9.07761e+07 23080.1 44.7875 17349.2 61.3644 0.000632596 -6.90136e-05 0.0134376 0.000186502 7.21157e-07 0.533881 -0.00934196 0.000135293 0.00240887 0.000149774 0.006907 0.00039828 0.0482203 0.00189051 6.96056e-06 2.22874 0.035329 0.00160409 0.0315914 0.00187833 1.72831e+07 inf 
1735 5343.41 -1115.95 150200 1609.81 6.44942 5.88163e+06 -99157 1259.83 21535.8 1326.06 299.038 2.51638 23038.6 23.5134 0.000335088 4.66645e+07 11035.7 19.2846 6773.05 23.6458 0.00027837 -5.81361e-05 0.00782479 8.38645e-05 3.35988e-07 0.306409 -0.00516567 6.56319e-05 0.00112193 6.9082e-05 0.00393715 0.00035737 0.0337489 0.00110359 4.16459e-06 1.52877 0.0234143 0.00100017 0.0187507 0.00110773 1.91954e+07 inf 
1745 2472.8 -917.903 93549.7 761.725 3.1531 3.63517e+06 -58701.9 643.323 10560.2 643.577 94.0476 1.9335 11544 7.84668 0.000117755 2.2754e+07 4963.76 7.21627 2275 7.8615 0.000113533 -4.21432e-05 0.0042951 3.49727e-05 1.44767e-07 0.1669 -0.00269515 2.95366e-05 0.000484846 2.95483e-05 0.00207487 0.000294951 0.0226178 0.000599198 2.32066e-06 1.00838 0.0148538 0.000574843 0.0102086 0.000600057 2.17806e+07 inf 
1755 1068.99 -689.124 55881.4 337.21 1.43815 2.1708e+06 -33354.5 306.748 4833.3 291.499 24.4045 1.29376 5389.02 2.18078 3.46103e-05 1.03692e+07 2073.3 2.21685 624.861 2.14045 4.26417e-05 -2.7489e-05 0.0022291 1.34513e-05 5.73674e-08 0.0865928 -0.0013305 1.22361e-05 0.0001928 1.16279e-05 0.000985734 0.000225504 0.0144913 0.000294636 1.17359e-06 0.637282 0.00899628 0.000297119 0.00498883 0.000291971 2.50691e+07 inf 
1765 421.043 -477.513 31773 136.19 0.594755 1.24351e+06 -18043.7 133.237 2016.34 120.302 4.96147 0.743969 2285.65 0.475856 7.8908e-06 4.31038e+06 783.696 0.533945 135.209 0.45875 1.45223e-05 -1.647e-05 0.00109589 4.69737e-06 2.05139e-08 0.0428902 -0.000622353 4.59552e-06 6.95464e-05 4.14938e-06 0.000413421 0.00015934 0.00881103 0.000128027 5.2129e-07 0.383186 0.00516173 0.00013563 0.00215841 0.000125721 2.89928e+07 inf 
1775 142.986 -304.734 16975.1 47.5297 0.211616 674916 -9168.41 49.9295 726.057 42.8299 0.667397 0.355244 833.142 0.0691121 1.20418e-06 1.54886e+06 253.643 0.0853647 19.4288 0.0652395 4.11799e-06 -8.7763e-06 0.000488881 1.36885e-06 6.09451e-09 0.0194375 -0.000264049 1.43796e-06 2.09103e-05 1.2335e-06 0.000138578 0.000100767 0.00487395 4.45931e-05 1.86126e-07 0.210307 0.00268982 4.95623e-05 0.000747736 4.33286e-05 3.47224e+07 inf 
1785 37.456 -174.232 8261.81 12.8133 0.0577814 336771 -4240.09 14.4656 202.67 11.8017 0.0459644 0.127109 232.371 0.00514562 9.40345e-08 431806 62.7733 0.00702294 1.44695 0.00479341 8.47874e-07 -3.94401e-06 0.000187019 2.90049e-07 1.30797e-09 0.00762332 -9.5981e-05 3.27452e-07 4.58776e-06 2.6715e-07 3.22453e-05 5.34954e-05 0.00228585 1.07886e-05 4.61184e-08 0.0985722 0.00118817 1.26043e-05 0.000180922 1.04132e-05 4.41764e+07 inf 
1795 6.6611 -84.7838 3459.07 2.34083 0.0106329 146786 -1686.32 2.87121 39.0956 2.23569 0.0013282 0.0306479 42.958 0.000159425 3.06853e-09 82959.5 10.378 0.000245555 0.046745 0.000151362 1.12423e-07 -1.43095e-06 5.83809e-05 3.95077e-08 1.79458e-10 0.0024774 -2.84611e-05 4.84592e-08 6.59841e-07 3.77332e-08 4.73332e-06 2.26984e-05 0.000849482 1.63986e-06 7.19425e-09 0.0373366 0.000417547 2.0352e-06 2.80804e-05 1.59788e-06 5.92501e+07 inf 
1805 0.688774 -31.2877 1083.41 0.247766 0.00114638 48960.5 -501.343 0.337827 4.53364 0.252094 1.28743e-05 0.00451281 4.46877 1.63825e-06 3.52162e-11 9520.71 0.975597 3.00939e-06 0.0005469 1.69364e-06 7.836e-09 -3.55952e-07 1.23257e-05 2.81877e-09 1.3042e-11 0.000557011 -5.70365e-06 3.84337e-09 5.1578e-08 2.86801e-09 3.82631e-07 7.15642e-06 0.00022514 1.36492e-07 6.32831e-10 0.0103925 0.000105198 1.84992e-07 2.49385e-06 1.3878e-07 8.78986e+07 inf 
1815 0.050646 -9.05934 258.782 0.018526 8.61917e-05 12748.4 -113.002 0.0286582 0.38455 0.0205292 8.53973e-08 0.000455833 0.326576 1.13274e-08 2.42572e-13 789.959 0.0642121 2.56702e-08 4.61293e-06 1.33006e-08 3.60661e-10 -6.45136e-08 1.84284e-06 1.31928e-10 6.1379e-13 9.07845e-05 -8.04714e-07 2.04082e-10 2.73846e-09 1.46193e-10 2.46577e-08 1.80054e-06 4.81895e-05 8.98041e-09 4.15576e-11 0.00237007 2.13687e-05 1.35189e-08 1.81224e-07 9.73115e-09 1.40425e+08 inf 
1825 0.00194211 -1.89606 44.9009 0.000712652 3.22476e-06 2464.87 -18.2772 0.00125498 0.0168446 0.000861433 1.45725e-10 2.03896e-05 0.0133241 2.01168e-11 3.97023e-16 33.4881 0.00233813 4.88552e-11 8.50774e-09 2.32864e-11 6.57978e-12 -6.42375e-09 1.52122e-07 2.41443e-12 1.09253e-14 8.35086e-06 -6.19223e-08 4.25181e-12 5.70688e-11 2.91849e-12 7.02614e-10 2.6275e-07 6.717e-06 2.61053e-10 1.15973e-12 0.000336729 2.81383e-06 4.06818e-10 5.36848e-09 2.80864e-10 2.95164e+08 inf 
1835 2.73219e-05 -0.286123 4.7015 8.85482e-06 5.04496e-08 233.384 -1.56154 2.26999e-05 0.000241384 1.28427e-05 1.49849e-13 3.44638e-07 0.000287473 2.05327e-14 4.25363e-19 0.53339 4.3727e-05 4.74535e-14 6.88132e-12 2.08067e-14 2.00896e-14 -2.10384e-10 3.45698e-09 6.51089e-15 3.70953e-17 1.71605e-07 -1.14819e-09 1.66911e-14 1.77488e-13 9.44315e-15 1.04968e-11 1.59175e-08 4.59744e-07 3.88556e-12 1.76852e-14 1.98032e-05 1.79307e-07 5.90694e-12 7.1132e-11 3.91138e-12 1.36e+09 inf 
1845 -5.52042e-07 -0.093309 1.32191 -3.57177e-07 -4.7821e-10 16.3187 -0.0722351 6.15502e-07 -1.67791e-06 -5.9908e-07 5.64062e-18 9.7152e-09 4.51246e-06 7.19485e-19 1.90794e-23 0.00729598 1.62635e-07 4.87561e-18 5.07445e-16 2.30546e-18 -5.14353e-16 -8.69386e-11 1.23166e-09 -3.32792e-16 -4.45561e-19 1.52046e-08 -6.73034e-11 5.7348e-16 -1.56336e-15 -5.5818e-16 7.24932e-14 3.00739e-09 6.48295e-08 2.58892e-14 1.33329e-16 2.60723e-06 1.23096e-08 6.73974e-14 6.87603e-13 4.63438e-14 1.07327e+09 inf 
1855 -6.35274e-11 -1.94354e-07 6.48575e-06 -5.03641e-13 2.21399e-18 0.00105277 -2.22592e-06 1.70468e-14 -2.2566e-10 7.2249e-15 1.34049e-24 1.29436e-17 1.52847e-14 9.51333e-29 3.75345e-39 4.06014e-10 1.74287e-15 2.19842e-31 1.68929e-23 3.83586e-32 -3.00633e-16 -9.19748e-13 3.06928e-11 -2.3834e-18 1.04773e-23 4.98207e-09 -1.05338e-11 8.0671e-20 -1.0679e-15 3.41907e-20 2.50066e-15 7.77224e-12 2.6719e-10 2.10837e-17 1.32864e-22 4.35497e-08 9.02047e-11 1.01679e-18 8.87707e-15 4.24685e-19 211312 inf 
1865 0 0 0 0 0 0 0 0 0 0 0 0 0 0 0 0 0 0 0 0 0.0 0.0 0.0 0.0 0.0 0.0 0.0 0.0 0.0 0.0 0.0 0.0 0.0 0.0 0.0 0.0 0.0 0.0 0.0 0.0 0 -nan 
1875 0 0 0 0 0 0 0 0 0 0 0 0 0 0 0 0 0 0 0 0 0.0 0.0 0.0 0.0 0.0 0.0 0.0 0.0 0.0 0.0 0.0 0.0 0.0 0.0 0.0 0.0 0.0 0.0 0.0 0.0 0 -nan 
1885 0 0 0 0 0 0 0 0 0 0 0 0 0 0 0 0 0 0 0 0 0.0 0.0 0.0 0.0 0.0 0.0 0.0 0.0 0.0 0.0 0.0 0.0 0.0 0.0 0.0 0.0 0.0 0.0 0.0 0.0 0 -nan 
1895 0 0 0 0 0 0 0 0 0 0 0 0 0 0 0 0 0 0 0 0 0.0 0.0 0.0 0.0 0.0 0.0 0.0 0.0 0.0 0.0 0.0 0.0 0.0 0.0 0.0 0.0 0.0 0.0 0.0 0.0 0 -nan 
