255 0 0 0 0 0 0 0 0 0 0 0 0 0 0 0 0 0 0 0 0 0.0 0.0 0.0 0.0 0.0 0.0 0.0 0.0 0.0 0.0 0.0 0.0 0.0 0.0 0.0 0.0 0.0 0.0 0.0 0.0 0 -nan 
265 0 0 0 0 0 0 0 0 0 0 0 0 0 0 0 0 0 0 0 0 0.0 0.0 0.0 0.0 0.0 0.0 0.0 0.0 0.0 0.0 0.0 0.0 0.0 0.0 0.0 0.0 0.0 0.0 0.0 0.0 0 -nan 
275 0 0 0 0 0 0 0 0 0 0 0 0 0 0 0 0 0 0 0 0 0.0 0.0 0.0 0.0 0.0 0.0 0.0 0.0 0.0 0.0 0.0 0.0 0.0 0.0 0.0 0.0 0.0 0.0 0.0 0.0 0 -nan 
285 0 0 0 0 0 0 0 0 0 0 0 0 0 0 0 0 0 0 0 0 0.0 0.0 0.0 0.0 0.0 0.0 0.0 0.0 0.0 0.0 0.0 0.0 0.0 0.0 0.0 0.0 0.0 0.0 0.0 0.0 0 -nan 
295 0.00104763 1.31699e-10 247.763 337.031 144.442 0.0673806 0.31595 0.196576 9.47085e-08 175.715 4.34616e-13 1.98731e-25 0.0231397 0.0428374 0.0078681 3.04817e-09 4.26269e-08 1.64906e-08 4.5498e-18 0.0116491 0.0 0.0 0.0 0.0 0.0 0.0 0.0 0.0 0.0 0.0 0.0 0.0 0.0 0.0 0.0 0.0 0.0 0.0 0.0 0.0 -1.35736e+08 -inf 
305 0.0366458 1.20945e-09 1512.17 2015.49 863.783 1.8838 10.4071 6.38891 5.29626e-05 1031.17 7.58085e-11 4.50106e-24 0.153496 0.270967 0.0497694 3.04833e-06 1.23477e-05 4.60159e-06 7.15708e-13 0.0704878 1.09924e-10 3.62791e-18 4.53598e-06 6.04577e-06 2.59105e-06 5.65073e-09 3.12177e-08 1.91645e-08 1.58869e-13 3.09314e-06 4.64021e-10 1.1614e-16 2.09728e-05 2.78613e-05 1.19406e-05 9.54567e-08 1.89906e-07 1.15913e-07 4.63341e-11 1.42081e-05 3.33373e+08 inf 
315 0.0546511 3.03766e-09 909.383 1168 500.572 3.39146 15.9671 9.64088 0.0004766 577.217 2.87698e-10 9.60141e-22 0.512711 0.817809 0.15021 8.03994e-05 0.000322548 0.000115458 3.17663e-11 0.192581 5.22355e-10 2.9034e-17 8.69189e-06 1.11638e-05 4.78447e-06 3.24156e-08 1.52614e-07 9.21476e-08 4.55535e-12 5.51704e-06 1.57384e-09 3.02922e-15 6.94618e-05 8.7704e-05 3.75874e-05 8.76018e-07 1.74918e-06 1.04645e-06 5.51001e-10 4.25471e-05 1.04624e+08 inf 
325 0.0661593 1.56336e-08 824.618 1019.86 437.084 6.48892 24.4174 14.5395 0.00187373 486.146 1.85867e-09 5.15781e-20 2.81796 4.13529 0.759542 0.000705122 0.00434141 0.00151815 4.0695e-10 0.899072 1.02274e-09 2.41675e-16 1.27475e-05 1.57658e-05 6.75675e-06 1.0031e-07 3.77461e-07 2.24762e-07 2.89655e-11 7.51519e-06 5.26181e-09 2.8236e-14 0.000208325 0.000252344 0.000108148 3.30003e-06 8.18353e-06 4.83923e-06 2.508e-09 0.000117652 6.46885e+07 inf 
335 0.0764355 5.52567e-08 928.498 1107.21 474.517 11.5921 39.2854 23.1891 0.00477953 509.387 1.53434e-08 7.523e-19 9.93688 13.5281 2.48475 0.00313609 0.0269784 0.0093577 2.52811e-09 2.74087 1.61978e-09 1.17097e-15 1.96763e-05 2.34634e-05 1.00557e-05 2.45654e-07 8.32518e-07 4.91412e-07 1.01286e-10 1.07947e-05 1.7959e-08 1.26258e-13 0.000458465 0.000534911 0.000229248 8.1485e-06 2.3896e-05 1.40735e-05 7.31876e-09 0.000240763 4.71887e+07 inf 
345 0.103133 1.48097e-07 1260.69 1454.96 623.553 19.8178 67.8253 39.8855 0.00984562 648.428 8.06442e-08 4.79331e-18 26.0859 33.3277 6.12141 0.00945071 0.102009 0.0354231 9.69877e-09 6.35884 2.75789e-09 3.96027e-15 3.37122e-05 3.89072e-05 1.66745e-05 5.29952e-07 1.81373e-06 1.06658e-06 2.63283e-10 1.73397e-05 4.63563e-08 3.57998e-13 0.000834524 0.000943242 0.000404247 1.58884e-05 5.21972e-05 3.0759e-05 1.61024e-08 0.000411998 3.73956e+07 inf 
355 0.152336 3.34121e-07 1785.13 2000.07 857.175 32.0236 114.385 67.2487 0.0179453 866.145 3.00439e-07 1.90159e-17 57.1165 69.1526 12.7015 0.0231685 0.289803 0.101093 2.73385e-08 12.531 5.40051e-09 1.1845e-14 6.32851e-05 7.09052e-05 3.0388e-05 1.13528e-06 4.05509e-06 2.38405e-06 6.36184e-10 3.07059e-05 1.03062e-07 8.20974e-13 0.00142157 0.00156414 0.000670344 2.86367e-05 0.000101279 5.9818e-05 3.11253e-08 0.000665805 2.82077e+07 inf 
365 0.242182 7.002e-07 2500.84 2724.41 1167.6 48.6021 183.739 108.352 0.0303594 1148.5 1.17348e-06 9.52846e-17 117.573 133.799 24.5753 0.0512856 0.771027 0.273619 7.87764e-08 22.8948 1.02997e-08 2.97785e-14 0.000106357 0.000115865 4.96565e-05 2.06698e-06 7.81415e-06 4.60806e-06 1.29114e-09 4.8844e-05 2.2316e-07 2.01282e-12 0.00223358 0.00238261 0.00102112 4.66565e-05 0.000180913 0.000107775 5.78669e-08 0.000985545 2.35136e+07 inf 
375 0.392814 1.27143e-06 3415.71 3625.18 1553.65 70.147 279.928 165.925 0.0470357 1490.52 3.17645e-06 2.63504e-16 206.374 223.203 40.9965 0.096441 1.62228 0.584036 1.67494e-07 36.3751 1.8884e-08 6.11224e-14 0.000164205 0.000174276 7.46895e-05 3.37222e-06 1.34572e-05 7.97664e-06 2.26118e-09 7.16546e-05 3.90316e-07 3.55863e-12 0.0031455 0.00327106 0.00140188 6.80066e-05 0.000278941 0.000167371 8.97048e-08 0.00132044 2.08014e+07 inf 
385 0.629256 2.24145e-06 4569.26 4730.7 2027.44 98.0158 409.907 244.778 0.0710172 1899.61 8.48553e-06 8.16563e-16 361.407 371.563 68.2462 0.179152 3.33177 1.22637 3.67577e-07 57.7414 3.53739e-08 1.26004e-13 0.000256863 0.000265939 0.000113974 5.51e-06 2.30431e-05 1.37603e-05 3.99226e-09 0.000106787 6.89758e-07 6.77404e-12 0.00450008 0.00456255 0.00195538 0.000100203 0.000432164 0.000262206 1.43693e-07 0.00179849 1.77887e+07 inf 
395 0.990818 3.6839e-06 6031.43 6100.85 2614.65 133.662 583.323 351.467 0.103383 2396.06 1.85861e-05 1.63815e-15 584.421 576.904 105.962 0.304828 6.05948 2.2671 6.71941e-07 86.1872 6.05403e-08 2.25091e-13 0.000368528 0.00037277 0.000159759 8.1669e-06 3.56418e-05 2.14751e-05 6.31682e-09 0.000146403 1.06394e-06 1.00021e-11 0.00596432 0.00592542 0.00253947 0.00013623 0.000607431 0.000371566 2.02526e-07 0.00229013 1.63663e+07 inf 
405 1.51242 6.01697e-06 7739.68 7652.15 3279.49 176.473 798.988 486.787 0.146623 2940.97 4.39801e-05 4.74509e-15 958.379 901.173 165.521 0.519267 11.2071 4.31881 1.37542e-06 128.636 9.68262e-08 3.85211e-13 0.0004955 0.000489896 0.000209955 1.12979e-05 5.11518e-05 3.11645e-05 9.38692e-09 0.000188283 1.67519e-06 1.74251e-11 0.00781732 0.00757982 0.0032485 0.000181979 0.000845501 0.000524902 2.96593e-07 0.00286355 1.56199e+07 inf 
415 2.26067 9.41183e-06 9847.97 9525.6 4082.4 230.519 1076.07 663.968 0.203592 3585.64 9.34005e-05 1.06768e-14 1475.35 1327.46 243.819 0.829725 19.0795 7.57429 2.4971e-06 181.753 1.64842e-07 6.86286e-13 0.000718089 0.000694582 0.000297678 1.68088e-05 7.84642e-05 4.84148e-05 1.48454e-08 0.000261456 2.60449e-06 2.78936e-11 0.0103471 0.0098139 0.00420596 0.000245395 0.00117689 0.000741588 4.26452e-07 0.00363106 1.37141e+07 inf 
425 3.2487 1.37784e-05 12217.4 11578.6 4962.27 292.498 1399.79 875.379 0.270615 4274.81 0.000174589 2.02666e-14 2100.21 1818.64 334.035 1.22324 29.4191 12.0209 4.00755e-06 240.152 2.62178e-07 1.11195e-12 0.000985973 0.000934425 0.000400468 2.36053e-05 0.000112966 7.06452e-05 2.18393e-08 0.000344987 3.74446e-06 4.04268e-11 0.0129815 0.0120787 0.00517659 0.000313306 0.0015367 0.000982406 5.6828e-07 0.00438883 1.23912e+07 inf 
435 4.6415 2.06182e-05 15129.2 14046 6019.71 370.105 1808.99 1149.09 0.36343 5085.51 0.000347714 4.56232e-14 3131.51 2595.89 476.797 1.88045 47.4455 20.1316 7.14676e-06 329.042 4.17453e-07 1.85439e-12 0.00136071 0.00126329 0.00054141 3.3287e-05 0.0001627 0.000103349 3.26867e-08 0.000457388 5.57664e-06 6.40304e-11 0.0167271 0.0152275 0.00652608 0.0004099 0.00205931 0.00134162 8.01066e-07 0.00542076 1.11186e+07 inf 
445 6.47891 2.98821e-05 18562.6 16905.4 7245.18 462.458 2300.81 1485.13 0.479595 6010.2 0.000621722 8.60307e-14 4466.95 3571.51 655.991 2.7514 71.8208 31.4923 1.14807e-05 437.497 6.335e-07 2.92183e-12 0.00181503 0.00165299 0.000708425 4.52186e-05 0.000224971 0.000145214 4.68943e-08 0.000587671 7.7711e-06 9.16703e-11 0.0208202 0.0186141 0.00797748 0.000516705 0.00264044 0.00174877 1.05848e-06 0.00651403 1.02272e+07 inf 
455 8.92123 4.25301e-05 22606.7 20204.1 8658.9 573.974 2893.21 1900.11 0.62681 7055.35 0.00108734 1.48128e-13 6236.84 4810.36 883.536 3.97817 106.042 48.1314 1.77683e-05 569.288 9.28828e-07 4.428e-12 0.00235368 0.00210354 0.000901516 5.9759e-05 0.000301225 0.000197829 6.52599e-08 0.000734563 1.05993e-05 1.24108e-10 0.0253733 0.0222801 0.00954861 0.000640791 0.00330904 0.00222981 1.35856e-06 0.00766365 9.60482e+06 inf 
465 12.0781 6.0336e-05 27348 24003.1 10287 705.381 3596.3 2405.07 0.815858 8239.23 0.00189978 2.92273e-13 8956.4 6671.62 1225.4 5.83712 159.249 75.0131 2.96531e-05 763.971 1.34744e-06 6.7311e-12 0.00305095 0.0026778 0.00114763 7.86925e-05 0.000401204 0.000268311 9.10174e-08 0.000919172 1.44957e-05 1.80446e-10 0.0314622 0.0271499 0.0116357 0.000803118 0.00419582 0.00288036 1.81654e-06 0.00918608 8.96376e+06 inf 
475 16.1597 8.34113e-05 32824.7 28307.1 12131.6 860.793 4420.95 3013.72 1.04255 9555.34 0.00312738 4.84282e-13 11936.9 8594.19 1578.52 8.02005 221.334 108.506 4.30964e-05 953.071 1.9696e-06 1.01664e-11 0.00400078 0.00345016 0.00147864 0.000104916 0.00053884 0.000367322 1.2707e-07 0.00116464 1.94241e-05 2.4274e-10 0.0379329 0.0321805 0.0137916 0.000983109 0.0051659 0.00361803 2.28836e-06 0.0107148 8.20457e+06 inf 
485 21.2467 0.000114632 39035.3 33095.2 14183.7 1037.51 5364.42 3729.56 1.32381 10992.5 0.00513483 8.76974e-13 16247.9 11315.4 2078.34 11.12 311.753 159.081 6.64839e-05 1215.87 2.77318e-06 1.4962e-11 0.005095 0.00431968 0.00185129 0.000135419 0.000700179 0.000486793 1.72788e-07 0.00143478 2.57395e-05 3.37996e-10 0.0457686 0.0381872 0.0163659 0.00119711 0.00634039 0.00453064 2.94071e-06 0.0125156 7.6615e+06 inf 
495 27.6642 0.000155193 46273.2 38587 16537.3 1247.97 6471.6 4592.83 1.66919 12615.8 0.00821241 1.52693e-12 21831.1 14714.6 2702.68 15.2739 431.168 229.802 0.000100993 1533.26 3.84032e-06 2.15438e-11 0.00642361 0.00535661 0.00229569 0.000173242 0.000898381 0.000637572 2.31715e-07 0.00175131 3.35454e-05 4.59894e-10 0.0546746 0.0448773 0.0192331 0.00144579 0.00768422 0.00561199 3.73711e-06 0.0144837 7.20362e+06 inf 
505 36.0843 0.000212755 55151.6 45252.2 19393.8 1507.01 7827.6 5675.07 2.12166 14568.9 0.0131047 2.55066e-12 29051 18961.1 3482.64 20.8327 588.457 327.989 0.000146536 1916.63 5.32494e-06 3.13961e-11 0.00813869 0.00667784 0.00286193 0.000222389 0.00115511 0.000837467 3.13091e-07 0.00214992 4.3652e-05 6.1271e-10 0.0649677 0.0524736 0.0224887 0.0017392 0.00924683 0.00690651 4.63963e-06 0.0166798 6.77647e+06 inf 
515 46.0219 0.000281704 64718.7 52286 22408.3 1791.95 9301 6889.48 2.63261 16585.6 0.0197845 4.21564e-12 37829.1 23986.1 4405.61 27.7047 782.184 454.564 0.000211547 2358.64 7.26328e-06 4.44591e-11 0.010214 0.0082519 0.00353653 0.000282809 0.0014679 0.00108731 4.15484e-07 0.00261758 5.54047e-05 8.1446e-10 0.0765895 0.0609709 0.0261304 0.00207182 0.0110132 0.00839988 5.76318e-06 0.0191153 6.33624e+06 inf 
525 58.0996 0.000370492 75486.5 60068.8 25743.8 2117.9 10961.6 8300.59 3.24867 18779.8 0.0297719 6.65777e-12 49044.9 30185.8 5544.34 36.9634 1031.89 626.984 0.000301977 2884.38 9.69899e-06 6.1849e-11 0.0126015 0.0100277 0.0042976 0.000353558 0.0018299 0.00138568 5.42325e-07 0.00313505 6.98282e-05 1.05243e-09 0.0896026 0.0702751 0.0301179 0.00245878 0.0129967 0.0101364 7.07935e-06 0.0217182 5.99027e+06 inf 
535 73.3885 0.00049171 88415.7 69317.9 29707.7 2508.13 12943.8 10027.4 4.03557 21364.9 0.0448219 1.05778e-11 63792.5 38165.8 7010.04 48.936 1359.41 863.865 0.000428155 3550 1.27324e-05 8.53084e-11 0.0153395 0.0120262 0.00515408 0.000435143 0.00224567 0.00173969 7.00144e-07 0.00370667 8.72593e-05 1.352e-09 0.104078 0.080479 0.034491 0.0028811 0.0151923 0.0121181 8.59022e-06 0.024539 5.76391e+06 inf 
545 91.8935 0.00064188 103277 79817.8 34207.6 2962.83 15218.2 12062.3 4.97538 24264.6 0.064988 1.63778e-11 81432.8 47375.9 8701.7 63.654 1752.68 1166.1 0.000596461 4290.28 1.64445e-05 1.14865e-10 0.0184815 0.0142835 0.0061215 0.000530202 0.00272332 0.00215857 8.90351e-07 0.00434218 0.00010658 1.70811e-09 0.119293 0.0909613 0.0389834 0.00333314 0.0174993 0.0142834 1.02929e-05 0.027366 5.58812e+06 inf 
555 113.795 0.000830549 119425 91009.6 39004.1 3468.29 17687.7 14352.8 6.05613 27292.7 0.0940566 2.56435e-11 103206 58430.8 10732.2 82.6007 2238.36 1561.54 0.000832859 5154.92 2.10782e-05 1.53842e-10 0.0221211 0.0168576 0.0072247 0.000642428 0.00327627 0.00265856 1.12177e-06 0.00505539 0.000130299 2.174e-09 0.136482 0.102659 0.0439968 0.00385841 0.0200967 0.016798 1.23698e-05 0.0304842 5.39872e+06 inf 
565 140.704 0.00107444 138562 104153 44637 4066.76 20592.7 17112 7.40705 30821.5 0.133859 3.84269e-11 130359 71892.2 13204.7 106.337 2841.84 2076.04 0.00113145 6182.86 2.70758e-05 2.06755e-10 0.0266636 0.0200422 0.00858952 0.00078257 0.00396266 0.00329287 1.42534e-06 0.005931 0.000158194 2.71141e-09 0.156122 0.115899 0.049671 0.00445534 0.0230468 0.0197142 1.46865e-05 0.0339793 5.19668e+06 inf 
575 173.016 0.00138588 160391 118970 50987.1 4757.77 23886.1 20329.4 9.03363 34753.7 0.190057 5.86966e-11 165048 88723.3 16296.1 137.508 3605.37 2761.34 0.00156416 7442.9 3.43751e-05 2.7535e-10 0.0318668 0.0236371 0.0101302 0.000945282 0.00474573 0.00403909 1.79482e-06 0.00690493 0.000191257 3.40384e-09 0.17826 0.130648 0.0559921 0.0051407 0.0263401 0.0230719 1.7537e-05 0.0378298 5.03317e+06 inf 
585 210.284 0.0017615 184062 134761 57754.5 5519.57 27435.4 23926.3 10.8727 38867.3 0.261109 8.63131e-11 202606 106199 19506 172.206 4427.14 3559.18 0.00204707 8691.89 4.34737e-05 3.64169e-10 0.0380525 0.0278601 0.01194 0.0011411 0.00567194 0.00494646 2.24779e-06 0.00803535 0.000228235 4.20851e-09 0.201093 0.145531 0.0623703 0.00585657 0.0297168 0.0266711 2.04488e-05 0.0416218 4.83705e+06 inf 
595 256.729 0.0022754 212606 153659 65853.7 6439.58 31676.6 28324.8 13.2831 43758.7 0.372248 1.35161e-10 259861 132722 24377.4 224.648 5656.99 4786.05 0.00293806 10592.8 5.51588e-05 4.88875e-10 0.0456789 0.0330139 0.0141488 0.00138356 0.0068058 0.00608564 2.85391e-06 0.00940166 0.000277373 5.36663e-09 0.23183 0.165607 0.0709743 0.00680822 0.0341921 0.0314843 2.49621e-05 0.0467706 4.65436e+06 inf 
605 309.285 0.00285428 242971 173452 74336.5 7435.26 36152.3 33132.5 15.8459 48795.8 0.496214 1.88822e-10 312993 156193 28688.5 276.375 6791.07 6025.4 0.00372028 12181.9 6.8357e-05 6.30841e-10 0.0537004 0.0383356 0.0164296 0.00164331 0.00799024 0.00732281 3.5022e-06 0.0107846 0.000324035 6.42921e-09 0.257474 0.181801 0.0779146 0.00764086 0.037909 0.0357503 2.84601e-05 0.0507552 4.52456e+06 inf 
615 370.159 0.00359478 276424 194924 83538.7 8543.8 41028.4 38566.4 18.9081 54169.3 0.673658 2.86049e-10 384510 187259 34394.5 345.348 8287.05 7739.91 0.00501537 14256.9 8.40633e-05 8.16376e-10 0.062776 0.0442673 0.0189717 0.0019403 0.00931758 0.00875844 4.29403e-06 0.0123019 0.000381997 8.01844e-09 0.288759 0.201413 0.0863197 0.00864083 0.0423695 0.0410003 3.34747e-05 0.0555554 4.40334e+06 inf 
625 445.609 0.00455789 317165 220985 94707.8 9898.47 46918 45242 22.7808 60676.6 0.917073 4.28555e-10 477423 227018 41697.2 436.104 10198.7 10030.3 0.00682205 16878 0.000104086 1.06464e-09 0.0740836 0.0516179 0.0221219 0.00231209 0.0109591 0.0105677 5.32116e-06 0.0141729 0.000450973 9.94831e-09 0.32562 0.224416 0.0961784 0.00982445 0.0475617 0.0472357 3.95624e-05 0.0611679 4.28117e+06 inf 
635 530.699 0.00572034 360857 248488 106495 11373.9 53156.6 52599.1 27.1882 67422.1 1.21951 6.06548e-10 581132 270130 49615.8 541.216 12301.1 12727 0.00886489 19627.5 0.000127982 1.3795e-09 0.0870233 0.0599246 0.025682 0.00274289 0.0128191 0.0126847 6.55664e-06 0.0162593 0.000526985 1.20154e-08 0.364103 0.248099 0.106328 0.0110903 0.0529356 0.0539287 4.57695e-05 0.0668502 4.14667e+06 inf 
645 628.498 0.00710515 408710 278232 119242 13005 59900.5 60821.5 32.1754 74615.8 1.6024 8.6277e-10 700093 318248 58453.7 664.237 14651.5 15952.4 0.0115169 22605.6 0.000156319 1.76718e-09 0.101654 0.0692014 0.0296577 0.00323459 0.0148984 0.0151274 8.00263e-06 0.0185583 0.000611645 1.45418e-08 0.404713 0.2727 0.116871 0.0124397 0.0584991 0.0611459 5.29189e-05 0.07265 4.02061e+06 inf 
655 740.156 0.00881623 461768 310843 133219 14829.7 67282.1 70119.4 38.0293 82406.4 2.08329 1.22131e-09 842400 374801 68840.9 813.119 17417.4 19950.8 0.0148926 26042.6 0.00019015 2.26494e-09 0.118631 0.0798574 0.0342246 0.00380985 0.0172852 0.0180141 9.76996e-06 0.0211707 0.000706436 1.75679e-08 0.449827 0.299852 0.128508 0.013942 0.0646209 0.0692891 6.10783e-05 0.0790083 3.89248e+06 inf 
665 875.546 0.0110668 524508 349158 149639 16990.4 75909.4 81248.3 45.3652 91499.9 2.76346 1.82175e-09 1.03086e+06 448579 82392 1009.74 20991.3 25377.1 0.0199144 30466.4 0.000230828 2.91765e-09 0.138281 0.0920516 0.0394507 0.00447933 0.0200127 0.0214202 1.196e-05 0.024123 0.00082175 2.17203e-08 0.502647 0.331345 0.142005 0.015689 0.0716492 0.0789403 7.14644e-05 0.0863147 3.79306e+06 inf 
675 1024.61 0.0135949 590302 388724 166596 19295.8 84808.9 93208.3 53.2594 100719 3.52629 2.46081e-09 1.2205e+06 520136 95535.1 1217.68 24483.9 31168 0.0250561 34560.9 0.000277182 3.67774e-09 0.159691 0.105159 0.0450683 0.00521998 0.0229429 0.0252151 1.4408e-05 0.027247 0.000936545 2.55379e-08 0.551972 0.36007 0.154316 0.0173828 0.0780839 0.0882944 8.10598e-05 0.0927748 3.69653e+06 inf 
685 1196.18 0.0168164 664461 432934 185543 21896.1 94703.8 106899 62.7646 110922 4.5246 3.46266e-09 1.46028e+06 609704 111987 1477.38 28817.6 38647.1 0.0321975 39648.3 0.000332082 4.66854e-09 0.184467 0.120191 0.0515103 0.00607877 0.0262915 0.0296772 1.74246e-05 0.0307941 0.00107044 3.06513e-08 0.609405 0.393471 0.168631 0.0193183 0.085493 0.0992392 9.29248e-05 0.100294 3.60206e+06 inf 
695 1393.04 0.0207542 746075 481000 206143 24805.2 105414 122278 73.7438 121849 5.80448 4.9278e-09 1.74185e+06 712127 130799 1793.93 33734.6 47808.4 0.0415547 45282.4 0.000396185 5.90257e-09 0.212186 0.136798 0.0586277 0.00705468 0.02998 0.0347764 2.0973e-05 0.0346542 0.00122223 3.69681e-08 0.671093 0.42874 0.183746 0.0214577 0.0932494 0.111299 0.00010667 0.108063 3.51613e+06 inf 
705 1611.83 0.025474 834729 532606 228260 27967.7 116822 139280 86.3499 133423 7.34552 6.94092e-09 2.06866e+06 828640 152199 2160.08 39266.3 58769.8 0.0533919 51554.5 0.00046896 7.41164e-09 0.242864 0.154961 0.066412 0.00813717 0.0339893 0.0405233 2.51234e-05 0.0388194 0.00138465 4.43229e-08 0.736812 0.465917 0.199679 0.023712 0.101337 0.124326 0.000122078 0.116158 3.43703e+06 inf 
715 1867.28 0.0314299 936167 591295 253412 31599.9 129708 158962 101.451 146492 9.31951 9.78294e-09 2.46197e+06 966860 177586 2606.78 45775.4 72342.1 0.0683013 58870 0.000555364 9.34783e-09 0.278433 0.175862 0.0753694 0.00939839 0.0385776 0.0472783 3.01733e-05 0.0435694 0.00156951 5.31248e-08 0.809141 0.506591 0.21711 0.0262102 0.110119 0.138855 0.000139297 0.124943 3.36227e+06 inf 
725 2143.46 0.038232 1.0409e+06 650927 278969 35400.3 142719 179801 117.795 159492 11.6111 1.35215e-08 2.88774e+06 1.11207e+06 204258 3100.97 52547.3 87719.4 0.0866635 66263.1 0.000649067 1.15771e-08 0.315197 0.197109 0.0844752 0.0107197 0.043217 0.0544458 3.56697e-05 0.0482961 0.00175917 6.29322e-08 0.880395 0.5458 0.233914 0.0287071 0.118509 0.153617 0.00015802 0.133164 3.30238e+06 inf 
735 2462.27 0.0468021 1.16067e+06 718745 308034 39751 157386 203894 137.435 174177 14.4789 1.86935e-08 3.39525e+06 1.28299e+06 235651 3695.24 60427.4 106541 0.108625 74829.8 0.000758852 1.4424e-08 0.357708 0.221511 0.0949335 0.0122509 0.0485052 0.0628385 4.23563e-05 0.0536798 0.0019714 7.45192e-08 0.95835 0.588505 0.252217 0.0314445 0.127556 0.16996 0.000177998 0.142058 3.24473e+06 inf 
745 2816.73 0.0570621 1.28916e+06 790611 338833 44447.1 172786 230234 159.567 189488 17.9766 2.58937e-08 3.97516e+06 1.47347e+06 270637 4386.29 69077.1 128879 0.137354 84079.5 0.000882282 1.78735e-08 0.403803 0.247642 0.106132 0.0139221 0.0541214 0.0721159 4.99809e-05 0.0593532 0.00220281 8.82677e-08 1.04023 0.632619 0.271122 0.0343524 0.136777 0.187531 0.000201309 0.151041 3.19255e+06 inf 
755 3213.93 0.0696482 1.43067e+06 869055 372452 49630.8 189417 259670 185.485 206003 22.3028 3.62963e-08 4.67755e+06 1.70201e+06 312615 5220.03 79289.5 156423 0.174933 95076.1 0.00102526 2.2218e-08 0.456389 0.277232 0.118814 0.0158324 0.0604246 0.0828357 5.91706e-05 0.0657158 0.00246242 1.05285e-07 1.13308 0.682709 0.292589 0.0376104 0.147114 0.207455 0.000228699 0.16128 3.13476e+06 inf 
765 3643.94 0.0843429 1.58006e+06 950849 407507 55127.6 206573 291371 214.136 222925 27.2389 4.96136e-08 5.42614e+06 1.93808e+06 355975 6115.18 89624.8 187164 0.217666 105942 0.00118863 2.75121e-08 0.515406 0.310161 0.132926 0.0179822 0.0673828 0.0950432 6.98498e-05 0.0727168 0.00273356 1.24204e-07 1.22651 0.732114 0.313763 0.0408824 0.157145 0.228075 0.000257142 0.171085 3.06567e+06 inf 
775 4152.41 0.103326 1.75584e+06 1.04685e+06 448649 61560.4 226509 328852 249.564 242739 33.7628 7.00172e-08 6.40591e+06 2.24615e+06 412558 7277.8 102934 227723 0.27932 120155 0.00138527 3.44701e-08 0.585757 0.349235 0.149672 0.0205369 0.0755646 0.109707 8.32561e-05 0.0809792 0.00305688 1.48896e-07 1.33938 0.792063 0.339456 0.0447901 0.169202 0.252852 0.000293686 0.183103 2.99755e+06 inf 
785 4680.04 0.124631 1.9314e+06 1.14109e+06 489039 68037.1 245781 367281 286.857 261689 40.8321 9.52504e-08 7.39391e+06 2.54683e+06 467786 8473.77 115575 270763 0.346098 133330 0.00159196 4.23945e-08 0.656983 0.388153 0.166351 0.0231435 0.0836049 0.124934 9.75773e-05 0.089016 0.00336973 1.74937e-07 1.44343 0.845971 0.362559 0.0484439 0.179789 0.276576 0.000328949 0.193467 2.9398e+06 inf 
795 5286.59 0.150836 2.13015e+06 1.24726e+06 534539 75383.1 267302 411246 330.614 282862 49.4871 1.29418e-07 8.5499e+06 2.89407e+06 531564 9892.25 129988 322450 0.428687 148248 0.00183604 5.23858e-08 0.739808 0.433175 0.185647 0.0261807 0.0928347 0.142827 0.000114823 0.0982388 0.00371698 2.05434e-07 1.55631 0.904144 0.38749 0.0524421 0.19112 0.302635 0.000368374 0.204538 2.87934e+06 inf 
805 5960.35 0.183542 2.34961e+06 1.36361e+06 584403 83422.7 290575 460380 382.431 305823 60.3115 1.80577e-07 9.98149e+06 3.31995e+06 609786 11614.4 147355 387504 0.540441 166373 0.00211184 6.50313e-08 0.832499 0.483145 0.207062 0.0295578 0.102955 0.163119 0.000135501 0.108357 0.0041121 2.44442e-07 1.68628 0.971017 0.41615 0.056934 0.203986 0.332701 0.000416083 0.217271 2.82236e+06 inf 
815 6697.28 0.222373 2.58412e+06 1.48667e+06 637144 91994.5 314814 513678 440.462 329723 73.0018 2.48199e-07 1.15872e+07 3.78854e+06 695854 13532.2 165934 462560 0.676983 185776 0.00241319 8.0126e-08 0.931118 0.535681 0.229578 0.0331478 0.113435 0.18509 0.000158709 0.118807 0.00452557 2.88117e-07 1.81883 1.03834 0.445002 0.061459 0.216615 0.363885 0.000467701 0.229835 2.77529e+06 inf 
825 7513.76 0.269669 2.841e+06 1.62044e+06 694472 101305 340819 572830 507.452 355379 88.1755 3.45131e-07 1.34537e+07 4.32405e+06 794213 15739.6 186703 552302 0.850271 207394 0.00275362 9.88275e-08 1.04116 0.593853 0.254508 0.0371261 0.124902 0.209929 0.00018597 0.130238 0.00497312 3.41637e-07 1.96124 1.10996 0.475696 0.066256 0.22983 0.397914 0.000526327 0.242988 2.72868e+06 inf 
835 8422.91 0.326714 3.12331e+06 1.76643e+06 757040 111521 368859 638672 584.068 383032 106.179 4.78854e-07 1.5592e+07 4.92808e+06 905157 18279.3 209660 658084 1.06364 231141 0.00313018 1.21416e-07 1.1607 0.656451 0.281336 0.041444 0.137078 0.237348 0.000217055 0.142345 0.0054462 4.03996e-07 2.10883 1.18342 0.507179 0.0712423 0.243156 0.433852 0.000590056 0.256195 2.69087e+06 inf 
845 9393.83 0.394667 3.41912e+06 1.91749e+06 821780 122100 397294 708933 669.847 411049 127.239 6.58661e-07 1.80058e+07 5.59664e+06 1.02795e+06 21089.4 234333 780969 1.32458 256632 0.00354937 1.49121e-07 1.29188 0.724505 0.310502 0.0461345 0.150114 0.267864 0.000253096 0.155311 0.00595634 4.76059e-07 2.26591 1.26085 0.540363 0.0764201 0.256917 0.472579 0.000660622 0.269897 2.64662e+06 inf 
855 10477.1 0.476551 3.74445e+06 2.0827e+06 892587 133699 428040 787089 767.691 441331 152.19 9.0396e-07 2.07629e+07 6.35017e+06 1.16636e+06 24316.3 261563 925135 1.64326 284636 0.00402869 1.83245e-07 1.43983 0.800847 0.34322 0.0514104 0.164591 0.302654 0.000295195 0.169702 0.00650308 5.6037e-07 2.43119 1.3418 0.575058 0.0818972 0.271084 0.513942 0.00073806 0.28399 2.60062e+06 inf 
865 11658.2 0.575197 4.09775e+06 2.2608e+06 968913 146093 460667 872989 879.661 473548 181.423 1.2345e-06 2.39495e+07 7.20942e+06 1.32418e+06 27958 291902 1.09573e+06 2.03635 315866 0.00455666 2.24818e-07 1.60162 0.88364 0.378703 0.0571007 0.180053 0.34121 0.000343818 0.185088 0.00708142 6.57241e-07 2.60683 1.42724 0.611673 0.0875613 0.285782 0.55843 0.000823228 0.298663 2.5585e+06 inf 
875 13021 0.701175 4.50445e+06 2.4652e+06 1.05651e+06 160096 497719 972399 1015.08 510332 218.666 1.73805e-06 2.79753e+07 8.28767e+06 1.52222e+06 32406.5 329290 1.31358e+06 2.57496 354808 0.00516712 2.78248e-07 1.78751 0.978266 0.419257 0.0635312 0.19751 0.385878 0.000402814 0.202515 0.00775077 7.8249e-07 2.81181 1.52702 0.654438 0.0939346 0.302758 0.61022 0.000927128 0.31589 2.51996e+06 inf 
885 14458.5 0.847129 4.92541e+06 2.67424e+06 1.1461e+06 174369 534837 1.07722e+06 1162.23 547068 260.288 2.40274e-06 3.22958e+07 9.41787e+06 1.72981e+06 37076.2 367081 1.55598e+06 3.20702 393843 0.00583013 3.4159e-07 1.98609 1.07834 0.462146 0.0703111 0.215664 0.434372 0.00046865 0.220596 0.00842414 9.23135e-07 3.013 1.6232 0.695657 0.100033 0.318603 0.662376 0.00103612 0.331885 2.47996e+06 inf 
895 16056.9 1.02672 5.39131e+06 2.90433e+06 1.24471e+06 189871 575098 1.19436e+06 1333.59 587041 310.789 3.33848e-06 3.74793e+07 1.07622e+07 1.97674e+06 42541.4 411184 1.85212e+06 4.0183 439557 0.006587 4.21189e-07 2.21167 1.19144 0.510616 0.0778903 0.235921 0.489961 0.000547077 0.24082 0.00917091 1.09185e-06 3.23783 1.73073 0.741743 0.106699 0.336185 0.720923 0.00116152 0.349749 2.43767e+06 inf 
905 17861.2 1.24949 5.91679e+06 3.16302e+06 1.35558e+06 206989 619928 1.32731e+06 1535.28 631675 372.768 4.70305e-06 4.37836e+07 1.23817e+07 2.27418e+06 48954.8 463241 2.21754e+06 5.08849 493852 0.00744457 5.2079e-07 2.46613 1.31835 0.565008 0.0862734 0.258387 0.553225 0.000639909 0.263284 0.00999744 1.29962e-06 3.48817 1.85004 0.792875 0.113848 0.355409 0.786269 0.00130821 0.369487 2.39922e+06 inf 
915 19783.4 1.51265 6.46832e+06 3.43157e+06 1.47067e+06 224594 665490 1.4694e+06 1758.21 676887 443.329 6.51569e-06 5.07006e+07 1.41238e+07 2.59417e+06 55799.3 517405 2.63285e+06 6.34198 549728 0.00840034 6.42292e-07 2.74654 1.4571 0.62447 0.095366 0.282577 0.623929 0.000746563 0.287416 0.010848 1.53431e-06 3.73962 1.96826 0.84354 0.120824 0.373963 0.853615 0.00146135 0.388348 2.35508e+06 inf 
925 21937.2 1.83977 7.08424e+06 3.72995e+06 1.59855e+06 243647 715402 1.62943e+06 2019.22 726549 529.448 9.16137e-06 5.90529e+07 1.62052e+07 2.97647e+06 63736.4 580665 3.14345e+06 7.98156 615195 0.0094699 7.94193e-07 3.05813 1.61015 0.690064 0.105178 0.308825 0.703396 0.000871658 0.313637 0.0117845 1.8232e-06 4.01745 2.09831 0.899277 0.128263 0.394067 0.92855 0.00163881 0.4089 2.31652e+06 inf 
935 24338.3 2.24075 7.77031e+06 4.06089e+06 1.74038e+06 264281 770071 1.80888e+06 2322.8 781123 633.825 1.28932e-05 6.90684e+07 1.86769e+07 3.43046e+06 72871.3 654244 3.76598e+06 10.0952 691564 0.0106622 9.81631e-07 3.40403 1.77901 0.762431 0.115777 0.337355 0.792438 0.00101758 0.342196 0.0128057 2.16441e-06 4.3209 2.23991 0.95996 0.136086 0.415697 1.01087 0.0018404 0.431119 2.28268e+06 inf 
945 26904.9 2.71634 8.49404e+06 4.40682e+06 1.88864e+06 285440 826086 2.00123e+06 2658.72 836828 753.255 1.79676e-05 8.02271e+07 2.13856e+07 3.92797e+06 82587.2 732186 4.47931e+06 12.6212 772039 0.0119456 1.20604e-06 3.77131 1.9566 0.838543 0.126734 0.366777 0.888537 0.00118045 0.371547 0.0138471 2.55401e-06 4.62575 2.3805 1.02022 0.143551 0.436533 1.09512 0.00205189 0.452475 2.25228e+06 inf 
955 29791.3 3.30594 9.30887e+06 4.79481e+06 2.05492e+06 308399 888176 2.21915e+06 3052.27 898746 898.079 2.52703e-05 9.36516e+07 2.46114e+07 4.52047e+06 93635.3 822933 5.35278e+06 15.8829 865931 0.0133719 1.48387e-06 4.17829 2.15215 0.922351 0.138425 0.398658 0.996068 0.00137001 0.403402 0.0149765 3.02336e-06 4.95756 2.5328 1.08549 0.151218 0.458743 1.18762 0.00229175 0.475332 2.22791e+06 inf 
965 32959.3 4.0307 1.02004e+07 5.21647e+06 2.23563e+06 332373 954470 2.46004e+06 3507.35 964949 1074.24 3.58502e-05 1.09841e+08 2.84594e+07 5.22723e+06 106145 928613 6.42522e+06 20.158 975438 0.0149959 1.8339e-06 4.64098 2.3734 1.01717 0.151224 0.434266 1.11927 0.00159578 0.439034 0.0162445 3.59834e-06 5.33261 2.70471 1.15916 0.159453 0.483647 1.29251 0.00257391 0.501054 2.19789e+06 inf 
975 36403.8 4.90671 1.11597e+07 5.66669e+06 2.42858e+06 357316 1.02404e+06 2.72292e+06 4019.21 1.03407e+06 1280.46 5.08272e-05 1.28378e+08 3.2796e+07 6.02376e+06 119711 1.04389e+06 7.68708e+06 25.456 1.094e+06 0.0167841 2.26225e-06 5.14518 2.61264 1.1197 0.164741 0.472135 1.25541 0.00185307 0.47676 0.0175686 4.27974e-06 5.71981 2.88007 1.23432 0.167491 0.508306 1.40289 0.00288144 0.526394 2.16895e+06 inf 
985 40353.3 5.98839 1.22666e+07 6.18607e+06 2.65117e+06 385174 1.10397e+06 3.02689e+06 4623.71 1.11364e+06 1529.39 7.14267e-05 1.50643e+08 3.79734e+07 6.97471e+06 135146 1.17955e+06 9.22306e+06 32.089 1.23342e+06 0.0187764 2.78639e-06 5.70763 2.87837 1.23359 0.179221 0.513677 1.40841 0.00215141 0.518175 0.0189492 5.04686e-06 6.12511 3.06332 1.31285 0.175394 0.533836 1.51917 0.00320974 0.552632 2.14916e+06 inf 
995 44599.5 7.32145 1.3449e+07 6.73541e+06 2.8866e+06 412848 1.18632e+06 3.35605e+06 5313.67 1.1957e+06 1830.36 0.000102023 1.77263e+08 4.40732e+07 8.09507e+06 151957 1.3339e+06 1.11023e+07 40.828 1.39201e+06 0.0210421 3.45427e-06 6.34527 3.17777 1.3619 0.194782 0.559709 1.58339 0.00250699 0.564131 0.0205133 6.01685e-06 6.5856 3.2704 1.4016 0.183721 0.562191 1.65256 0.00360245 0.581814 2.11954e+06 inf 
1005 49294.5 8.9536 1.47567e+07 7.33999e+06 3.14571e+06 441943 1.27588e+06 3.72357e+06 6107.09 1.28463e+06 2187.84 0.000145553 2.08619e+08 5.11745e+07 9.3994e+06 170204 1.50908e+06 1.33614e+07 51.8212 1.57119e+06 0.0235653 4.28029e-06 7.05446 3.5089 1.50381 0.211272 0.609937 1.78006 0.00291951 0.614121 0.022149 7.15967e-06 7.06863 3.48593 1.49397 0.191652 0.591096 1.79411 0.00403109 0.611529 2.09182e+06 inf 
1015 54399.6 10.9228 1.61705e+07 7.98966e+06 3.42414e+06 471489 1.37046e+06 4.12467e+06 7004.15 1.37844e+06 2612.71 0.000206899 2.45358e+08 5.94029e+07 1.09107e+07 189861 1.70673e+06 1.60572e+07 65.6644 1.77276e+06 0.0263508 5.29091e-06 7.8329 3.87014 1.65863 0.228386 0.663841 1.99796 0.00339277 0.667707 0.0239001 8.49865e-06 7.58257 3.71435 1.59186 0.199517 0.621323 1.9458 0.00450517 0.642559 2.06444e+06 inf 
1025 60039.2 13.3581 1.77339e+07 8.70394e+06 3.73026e+06 501864 1.47277e+06 4.57251e+06 8042.38 1.47974e+06 3123.5 0.000295691 2.89379e+08 6.91502e+07 1.27011e+07 211094 1.93433e+06 1.9354e+07 83.5331 2.00406e+06 0.0294465 6.55152e-06 8.69769 4.26889 1.82952 0.246141 0.722325 2.24261 0.00394442 0.725747 0.0257844 1.01045e-05 8.1411 3.96126 1.69768 0.207235 0.653412 2.11257 0.00504091 0.675421 2.03892e+06 inf 
1035 66264.1 16.3544 1.94551e+07 9.48558e+06 4.06525e+06 532813 1.58293e+06 5.07002e+06 9235.4 1.58854e+06 3737.52 0.000424751 3.41792e+08 8.06101e+07 1.48059e+07 233524 2.194e+06 2.33503e+07 106.474 2.26738e+06 0.0328894 8.11731e-06 9.65628 4.70805 2.01774 0.264455 0.785667 2.51644 0.00458388 0.788454 0.0278094 1.20387e-05 8.74073 4.22422 1.81038 0.214406 0.686797 2.29285 0.00564227 0.709736 2.01476e+06 inf 
1045 73194.8 20.0184 2.13726e+07 1.03535e+07 4.43723e+06 564968 1.70403e+06 5.62794e+06 10610.5 1.70787e+06 4473.56 0.000607721 4.04166e+08 9.41294e+07 1.72891e+07 257917 2.49403e+06 2.82012e+07 135.544 2.56881e+06 0.0367013 1.00376e-05 10.7166 5.19146 2.22491 0.283286 0.854435 2.82196 0.0053203 0.856359 0.0299356 1.42818e-05 9.37074 4.49967 1.92843 0.221525 0.721453 2.48539 0.00629753 0.744782 1.99434e+06 inf 
1055 80734 24.5138 2.34502e+07 1.12867e+07 4.83717e+06 596060 1.83157e+06 6.23923e+06 12173.2 1.83299e+06 5351.56 0.000872616 4.7763e+08 1.09832e+08 2.01732e+07 282360 2.83076e+06 3.40251e+07 172.384 2.90549e+06 0.0409513 1.24343e-05 11.8948 5.72505 2.45359 0.302344 0.92904 3.16478 0.00617468 0.929762 0.0322102 1.69709e-05 10.0392 4.789 2.05243 0.227622 0.756805 2.69129 0.00702231 0.78059 1.97146e+06 inf 
1065 88990.9 29.9845 2.57236e+07 1.23025e+07 5.27248e+06 626739 1.9683e+06 6.91436e+06 13953.8 1.96649e+06 6395.28 0.00125223 5.64661e+08 1.28241e+08 2.35546e+07 307648 3.21534e+06 4.10647e+07 219.271 3.28671e+06 0.0455521 1.53483e-05 13.1672 6.2973 2.69884 0.320811 1.00752 3.53928 0.00714258 1.00659 0.0346205 2.01349e-05 10.7545 5.09779 2.18477 0.233574 0.794198 2.91435 0.00782449 0.818017 1.95361e+06 inf 
1075 97987.3 36.6894 2.82069e+07 1.34057e+07 5.74528e+06 655854 2.11442e+06 7.65941e+06 15988.5 2.10837e+06 7645.03 0.00180105 6.68293e+08 1.49922e+08 2.75367e+07 332870 3.65587e+06 4.96093e+07 279.145 3.71977e+06 0.0507153 1.89893e-05 14.599 6.93836 2.97358 0.33945 1.09436 3.96428 0.00827515 1.09123 0.0372129 2.39077e-05 11.522 5.42718 2.32593 0.238866 0.833396 3.15607 0.00871772 0.857008 1.93211e+06 inf 
1085 107943 44.9486 3.09543e+07 1.46194e+07 6.26545e+06 683406 2.27254e+06 8.48909e+06 18325.2 2.26167e+06 9142.28 0.00260142 7.9207e+08 1.75517e+08 3.22378e+07 357535 4.16048e+06 5.99951e+07 356.036 4.21322e+06 0.0563378 2.34595e-05 16.1556 7.63013 3.27006 0.356683 1.18608 4.43062 0.00956429 1.18041 0.0399698 2.84145e-05 12.3447 5.77813 2.47634 0.243684 0.874436 3.41792 0.00971321 0.897553 1.91601e+06 inf 
1095 118751 54.987 3.3934e+07 1.5928e+07 6.82629e+06 708218 2.44027e+06 9.39897e+06 20969.1 2.42276e+06 10919.5 0.00375146 9.38078e+08 2.05367e+08 3.77204e+07 380577 4.73198e+06 7.24902e+07 453.2 4.76553e+06 0.0625829 2.89786e-05 17.8835 8.3942 3.59751 0.373237 1.28604 4.95334 0.0110509 1.27682 0.0428722 3.37238e-05 13.2119 6.14552 2.6338 0.247511 0.916451 3.69694 0.0108036 0.938728 1.8975e+06 inf 
1105 130919 67.4652 3.73001e+07 1.74002e+07 7.45724e+06 730718 2.62684e+06 1.04316e+07 24055.1 2.6016e+06 13078.5 0.00542956 1.11536e+09 2.41245e+08 4.43104e+07 402023 5.40155e+06 8.78829e+07 579.004 5.40921e+06 0.06949 3.58097e-05 19.7984 9.23582 3.95821 0.387856 1.39429 5.53696 0.0127681 1.3809 0.0459682 3.99951e-05 14.1436 6.53831 2.80213 0.250912 0.96074 3.99865 0.0120126 0.981967 1.88399e+06 inf 
1115 144055 82.6211 4.0928e+07 1.89765e+07 8.13277e+06 748122 2.82283e+06 1.15562e+07 27521 2.78783e+06 15626.4 0.00785539 1.32327e+09 2.82814e+08 5.19454e+07 419733 6.15295e+06 1.06312e+08 737.458 6.12116e+06 0.0770407 4.41859e-05 21.8884 10.1486 4.34942 0.400097 1.50965 6.18028 0.0147183 1.49094 0.0492115 4.74203e-05 15.1191 6.94654 2.97709 0.253765 1.00576 4.31969 0.0133329 1.02504 1.86985e+06 inf 
1125 157990 100.825 4.47762e+07 2.06356e+07 8.84385e+06 757948 3.02464e+06 1.27639e+07 31375.3 2.97738e+06 18612.6 0.0113163 1.56592e+09 3.30744e+08 6.07489e+07 432308 6.99219e+06 1.28256e+08 935.863 6.90431e+06 0.0853472 5.44664e-05 24.1884 11.1475 4.7775 0.409448 1.63393 6.89514 0.0169491 1.6084 0.0526357 5.60939e-05 16.1507 7.37586 3.16108 0.256686 1.05238 4.66279 0.0147745 1.06902 1.85114e+06 inf 
1135 174064 123.573 4.92268e+07 2.25514e+07 9.66488e+06 764647 3.25689e+06 1.41643e+07 35914 3.1946e+06 22259.2 0.0163813 1.86158e+09 3.88624e+08 7.13799e+07 441452 7.98337e+06 1.55374e+08 1191.62 7.81965e+06 0.0944218 6.70329e-05 26.7033 12.2331 5.24277 0.414787 1.76672 7.6835 0.0194818 1.73293 0.0562062 6.62776e-05 17.2266 7.82061 3.35169 0.259654 1.0997 5.02465 0.0163359 1.113 1.84347e+06 inf 
1145 190808 150.831 5.38734e+07 2.45331e+07 1.05142e+07 758820 3.49067e+06 1.56466e+07 40908.6 3.41028e+06 26497.1 0.0236884 2.2052e+09 4.54996e+08 8.35708e+07 441828 9.07921e+06 1.87565e+08 1512.15 8.81422e+06 0.104316 8.24596e-05 29.4528 13.4123 5.74814 0.414849 1.90836 8.55407 0.0223649 1.86441 0.0600359 7.8428e-05 18.3882 8.29805 3.55631 0.263532 1.14969 5.41943 0.0180696 1.15876 1.82914e+06 inf 
1155 209535 184.464 5.90824e+07 2.67458e+07 1.14625e+07 743899 3.74893e+06 1.73172e+07 46660.5 3.64693e+06 31580.1 0.034313 2.6172e+09 5.33772e+08 9.80398e+07 435635 1.03453e+07 2.26781e+08 1920 9.94756e+06 0.115225 0.000101438 32.4898 14.7077 6.3033 0.409075 2.06156 9.52285 0.0256589 2.00547 0.0639483 9.26243e-05 19.5864 8.78682 3.76578 0.268731 1.19954 5.83297 0.0199359 1.20346 1.81849e+06 inf 
1165 229482 224.701 6.4644e+07 2.90913e+07 1.24677e+07 715122 4.01726e+06 1.91185e+07 53039.2 3.88959e+06 37498.9 0.0494374 3.09677e+09 6.24336e+08 1.14674e+08 421701 1.17546e+07 2.73242e+08 2426.66 1.11864e+07 0.126955 0.00012431 35.7625 16.094 6.89742 0.395622 2.22244 10.5768 0.0293425 2.15181 0.0680271 0.000109074 20.8386 9.29412 3.98319 0.277088 1.25048 6.26862 0.0219432 1.24831 1.80759e+06 inf 
1175 251129 273.889 7.06887e+07 3.16242e+07 1.35532e+07 670520 4.30192e+06 2.10951e+07 60235.6 4.14327e+06 44530 0.0715024 3.6653e+09 7.3044e+08 1.34162e+08 400591 1.33554e+07 3.29368e+08 3066.48 1.25621e+07 0.140002 0.000152691 39.4083 17.6302 7.5558 0.373809 2.39828 11.7603 0.0335808 2.30984 0.0722805 0.000128637 22.144 9.81782 4.20764 0.289124 1.30145 6.73162 0.0241218 1.29148 1.79375e+06 inf 
1185 275612 334.399 7.75495e+07 3.4492e+07 1.47823e+07 611356 4.62273e+06 2.33499e+07 68551.4 4.42625e+06 52968.2 0.103304 4.34875e+09 8.56868e+08 1.57384e+08 377180 1.52221e+07 3.97922e+08 3876.42 1.41348e+07 0.154066 0.000186927 43.3497 19.2808 8.26321 0.341745 2.58408 13.0525 0.0383199 2.47425 0.0766336 0.000151012 23.4889 10.3554 4.43804 0.306679 1.35337 7.21586 0.0264289 1.33392 1.78892e+06 inf 
1195 300801 405.628 8.46323e+07 3.74228e+07 1.60383e+07 528248 4.94118e+06 2.57034e+07 77516.4 4.70217e+06 62555.3 0.148157 5.12698e+09 9.98735e+08 1.83441e+08 351084 1.72347e+07 4.77383e+08 4861.51 1.57916e+07 0.169034 0.000227941 47.5589 21.0297 9.01271 0.296848 2.77668 14.4439 0.0435602 2.64237 0.0811186 0.000176915 24.8846 10.9082 4.67496 0.330412 1.40536 7.7225 0.0288864 1.37547 1.77952e+06 inf 
1205 328584 493.104 9.2507e+07 4.0666e+07 1.74283e+07 420428 5.28951e+06 2.83404e+07 87776.8 4.99965e+06 74035.4 0.213774 6.06681e+09 1.16829e+09 2.14583e+08 332397 1.95778e+07 5.74876e+08 6122.51 1.76819e+07 0.185544 0.000278444 52.2366 22.9632 9.84136 0.237406 2.98686 16.0031 0.0495655 2.82319 0.0859047 0.000207803 26.4032 11.5064 4.93132 0.362402 1.46074 8.27759 0.0316306 1.41923 1.77092e+06 inf 
1215 359539 600.166 1.01278e+08 4.42613e+07 1.89691e+07 285408 5.67152e+06 3.12969e+07 99431.5 5.32036e+06 87682.3 0.308089 7.17959e+09 1.36683e+09 2.51051e+08 331358 2.22484e+07 6.92321e+08 7688.78 1.97694e+07 0.203334 0.000339419 57.2768 25.0316 10.7278 0.16141 3.20748 17.6997 0.0562326 3.00888 0.0907925 0.000242965 27.9235 12.1004 5.18591 0.401676 1.51475 8.84627 0.0344414 1.45844 1.76822e+06 inf 
1225 391394 725.566 1.10359e+08 4.79487e+07 2.05494e+07 118066 6.05352e+06 3.43905e+07 111941 5.63343e+06 103100 0.44074 8.44453e+09 1.58932e+09 2.91917e+08 365963 2.51319e+07 8.28224e+08 9579.88 2.19549e+07 0.222156 0.000411832 62.6396 27.2157 11.6639 0.0670142 3.43598 19.5201 0.0635375 3.19754 0.0957407 0.000283829 29.4857 12.7046 5.44485 0.45081 1.56809 9.43753 0.0374237 1.49578 1.7618e+06 inf 
1235 426861 878.718 1.20542e+08 5.20678e+07 2.23148e+07 -86421.4 6.47675e+06 3.78784e+07 126215 5.97534e+06 121358 0.630747 9.95321e+09 1.85192e+09 3.40148e+08 458727 2.84491e+07 9.92716e+08 11938.2 2.44014e+07 0.242699 0.00049961 68.5361 29.604 12.6874 -0.0491364 3.68247 21.5364 0.0717614 3.39738 0.100485 0.000330169 31.0141 13.2868 5.69436 0.508333 1.617 10.0304 0.0404717 1.52696 1.75881e+06 inf 
1245 464105 1060.05 1.31267e+08 5.63709e+07 2.41589e+07 -331031 6.90948e+06 4.15963e+07 141695 6.31322e+06 142268 0.897845 1.16853e+10 2.1496e+09 3.94824e+08 640213 3.20889e+07 1.18533e+09 14787.6 2.6969e+07 0.264478 0.000604088 74.8047 32.1239 13.7674 -0.188644 3.93748 23.7043 0.0807472 3.59769 0.105475 0.000383054 32.6088 13.8939 5.95452 0.573803 1.66812 10.6577 0.0436673 1.55736 1.7548e+06 inf 
1255 504469 1278.72 1.43015e+08 6.10525e+07 2.61654e+07 -625743 7.37314e+06 4.56891e+07 159015 6.6696e+06 166674 1.28034 1.37328e+10 2.4969e+09 4.58615e+08 964991 3.62063e+07 1.41599e+09 18318.2 2.97991e+07 0.287878 0.000729705 81.6121 34.8399 14.9314 -0.357083 4.20752 26.0727 0.0907427 3.80604 0.110634 0.000445157 34.2947 14.5275 6.22609 0.650514 1.7199 11.325 0.0471074 1.58716 1.75237e+06 inf 
1265 547716 1538.25 1.55654e+08 6.60575e+07 2.83104e+07 -971189 7.86224e+06 5.01344e+07 177975 7.0333e+06 194687 1.81336 1.60908e+10 2.89206e+09 5.31195e+08 1.48113e+06 4.07621e+07 1.68658e+09 22548 3.27766e+07 0.312711 0.000878246 88.8684 37.7146 16.1634 -0.554487 4.48884 28.6236 0.101612 4.01557 0.11561 0.000513807 35.9058 15.1258 6.48247 0.733604 1.76717 11.9842 0.0504816 1.6089 1.75151e+06 inf 
1275 594397 1847.67 1.69405e+08 7.14663e+07 3.06284e+07 -1.37694e+06 8.38297e+06 5.49999e+07 198900 7.411e+06 226795 2.55848 1.88222e+10 3.34374e+09 6.14156e+08 2.27314e+06 4.58076e+07 2.00465e+09 27637 3.59411e+07 0.338752 0.001053 96.5456 40.7293 17.4554 -0.78473 4.77753 31.3449 0.113355 4.22359 0.120414 0.000591001 37.4949 15.7084 6.73217 0.824426 1.81146 12.6475 0.0538637 1.62616 1.75467e+06 inf 
1285 643315 2212.91 1.83969e+08 7.71482e+07 3.30635e+07 -1.84695e+06 8.91958e+06 6.02104e+07 221527 7.78416e+06 263331 3.59924 2.19678e+10 3.85709e+09 7.08446e+08 3.44305e+06 5.13682e+07 2.37768e+09 33730.7 3.92416e+07 0.366531 0.00126081 104.817 43.9554 18.838 -1.05231 5.08196 34.3051 0.126216 4.43505 0.125256 0.000678988 39.1096 16.2945 6.98338 0.924304 1.85497 13.336 0.0573397 1.63963 1.75515e+06 inf 
1295 695134 2642.9 1.99531e+08 8.31671e+07 3.5643e+07 -2.38886e+06 9.47806e+06 6.58178e+07 246019 8.15854e+06 304770 5.03987 2.55757e+10 4.43723e+09 8.15001e+08 5.11847e+06 5.74522e+07 2.8119e+09 40949.2 4.26673e+07 0.395655 0.00150428 113.569 47.3368 20.2872 -1.35968 5.39469 37.462 0.140028 4.64365 0.130098 0.000778286 40.7342 16.8759 7.23252 1.03178 1.89677 14.0381 0.0608229 1.64978 1.75692e+06 inf 
1305 751391 3153.83 2.16588e+08 8.97253e+07 3.84537e+07 -3.01592e+06 1.008e+07 7.19991e+07 272979 8.54998e+06 352114 7.02951 2.97493e+10 5.09951e+09 9.36645e+08 7.46711e+06 6.41997e+07 3.32177e+09 49507.9 4.62586e+07 0.426065 0.00178833 122.813 50.8774 21.8046 -1.71013 5.71569 40.826 0.154789 4.84814 0.134647 0.000887611 42.2592 17.4095 7.46123 1.14436 1.93243 14.7241 0.0641342 1.651 1.76356e+06 inf 
1315 811028 3754.6 2.3486e+08 9.66964e+07 4.14413e+07 -3.73085e+06 1.07107e+07 7.86795e+07 302041 8.94095e+06 405456 9.75826 3.45215e+10 5.84618e+09 1.07379e+09 1.06844e+07 7.15904e+07 3.91445e+09 59522 4.99312e+07 0.457793 0.00211932 132.569 54.5813 23.392 -2.10592 6.04579 44.4114 0.17049 5.04681 0.138887 0.00100828 43.7198 17.9115 7.67637 1.26333 1.96429 15.4005 0.0673117 1.64739 1.7716e+06 inf 
1325 872800 4450.26 2.54038e+08 1.03941e+08 4.45461e+07 -4.53604e+06 1.13526e+07 8.57583e+07 332731 9.3156e+06 464473 13.4501 3.98944e+10 6.67361e+09 1.22576e+09 1.49834e+07 7.95022e+07 4.59327e+09 71022.1 5.35497e+07 0.490493 0.00250094 142.763 58.4123 25.0338 -2.54914 6.37989 48.1941 0.186987 5.23515 0.142967 0.00114189 45.1475 18.396 7.88398 1.38642 1.99384 16.0821 0.0703464 1.63917 1.77944e+06 inf 
1335 936587 5254.07 2.74153e+08 1.11466e+08 4.77712e+07 -5.43619e+06 1.2007e+07 9.32542e+07 365000 9.6733e+06 529554 18.4121 4.593e+10 7.58852e+09 1.39381e+09 2.06277e+07 8.79787e+07 5.36851e+09 84116.2 5.70922e+07 0.524437 0.00294199 153.511 62.415 26.7493 -3.04397 6.72329 52.2173 0.20438 5.41652 0.146583 0.00128626 46.398 18.8023 8.05815 1.51149 2.01512 16.7162 0.073001 1.62166 1.78589e+06 inf 
1345 1.00636e+06 6200.95 2.96381e+08 1.19729e+08 5.13126e+07 -6.46488e+06 1.27207e+07 1.01568e+08 400218 1.00489e+07 602711 25.1014 5.28454e+10 8.62088e+09 1.58343e+09 2.80408e+07 9.72773e+07 6.26868e+09 99167.2 6.06724e+07 0.55887 0.00344362 164.591 66.4902 28.4958 -3.59019 7.06428 56.4044 0.222256 5.58052 0.149573 0.00144264 47.505 19.1457 8.20532 1.63788 2.02922 17.3143 0.0753223 1.59731 1.80071e+06 inf 
1355 1.07827e+06 7290.57 3.19686e+08 1.28301e+08 5.49861e+07 -7.60938e+06 1.34467e+07 1.1037e+08 436949 1.03995e+07 682946 34.0092 6.06009e+10 9.75899e+09 1.79247e+09 3.75779e+07 1.07203e+08 7.29508e+09 116089 6.40659e+07 0.594145 0.00401721 176.152 70.6957 30.2982 -4.19288 7.40932 60.8155 0.240766 5.73028 0.152658 0.00161294 48.6068 19.4798 8.3485 1.76798 2.04264 17.9214 0.0774517 1.57009 1.81483e+06 inf 
1365 1.15198e+06 8532.46 3.44092e+08 1.37179e+08 5.8791e+07 -8.87418e+06 1.4185e+07 1.19672e+08 475009 1.07245e+07 769269 45.6698 6.91959e+10 1.09975e+10 2.01995e+09 4.96242e+07 1.1765e+08 8.45149e+09 134770 6.71824e+07 0.62973 0.00466429 188.099 74.9892 32.1382 -4.85109 7.75428 65.4189 0.259665 5.86256 0.154799 0.00179163 49.4471 19.7088 8.44662 1.89581 2.04563 18.4499 0.079037 1.53485 1.82932e+06 inf 
1375 1.23082e+06 9972.88 3.70656e+08 1.46762e+08 6.28979e+07 -1.02992e+07 1.49742e+07 1.2985e+08 515589 1.10486e+07 864419 61.0463 7.89325e+10 1.23766e+10 2.27325e+09 6.49048e+07 1.28957e+08 9.78014e+09 155623 7.01332e+07 0.665461 0.005392 200.401 79.3492 34.0068 -5.56844 8.09606 70.2056 0.278762 5.97359 0.156604 0.00198293 50.1543 19.8824 8.52104 2.02098 2.04365 18.9463 0.0801998 1.49497 1.84957e+06 inf 
1385 1.30819e+06 11573.8 3.97441e+08 1.56278e+08 6.69764e+07 -1.18299e+07 1.57374e+07 1.40247e+08 555634 1.13097e+07 963093 80.6055 8.93958e+10 1.38262e+10 2.5395e+09 8.35011e+07 1.4038e+08 1.12359e+10 177544 7.24353e+07 0.700796 0.00620003 212.908 83.718 35.8791 -6.33725 8.43049 75.1298 0.297652 6.05859 0.157516 0.0021771 50.5886 19.9485 8.54936 2.1379 2.03177 19.3529 0.0807059 1.4481 1.86672e+06 inf 
1395 1.39202e+06 13416.8 4.26941e+08 1.66683e+08 7.14358e+07 -1.35468e+07 1.657e+07 1.51725e+08 598228 1.15782e+07 1.07085e+06 105.795 1.01187e+11 1.54302e+10 2.83411e+09 1.06525e+08 1.52721e+08 1.28951e+10 201389 7.45323e+07 0.735363 0.00708771 225.541 88.0541 37.7375 -7.15638 8.75344 80.1518 0.316027 6.11642 0.157932 0.00237754 50.8475 19.9446 8.54769 2.24953 2.0138 19.693 0.0807177 1.40097 1.89297e+06 inf 
1405 1.47512e+06 15461.7 4.57239e+08 1.77219e+08 7.5951e+07 -1.54058e+07 1.73934e+07 1.63643e+08 640254 1.17921e+07 1.18114e+06 137.297 1.13872e+11 1.71163e+10 3.1438e+09 1.34271e+08 1.65171e+08 1.47136e+10 225881 7.59431e+07 0.768438 0.00805451 238.19 92.319 39.5653 -8.02538 9.06076 85.2469 0.333528 6.14289 0.157465 0.00257822 50.8441 19.8395 8.50266 2.35353 1.98633 19.9431 0.080169 1.35133 1.91964e+06 inf 
1415 1.56128e+06 17754.7 4.89429e+08 1.88276e+08 8.06895e+07 -1.74435e+07 1.82476e+07 1.76387e+08 682526 1.19744e+07 1.29616e+06 176.458 1.2768e+11 1.89083e+10 3.47295e+09 1.67475e+08 1.77973e+08 1.67232e+10 250782 7.67405e+07 0.799757 0.00909478 250.708 96.4434 41.3329 -8.93537 9.34726 90.3538 0.349621 6.13382 0.156017 0.00277035 50.4881 19.6054 8.40233 2.43874 1.94799 20.0646 0.0789113 1.29855 1.95219e+06 inf 
1425 1.6453e+06 20255 5.22028e+08 1.99279e+08 8.54054e+07 -1.96104e+07 1.90773e+07 1.89451e+08 722305 1.20835e+07 1.41035e+06 223.987 1.42196e+11 2.07397e+10 3.80933e+09 2.06238e+08 1.90482e+08 1.88786e+10 274624 7.66263e+07 0.828645 0.0102013 262.916 100.366 43.0139 -9.87668 9.60815 95.416 0.363785 6.08578 0.15383 0.00295687 49.9091 19.2902 8.26721 2.51432 1.9023 20.0966 0.0772901 1.24727 1.98553e+06 inf 
1435 1.73105e+06 23006 5.56551e+08 2.10789e+08 9.03382e+07 -2.19659e+07 1.99365e+07 2.03364e+08 761223 1.21593e+07 1.52415e+06 280.912 1.57658e+11 2.26383e+10 4.15805e+09 2.51398e+08 2.02979e+08 2.12112e+10 297331 7.58399e+07 0.853867 0.0113481 274.527 103.975 44.5607 -10.835 9.834 100.312 0.375485 5.99774 0.150736 0.00312814 49.0096 18.8646 8.08484 2.5707 1.84794 20.0057 0.0753262 1.19847 2.02731e+06 inf 
1445 1.81386e+06 25954.6 5.91729e+08 2.2229e+08 9.52671e+07 -2.44717e+07 2.07748e+07 2.17689e+08 796736 1.21628e+07 1.63251e+06 347.271 1.73727e+11 2.45446e+10 4.50819e+09 3.0315e+08 2.14891e+08 2.36811e+10 317510 7.41654e+07 0.875385 0.0125259 285.574 107.279 45.9768 -11.8102 10.0261 105.059 0.384512 5.86985 0.146847 0.0032707 47.8553 18.3475 7.86322 2.6117 1.78488 19.7843 0.0733738 1.15659 2.07207e+06 inf 
1455 1.89604e+06 29115.5 6.28305e+08 2.34041e+08 1.00303e+08 -2.71553e+07 2.16194e+07 2.32688e+08 828999 1.21087e+07 1.73423e+06 423.171 1.9032e+11 2.64408e+10 4.85647e+09 3.61706e+08 2.26157e+08 2.62775e+10 334235 7.16445e+07 0.892074 0.0136987 295.613 110.115 47.1921 -12.7764 10.1718 109.478 0.390038 5.69704 0.141934 0.00338318 46.4441 17.7466 7.6057 2.63525 1.71451 19.4398 0.0715922 1.11892 2.12543e+06 inf 
1465 1.9718e+06 32404.6 6.64792e+08 2.45493e+08 1.05211e+08 -2.9953e+07 2.24201e+07 2.4786e+08 855327 1.1966e+07 1.82151e+06 507.142 2.06847e+11 2.82457e+10 5.18798e+09 4.26272e+08 2.36123e+08 2.893e+10 345988 6.8188e+07 0.903274 0.0148444 304.538 112.459 48.1968 -13.7213 10.2705 113.544 0.391821 5.48155 0.136099 0.00345877 44.8561 17.092 7.32516 2.64535 1.638 18.9888 0.0705095 1.09049 2.18295e+06 inf 
1475 2.04384e+06 35785.7 7.02025e+08 2.56903e+08 1.10101e+08 -3.2897e+07 2.32034e+07 2.63465e+08 875841 1.17511e+07 1.89369e+06 596.188 2.23141e+11 2.99272e+10 5.49682e+09 4.96417e+08 2.44654e+08 3.16021e+10 351899 6.39237e+07 0.908139 0.0159006 311.93 114.149 48.9212 -14.6171 10.3099 117.065 0.389162 5.22137 0.129247 0.0034748 42.9839 16.3527 7.0083 2.62929 1.5532 18.371 0.0700857 1.06794 2.25058e+06 inf 
1485 2.11057e+06 39228.4 7.40397e+08 2.68397e+08 1.15027e+08 -3.60221e+07 2.39779e+07 2.79659e+08 890773 1.14755e+07 1.94502e+06 687.538 2.39043e+11 3.1464e+10 5.77911e+09 5.72302e+08 2.51591e+08 3.42696e+10 352047 5.90708e+07 0.905182 0.0168243 317.542 115.11 49.333 -15.4492 10.2837 119.94 0.382035 4.92161 0.121766 0.00343718 41.084 15.6178 6.69334 2.60223 1.46591 17.6612 0.0709583 1.05453 2.33165e+06 inf 
1495 2.16368e+06 42493.7 7.76498e+08 2.78752e+08 1.19465e+08 -3.91418e+07 2.46424e+07 2.9521e+08 894613 1.10794e+07 1.96715e+06 773.904 2.53074e+11 3.26724e+10 6.00106e+09 6.49529e+08 2.55719e+08 3.67299e+10 343873 5.34116e+07 0.894762 0.0175728 321.111 115.274 49.4033 -16.1866 10.1906 122.081 0.369957 4.58177 0.113535 0.00335203 39.2835 14.9363 6.40129 2.56864 1.37898 16.8965 0.0730518 1.04647 2.41816e+06 inf 
1505 2.20904e+06 45591.2 8.13058e+08 2.889e+08 1.23814e+08 -4.23963e+07 2.52785e+07 3.11063e+08 890630 1.06178e+07 1.96133e+06 849.707 2.6551e+11 3.35891e+10 6.16942e+09 7.28289e+08 2.57418e+08 3.89908e+10 328942 4.74098e+07 0.875182 0.0180624 322.119 114.457 49.0529 -16.7967 10.0149 123.238 0.352851 4.20658 0.10535 0.00322302 37.8134 14.388 6.16628 2.53129 1.29856 16.1223 0.0762677 1.04288 2.52409e+06 inf 
1515 2.23552e+06 48210.8 8.46302e+08 2.97517e+08 1.27507e+08 -4.55847e+07 2.57742e+07 3.25826e+08 874186 1.00446e+07 1.91672e+06 904.944 2.74696e+11 3.40248e+10 6.24945e+09 8.03068e+08 2.55433e+08 4.08124e+10 306203 4.10335e+07 0.846114 0.0182472 320.314 112.606 48.2599 -17.2532 9.7552 123.321 0.330868 3.80173 0.097707 0.0030903 36.9834 14.0625 6.02677 2.50545 1.23046 15.4556 0.0801255 1.03801 2.6421e+06 inf 
1525 2.24797e+06 50312.4 8.78076e+08 3.05265e+08 1.30828e+08 -4.87869e+07 2.61914e+07 3.40145e+08 847775 9.40258e+06 1.83769e+06 934.026 2.80664e+11 3.40089e+10 6.24653e+09 8.7205e+08 2.50208e+08 4.21698e+10 277847 3.47084e+07 0.806979 0.0180612 315.214 109.585 46.9648 -17.5136 9.40224 122.106 0.304336 3.37536 0.0920896 0.00301503 37.3336 14.1358 6.05818 2.51464 1.19089 15.1095 0.0843903 1.03278 2.78566e+06 inf 
1535 2.23372e+06 51499.2 9.03759e+08 3.10545e+08 1.33091e+08 -5.17361e+07 2.63963e+07 3.52205e+08 807623 8.65764e+06 1.71564e+06 927.401 2.81454e+11 3.33333e+10 6.12244e+09 9.27038e+08 2.40416e+08 4.27475e+10 244063 2.8479e+07 0.757408 0.0174623 306.446 105.299 45.1284 -17.5426 8.95043 119.426 0.273848 2.93563 0.0898296 0.00308712 39.0633 14.6513 6.27915 2.5681 1.18745 15.2418 0.0881127 1.01919 2.94916e+06 inf 
1545 2.1978e+06 51730 9.25208e+08 3.14019e+08 1.3458e+08 -5.45204e+07 2.64523e+07 3.62704e+08 756267 7.84576e+06 1.55956e+06 885.123 2.77358e+11 3.20705e+10 5.89051e+09 9.66355e+08 2.26844e+08 4.2566e+10 207438 2.265e+07 0.697434 0.0164156 293.598 99.6483 42.7064 -17.3011 8.39418 115.098 0.239988 2.48971 0.092116 0.00337726 42.5997 15.7236 6.73868 2.70706 1.23399 16.1262 0.090734 0.994444 3.15127e+06 inf 
1555 2.12784e+06 50640.2 9.37183e+08 3.1401e+08 1.34576e+08 -5.68034e+07 2.62191e+07 3.69492e+08 692748 6.96424e+06 1.36923e+06 807.048 2.66867e+11 3.01036e+10 5.52923e+09 9.81251e+08 2.08813e+08 4.13559e+10 170044 1.74042e+07 0.627845 0.014942 276.527 92.6525 39.7082 -16.7606 7.73626 109.023 0.204404 2.05488 0.0990901 0.00385559 47.6967 17.261 7.39759 2.93499 1.32787 17.7919 0.0916122 0.955391 3.38911e+06 inf 
1565 2.02342e+06 48209.4 9.3841e+08 3.10199e+08 1.32942e+08 -5.84553e+07 2.56783e+07 3.71963e+08 619784 6.04454e+06 1.15691e+06 703.523 2.50149e+11 2.75076e+10 5.05242e+09 9.6809e+08 1.87112e+08 3.91119e+10 134287 1.29007e+07 0.550135 0.0131074 255.138 84.3381 36.1449 -15.893 6.98151 101.131 0.168509 1.64341 0.109074 0.00441287 53.9993 19.1302 8.19866 3.2587 1.45988 20.1611 0.090083 0.898163 3.67804e+06 inf 
1575 1.87823e+06 44386.2 9.24008e+08 3.01203e+08 1.29087e+08 -5.91079e+07 2.47202e+07 3.68109e+08 538629 5.10092e+06 934204 585.145 2.27124e+11 2.43404e+10 4.47069e+09 9.22428e+08 1.62309e+08 3.58037e+10 101720 9.18079e+06 0.467051 0.0110373 229.768 74.8987 32.0994 -14.6981 6.14704 91.5359 0.133938 1.26842 0.119026 0.00486653 60.6978 21.0428 9.01836 3.65273 1.60449 22.8975 0.0857607 0.821007 4.02148e+06 inf 
1585 1.69782e+06 39535 8.93691e+08 2.87182e+08 1.23078e+08 -5.86373e+07 2.33645e+07 3.57672e+08 454740 4.18419e+06 718539 466.294 1.99508e+11 2.08381e+10 3.8274e+09 8.47159e+08 1.36138e+08 3.16829e+10 74085.2 6.2841e+06 0.382591 0.00890891 201.387 64.7144 27.7347 -13.2135 5.26502 80.5987 0.102472 0.942877 0.124665 0.00507023 66.3408 22.5334 9.65716 4.03796 1.71966 25.3645 0.0787019 0.725988 4.43769e+06 inf 
1595 1.48278e+06 33887.4 8.42885e+08 2.66992e+08 1.14425e+08 -5.66348e+07 2.15275e+07 3.38732e+08 370734 3.31588e+06 522612 355.274 1.68464e+11 1.71597e+10 3.15178e+09 7.44649e+08 1.0976e+08 2.69317e+10 51692.5 4.12205e+06 0.301418 0.0068886 171.341 54.2739 23.2602 -11.5127 4.37609 68.857 0.0753624 0.674048 0.124029 0.00497663 69.9114 23.2928 9.98263 4.33935 1.77812 27.0807 0.0694874 0.619342 4.91935e+06 inf 
1605 1.24818e+06 27988.9 7.74432e+08 2.41867e+08 1.03657e+08 -5.31744e+07 1.93182e+07 3.12356e+08 292163 2.5403e+06 358552 259.813 1.36778e+11 1.36028e+10 2.49848e+09 6.26098e+08 8.50987e+07 2.19984e+10 34690.7 2.59968e+06 0.227528 0.00510203 141.17 44.0894 18.8955 -9.69305 3.52147 56.9388 0.0532577 0.463066 0.11658 0.00461844 70.7393 23.1464 9.91988 4.49165 1.764 27.7132 0.0590534 0.509373 5.48583e+06 inf 
1615 1.00649e+06 22259.6 6.90013e+08 2.1262e+08 9.11229e+07 -4.82847e+07 1.68123e+07 2.79216e+08 222141 1.87733e+06 230717 183.043 1.06494e+11 1.03609e+10 1.90302e+09 5.01725e+08 6.33198e+07 1.72254e+10 22429.9 1.57892e+06 0.164294 0.00363354 112.634 34.7069 14.8744 -7.88172 2.74434 45.5776 0.0362611 0.306444 0.103289 0.00408366 68.5356 22.0608 9.45465 4.44717 1.67468 27.101 0.0484402 0.404754 6.12616e+06 inf 
1625 773881 17027.1 5.9458e+08 1.80918e+08 7.75363e+07 -4.22777e+07 1.41524e+07 2.41297e+08 162725 1.33627e+06 138658 124.009 7.94518e+10 7.57734e+09 1.39176e+09 3.82858e+08 4.51821e+07 1.29203e+10 13942.1 921304 0.113219 0.00249108 86.9874 26.4684 11.3436 -6.18525 2.07051 35.3019 0.0238068 0.195497 0.0864128 0.00345501 63.695 20.1988 8.65664 4.21367 1.5242 25.3778 0.0383794 0.310755 6.83524e+06 inf 
1635 565192 12584.3 4.95345e+08 1.49022e+08 6.38668e+07 -3.56625e+07 1.15229e+07 2.01555e+08 115278 919287 77480.6 81.5022 5.69472e+10 5.33894e+09 9.80622e+08 2.78577e+08 3.10131e+07 9.30884e+09 8399.97 520663 0.0744337 0.0016573 65.2352 19.6257 8.41102 -4.69663 1.51752 26.544 0.0151817 0.121067 0.0682901 0.00282611 56.9571 17.8312 7.64193 3.82482 1.33471 22.8332 0.0295933 0.23219 7.59322e+06 inf 
1645 390262 8997.87 3.99131e+08 1.18888e+08 5.0952e+07 -2.8987e+07 9.07941e+06 1.62807e+08 79019.1 611601 39969.2 51.804 3.92851e+10 3.63058e+09 6.66842e+08 1.93664e+08 2.05195e+07 6.45544e+09 4885.09 283842 0.0465416 0.00107306 47.5993 14.1783 6.07641 -3.45691 1.08279 19.4159 0.00942363 0.072938 0.0509952 0.002242 49.1869 15.2299 6.52711 3.33852 1.12902 19.8213 0.0222211 0.168909 8.38522e+06 inf 
1655 252629 6243.47 3.1117e+08 9.19213e+07 3.93949e+07 -2.27038e+07 6.9271e+06 1.27229e+08 52545.4 394512 18796.7 31.8149 2.61625e+10 2.38998e+09 4.38977e+08 1.29017e+08 1.31263e+07 4.32212e+09 2745.14 149440 0.0275118 0.000679927 33.8871 10.0104 4.29019 -2.4725 0.754376 13.8555 0.0057223 0.0429632 0.035918 0.00173275 41.241 12.6517 5.42216 2.81726 0.927575 16.6947 0.0163159 0.120119 9.18256e+06 inf 
1665 151119 4211.75 2.35206e+08 6.90188e+07 2.95795e+07 -1.71716e+07 5.12824e+06 9.63939e+07 33931.2 247002 7872.64 18.8392 1.68526e+10 1.52562e+09 2.80216e+08 8.25468e+07 8.1343e+06 2.79939e+09 1484.26 75671.7 0.0150836 0.000420388 23.4766 6.88898 2.95242 -1.71395 0.511866 9.62138 0.00338677 0.024654 0.0236279 0.00130525 33.6297 10.2381 4.38776 2.30253 0.741555 13.6691 0.011691 0.0833379 1.00187e+07 inf 
1675 80981.3 2765.24 1.72876e+08 5.0474e+07 2.16317e+07 -1.25792e+07 3.69499e+06 7.10186e+07 21325.7 150437 2815.72 10.7591 1.05236e+10 9.4652e+08 1.73851e+08 5.08572e+07 4.89416e+06 1.75822e+09 778.538 37130.5 0.00741081 0.000253054 15.8203 4.619 1.97957 -1.15116 0.338138 6.49909 0.00195157 0.0137669 0.0142392 0.000959457 26.6976 8.07981 3.46277 1.82453 0.577529 10.8931 0.00821203 0.0566426 1.09275e+07 inf 
1685 35687.8 1765.87 1.2372e+08 3.5999e+07 1.54282e+07 -8.93733e+06 2.59461e+06 5.09487e+07 13033.5 89070 813.962 5.87774 6.37357e+09 5.70697e+08 1.04822e+08 3.02046e+07 2.85948e+06 1.07111e+09 392.504 17506.9 0.00299905 0.000148396 10.3969 3.02521 1.29652 -0.751055 0.21804 4.28152 0.00109528 0.00748507 0.00770763 0.000686963 20.6764 6.22954 2.6698 1.40505 0.439041 8.4664 0.0056378 0.0376189 1.18997e+07 inf 
1695 8643.58 1090.88 8.62388e+07 2.50452e+07 1.07337e+07 -6.16226e+06 1.7762e+06 3.56054e+07 7702.24 50973.8 210.012 3.04832 3.72422e+09 3.32636e+08 6.10964e+07 1.72077e+07 1.61397e+06 6.29789e+08 188.616 7859.82 0.000665959 8.40484e-05 6.64441 1.92965 0.826992 -0.474781 0.13685 2.74328 0.000593432 0.00392736 0.00396702 0.000477282 15.5817 4.68027 2.00583 1.04899 0.324996 6.40293 0.00376565 0.024293 1.29791e+07 inf 
1705 -5787.54 654.057 5.86809e+07 1.70363e+07 7.30126e+06 -4.13182e+06 1.18812e+06 2.42931e+07 4423.8 28338 141.149 1.51545 2.10745e+09 1.88209e+08 3.4569e+07 9.43163e+06 883443 3.58654e+08 87.5397 3408.57 -0.000408434 4.61576e-05 4.14118 1.20227 0.515259 -0.291588 0.0838474 1.7144 0.000312193 0.00199985 0.00312958 0.000323754 11.4707 3.44045 1.47448 0.761957 0.235192 4.72985 0.00246583 0.0153801 1.41701e+07 inf 
1715 -12060.8 377.541 3.89745e+07 1.13264e+07 4.85419e+06 -2.6953e+06 776383 1.61806e+07 2452.81 15201.6 200.596 0.71417 1.14789e+09 1.02717e+08 1.88664e+07 4.94616e+06 465942 1.96606e+08 38.9796 1418.76 -0.000772268 2.41743e-05 2.49558 0.725244 0.310819 -0.172583 0.0497127 1.03606 0.000157056 0.000973373 0.00349972 0.000212473 8.20198 2.4599 1.05424 0.535652 0.165419 3.39345 0.00157202 0.00948141 1.56174e+07 inf 
1725 -13465.8 209.213 2.5141e+07 7.32476e+06 3.13918e+06 -1.70107e+06 493203 1.04687e+07 1307.65 7835.62 238.388 0.315633 5.99189e+08 5.38617e+07 9.89296e+06 2.46678e+06 235882 1.03307e+08 16.1261 549.311 -0.000779127 1.2105e-05 1.45465 0.423809 0.181633 -0.0984237 0.0285367 0.605716 7.56605e-05 0.000453368 0.00363126 0.000134596 5.70552 1.71371 0.734449 0.364747 0.113286 2.36864 0.00096298 0.00561938 1.72831e+07 inf 
1735 -12291.4 111.168 1.57903e+07 4.61903e+06 1.97958e+06 -1.04112e+06 305344 6.59535e+06 671.348 3887.8 225.365 0.129145 3.00294e+08 2.71719e+07 4.99076e+06 1.17237e+06 114779 5.21016e+07 6.23575 199.235 -0.00064033 5.79137e-06 0.822608 0.240632 0.103128 -0.0542382 0.0159071 0.343591 3.49745e-05 0.000202538 0.00336609 8.18193e-05 3.86877 1.16518 0.499362 0.24111 0.0756734 1.61128 0.000568888 0.00321532 1.91954e+07 inf 
1745 -9982.32 55.9082 9.59722e+06 2.82292e+06 1.20982e+06 -614056 183110 4.02152e+06 326.764 1828.3 177.98 0.0463421 1.42567e+08 1.3004e+07 2.38849e+06 523885 52975.7 2.48934e+07 2.07973 62.4221 -0.000458313 2.56688e-06 0.440632 0.129608 0.0555461 -0.0281929 0.00840706 0.184638 1.50026e-05 8.39421e-05 0.0028216 4.60553e-05 2.52021 0.76174 0.32646 0.152506 0.048596 1.05301 0.000308643 0.00169083 2.17806e+07 inf 
1755 -7438.53 26.2337 5.62426e+06 1.66608e+06 714034 -347505 105989 2.36463e+06 148.51 802.982 120.508 0.013796 6.32607e+07 5.82112e+06 1.06918e+06 217450 22880.9 1.11177e+07 0.568036 16.0432 -0.000296721 1.04646e-06 0.224351 0.0664596 0.0284827 -0.0138619 0.00422788 0.0943246 5.92404e-06 3.20308e-05 0.00217233 2.34356e-05 1.57262 0.47727 0.204544 0.0920972 0.0299139 0.659233 0.000150412 0.000799333 2.50691e+07 inf 
1765 -5132.21 11.1685 3.15504e+06 942765 404042 -187202 58788.7 1.33102e+06 61.5309 321.585 69.6331 0.00319722 2.55969e+07 2.37809e+06 436792 81773.2 9021.96 4.52668e+06 0.122122 3.2498 -0.000177017 3.85217e-07 0.108822 0.0325172 0.013936 -0.00645686 0.0020277 0.0459086 2.12228e-06 1.10919e-05 0.00153961 1.04942e-05 0.93329 0.284546 0.121948 0.0527141 0.0175233 0.392459 6.48664e-05 0.000334614 2.89928e+07 inf 
1775 -3270.38 4.09691 1.67327e+06 505197 216513 -94722.4 30866.2 708407 22.0101 111.192 33.4973 0.000497235 8.94423e+06 840330 154346 26376.2 3078.4 1.59282e+06 0.017441 0.437173 -9.41864e-05 1.1799e-07 0.0481899 0.0145496 0.00623554 -0.00272799 0.000888941 0.020402 6.33886e-07 3.20231e-06 0.000977674 3.78237e-06 0.505243 0.154886 0.0663797 0.027426 0.00937376 0.213206 2.2403e-05 0.000112162 3.47224e+07 inf 
1785 -1876.68 1.15913 814047 248771 106616 -43637 14886.3 345917 6.10253 29.7852 12.2768 4.00067e-05 2.4167e+06 230363 42311.5 6521.26 814.937 433965 0.00129039 0.0304316 -4.24815e-05 2.62387e-08 0.0184272 0.00563132 0.00241342 -0.000987791 0.000336975 0.00783036 1.3814e-07 6.74235e-07 0.000525453 9.51275e-07 0.233166 0.0719924 0.0308539 0.0121096 0.0042818 0.0988036 5.40286e-06 2.62376e-05 4.41764e+07 inf 
1795 -925.664 0.224733 344629 106892 45810.7 -17294.7 6261.34 147036 1.16729 5.48965 3.1328 1.39085e-06 444992 43372.1 7966.31 1077.85 147.983 80737.7 4.12801e-05 0.00091218 -1.5623e-05 3.79295e-09 0.00581652 0.00180408 0.000773175 -0.000291893 0.000105676 0.00248162 1.97011e-08 9.26521e-08 0.000229413 1.53166e-07 0.0864672 0.0269956 0.0115696 0.00425515 0.00157684 0.0368307 8.34459e-07 3.92261e-06 5.92501e+07 inf 
1805 -353.286 0.0263128 110979 35070.8 15030.4 -5123.27 2009.99 47570.8 0.133812 0.602509 0.51346 1.83908e-08 48043.9 4845.8 890.045 101.113 15.901 8836.36 4.75133e-07 9.68782e-06 -4.01924e-06 2.99354e-10 0.00126258 0.000398992 0.000170996 -5.82861e-05 2.28671e-05 0.000541201 1.52234e-09 6.85459e-09 7.63239e-05 1.44616e-08 0.023345 0.00741419 0.00317751 0.00107095 0.000424711 0.0100118 7.35061e-08 3.31917e-07 8.78986e+07 inf 
1815 -107.062 0.00219243 27719.7 8959.88 3839.95 -1149.42 501.616 11935.7 0.0111957 0.0478876 0.057808 1.50633e-10 3711.13 389.447 71.5311 6.61719 1.22269 689.434 3.9149e-09 7.26013e-08 -7.62414e-07 1.56128e-11 0.000197398 6.38053e-05 2.73451e-05 -8.18531e-06 3.57212e-06 8.49969e-05 7.97269e-11 3.41018e-10 2.02752e-05 1.03559e-09 0.00513701 0.00166411 0.000713191 0.000216923 9.32433e-05 0.00221413 5.27944e-09 2.27353e-08 1.40425e+08 inf 
1825 -24.286 8.85864e-05 5118.86 1696.55 727.092 -185.044 92.6388 2210.84 0.0004859 0.00197487 0.00293903 2.40728e-13 149.403 16.0656 2.95082 0.23936 0.0483336 27.7607 7.16589e-12 1.23171e-10 -8.22799e-08 3.00127e-13 1.73424e-05 5.74782e-06 2.46335e-06 -6.26922e-07 3.13856e-07 7.49022e-06 1.64621e-12 6.69076e-12 3.15444e-06 2.85567e-11 0.000711245 0.00023323 9.99558e-05 2.84701e-05 1.27927e-05 0.000306587 1.55804e-10 6.45952e-10 2.95164e+08 inf 
1835 -7.29445 1.37203e-06 434.242 151.813 65.0628 -15.9469 8.08547 187.065 7.33973e-06 2.95083e-05 0.000144167 1.98366e-16 2.51805 0.259568 0.0476757 0.00443412 0.000757543 0.461162 6.08694e-15 1.06318e-13 -5.36356e-09 1.00885e-15 3.19296e-07 1.11627e-07 4.78402e-08 -1.17257e-08 5.94519e-09 1.37548e-07 5.39685e-15 2.16973e-14 3.2554e-07 3.81911e-13 4.30279e-05 1.38147e-05 5.92059e-06 1.80561e-06 7.46312e-07 1.84139e-05 2.11557e-12 8.84162e-12 1.36e+09 inf 
1845 -3.56906 2.11966e-08 4.08807 6.1092 2.61823 -0.779747 0.290837 1.68326 8.39404e-09 -6.0867e-07 3.21181e-05 1.03531e-20 0.0352092 0.00370053 0.00067969 1.64264e-05 9.90561e-06 0.00663506 4.68338e-19 7.55531e-18 -3.32539e-09 1.97495e-17 3.80896e-09 5.69212e-09 2.43948e-09 -7.26512e-10 2.70981e-10 1.56834e-09 7.82096e-18 -5.67115e-16 1.72957e-07 3.10578e-15 5.72759e-06 1.85684e-06 7.95789e-07 1.23711e-07 9.6069e-08 2.48638e-06 2.08893e-14 8.38998e-14 1.07327e+09 inf 
1855 -2.14394e-06 -1.53983e-16 0.00220268 0.000732767 0.000314043 -2.21215e-05 3.81899e-05 0.000957004 -3.19604e-12 2.94824e-14 1.959e-15 7.09562e-36 1.7592e-09 1.91465e-10 3.5167e-11 1.71748e-13 5.20596e-13 3.31708e-10 3.38334e-27 6.29044e-31 -1.01459e-11 -7.28698e-22 1.04238e-08 3.4677e-09 1.48616e-09 -1.04686e-10 1.80727e-10 4.52887e-09 -1.51248e-17 1.39521e-19 9.57481e-11 5.74873e-21 9.06448e-08 2.99007e-08 1.28146e-08 8.95439e-10 1.55916e-09 3.93605e-08 1.25628e-16 1.7197e-18 211312 inf 
1865 0 0 0 0 0 0 0 0 0 0 0 0 0 0 0 0 0 0 0 0 0.0 0.0 0.0 0.0 0.0 0.0 0.0 0.0 0.0 0.0 0.0 0.0 0.0 0.0 0.0 0.0 0.0 0.0 0.0 0.0 0 -nan 
1875 0 0 0 0 0 0 0 0 0 0 0 0 0 0 0 0 0 0 0 0 0.0 0.0 0.0 0.0 0.0 0.0 0.0 0.0 0.0 0.0 0.0 0.0 0.0 0.0 0.0 0.0 0.0 0.0 0.0 0.0 0 -nan 
1885 0 0 0 0 0 0 0 0 0 0 0 0 0 0 0 0 0 0 0 0 0.0 0.0 0.0 0.0 0.0 0.0 0.0 0.0 0.0 0.0 0.0 0.0 0.0 0.0 0.0 0.0 0.0 0.0 0.0 0.0 0 -nan 
1895 0 0 0 0 0 0 0 0 0 0 0 0 0 0 0 0 0 0 0 0 0.0 0.0 0.0 0.0 0.0 0.0 0.0 0.0 0.0 0.0 0.0 0.0 0.0 0.0 0.0 0.0 0.0 0.0 0.0 0.0 0 -nan 
