255 0 0 0 0 0 0 0 0 0 0 0 0 0 0 0 0 0 0 0 0 0.0 0.0 0.0 0.0 0.0 0.0 0.0 0.0 0.0 0.0 0.0 0.0 0.0 0.0 0.0 0.0 0.0 0.0 0.0 0.0 0 -nan 
265 0 0 0 0 0 0 0 0 0 0 0 0 0 0 0 0 0 0 0 0 0.0 0.0 0.0 0.0 0.0 0.0 0.0 0.0 0.0 0.0 0.0 0.0 0.0 0.0 0.0 0.0 0.0 0.0 0.0 0.0 0 -nan 
275 0 0 0 0 0 0 0 0 0 0 0 0 0 0 0 0 0 0 0 0 0.0 0.0 0.0 0.0 0.0 0.0 0.0 0.0 0.0 0.0 0.0 0.0 0.0 0.0 0.0 0.0 0.0 0.0 0.0 0.0 0 -nan 
285 0 0 0 0 0 0 0 0 0 0 0 0 0 0 0 0 0 0 0 0 0.0 0.0 0.0 0.0 0.0 0.0 0.0 0.0 0.0 0.0 0.0 0.0 0.0 0.0 0.0 0.0 0.0 0.0 0.0 0.0 0 -nan 
295 7.54814e-05 0.944584 4.87675e-23 -2.51992e-06 121.289 294.708 1.34429 1386.52 -0.26813 7.15018e-09 7.07973e-17 1.09054e-08 1.11598e-53 6.50442e-18 0.00606466 0.0358028 8.8881e-07 0.792461 2.83404e-07 1.54327e-21 0.0 0.0 0.0 0.0 0.0 0.0 0.0 0.0 0.0 0.0 0.0 0.0 0.0 0.0 0.0 0.0 0.0 0.0 0.0 0.0 -1.35736e+08 -inf 
305 0.00234572 23.4739 1.8278e-21 -0.000592267 874.787 2102.15 55.2292 9912.57 -5.99974 4.19224e-07 3.8738e-14 3.59507e-06 2.90447e-50 2.19203e-12 0.297571 1.68837 0.00369501 37.5848 0.00152862 4.2664e-16 7.03633e-12 7.04134e-08 5.48276e-30 -1.77659e-12 2.62405e-06 6.3057e-06 1.65668e-07 2.97342e-05 -1.79971e-08 1.25752e-15 8.16642e-12 7.63275e-08 7.55403e-30 8.10688e-11 2.97611e-05 7.08854e-05 3.3251e-06 0.00033445 2.14126e-06 1.13127e-12 3.33373e+08 inf 
315 0.00299215 21.5705 1.95992e-20 -0.00410152 759.512 1787.57 127.91 8462.24 -17.9099 1.97686e-05 1.32634e-13 6.5043e-06 2.68962e-46 2.14157e-10 9.77871 53.488 0.443715 1198.87 0.0209408 2.12781e-12 2.8599e-11 2.06171e-07 1.8733e-28 -3.92023e-11 7.25942e-06 1.70856e-05 1.22257e-06 8.08822e-05 -1.71183e-07 1.88949e-13 2.12088e-11 1.4022e-07 1.59237e-27 1.43017e-09 0.000305634 0.000714805 6.51117e-05 0.00338413 1.41465e-05 1.4261e-10 1.04624e+08 inf 
325 0.00339169 17.5051 1.97735e-19 -0.0169563 1093.48 2520.79 323.519 11980.5 -39.8423 0.000133314 4.27988e-13 9.60243e-06 5.04689e-43 4.10366e-09 64.4888 340.724 7.8499 7699.13 0.104553 7.85395e-11 5.24312e-11 2.70607e-07 3.05673e-27 -2.62123e-10 1.69038e-05 3.89682e-05 5.00119e-06 0.000185203 -6.1591e-07 2.06086e-12 6.21861e-11 2.7425e-07 8.82751e-26 7.96043e-09 0.000998312 0.0022947 0.000348316 0.010908 4.0198e-05 1.10187e-09 6.46885e+07 inf 
335 0.00413195 15.5548 1.80984e-18 -0.0494168 1871.27 4235.58 783.561 20209.3 -69.118 0.000467435 1.80045e-12 1.8464e-05 1.68666e-40 3.1089e-08 222.216 1127.74 53.9056 25720.4 0.296829 5.11816e-10 8.75622e-11 3.2963e-07 3.83532e-26 -1.04722e-09 3.9655e-05 8.97584e-05 1.66048e-05 0.000428266 -1.46472e-06 9.90567e-12 1.74605e-10 5.31624e-07 1.89019e-24 2.56462e-08 0.00216968 0.00488779 0.00106867 0.0233425 7.92977e-05 3.29334e-09 4.71887e+07 inf 
345 0.00513965 14.3544 1.62679e-17 -0.114467 3166.76 7049.78 1685.07 33766.2 -105.169 0.00131505 7.22825e-12 3.73199e-05 1.47005e-37 1.37189e-07 606.493 2974.72 223.6 68387.3 0.644057 2.98532e-09 1.3744e-10 3.83852e-07 4.35022e-25 -3.06097e-09 8.46828e-05 0.000188519 4.50608e-05 0.000902946 -2.81234e-06 3.51658e-11 4.17614e-10 9.22299e-07 6.26968e-23 6.04915e-08 0.00402631 0.00891694 0.00244485 0.0427544 0.000131206 8.93475e-09 3.73956e+07 inf 
355 0.00658478 13.7915 1.01676e-16 -0.228591 5110.65 11201.4 3276.15 53855.2 -148.968 0.00315242 2.56241e-11 7.36924e-05 2.62615e-36 4.51177e-07 1398.75 6672.82 691.185 154449 1.21755 1.33186e-08 2.33439e-10 4.88925e-07 3.60456e-24 -8.10384e-09 0.000181179 0.000397104 0.000116144 0.00190924 -5.2811e-06 1.11757e-10 9.24075e-10 1.5406e-06 3.05102e-22 1.26211e-07 0.00703951 0.0153754 0.00494873 0.0739715 0.000207692 2.1729e-08 2.82077e+07 inf 
365 0.00898971 14.3478 7.17409e-16 -0.40835 7821.35 16873.8 5889.38 81454.1 -198.642 0.00723652 8.7292e-11 0.000136481 4.50348e-34 1.33925e-06 2967.08 13656.2 2056.65 318999 2.07516 6.46526e-08 3.82319e-10 6.10192e-07 3.05104e-23 -1.73665e-08 0.000332631 0.000717616 0.000250467 0.00346412 -8.44794e-06 3.07759e-10 1.88845e-09 2.33067e-06 4.37627e-21 2.38023e-07 0.0112283 0.0240886 0.009349 0.116424 0.000296955 5.24356e-08 2.35136e+07 inf 
375 0.0125573 15.4936 3.81671e-15 -0.670868 11213.8 23828.9 9666.3 115486 -249.35 0.0127401 2.44879e-10 0.00023093 5.19455e-33 3.15834e-06 4923.62 21975.3 4375.68 517447 2.99461 1.74336e-07 6.03677e-10 7.44832e-07 1.83483e-22 -3.22511e-08 0.00053909 0.00114554 0.000464694 0.00555183 -1.19872e-05 6.12463e-10 3.37754e-09 3.24759e-06 1.58015e-20 3.8832e-07 0.0153755 0.0324826 0.0144962 0.157622 0.000379233 9.15456e-08 2.08014e+07 inf 
385 0.017804 17.2479 1.91589e-14 -1.04118 15792.2 33066.8 15312.4 160892 -310.534 0.0238808 6.50488e-10 0.000375802 8.62517e-32 7.07983e-06 8593.67 37236.7 9515.4 883867 4.49901 5.28632e-07 1.00086e-09 9.69598e-07 1.07703e-21 -5.85304e-08 0.000887766 0.00185887 0.000860792 0.00904462 -1.74568e-05 1.34247e-09 5.9637e-09 4.49286e-06 6.96241e-20 6.28148e-07 0.0219615 0.0457146 0.0231121 0.222722 0.000502602 1.72382e-07 1.77887e+07 inf 
395 0.0255708 19.7254 9.04503e-14 -1.5528 21582.7 44558.2 23199.7 217654 -380.31 0.039644 1.53646e-09 0.000584023 1.77883e-30 1.41124e-05 13448.6 56935.6 17551.2 1.3604e+06 6.40252 1.15514e-06 1.56241e-09 1.20525e-06 5.52663e-21 -9.48783e-08 0.00131873 0.00272257 0.00141753 0.0132989 -2.32375e-05 2.4223e-09 9.56236e-09 5.85081e-06 3.29634e-19 9.23733e-07 0.0286354 0.0589188 0.0327169 0.288003 0.00062503 2.65659e-07 1.63663e+07 inf 
405 0.0367209 22.8439 3.90575e-13 -2.21539 28685.2 58367.6 33932.5 286279 -456.715 0.0686818 3.61772e-09 0.000890927 2.47752e-29 2.79385e-05 21556.5 88371.3 34221.5 2.13075e+06 9.18264 3.08817e-06 2.3509e-09 1.46248e-06 2.50049e-20 -1.41831e-07 0.00183645 0.00373673 0.00217238 0.0183278 -2.92392e-05 4.39705e-09 1.5036e-08 7.40938e-06 1.25917e-18 1.32986e-06 0.0371038 0.0751241 0.0467565 0.368885 0.000766175 4.44621e-07 1.56199e+07 inf 
415 0.0527457 26.7258 1.56502e-12 -3.09787 37561.2 75345.6 48492.3 371081 -542.609 0.10822 8.16562e-09 0.00134062 5.15469e-28 5.12139e-05 31503.2 125444 59217.8 3.05054e+06 12.1589 6.50247e-06 3.84608e-09 1.94878e-06 1.14117e-19 -2.25889e-07 0.00273887 0.005494 0.00353593 0.0270583 -3.95656e-05 7.89114e-09 2.40961e-08 9.69313e-06 6.12974e-18 1.91921e-06 0.0478501 0.0954824 0.0656164 0.470856 0.000940762 6.88536e-07 1.37141e+07 inf 
425 0.0737696 30.8344 5.39217e-12 -4.18485 47511.2 94011.6 66245.5 464883 -627.198 0.155753 1.6616e-08 0.00191358 4.0231e-27 8.55776e-05 42318.2 164366 91338.9 4.02728e+06 14.9893 1.12014e-05 5.95339e-09 2.48842e-06 4.35161e-19 -3.37728e-07 0.00383427 0.00758697 0.00534617 0.0375172 -5.06164e-05 1.25696e-08 3.61319e-08 1.21753e-05 1.80135e-17 2.6062e-06 0.0583136 0.114922 0.0856895 0.568862 0.00109869 9.50697e-07 1.23912e+07 inf 
435 0.102652 35.657 1.80368e-11 -5.58166 59798.6 116669 89855.1 579368 -728.42 0.234563 3.41401e-08 0.00270839 3.7944e-26 0.000147064 58745.2 221342 147862 5.47369e+06 19.5732 2.29943e-05 9.23245e-09 3.20697e-06 1.62222e-18 -5.02011e-07 0.00537825 0.0104932 0.00808152 0.052108 -6.55137e-05 2.10965e-08 5.46379e-08 1.52744e-05 5.83955e-17 3.60206e-06 0.0724885 0.140703 0.115036 0.699704 0.00132518 1.43793e-06 1.11186e+07 inf 
445 0.141556 41.3275 5.61412e-11 -7.30815 74503.6 143409 119725 715105 -842.247 0.339408 6.57283e-08 0.00377963 2.48847e-25 0.000237902 79290.6 291219 225499 7.25928e+06 24.5411 3.99099e-05 1.38412e-08 4.04096e-06 5.48942e-18 -7.14582e-07 0.00728487 0.0140224 0.0117065 0.0699222 -8.2354e-05 3.3187e-08 7.89637e-08 1.87947e-05 1.55891e-16 4.76982e-06 0.087749 0.168162 0.148027 0.839592 0.00154687 1.97516e-06 1.02272e+07 inf 
455 0.193424 47.8096 1.68194e-10 -9.43157 91410.5 173580 156633 869221 -962.86 0.473534 1.23072e-07 0.00517139 1.42373e-24 0.000375888 103093 368541 331607 9.26581e+06 29.5812 6.07344e-05 2.01383e-08 4.97767e-06 1.75114e-17 -9.81962e-07 0.00951715 0.0180721 0.0163077 0.0904984 -0.000100248 4.93017e-08 1.11391e-07 2.26636e-05 3.84609e-16 6.17828e-06 0.103165 0.195048 0.185092 0.978015 0.00175208 2.51414e-06 9.60482e+06 inf 
465 0.262552 55.4606 4.80756e-10 -12.0265 111143 208249 202062 1.04725e+06 -1099.77 0.682185 2.23834e-07 0.00699081 8.88705e-24 0.000589638 138440 482154 497489 1.22239e+07 39.3833 0.000115916 2.92904e-08 6.1872e-06 5.36334e-17 -1.34168e-06 0.0123991 0.0232323 0.0225421 0.116832 -0.000122691 7.61048e-08 1.55284e-07 2.72326e-05 9.94266e-16 7.99876e-06 0.123655 0.230759 0.234503 1.16192 0.0020925 3.59526e-06 8.96376e+06 inf 
475 0.351702 63.8067 1.29501e-09 -15.1499 133638 247083 257042 1.2479e+06 -1231.91 0.913189 4.04129e-07 0.00939631 4.81956e-23 0.000884628 172400 584939 690422 1.49577e+07 44.4233 0.000162852 4.28665e-08 7.77697e-06 1.57841e-16 -1.84652e-06 0.0162883 0.0301153 0.0313291 0.152098 -0.00015015 1.11302e-07 2.17759e-07 3.29359e-05 2.41854e-15 1.02182e-05 0.14404 0.265306 0.288391 1.34163 0.00232205 4.45383e-06 8.20457e+06 inf 
485 0.466132 73.2336 3.39187e-09 -18.8242 158475 289151 321302 1.46671e+06 -1365.26 1.2403 7.02104e-07 0.0124437 2.4872e-22 0.00131108 218444 721609 968714 1.86175e+07 53.6944 0.000266765 6.08408e-08 9.55865e-06 4.42716e-16 -2.45699e-06 0.0206846 0.0377408 0.0419373 0.191439 -0.000178197 1.61887e-07 2.96545e-07 3.91512e-05 5.68046e-15 1.28487e-05 0.167583 0.304569 0.353101 1.54705 0.00264132 5.89854e-06 7.6615e+06 inf 
495 0.615593 84.2649 8.5186e-09 -23.2918 186514 335875 397693 1.71114e+06 -1491.77 1.64902 1.19388e-06 0.0162193 1.35653e-21 0.00191861 270521 870730 1.32188e+06 2.26612e+07 62.8743 0.000399099 8.54561e-08 1.16976e-05 1.18254e-15 -3.23335e-06 0.0258917 0.0466258 0.0552073 0.237539 -0.000207086 2.28916e-07 3.98034e-07 4.59861e-05 1.36716e-14 1.59964e-05 0.19205 0.344529 0.4248 1.75766 0.00294708 7.43976e-06 7.20362e+06 inf 
505 0.812233 97.3676 2.06797e-08 -28.7232 220341 391601 492757 2.00391e+06 -1619.38 2.20082 2.06016e-06 0.0215712 5.86186e-21 0.00278977 336393 1.05425e+06 1.80475e+06 2.7688e+07 69.0389 0.000552958 1.19861e-07 1.43685e-05 3.05169e-15 -4.23866e-06 0.0325156 0.0577883 0.0727158 0.295716 -0.000238971 3.24774e-07 5.38191e-07 5.45601e-05 2.92527e-14 1.98423e-05 0.220418 0.390174 0.510919 1.99961 0.00318291 9.02741e-06 6.77647e+06 inf 
515 1.05615 111.56 4.7806e-08 -34.9546 255928 448998 598819 2.3078e+06 -1691.94 2.85762 3.3673e-06 0.0278651 2.17791e-20 0.00393455 408956 1.25051e+06 2.38946e+06 3.31249e+07 78.3069 0.000848202 1.66684e-07 1.76066e-05 7.54485e-15 -5.51661e-06 0.040391 0.0708618 0.094507 0.364222 -0.000267026 4.50997e-07 7.09684e-07 6.39354e-05 5.81404e-14 2.43007e-05 0.25082 0.438562 0.606777 2.25725 0.00350532 1.15612e-05 6.33624e+06 inf 
525 1.35908 127.193 1.07969e-07 -42.1523 294504 510034 719504 2.63328e+06 -1697.32 3.67279 5.436e-06 0.0356877 8.42684e-20 0.00549077 491117 1.4627e+06 3.12604e+06 3.91024e+07 84.3628 0.00119657 2.26881e-07 2.12333e-05 1.80241e-14 -7.0368e-06 0.0491637 0.0851437 0.120112 0.439593 -0.000283346 6.13126e-07 9.25201e-07 7.42076e-05 1.17229e-13 2.94465e-05 0.282079 0.486755 0.712338 2.51683 0.00374206 1.41201e-05 5.99027e+06 inf 
535 1.74988 145.635 2.39599e-07 -50.8071 339173 579813 863533 3.00722e+06 -1617.58 4.74216 8.78897e-06 0.0461183 3.20099e-19 0.00765497 593268 1.72248e+06 4.08633e+06 4.64664e+07 89.0869 0.00164691 3.03592e-07 2.52667e-05 4.15689e-14 -8.81469e-06 0.0588443 0.100594 0.149817 0.521732 -0.000280639 8.22733e-07 1.19694e-06 8.58068e-05 2.31963e-13 3.53608e-05 0.315381 0.537326 0.828556 2.79095 0.00392138 1.68834e-05 5.76391e+06 inf 
545 2.23637 166.374 5.17489e-07 -60.9709 388886 656359 1.02994e+06 3.4197e+06 -1380.49 6.00814 1.38523e-05 0.0589143 1.04188e-18 0.0104936 703933 1.99228e+06 5.23527e+06 5.4238e+07 87.5892 0.00221319 4.00201e-07 2.97727e-05 9.26052e-14 -1.09108e-05 0.0695916 0.117456 0.184309 0.611959 -0.000247041 1.07516e-06 1.52274e-06 9.82668e-05 4.21746e-13 4.1938e-05 0.348032 0.585426 0.950204 3.05474 0.00395135 1.9872e-05 5.58812e+06 inf 
555 2.84001 189.592 1.08641e-06 -72.612 441442 735598 1.21457e+06 3.85022e+06 -894.062 7.55481 2.16922e-05 0.074796 3.82423e-18 0.0142482 829320 2.28951e+06 6.63998e+06 6.28979e+07 90.7001 0.00313054 5.26051e-07 3.51179e-05 2.01235e-13 -1.34499e-05 0.0817679 0.136254 0.224974 0.713173 -0.000165606 1.39937e-06 1.93424e-06 0.000112344 8.17229e-13 4.95811e-05 0.383312 0.636803 1.08596 3.33795 0.00409547 2.40397e-05 5.39872e+06 inf 
565 3.59993 216.469 2.21159e-06 -86.3233 501139 824448 1.43014e+06 4.33544e+06 -82.8687 9.46448 3.35727e-05 0.0950591 1.22361e-17 0.0192252 974353 2.62228e+06 8.37887e+06 7.27184e+07 89.8792 0.00406858 6.92736e-07 4.16553e-05 4.25578e-13 -1.66112e-05 0.0964345 0.158649 0.275203 0.834272 -1.59465e-05 1.82125e-06 2.44551e-06 0.000128674 1.47427e-12 5.85114e-05 0.422132 0.692415 1.2396 3.64654 0.00415876 2.79214e-05 5.19668e+06 inf 
575 4.54293 247.191 4.40334e-06 -102.318 567067 921192 1.6758e+06 4.8668e+06 1201.72 11.8366 5.14475e-05 0.120507 3.71503e-17 0.0257994 1.14396e+06 3.00249e+06 1.05282e+07 8.40409e+07 107.412 0.00557968 9.02598e-07 4.91124e-05 8.74864e-13 -2.03287e-05 0.112666 0.183024 0.332951 0.966945 0.00023876 2.35171e-06 3.06708e-06 0.000146733 2.5721e-12 6.86485e-05 0.463239 0.750361 1.40744 3.97019 0.00461345 3.32122e-05 5.03317e+06 inf 
585 5.69258 281.179 8.5079e-06 -120.323 636697 1.02135e+06 1.94622e+06 5.42132e+06 3188.59 14.5107 7.79018e-05 0.151484 1.19179e-16 0.0340229 1.31717e+06 3.37287e+06 1.29487e+07 9.52897e+07 155.196 0.00701217 1.17687e-06 5.81304e-05 1.7589e-12 -2.48753e-05 0.131629 0.211151 0.402358 1.12079 0.000659202 2.99991e-06 3.83669e-06 0.000167147 4.64167e-12 8.00939e-05 0.504957 0.807907 1.5859 4.29462 0.00562586 3.79563e-05 4.83705e+06 inf 
595 7.12874 320.496 1.60915e-05 -141.714 715451 1.13322e+06 2.26012e+06 6.04402e+06 6090.29 18.1342 0.000117958 0.191667 3.5586e-16 0.0455115 1.54484e+06 3.85526e+06 1.61972e+07 1.09987e+08 286.019 0.00997794 1.53163e-06 6.88593e-05 3.45729e-12 -3.04476e-05 0.153716 0.243475 0.485592 1.29857 0.00130851 3.89618e-06 4.79558e-06 0.000190889 8.03147e-12 9.40807e-05 0.555233 0.876944 1.80117 4.68451 0.00772914 4.61368e-05 4.65436e+06 inf 
605 8.89578 365.508 3.00844e-05 -165.938 799503 1.2506e+06 2.60593e+06 6.70197e+06 10299.3 21.8893 0.00017536 0.239958 1.13028e-15 0.0589757 1.75627e+06 4.27797e+06 1.95611e+07 1.2319e+08 576.927 0.0119532 1.96611e-06 8.07831e-05 6.64914e-12 -3.6675e-05 0.176703 0.276402 0.575953 1.48124 0.00227631 4.83788e-06 5.90693e-06 0.000215659 1.43387e-11 0.000108118 0.597445 0.932256 1.9979 5.00329 0.0110602 5.11706e-05 4.52456e+06 inf 
615 11.0183 414.732 5.49155e-05 -193.082 886946 1.37005e+06 2.98076e+06 7.37778e+06 16162.1 26.5356 0.000260001 0.300153 3.18252e-15 0.0765788 2.00232e+06 4.75639e+06 2.36835e+07 1.38313e+08 1173.18 0.015993 2.50226e-06 9.4186e-05 1.24714e-11 -4.38489e-05 0.201426 0.311139 0.676933 1.6755 0.00367043 6.02626e-06 7.26533e-06 0.000243503 2.38163e-11 0.000124372 0.64355 0.991651 2.21817 5.34823 0.0159047 5.99642e-05 4.40334e+06 inf 
625 13.7218 474.7 9.81018e-05 -225.969 990472 1.51099e+06 3.42911e+06 8.17653e+06 24436.6 32.4063 0.000383676 0.377622 8.71795e-15 0.100019 2.30153e+06 5.33195e+06 2.88541e+07 1.56582e+08 2309.3 0.0212481 3.20515e-06 0.000110881 2.29147e-11 -5.27821e-05 0.231355 0.352938 0.800974 1.90988 0.00570792 7.5695e-06 8.90766e-06 0.000275519 3.8875e-11 0.000143445 0.695751 1.05871 2.46946 5.73819 0.0225129 7.00418e-05 4.28117e+06 inf 
635 16.9405 539.809 0.000171862 -262.237 1.09586e+06 1.65105e+06 3.90502e+06 8.97845e+06 35680 39.0893 0.000561472 0.472094 2.36726e-14 0.128957 2.61551e+06 5.91159e+06 3.46945e+07 1.75314e+08 4419.23 0.0264491 4.08533e-06 0.000130179 4.14458e-11 -6.32403e-05 0.264275 0.398162 0.941723 2.16522 0.00860449 9.42667e-06 1.08956e-05 0.000311291 6.31749e-11 0.000164619 0.748939 1.12565 2.73496 6.13107 0.0314912 7.93065e-05 4.14667e+06 inf 
645 20.8461 613.778 0.000295209 -303.251 1.20792e+06 1.79738e+06 4.42548e+06 9.8228e+06 50711 46.6573 0.000812764 0.587712 6.51747e-14 0.16456 2.94576e+06 6.49578e+06 4.1237e+07 1.9455e+08 8079.06 0.0334913 5.18481e-06 0.000152658 7.3424e-11 -7.54242e-05 0.300433 0.447041 1.1007 2.44311 0.0126128 1.16045e-05 1.32388e-05 0.000350529 1.04015e-10 0.000187724 0.801502 1.18986 3.00747 6.51301 0.0430155 9.05275e-05 4.02061e+06 inf 
655 25.5659 697.146 0.000498207 -349.387 1.32653e+06 1.94958e+06 4.99312e+06 1.07079e+07 70679.1 55.6312 0.00116902 0.731235 1.70171e-13 0.209053 3.31682e+06 7.13979e+06 4.89262e+07 2.15941e+08 14303.4 0.0422423 6.56803e-06 0.000179101 1.27992e-10 -8.97595e-05 0.340792 0.500859 1.28276 2.75091 0.0181579 1.4292e-05 1.60371e-05 0.000394692 1.65336e-10 0.000213659 0.857888 1.25833 3.30514 6.92163 0.0578353 0.000103189 3.89248e+06 inf 
665 31.4068 794.5 0.000832703 -403.619 1.45876e+06 2.11752e+06 5.63832e+06 1.16892e+07 97546 66.8442 0.00169463 0.9169 4.5184e-13 0.268324 3.76029e+06 7.89628e+06 5.84121e+07 2.41257e+08 25291.6 0.0555441 8.28007e-06 0.000209461 2.19533e-10 -0.00010641 0.384585 0.55826 1.48648 3.08173 0.0257169 1.76227e-05 1.94477e-05 0.000444811 2.66323e-10 0.000243757 0.918397 1.33046 3.63182 7.3558 0.0775015 0.000119721 3.79306e+06 inf 
675 38.3632 903.025 0.00136707 -463.232 1.59364e+06 2.28492e+06 6.31931e+06 1.26776e+07 132077 78.8016 0.00240609 1.13696 1.1351e-12 0.33749 4.19056e+06 8.58788e+06 6.84196e+07 2.65045e+08 42435 0.0671785 1.03782e-05 0.00024429 3.69827e-10 -0.000125316 0.431118 0.618127 1.70953 3.4296 0.03573 2.13177e-05 2.33066e-05 0.000497894 4.12673e-10 0.000274946 0.973543 1.39325 3.948 7.74203 0.10101 0.000133113 3.69653e+06 inf 
685 46.7746 1026.4 0.00220918 -530.519 1.73698e+06 2.45999e+06 7.06162e+06 1.3719e+07 176751 93.2663 0.00342806 1.41742 2.82475e-12 0.425491 4.69249e+06 9.3878e+06 8.03935e+07 2.92666e+08 70301.7 0.0837407 1.29855e-05 0.000284947 6.1331e-10 -0.000147282 0.482219 0.682941 1.96044 3.80866 0.0490694 2.58925e-05 2.79834e-05 0.000558846 6.38791e-10 0.000310535 1.0345 1.46281 4.29831 8.16968 0.130802 0.000150258 3.60206e+06 inf 
695 56.9821 1167.59 0.00352727 -606.397 1.88793e+06 2.64097e+06 7.86544e+06 1.4805e+07 234445 109.925 0.0048829 1.76687 6.96631e-12 0.535317 5.22755e+06 1.02034e+07 9.39764e+07 3.21415e+08 115873 0.105237 1.62059e-05 0.000332067 1.00317e-09 -0.000172462 0.536934 0.751103 2.23696 4.2106 0.066677 3.1263e-05 3.35572e-05 0.000626288 9.8737e-10 0.000350004 1.09473 1.52896 4.66082 8.58386 0.168845 0.000170154 3.51613e+06 inf 
705 69.1008 1325.07 0.00555225 -690.315 2.04277e+06 2.82256e+06 8.71468e+06 1.59059e+07 307179 128.785 0.00687034 2.19065 1.6773e-11 0.668126 5.79497e+06 1.10355e+07 1.09108e+08 3.51278e+08 185665 0.130955 2.01048e-05 0.000385527 1.61542e-09 -0.000200846 0.594343 0.82122 2.53553 4.6278 0.0893734 3.74698e-05 3.99339e-05 0.000699098 1.50682e-09 0.000392494 1.15447 1.5926 5.03149 8.98818 0.214549 0.000191565 3.43703e+06 inf 
715 83.8889 1508.01 0.00863881 -786.131 2.21085e+06 3.01751e+06 9.65229e+06 1.70943e+07 399920 151.414 0.00971458 2.73734 3.93671e-11 0.836866 6.45342e+06 1.19951e+07 1.27064e+08 3.85815e+08 294710 0.163316 2.49501e-05 0.000448509 2.56934e-09 -0.00023381 0.657547 0.897462 2.87076 5.08414 0.118943 4.50334e-05 4.76108e-05 0.000782926 2.25986e-09 0.000440718 1.21942 1.66196 5.43597 9.42868 0.271117 0.000215743 3.36227e+06 inf 
725 101.264 1710.3 0.0133006 -889.547 2.37654e+06 3.20413e+06 1.06121e+07 1.82482e+07 513656 175.559 0.0135243 3.3857 9.08551e-11 1.03407 7.09015e+06 1.28626e+07 1.45915e+08 4.18107e+08 454875 0.201929 3.0664e-05 0.000517899 4.02757e-09 -0.000269366 0.719646 0.970251 3.21349 5.52578 0.155541 5.31614e-05 5.61697e-05 0.000870064 3.36016e-09 0.00049048 1.27636 1.71859 5.81879 9.80171 0.33697 0.000241496 3.30238e+06 inf 
735 122.341 1943.85 0.0202539 -1007.06 2.5555e+06 3.40361e+06 1.16671e+07 1.94881e+07 657038 204.269 0.018929 4.21579 2.05969e-10 1.28163 7.82157e+06 1.38535e+07 1.68053e+08 4.55077e+08 699468 0.243781 3.77046e-05 0.000599077 6.2421e-09 -0.000310369 0.787585 1.04896 3.59571 6.00608 0.202494 6.29542e-05 6.64239e-05 0.000969731 4.95118e-09 0.000546497 1.338 1.78023 6.23405 10.2068 0.417812 0.000266773 3.24473e+06 inf 
745 147.486 2208.32 0.0304786 -1136.5 2.73815e+06 3.60242e+06 1.27726e+07 2.07385e+07 833071 236.29 0.0263907 5.24231 4.57747e-10 1.58057 8.57955e+06 1.4831e+07 1.92292e+08 4.92451e+08 1.06271e+06 0.300324 4.61967e-05 0.000691708 9.54676e-09 -0.000355985 0.857666 1.12838 4.00074 6.49589 0.260942 7.40129e-05 7.83083e-05 0.00107869 7.22764e-09 0.000606923 1.39706 1.83637 6.65023 10.5855 0.514569 0.000297644 3.19255e+06 inf 
755 177.3 2505.21 0.045312 -1278.67 2.92457e+06 3.80082e+06 1.39334e+07 2.20006e+07 1.04849e+06 273.203 0.0366658 6.51906 1.00124e-09 1.94547 9.41292e+06 1.58824e+07 2.19792e+08 5.33083e+08 1.5954e+06 0.372428 5.65595e-05 0.000799172 1.44547e-08 -0.0004079 0.93295 1.21248 4.44479 7.01826 0.334472 8.71529e-05 9.21823e-05 0.00120039 1.051e-08 0.000673967 1.46026 1.89643 7.09636 10.9909 0.630134 0.000333482 3.13476e+06 inf 
765 212.251 2835.26 0.0662814 -1432.31 3.11048e+06 3.99347e+06 1.51284e+07 2.32428e+07 1.3073e+06 313.017 0.0505357 8.06581 2.13555e-09 2.37268 1.02391e+07 1.68638e+07 2.48902e+08 5.72211e+08 2.35763e+06 0.44548 6.92349e-05 0.000924844 2.16206e-08 -0.000467209 1.01462 1.30264 4.93478 7.58166 0.426433 0.000102104 0.000108125 0.00133255 1.51378e-08 0.000745432 1.52002 1.95038 7.5391 11.3653 0.76629 0.00036727 3.06567e+06 inf 
775 254.945 3223.33 0.0960365 -1609.16 3.317e+06 4.20674e+06 1.64616e+07 2.46207e+07 1.62881e+06 361.524 0.0701012 10.0691 4.4648e-09 2.91567 1.12284e+07 1.80445e+07 2.83871e+08 6.19105e+08 3.48515e+06 0.553249 8.50513e-05 0.00107532 3.20384e-08 -0.000536825 1.10657 1.40339 5.49169 8.2136 0.543381 0.000120607 0.000127092 0.00148418 2.15181e-08 0.000827348 1.58788 2.01252 8.03384 11.793 0.931345 0.000412336 2.99755e+06 inf 
785 303.811 3641.69 0.137972 -1791.91 3.50824e+06 4.3953e+06 1.77569e+07 2.58685e+07 2.00331e+06 411.197 0.095858 12.4342 9.18446e-09 3.52757 1.21359e+07 1.90382e+07 3.1882e+08 6.60451e+08 5.03304e+06 0.662412 0.000103344 0.00123876 4.69324e-08 -0.000609535 1.19336 1.49511 6.0402 8.79942 0.681445 0.000139873 0.000148078 0.00164167 3.03568e-08 0.000910168 1.6444 2.0593 8.48326 12.1338 1.11699 0.00045361 2.9398e+06 inf 
795 362.713 4126.35 0.196214 -1997.87 3.7133e+06 4.59581e+06 1.91652e+07 2.72019e+07 2.4581e+06 468.215 0.131475 15.437 1.85922e-08 4.27331 1.31346e+07 2.0114e+07 3.58461e+08 7.05602e+08 7.221e+06 0.792028 0.000125971 0.00143309 6.81454e-08 -0.000693866 1.28964 1.59613 6.65612 9.44729 0.853704 0.000162612 0.000172606 0.00181867 4.25831e-08 0.00100134 1.7025 2.10665 8.95491 12.4822 1.33381 0.000498629 2.87934e+06 inf 
805 431.299 4662.52 0.276602 -2218.26 3.91745e+06 4.78967e+06 2.0607e+07 2.85113e+07 2.99577e+06 533.915 0.180184 19.1814 3.70469e-08 5.17538 1.42388e+07 2.12828e+07 4.03316e+08 7.55081e+08 1.03303e+07 0.960659 0.000152815 0.00165199 9.80039e-08 -0.00078596 1.38801 1.69705 7.30135 10.102 1.06144 0.000189173 0.000201219 0.00201672 5.9342e-08 0.00110271 1.76591 2.15889 9.46523 12.8641 1.5917 0.000551895 2.82236e+06 inf 
815 511.709 5263.95 0.387309 -2454.66 4.12244e+06 4.97908e+06 2.209e+07 2.98096e+07 3.62756e+06 605.049 0.245637 23.7717 7.26941e-08 6.22249 1.53536e+07 2.23969e+07 4.50684e+08 8.0371e+08 1.45911e+07 1.15405 0.00018438 0.00189672 1.39556e-07 -0.000884472 1.48541 1.79408 7.95954 10.7411 1.30709 0.000218013 0.000233479 0.00222889 8.19598e-08 0.00120823 1.82368 2.2026 9.95176 13.1994 1.88389 0.000606878 2.77529e+06 inf 
825 605.589 5934.88 0.53765 -2707.72 4.32796e+06 5.16387e+06 2.36154e+07 3.10956e+07 4.36838e+06 684.208 0.334227 29.4609 1.40402e-07 7.46141 1.65223e+07 2.35236e+07 5.02465e+08 8.53886e+08 2.04699e+07 1.3831 0.000221935 0.002175 1.97037e-07 -0.000992318 1.5861 1.89244 8.6545 11.3958 1.60091 0.000250747 0.000270614 0.00246295 1.12386e-07 0.00132278 1.88131 2.24489 10.4519 13.5301 2.22235 0.000666335 2.72868e+06 inf 
835 716.276 6695.29 0.742127 -2982.53 4.54174e+06 5.35328e+06 2.52284e+07 3.24251e+07 5.24155e+06 772.081 0.453348 36.4932 2.67459e-07 8.91904 1.77486e+07 2.4666e+07 5.58953e+08 9.05759e+08 2.84688e+07 1.65367 0.000266187 0.00248815 2.75794e-07 -0.00110839 1.68783 1.98942 9.37555 12.05 1.9479 0.000286926 0.000312443 0.00271495 1.52749e-07 0.00144431 1.93573 2.28227 10.9463 13.8348 2.60489 0.000729536 2.69087e+06 inf 
845 842.624 7519.03 1.01328 -3263.7 4.73893e+06 5.5174e+06 2.67891e+07 3.36179e+07 6.23839e+06 865.462 0.611562 45.0271 5.00137e-07 10.5792 1.89406e+07 2.56838e+07 6.17323e+08 9.54323e+08 3.91614e+07 1.95618 0.000318378 0.002841 3.82859e-07 -0.00123316 1.79056 2.0847 10.122 12.7022 2.35712 0.000327007 0.000360151 0.00299029 2.05892e-07 0.00157372 1.98757 2.31482 11.4366 14.1151 3.03987 0.000795105 2.64662e+06 inf 
855 990.227 8445.81 1.37113 -3565.66 4.94243e+06 5.68463e+06 2.84255e+07 3.48434e+07 7.39571e+06 968.834 0.823554 55.5896 9.21009e-07 12.5138 2.01981e+07 2.67349e+07 6.80917e+08 1.00512e+09 5.34568e+07 2.31445 0.000380765 0.00324761 5.27233e-07 -0.00137108 1.90048 2.18587 10.9303 13.3981 2.84382 0.000372539 0.000414359 0.00329067 2.75998e-07 0.00171231 2.03834 2.34567 11.9314 14.387 3.53101 0.000866703 2.60062e+06 inf 
865 1160.39 9469.83 1.84376 -3880.11 5.14371e+06 5.84435e+06 3.00863e+07 3.60377e+07 8.72405e+06 1081.41 1.10332 68.4426 1.67371e-06 14.7249 2.14849e+07 2.77607e+07 7.48674e+08 1.0561e+09 7.23581e+07 2.7164 0.000453543 0.00370131 7.20641e-07 -0.00151655 2.01044 2.28428 11.7593 14.0854 3.40982 0.000422673 0.000474905 0.00361266 3.67222e-07 0.00185885 2.087 2.37327 12.4234 14.6417 4.081 0.000939713 2.5585e+06 inf 
875 1360.96 10635.7 2.46379 -4223.67 5.36055e+06 6.0163e+06 3.18777e+07 3.7324e+07 1.02819e+07 1212.59 1.48612 84.776 3.00478e-06 17.384 2.29602e+07 2.89446e+07 8.26252e+08 1.11453e+09 9.8152e+07 3.2401 0.00054007 0.00422056 9.7771e-07 -0.00167608 2.12723 2.38745 12.6501 14.8113 4.08018 0.000481192 0.00054595 0.00397852 4.86286e-07 0.00202219 2.14154 2.40545 12.956 14.93 4.72249 0.00102675 2.51996e+06 inf 
885 1587.93 11895.8 3.2654 -4566.86 5.56098e+06 6.1651e+06 3.36111e+07 3.8482e+07 1.20267e+07 1346.62 1.98228 104.212 5.31602e-06 20.2776 2.43128e+07 2.99083e+07 9.03148e+08 1.16572e+09 1.31165e+08 3.79579 0.000640307 0.00479676 1.31671e-06 -0.00184151 2.24237 2.48597 13.5531 15.5172 4.84957 0.000543003 0.00062396 0.00436036 6.402e-07 0.00218757 2.18529 2.42486 13.4347 15.1418 5.41958 0.00111164 2.47996e+06 inf 
895 1850.2 13298 4.29673 -4924.36 5.76279e+06 6.31043e+06 3.53897e+07 3.96336e+07 1.40221e+07 1495.96 2.64047 128.17 9.28114e-06 23.62 2.57591e+07 3.09198e+07 9.87196e+08 1.21999e+09 1.74585e+08 4.464 0.000759004 0.00545519 1.76264e-06 -0.00202011 2.36406 2.58871 14.5178 16.2588 5.75227 0.000613685 0.000712114 0.00477701 8.36951e-07 0.00236827 2.23122 2.44596 13.9358 15.3663 6.20733 0.00120609 2.43767e+06 inf 
905 2152.6 14861.4 5.61215 -5303.43 5.97618e+06 6.46456e+06 3.72745e+07 4.08536e+07 1.6304e+07 1664.55 3.5121 157.745 1.5964e-05 27.4934 2.7354e+07 3.20385e+07 1.08046e+09 1.27979e+09 2.31518e+08 5.2907 0.000897209 0.00619427 2.33916e-06 -0.00221048 2.49088 2.69444 15.5361 17.0279 6.79554 0.000693788 0.000811707 0.00523256 1.08729e-06 0.0025638 2.27963 2.46855 14.4557 15.6036 7.0935 0.00131295 2.39922e+06 inf 
915 2494.96 16556 7.27185 -5679.04 6.17274e+06 6.59542e+06 3.91011e+07 4.19435e+07 1.88528e+07 1839.1 4.6456 193.277 2.71055e-05 31.6964 2.88384e+07 3.29579e+07 1.17428e+09 1.33305e+09 3.03895e+08 6.15065 0.0010594 0.00702991 3.08773e-06 -0.00241141 2.62104 2.80051 16.6029 17.8098 8.00516 0.000780907 0.000922099 0.00571388 1.40545e-06 0.00276476 2.31849 2.48023 14.9319 15.7748 8.05951 0.00141486 2.35508e+06 inf 
925 2891.56 18453.7 9.39473 -6064.38 6.37442e+06 6.72667e+06 4.0996e+07 4.30523e+07 2.17573e+07 2033.23 6.15225 237.313 4.56961e-05 36.4808 3.04215e+07 3.39147e+07 1.27644e+09 1.38928e+09 3.98091e+08 7.19691 0.00124823 0.00796613 4.05553e-06 -0.00261788 2.75172 2.90378 17.6972 18.5849 9.39221 0.000877709 0.00104772 0.00624376 1.81075e-06 0.00298241 2.35806 2.49167 15.4215 15.9477 9.14521 0.00152853 2.31652e+06 inf 
935 3343.43 20545.1 12.0628 -6456.91 6.58429e+06 6.86227e+06 4.297e+07 4.42025e+07 2.50336e+07 2248.44 8.11183 290.811 7.59391e-05 41.8645 3.21271e+07 3.49363e+07 1.38734e+09 1.44949e+09 5.18726e+08 8.45486 0.0014647 0.00900044 5.28452e-06 -0.00282866 2.88446 3.00624 18.8244 19.3643 10.9668 0.000985003 0.00118673 0.00681111 2.31115e-06 0.0032154 2.39879 2.5035 15.9189 16.1251 10.3428 0.00165339 2.28268e+06 inf 
945 3853.56 22816.9 15.4281 -6828.49 6.7807e+06 6.97991e+06 4.49017e+07 4.52514e+07 2.86597e+07 2471.95 10.6369 354.905 0.000125075 47.5969 3.37389e+07 3.57972e+07 1.49938e+09 1.5043e+09 6.69133e+08 9.79733 0.00171096 0.0101306 6.85e-06 -0.00303181 3.01059 3.09904 19.9361 20.0913 12.7247 0.00109753 0.00133991 0.00741266 2.93431e-06 0.00345556 2.43233 2.50793 16.3788 16.2554 11.6264 0.00177352 2.25228e+06 inf 
955 4441.25 25359.2 19.6565 -7203.82 6.99162e+06 7.10785e+06 4.69601e+07 4.63822e+07 3.2777e+07 2720.59 13.9451 433.627 0.000203946 53.9811 3.5481e+07 3.67214e+07 1.62145e+09 1.56325e+09 8.61238e+08 11.383 0.00199346 0.0113825 8.82283e-06 -0.00323344 3.13819 3.19036 21.078 20.8187 14.712 0.00122114 0.00151175 0.00806679 3.70122e-06 0.00371137 2.46524 2.51078 16.8376 16.3782 13.0432 0.00190212 2.22791e+06 inf 
965 5102.64 28114.7 24.8522 -7558.77 7.19247e+06 7.22068e+06 4.89854e+07 4.74311e+07 3.7336e+07 2992.11 18.2269 528.874 0.000328538 61.0051 3.72867e+07 3.76353e+07 1.75155e+09 1.62334e+09 1.10452e+09 13.3022 0.00232161 0.0127917 1.13073e-05 -0.0034391 3.27244 3.28528 22.2875 21.5803 16.9872 0.00136136 0.00170384 0.00877499 4.65012e-06 0.00399109 2.50118 2.51601 17.326 16.5191 14.6277 0.00204914 2.19789e+06 inf 
975 5851.06 31128.2 31.2762 -7891.37 7.38886e+06 7.32524e+06 5.10279e+07 4.84402e+07 4.23976e+07 3279.48 23.7583 643.807 0.000524554 68.4551 3.90498e+07 3.84362e+07 1.88561e+09 1.68009e+09 1.40798e+09 15.4336 0.00269764 0.0143517 1.442e-05 -0.00363833 3.40665 3.37732 23.5265 22.3334 19.5475 0.00151201 0.00191742 0.00953187 5.82334e-06 0.00428064 2.52957 2.51293 17.7726 16.608 16.3416 0.00219761 2.16895e+06 inf 
985 6719.89 34555.6 39.2669 -8233.86 7.62156e+06 7.46238e+06 5.3351e+07 4.96768e+07 4.81963e+07 3607.19 30.9211 784.692 0.000829345 76.7108 4.10891e+07 3.94576e+07 2.03742e+09 1.74758e+09 1.7887e+09 17.9103 0.00312675 0.0160787 1.82708e-05 -0.0038312 3.5463 3.47223 24.8241 23.1145 22.4257 0.00167842 0.00214731 0.0103244 7.2159e-06 0.00458424 2.55782 2.51061 18.2146 16.6992 18.1485 0.00234873 2.14916e+06 inf 
995 7686.02 38214.1 48.8821 -8517.5 7.82575e+06 7.56487e+06 5.55045e+07 5.07046e+07 5.44956e+07 3954.62 40.1785 954.61 0.00129756 85.392 4.30638e+07 4.03128e+07 2.19227e+09 1.80993e+09 2.26647e+09 20.8579 0.00362627 0.0180294 2.30626e-05 -0.00401857 3.69219 3.56911 26.1871 23.9225 25.7111 0.00186579 0.00240965 0.0111949 8.96144e-06 0.00491316 2.58559 2.5062 18.6696 16.7823 20.2055 0.00252183 2.11954e+06 inf 
1005 8779.39 42233.2 60.5961 -8772.48 8.03762e+06 7.67153e+06 5.77582e+07 5.17738e+07 6.15146e+07 4334 52.0687 1159.91 0.00201246 94.5986 4.51361e+07 4.1194e+07 2.35826e+09 1.87496e+09 2.85917e+09 24.1962 0.00419701 0.0201897 2.89681e-05 -0.00419371 3.8424 3.6674 27.6115 24.7506 29.4072 0.00207188 0.00269753 0.0121191 1.10864e-05 0.00525699 2.61025 2.49862 19.1044 16.8445 22.4064 0.0026971 2.09182e+06 inf 
1015 9998.76 46579.9 74.6824 -8965.31 8.24425e+06 7.76937e+06 5.99996e+07 5.2797e+07 6.91676e+07 4740.03 67.1119 1404.63 0.00308198 104.163 4.72462e+07 4.20457e+07 2.53148e+09 1.94005e+09 3.58135e+09 28.0617 0.00484334 0.022563 3.61757e-05 -0.00434274 3.99346 3.76343 29.0634 25.5745 33.5043 0.00229604 0.00300843 0.0130884 1.35724e-05 0.0056211 2.63401 2.49063 19.5333 16.9024 24.7435 0.00288464 2.06444e+06 inf 
1025 11380 51361 91.7471 -9101.99 8.45452e+06 7.86587e+06 6.23069e+07 5.38286e+07 7.76741e+07 5184.46 86.4815 1701.41 0.00468939 114.227 4.94455e+07 4.28938e+07 2.71667e+09 2.00694e+09 4.48009e+09 32.5869 0.00558138 0.0251903 4.49978e-05 -0.00446411 4.14656 3.85785 30.5587 26.4005 38.0956 0.00254274 0.0033561 0.0141392 1.65872e-05 0.00600792 2.65647 2.48081 19.9642 16.9507 27.3131 0.00308494 2.03892e+06 inf 
1035 12937.5 56597.5 112.328 -9169.71 8.66863e+06 7.96105e+06 6.46772e+07 5.48688e+07 8.70845e+07 5668.36 111.268 2059.55 0.00708682 124.654 5.17368e+07 4.37327e+07 2.91301e+09 2.07539e+09 5.58756e+09 37.8325 0.00642135 0.0280915 5.57528e-05 -0.00455127 4.30257 3.95137 32.1017 27.2335 43.2233 0.00281342 0.0037407 0.0152676 2.02258e-05 0.00641531 2.67709 2.46837 20.3793 16.9833 30.0842 0.00329581 2.01476e+06 inf 
1045 14699.3 62389.9 136.949 -9179.48 8.90215e+06 8.07095e+06 6.72176e+07 5.60223e+07 9.75248e+07 6203.85 142.705 2490.25 0.0105988 135.77 5.42267e+07 4.46883e+07 3.12776e+09 2.15072e+09 6.9431e+09 43.9887 0.00737053 0.0312835 6.86688e-05 -0.00460277 4.46371 4.04693 33.7042 28.0906 48.9008 0.00311073 0.00415094 0.0164317 2.44753e-05 0.00684778 2.69548 2.4556 20.7929 17.0096 33.0169 0.00351854 1.99434e+06 inf 
1055 16671.3 68672.2 166.249 -9087.62 9.1256e+06 8.16598e+06 6.97255e+07 5.70941e+07 1.0893e+08 6776.67 182.859 3009.36 0.0157408 146.816 5.6721e+07 4.55418e+07 3.34974e+09 2.2236e+09 8.59625e+09 51.0121 0.00845631 0.0348332 8.43278e-05 -0.00460958 4.62885 4.1421 35.3674 28.9603 55.2536 0.00343738 0.00460908 0.017695 2.9549e-05 0.00729537 2.71012 2.43795 21.1721 17.0058 36.1577 0.00374962 1.97146e+06 inf 
1065 18879.2 75524.6 201.371 -8861.66 9.35418e+06 8.26175e+06 7.23062e+07 5.81866e+07 1.21436e+08 7398.28 233.435 3628.13 0.0232165 158.409 5.9312e+07 4.6408e+07 3.58573e+09 2.29887e+09 1.06026e+10 59.1804 0.00966379 0.0386591 0.000103076 -0.00453605 4.78816 4.22897 37.0117 29.7842 62.1597 0.00378698 0.00510888 0.0190426 3.54848e-05 0.00777881 2.7265 2.42298 21.5772 17.0185 39.5393 0.00399395 1.95361e+06 inf 
1075 21327.4 82899.3 242.434 -8537.31 9.57869e+06 8.35057e+06 7.49071e+07 5.92455e+07 1.3506e+08 8074.61 297.302 4367.79 0.0339014 170.496 6.20041e+07 4.72777e+07 3.83708e+09 2.37634e+09 1.3041e+10 68.7524 0.0110384 0.0429062 0.000125476 -0.00441865 4.95764 4.322 38.7696 30.6637 69.9028 0.00417917 0.00565934 0.0204865 4.245e-05 0.00828969 2.74103 2.40619 21.9744 17.0194 43.165 0.00425661 1.93211e+06 inf 
1085 24111.1 91107.9 291.58 -8050.57 9.81866e+06 8.44607e+06 7.76334e+07 6.0373e+07 1.50123e+08 8815.27 378.63 5262.7 0.0492817 183.202 6.48628e+07 4.81688e+07 4.10477e+09 2.45728e+09 1.60072e+10 79.9822 0.0125841 0.047551 0.000152181 -0.00420175 5.12455 4.40817 40.5184 31.5098 78.352 0.00460086 0.00626543 0.0220365 5.06154e-05 0.00882961 2.75539 2.3892 22.3746 17.0186 47.0683 0.00453611 1.91601e+06 inf 
1095 27187.4 99923 348.863 -7435.62 1.00546e+07 8.5353e+06 8.03893e+07 6.14711e+07 1.66476e+08 9614.89 480.43 6324.15 0.0710059 196.431 6.77894e+07 4.90385e+07 4.38742e+09 2.53929e+09 1.95761e+10 92.9501 0.014328 0.0526603 0.000183854 -0.00391864 5.29885 4.49818 42.3658 32.3958 87.7343 0.00506713 0.00692092 0.0236597 6.01535e-05 0.00938962 2.76547 2.36857 22.7452 16.9924 51.1806 0.00482801 1.8975e+06 inf 
1105 30695.8 109783 416.998 -6664.67 1.03208e+07 8.644e+06 8.34062e+07 6.27317e+07 1.84779e+08 10516.7 610.105 7613.17 0.101846 211.561 7.1076e+07 5.00628e+07 4.70047e+09 2.63193e+09 2.39431e+10 108.495 0.016293 0.0582715 0.000221338 -0.00353753 5.47814 4.58813 44.271 33.2972 98.0786 0.00558213 0.00764039 0.025405 7.11903e-05 0.00998898 2.77781 2.34986 23.1307 16.9792 55.5815 0.00514079 1.88399e+06 inf 
1115 34594.5 120466 496.249 -5701.09 1.0583e+07 8.74444e+06 8.64282e+07 6.39521e+07 2.04563e+08 11483.1 772.636 9149.21 0.144849 227.941 7.44032e+07 5.10237e+07 5.02657e+09 2.72381e+09 2.91597e+10 126.422 0.0185012 0.0644256 0.000265395 -0.00304895 5.65982 4.67654 46.222 34.2017 109.401 0.00614118 0.00842101 0.0272463 8.3851e-05 0.0106117 2.78521 2.32755 23.4894 16.9394 60.2175 0.00546778 1.86985e+06 inf 
1125 38832.4 131719 587.115 -4529.54 1.08213e+07 8.82108e+06 8.93063e+07 6.50167e+07 2.2556e+08 12505.5 973.627 10950.2 0.204156 245.951 7.76845e+07 5.18685e+07 5.36127e+09 2.81197e+09 3.5336e+10 147.096 0.0209775 0.0711555 0.000317163 -0.00244689 5.84575 4.7652 48.2438 35.1225 121.849 0.00675556 0.00926847 0.0291934 9.84585e-05 0.011264 2.79157 2.30488 23.8479 16.8955 65.1275 0.0058159 1.85114e+06 inf 
1135 43778.6 144725 696.085 -3159.34 1.11261e+07 8.94691e+06 9.27634e+07 6.64642e+07 2.49682e+08 13689.2 1230.97 13162.8 0.287315 268.415 8.15614e+07 5.30155e+07 5.74645e+09 2.9192e+09 4.29136e+10 172.117 0.0237479 0.0785068 0.000377595 -0.0017138 6.03541 4.8533 50.32 36.0539 135.441 0.0074258 0.0101874 0.0312562 0.000115229 0.0119443 2.79594 2.28124 24.1887 16.8421 70.2448 0.00618252 1.84347e+06 inf 
1145 49095.7 158234 819.876 -1506.43 1.13881e+07 9.03277e+06 9.59146e+07 6.76389e+07 2.7489e+08 14922 1547.63 15743.3 0.400533 294.709 8.52569e+07 5.39354e+07 6.1318e+09 3.01718e+09 5.18181e+10 200.825 0.0268408 0.0865071 0.000448229 -0.000823568 6.2259 4.93825 52.4369 36.9784 150.283 0.00815792 0.0112103 0.033518 0.0001344 0.0126665 2.8015 2.2584 24.549 16.7957 75.7901 0.00657572 1.82914e+06 inf 
1155 55163.7 173417 964.278 349.558 1.16865e+07 9.14176e+06 9.93986e+07 6.90095e+07 3.02996e+08 16306.1 1948.92 18877.4 0.555747 326.182 8.93673e+07 5.50093e+07 6.55716e+09 3.12686e+09 6.25679e+10 234.972 0.0303349 0.095363 0.000530262 0.000192224 6.4265 5.02711 54.6599 37.9488 166.619 0.00896685 0.0123092 0.035871 0.000156303 0.0133915 2.80065 2.23116 24.862 16.7144 81.5134 0.00698627 1.81849e+06 inf 
1165 61801.1 189601 1129.73 2529.15 1.19759e+07 9.23819e+06 1.02841e+08 7.03078e+07 3.33006e+08 17784.1 2441.92 22546.8 0.765117 365.862 9.35266e+07 5.60083e+07 6.99788e+09 3.23538e+09 7.51857e+10 274.575 0.0341898 0.104892 0.00062499 0.00139918 6.62534 5.11078 56.894 38.8959 184.227 0.00983854 0.0134902 0.0383554 0.00018074 0.0141579 2.80104 2.20568 25.1884 16.6432 87.4929 0.00742321 1.80759e+06 inf 
1175 69170.2 207151 1318.34 4911.56 1.22653e+07 9.32929e+06 1.06335e+08 7.15905e+07 3.65479e+08 19401.6 3060.39 26944.9 1.04761 412.856 9.78823e+07 5.70122e+07 7.4676e+09 3.34784e+09 9.02506e+10 321.221 0.0385617 0.115485 0.000734962 0.00273815 6.83781 5.20099 59.2807 39.9111 203.751 0.0108162 0.014803 0.0410468 0.00020944 0.014922 2.79515 2.17565 25.474 16.5378 93.8047 0.00787951 1.79375e+06 inf 
1185 77656 227139 1540.57 7647.02 1.26153e+07 9.46165e+06 1.10407e+08 7.32124e+07 4.0226e+08 21250.8 3840.8 32282.8 1.43052 474.899 1.02874e+08 5.82923e+07 8.00224e+09 3.4797e+09 1.08456e+11 377.649 0.0434093 0.126969 0.000861173 0.00427465 7.05189 5.28901 61.7169 40.9253 224.861 0.0118791 0.0162056 0.0438717 0.000240906 0.0157224 2.78869 2.14743 25.7727 16.4393 100.318 0.00836606 1.78892e+06 inf 
1195 86735.4 247903 1789.1 10777.8 1.29236e+07 9.555e+06 1.14119e+08 7.45615e+07 4.40269e+08 23158.9 4786.96 38449.1 1.93429 552.973 1.07634e+08 5.92955e+07 8.52703e+09 3.59921e+09 1.29342e+11 441.494 0.0487408 0.139309 0.00100538 0.00605655 7.26239 5.36941 64.1289 41.8997 247.408 0.0130141 0.0177301 0.0468993 0.000276004 0.0165548 2.78254 2.11906 26.062 16.3398 107.11 0.00887296 1.77952e+06 inf 
1205 96921.2 270751 2074.15 14194.6 1.32575e+07 9.66211e+06 1.18132e+08 7.60449e+07 4.82262e+08 25314.2 5972.23 45857.3 2.60587 650.758 1.12911e+08 6.04636e+07 9.11128e+09 3.7329e+09 1.54519e+11 519.662 0.0547292 0.152887 0.00117123 0.00801538 7.48619 5.45597 66.7062 42.9408 272.322 0.0142944 0.019419 0.0502009 0.000315765 0.0174133 2.77764 2.0916 26.3667 16.2472 114.428 0.00943994 1.77092e+06 inf 
1215 108600 296602 2407.52 18095.2 1.36347e+07 9.7933e+06 1.22579e+08 7.77516e+07 5.29141e+08 27732.9 7471.46 54875.8 3.50715 776.197 1.18703e+08 6.17708e+07 9.75542e+09 3.87993e+09 1.84659e+11 612.68 0.0614177 0.167741 0.00136155 0.0102336 7.71096 5.53852 69.3237 43.9718 299.251 0.0156841 0.0212905 0.0538291 0.000360023 0.0182824 2.76998 2.06368 26.6706 16.1476 121.986 0.0100253 1.76822e+06 inf 
1225 121100 323554 2776.61 22373.1 1.39803e+07 9.89538e+06 1.26757e+08 7.9253e+07 5.77719e+08 30256.7 9281.7 65282.4 4.6711 931.785 1.24357e+08 6.28759e+07 1.03998e+10 4.01833e+09 2.19101e+11 719.259 0.0687367 0.183649 0.001576 0.012699 7.93521 5.61663 71.9472 44.9841 327.914 0.0171737 0.0233145 0.0576821 0.000409302 0.0191733 2.75998 2.03517 26.9548 16.0387 129.747 0.0106449 1.7618e+06 inf 
1235 135318 353791 3200.26 26998.2 1.43774e+07 1.00277e+07 1.31457e+08 8.10273e+07 6.32064e+08 33124 11551.3 77847.8 6.20286 1118.45 1.30727e+08 6.42063e+07 1.11217e+10 4.17598e+09 2.60376e+11 847.484 0.0769375 0.201154 0.00181956 0.0153503 8.17452 5.70142 74.7424 46.0694 359.371 0.0188332 0.025462 0.0616349 0.000464693 0.020007 2.73934 1.99984 27.1477 15.8723 137.455 0.0112766 1.75881e+06 inf 
1245 150904 386201 3679.18 32183.3 1.47562e+07 1.01409e+07 1.36075e+08 8.26808e+07 6.89653e+08 36190.6 14337.1 92648.3 8.19575 1356.51 1.37104e+08 6.54156e+07 1.18706e+10 4.33075e+09 3.08263e+11 997.596 0.0859951 0.220083 0.00209664 0.0183402 8.40907 5.77897 77.5447 47.117 393.01 0.0206238 0.0278399 0.0660353 0.000524002 0.0208965 2.72363 1.97019 27.4131 15.7459 145.642 0.0119648 1.7548e+06 inf 
1255 168264 421673 4220.29 37778.2 1.51657e+07 1.02655e+07 1.40968e+08 8.4465e+07 7.52502e+08 39611.1 17789.7 110288 10.7766 1644.55 1.44106e+08 6.67312e+07 1.26816e+10 4.49863e+09 3.64873e+11 1178.92 0.0960209 0.24063 0.00240833 0.0215583 8.65438 5.85805 80.4441 48.2004 429.419 0.0226043 0.0305253 0.0709507 0.000591328 0.0217649 2.7086 1.94005 27.6693 15.617 154.323 0.0127201 1.75237e+06 inf 
1265 187583 460503 4832.12 43889.8 1.55918e+07 1.0396e+07 1.46103e+08 8.63297e+07 8.20482e+08 43354.2 22039.6 131209 14.1024 1996.86 1.51448e+08 6.80843e+07 1.35506e+10 4.67421e+09 4.30842e+11 1392.21 0.107098 0.262918 0.00275884 0.0250583 8.90192 5.93544 83.4156 49.2888 468.443 0.0247525 0.0333647 0.0760685 0.000663635 0.022631 2.68753 1.9085 27.8993 15.4691 162.925 0.0134974 1.75151e+06 inf 
1275 209229 503335 5531.01 50709.5 1.60526e+07 1.05398e+07 1.51579e+08 8.83472e+07 8.948e+08 47484.5 27285.7 156084 18.4038 2433.6 1.59322e+08 6.94947e+07 1.44821e+10 4.86008e+09 5.08035e+11 1643.84 0.119241 0.286855 0.00315217 0.0288998 9.1485 6.00671 86.3859 50.3498 509.955 0.0270618 0.0364941 0.0816565 0.000743158 0.023489 2.66528 1.87751 28.1241 15.3199 171.697 0.0143002 1.75467e+06 inf 
1285 232957 549323 6307.54 57951.1 1.65053e+07 1.06717e+07 1.57076e+08 9.03027e+07 9.73905e+08 51983.6 33722.2 185460 23.8743 2952.81 1.67464e+08 7.08747e+07 1.54693e+10 5.05016e+09 5.9779e+11 1944.42 0.132728 0.312978 0.00359374 0.0330178 9.40394 6.08021 89.4948 51.4503 554.886 0.0296178 0.0399586 0.0878138 0.000829138 0.0243351 2.64177 1.84719 28.3612 15.1728 180.817 0.0151863 1.75515e+06 inf 
1295 259163 599223 7179.03 65793.9 1.69756e+07 1.08045e+07 1.62751e+08 9.23123e+07 1.05895e+09 56912.4 41605.4 220116 30.8347 3575.88 1.76086e+08 7.22526e+07 1.65144e+10 5.24753e+09 7.0188e+11 2301.03 0.147509 0.341064 0.00408614 0.0374484 9.66213 6.14966 92.6342 52.5421 602.729 0.0323933 0.0438382 0.0946582 0.000924056 0.0251581 2.6206 1.8183 28.6095 15.0368 190.293 0.016136 1.75692e+06 inf 
1305 288744 654842 8172.97 74443.8 1.74992e+07 1.09621e+07 1.68981e+08 9.45787e+07 1.15284e+09 62428 51344.8 261498 39.7338 4328.8 1.8551e+08 7.37751e+07 1.76569e+10 5.46279e+09 8.24007e+11 2727.47 0.163728 0.371318 0.00463436 0.0422123 9.92267 6.21589 95.8181 53.6294 653.703 0.0353989 0.0480356 0.101986 0.00102625 0.0259366 2.59449 1.78766 28.8261 14.8822 199.783 0.0171316 1.76356e+06 inf 
1315 321709 715861 9290.16 83770.2 1.80486e+07 1.11273e+07 1.75546e+08 9.69573e+07 1.25452e+09 68524.3 63334.9 310714 51.0013 5225.04 1.95554e+08 7.5369e+07 1.88903e+10 5.6909e+09 9.65988e+11 3236.65 0.181592 0.404075 0.00524393 0.047285 10.1877 6.28093 99.089 54.7286 708.124 0.0386792 0.0526725 0.11004 0.00113552 0.0267106 2.56766 1.75862 29.055 14.7333 209.337 0.0181901 1.7716e+06 inf 
1325 357828 781450 10535.1 93830.4 1.85997e+07 1.1283e+07 1.82179e+08 9.9306e+07 1.36268e+09 75141.1 77905.1 368339 65.1706 6289.29 2.05923e+08 7.68824e+07 2.01815e+10 5.9216e+09 1.12914e+12 3838.76 0.201091 0.439156 0.0059205 0.0527305 10.4526 6.34075 102.38 55.8076 765.793 0.0422275 0.0578204 0.118909 0.00125381 0.0274577 2.5432 1.73233 29.323 14.6051 219.338 0.0193425 1.77944e+06 inf 
1335 397387 852036 11904 104331 1.91574e+07 1.14339e+07 1.88945e+08 1.0166e+08 1.47766e+09 82372.8 95623.9 436053 82.7383 7509.55 2.16793e+08 7.83957e+07 2.15512e+10 6.16043e+09 1.31637e+12 4553.95 0.222515 0.477094 0.0066656 0.0584198 10.7271 6.40239 105.799 56.9242 827.408 0.0461243 0.0634919 0.128638 0.00137792 0.0281436 2.51427 1.70493 29.5655 14.4618 229.108 0.0205552 1.78589e+06 inf 
1345 442651 932043 13484.1 116164 1.98056e+07 1.16254e+07 1.96615e+08 1.0444e+08 1.6065e+09 90562.1 117559 517271 105.098 8983.33 2.28927e+08 8.01106e+07 2.30636e+10 6.42566e+09 1.53587e+12 5412.56 0.245821 0.517598 0.00748825 0.06451 10.9988 6.45602 109.188 57.9992 892.147 0.0502925 0.0696943 0.139112 0.00151366 0.0287617 2.48144 1.67575 29.7678 14.3005 238.74 0.0218279 1.80071e+06 inf 
1355 492512 1.01869e+06 15235 128677 2.04645e+07 1.18121e+07 2.04479e+08 1.07238e+08 1.74398e+09 99577.7 144324 613118 132.871 10688.5 2.41709e+08 8.18333e+07 2.46788e+10 6.70181e+09 1.78847e+12 6445.07 0.271382 0.561312 0.00839472 0.0709029 11.2762 6.50866 112.671 59.0896 960.958 0.0548688 0.07666 0.150885 0.00165603 0.0293645 2.45602 1.65189 30.061 14.1852 249.07 0.0232539 1.81483e+06 inf 
1365 547239 1.1122e+06 17171.6 141972 2.11418e+07 1.19973e+07 2.12582e+08 1.10086e+08 1.89065e+09 109431 176693 725156 167.15 12655.1 2.55091e+08 8.35228e+07 2.63848e+10 6.98588e+09 2.07658e+12 7665.14 0.299149 0.607984 0.00938687 0.0776091 11.5572 6.55834 116.208 60.1786 1033.53 0.0598204 0.0842584 0.163595 0.00180533 0.029913 2.42433 1.62669 30.3132 14.0492 258.808 0.0247322 1.82932e+06 inf 
1375 609217 1.21686e+06 19377.7 156609 2.18999e+07 1.22134e+07 2.21542e+08 1.13297e+08 2.05309e+09 120593 216579 858978 210.177 14973 2.69921e+08 8.54071e+07 2.82692e+10 7.29914e+09 2.41275e+12 9148.73 0.329383 0.657916 0.0104769 0.0846733 11.8406 6.60339 119.78 61.2557 1110.04 0.0652008 0.092755 0.177672 0.0019674 0.0304277 2.39551 1.60373 30.6085 13.9333 268.902 0.0263679 1.84957e+06 inf 
1385 676054 1.32757e+06 21775.2 171801 2.26336e+07 1.2404e+07 2.3035e+08 1.1634e+08 2.22182e+09 132560 264228 1.01345e+06 262.48 17587.1 2.84868e+08 8.70868e+07 3.02067e+10 7.6069e+09 2.78938e+12 10887.4 0.362161 0.711175 0.0116649 0.0920332 12.1248 6.6448 123.398 62.3228 1190.22 0.0710123 0.10191 0.1927 0.00213074 0.0308422 2.36501 1.5808 30.897 13.8154 278.634 0.0280997 1.86672e+06 inf 
1395 752370 1.45295e+06 24521.3 188566 2.34978e+07 1.265e+07 2.40494e+08 1.19985e+08 2.41147e+09 146357 322836 1.19817e+06 327.71 20636 3.02063e+08 8.91545e+07 3.24016e+10 7.96226e+09 3.2296e+12 13018.3 0.397456 0.76755 0.0129539 0.0996141 12.4132 6.68261 127.046 63.3844 1273.91 0.0773162 0.112134 0.209349 0.00230557 0.0312802 2.34148 1.5622 31.2432 13.735 288.542 0.0299899 1.89297e+06 inf 
1405 835922 1.58788e+06 27557.5 206452 2.43807e+07 1.2891e+07 2.50931e+08 1.23671e+08 2.61316e+09 161472 393221 1.41278e+06 407.476 24130.8 3.19968e+08 9.11431e+07 3.47194e+10 8.32557e+09 3.72812e+12 15552.6 0.435458 0.827177 0.0143556 0.107547 12.7006 6.71531 130.718 64.4239 1361.28 0.0841156 0.12336 0.227459 0.00248687 0.0316873 2.31835 1.54399 31.6099 13.6604 298.357 0.0320371 1.91964e+06 inf 
1415 929690 1.7375e+06 30992.4 225862 2.53622e+07 1.31641e+07 2.62413e+08 1.27774e+08 2.83498e+09 178596 478510 1.66505e+06 505.954 28130.1 3.39795e+08 9.33202e+07 3.72715e+10 8.72396e+09 4.30186e+12 18629.7 0.47623 0.890028 0.0158757 0.115697 12.9917 6.74327 134.42 65.4518 1452.21 0.0914852 0.135351 0.246505 0.00267083 0.031997 2.29678 1.52681 31.9909 13.5967 307.741 0.0342559 1.95219e+06 inf 
1425 1.03253e+06 1.89903e+06 34789.2 246237 2.63778e+07 1.34385e+07 2.74362e+08 1.31991e+08 3.07082e+09 197538 580779 1.95819e+06 625.819 32613.3 3.60774e+08 9.55015e+07 4.00009e+10 9.13985e+09 4.94931e+12 22326.3 0.52003 0.956436 0.0175214 0.124016 13.285 6.76824 138.181 66.4764 1546.6 0.0994889 0.148578 0.267321 0.00286214 0.0323354 2.28247 1.51319 32.4388 13.5692 317.349 0.0366942 1.98553e+06 inf 
1435 1.14791e+06 2.07828e+06 39089.1 268617 2.75223e+07 1.37573e+07 2.87674e+08 1.3676e+08 3.331e+09 219043 703896 2.30097e+06 772.652 37751.9 3.84104e+08 9.79322e+07 4.30233e+10 9.59891e+09 5.6896e+12 26811.2 0.566223 1.02514 0.0192813 0.132499 13.5758 6.786 141.9 67.4587 1643.07 0.108046 0.163092 0.289943 0.00305854 0.0326444 2.27229 1.50225 32.9604 13.5695 326.824 0.0393828 2.02731e+06 inf 
1445 1.27448e+06 2.2718e+06 43882.5 292353 2.87431e+07 1.40906e+07 3.01851e+08 1.41811e+08 3.61095e+09 243188 849833 2.69418e+06 951.333 43504.6 4.09396e+08 1.00438e+08 4.62994e+10 1.00885e+10 6.52643e+12 32250.1 0.615077 1.09639 0.0211781 0.141092 13.8717 6.80023 145.676 68.4392 1742.68 0.117364 0.178375 0.313317 0.0032574 0.0329963 2.2705 1.49304 33.5116 13.5959 335.845 0.0423057 2.07207e+06 inf 
1455 1.41583e+06 2.48542e+06 49314.2 318094 3.01114e+07 1.44698e+07 3.17597e+08 1.47477e+08 3.91855e+09 270733 1.02358e+06 3.14876e+06 1169.56 49971.3 4.37605e+08 1.03206e+08 4.99331e+10 1.06293e+10 7.47673e+12 38893.6 0.666137 1.16937 0.023202 0.149661 14.1672 6.80796 149.427 69.3872 1843.65 0.127378 0.194549 0.337698 0.00345505 0.0333565 2.27615 1.48647 34.1281 13.6544 344.537 0.0455415 2.12543e+06 inf 
1465 1.57129e+06 2.71696e+06 55366.4 345219 3.15805e+07 1.48742e+07 3.34573e+08 1.5355e+08 4.24927e+09 301842 1.22918e+06 3.67041e+06 1433.42 57081.7 4.68327e+08 1.06146e+08 5.3928e+10 1.12135e+10 8.5436e+12 47015.7 0.719799 1.24463 0.0253631 0.158143 14.4669 6.81378 153.266 70.3406 1946.57 0.138272 0.212068 0.363725 0.00365486 0.0337578 2.29082 1.48235 34.8371 13.7496 353.055 0.0491775 2.18295e+06 inf 
1475 1.74337e+06 2.97006e+06 62237.9 374306 3.32407e+07 1.53355e+07 3.53569e+08 1.60407e+08 4.61247e+09 337637 1.46902e+06 4.26002e+06 1754.55 64883.3 5.02982e+08 1.09421e+08 5.8394e+10 1.18654e+10 9.74507e+12 57003.1 0.774632 1.31968 0.0276541 0.166315 14.7698 6.81403 157.101 71.2737 2049.46 0.150022 0.229503 0.388954 0.00385312 0.0341883 2.31137 1.47914 35.5731 13.8634 360.205 0.0531175 2.25058e+06 inf 
1485 1.93474e+06 3.24794e+06 70102.3 406319 3.5136e+07 1.58669e+07 3.75052e+08 1.68222e+08 5.01481e+09 379073 1.7481e+06 4.92453e+06 2145.88 73635.9 5.42288e+08 1.13069e+08 6.34173e+10 1.25949e+10 1.10986e+13 69344.8 0.82977 1.39298 0.0300655 0.174262 15.0692 6.80498 160.853 72.1473 2150.75 0.162577 0.247405 0.414302 0.00404847 0.0348376 2.34469 1.47833 36.3983 14.0174 366.359 0.0575271 2.33165e+06 inf 
1495 2.14225e+06 3.54466e+06 78859 438721 3.72022e+07 1.64434e+07 3.98589e+08 1.76737e+08 5.44489e+09 426740 2.06821e+06 5.66235e+06 2615.17 82653.5 5.86134e+08 1.17117e+08 6.90745e+10 1.3406e+10 1.25938e+13 84779.1 0.885903 1.46585 0.0326112 0.181428 15.3845 6.79999 164.832 73.0873 2251.67 0.176473 0.265444 0.439179 0.00424038 0.0355565 2.38848 1.48073 37.3549 14.218 371.467 0.0625821 2.41816e+06 inf 
1505 2.37176e+06 3.86871e+06 89009.7 474018 3.96304e+07 1.71288e+07 4.25905e+08 1.86729e+08 5.92562e+09 483062 2.42915e+06 6.46551e+06 3188.2 92396.6 6.37303e+08 1.21796e+08 7.5579e+10 1.43406e+10 1.42638e+13 104174 0.939649 1.53271 0.035264 0.187798 15.7008 6.78612 168.736 73.9787 2347.62 0.19138 0.281856 0.460769 0.00442223 0.036578 2.44375 1.48389 38.3573 14.4447 373.777 0.0681577 2.52409e+06 inf 
1515 2.6164e+06 4.2078e+06 100458 509975 4.23456e+07 1.7888e+07 4.5642e+08 1.97856e+08 6.44173e+09 548706 2.82276e+06 7.30606e+06 3875.31 102236 6.95337e+08 1.26966e+08 8.29624e+10 1.53882e+10 1.60735e+13 128615 0.990273 1.5926 0.0380219 0.193019 16.0272 6.77039 172.749 74.8858 2438.11 0.207678 0.296206 0.47841 0.00459228 0.0379284 2.51068 1.48885 39.4709 14.7095 373.132 0.0744895 2.6421e+06 inf 
1525 2.88288e+06 4.57218e+06 113801 547909 4.55843e+07 1.88081e+07 4.92586e+08 2.11151e+08 7.01811e+09 628012 3.24574e+06 8.17201e+06 4711.94 112178 7.64728e+08 1.33236e+08 9.17311e+10 1.66354e+10 1.80602e+13 160238 1.0349 1.64133 0.0408524 0.196689 16.364 6.75177 176.83 75.7995 2519.37 0.225445 0.306826 0.489536 0.00475224 0.0397898 2.59698 1.49765 40.7571 15.0414 368.856 0.0818363 2.78566e+06 inf 
1535 3.1564e+06 4.93744e+06 128963 585308 4.92805e+07 1.98441e+07 5.3366e+08 2.26224e+08 7.63119e+09 721903 3.66444e+06 8.97735e+06 5709.94 121448 8.4504e+08 1.40247e+08 1.01821e+11 1.8056e+10 2.01267e+13 200783 1.07027 1.67419 0.0437288 0.198466 16.71 6.72874 180.953 76.708 2587.58 0.244783 0.311546 0.491055 0.0048903 0.0423288 2.70406 1.50961 42.2039 15.4372 359.128 0.0903484 2.94916e+06 inf 
1545 3.44428e+06 5.31465e+06 146946 622757 5.38273e+07 2.11356e+07 5.83955e+08 2.44795e+08 8.31756e+09 839264 4.06279e+06 9.68627e+06 6930.93 129581 9.44666e+08 1.49078e+08 1.14264e+11 1.98117e+10 2.23221e+13 255229 1.09298 1.68651 0.0466307 0.197621 17.0811 6.707 185.308 77.6814 2639.43 0.266326 0.307645 0.479009 0.0049985 0.0454554 2.82974 1.52423 43.8268 15.8899 341.971 0.100314 3.15127e+06 inf 
1555 3.7177e+06 5.65947e+06 167709 657016 5.92069e+07 2.26492e+07 6.4316e+08 2.66644e+08 9.04122e+09 982904 4.36519e+06 1.013e+07 8386.01 135684 1.06447e+09 1.59426e+08 1.29122e+11 2.18928e+10 2.44574e+13 327663 1.09695 1.6699 0.0494845 0.193861 17.4697 6.68294 189.772 78.6765 2667.72 0.290018 0.291022 0.447697 0.00506758 0.0495309 2.98245 1.54238 45.6665 16.424 315.748 0.112118 3.38911e+06 inf 
1565 3.95664e+06 5.94298e+06 192019 686362 6.57622e+07 2.44757e+07 7.14695e+08 2.93082e+08 9.80144e+09 1.16269e+06 4.50231e+06 1.01716e+07 10119.1 138963 1.2126e+09 1.71842e+08 1.47231e+11 2.44195e+10 2.64076e+13 426042 1.07575 1.6158 0.0522068 0.186611 17.8797 6.65454 194.314 79.6842 2664.85 0.316116 0.258607 0.393311 0.0050678 0.0543899 3.16295 1.56146 47.6646 17.0202 279.96 0.126113 3.67804e+06 inf 
1575 4.12349e+06 6.11193e+06 220043 705818 7.36718e+07 2.66544e+07 8.00629e+08 3.24776e+08 1.05519e+10 1.38823e+06 4.41909e+06 9.72165e+06 12139.5 138250 1.39541e+09 1.86764e+08 1.69414e+11 2.74891e+10 2.79237e+13 561308 1.02537 1.51982 0.0547169 0.175512 18.3196 6.62802 199.088 80.7603 2623.89 0.345203 0.21793 0.327983 0.00497295 0.0597788 3.37356 1.58462 49.9114 17.7019 242.562 0.142872 4.02148e+06 inf 
1585 4.18965e+06 6.12884e+06 252329 713854 8.32305e+07 2.92243e+07 9.03143e+08 3.6257e+08 1.12612e+10 1.66691e+06 4.11746e+06 8.82282e+06 14447.5 133552 1.61771e+09 2.0371e+08 1.95663e+11 3.10985e+10 2.88011e+13 738664 0.944106 1.38109 0.0568606 0.160862 18.7554 6.58547 203.517 81.7024 2537.62 0.375625 0.191058 0.284166 0.00474474 0.0649501 3.57424 1.59255 51.6929 18.2356 224.997 0.159243 4.43769e+06 inf 
1595 4.11661e+06 5.94436e+06 287842 704354 9.43181e+07 3.20988e+07 1.02039e+09 4.05632e+08 1.18286e+10 1.99965e+06 3.63235e+06 7.58425e+06 16937.4 124252 1.87743e+09 2.21758e+08 2.25382e+11 3.51414e+10 2.87478e+13 961878 0.83682 1.20836 0.0585121 0.14318 19.1729 6.525 207.425 82.4564 2404.5 0.406486 0.195223 0.285614 0.00439955 0.0689721 3.74724 1.58214 52.8247 18.5592 249.359 0.174065 4.91935e+06 inf 
1605 3.90593e+06 5.56837e+06 326672 677386 1.07212e+08 3.53281e+07 1.15465e+09 4.54812e+08 1.22163e+10 2.39302e+06 3.0452e+06 6.19802e+06 19541.5 111410 2.17808e+09 2.40785e+08 2.58597e+11 3.96182e+10 2.77219e+13 1.23461e+06 0.712003 1.01505 0.0595483 0.123479 19.5435 6.43989 210.479 82.9067 2226.88 0.436218 0.219441 0.315442 0.0040219 0.071145 3.88457 1.55567 53.2706 18.6654 307.165 0.186464 5.48583e+06 inf 
1615 3.5672e+06 5.02171e+06 366889 632115 1.21467e+08 3.87381e+07 1.3005e+09 5.07963e+08 1.23439e+10 2.83275e+06 2.42976e+06 4.82264e+06 22058.8 96055.5 2.50473e+09 2.58866e+08 2.93123e+11 4.4208e+10 2.57104e+13 1.54165e+06 0.582289 0.819716 0.0598889 0.103183 19.8276 6.32339 212.286 82.9169 2014.96 0.462402 0.239915 0.339537 0.00375165 0.0709426 3.96531 1.5068 52.7489 18.4675 369.826 0.19451 6.12616e+06 inf 
1625 3.12942e+06 4.35104e+06 406739 570530 1.36714e+08 4.22218e+07 1.45399e+09 5.63526e+08 1.21752e+10 3.30398e+06 1.84503e+06 3.57255e+06 24298.7 79441.1 2.8427e+09 2.75087e+08 3.27409e+11 4.86789e+10 2.28913e+13 1.86491e+06 0.457836 0.63656 0.0595062 0.0834689 20.0013 6.17707 212.719 82.4442 1781.23 0.483374 0.245591 0.342722 0.00373173 0.0682292 3.97964 1.44539 51.4851 18.0199 419.793 0.197957 6.83524e+06 inf 
1635 2.63884e+06 3.62434e+06 443538 498296 1.51912e+08 4.54589e+07 1.60341e+09 6.17125e+08 1.17151e+10 3.76266e+06 1.33783e+06 2.52811e+06 26029.9 63301.5 3.1549e+09 2.86182e+08 3.56888e+11 5.24015e+10 1.95729e+13 2.15138e+06 0.347526 0.477313 0.0584124 0.0656238 20.0063 5.98678 211.163 81.2731 1542.83 0.495529 0.2354 0.324215 0.0040046 0.063483 3.90341 1.35929 49.1024 17.1979 444.245 0.19437 7.59322e+06 inf 
1645 2.14145e+06 2.90602e+06 475171 421206 1.66204e+08 4.82395e+07 1.74012e+09 6.65539e+08 1.10104e+10 4.17115e+06 929369 1.71466e+06 27094.9 48618.3 3.41157e+09 2.90615e+08 3.78629e+11 5.49779e+10 1.61116e+13 2.35968e+06 0.255384 0.346565 0.0566677 0.050232 19.8211 5.75292 207.523 79.3705 1313.07 0.497441 0.213572 0.290481 0.00447728 0.0572262 3.73884 1.24976 45.7006 16.0265 444.151 0.184287 8.38522e+06 inf 
1655 1.67478e+06 2.24599e+06 499170 344878 1.78536e+08 5.03372e+07 1.85427e+09 7.05096e+08 1.01061e+10 4.49158e+06 621323 1.11964e+06 27367.1 36100.9 3.5848e+09 2.87587e+08 3.90387e+11 5.61116e+10 1.27843e+13 2.46232e+06 0.182387 0.244593 0.0543606 0.0375579 19.443 5.48183 201.934 76.7865 1100.57 0.489143 0.185468 0.249209 0.00502608 0.0502082 3.5162 1.12622 41.6747 14.6464 425.413 0.169975 9.18256e+06 inf 
1665 1.26622e+06 1.67845e+06 516648 274094 1.89319e+08 5.19574e+07 1.95173e+09 7.38067e+08 9.10775e+09 4.73105e+06 401231 706487 26951 25946.7 3.68417e+09 2.79523e+08 3.94296e+11 5.61219e+10 9.82861e+12 2.47099e+06 0.126386 0.167532 0.0515682 0.0273582 18.8965 5.18603 194.809 73.6688 909.073 0.472221 0.155161 0.206033 0.00554881 0.0429109 3.26331 1.00257 37.4891 13.2139 393.205 0.153769 1.00187e+07 inf 
1675 928748 1.21712e+06 528700 212088 1.98812e+08 5.32462e+07 2.03677e+09 7.66043e+08 8.10535e+09 4.89183e+06 250755 431601 25968.7 18105.8 3.71508e+09 2.68015e+08 3.91814e+11 5.52242e+10 7.36453e+12 2.39438e+06 0.0849921 0.111382 0.0483827 0.0194087 18.1938 4.8727 186.39 70.1026 741.741 0.447664 0.125394 0.164593 0.00596417 0.03578 2.99345 0.885176 33.3882 11.8042 351.805 0.136793 1.09275e+07 inf 
1685 662277 858234 534149 159985 2.06349e+08 5.40256e+07 2.10209e+09 7.86501e+08 7.13754e+09 4.95265e+06 151894 255674 24444 12249.5 3.66618e+09 2.52334e+08 3.81559e+11 5.32733e+10 5.39476e+12 2.23194e+06 0.055655 0.0721223 0.0448876 0.0134445 17.3407 4.54008 176.651 66.0942 599.809 0.4162 0.0983212 0.127609 0.0062667 0.0291314 2.71865 0.76991 29.3097 10.4122 305.911 0.119751 1.18997e+07 inf 
1695 459713 589212 534555 117675 2.12333e+08 5.44672e+07 2.15344e+09 8.01524e+08 6.24931e+09 4.92698e+06 88808.3 146243 22549.3 7997.5 3.55186e+09 2.34279e+08 3.65727e+11 5.05758e+10 3.88003e+12 2.00987e+06 0.0354193 0.0453968 0.0411857 0.00906647 16.3596 4.19652 165.915 61.7547 481.488 0.379608 0.0747519 0.0959515 0.00640975 0.023108 2.4543 0.663047 25.4992 9.11312 259.061 0.10369 1.29791e+07 inf 
1705 311238 394630 529746 84613 2.16064e+08 5.44681e+07 2.1857e+09 8.09132e+08 5.4467e+09 4.79724e+06 50111.3 80763.4 20381.7 5062.16 3.3633e+09 2.13901e+08 3.44e+11 4.7092e+10 2.74655e+12 1.73562e+06 0.0219645 0.0278496 0.0373849 0.00597124 15.2479 3.84388 154.248 57.1015 384.38 0.338548 0.0552628 0.0701711 0.00638206 0.0179328 2.20296 0.56554 22.0035 7.92206 214.662 0.0887163 1.41701e+07 inf 
1715 205442 257743 523077 59439.2 2.19359e+08 5.44391e+07 2.21579e+09 8.15793e+08 4.76542e+09 4.61429e+06 27072 42719.3 18124.9 3085.13 3.14237e+09 1.93317e+08 3.1994e+11 4.33502e+10 1.92614e+12 1.45249e+06 0.0131547 0.0165036 0.0334932 0.00380596 14.0458 3.4858 141.88 52.2361 305.135 0.295458 0.039502 0.0496286 0.00622575 0.0135299 1.98095 0.477011 18.8762 6.86638 173.854 0.0755572 1.56174e+07 inf 
1725 131540 163323 512330 40611.6 2.20787e+08 5.40505e+07 2.23002e+09 8.16405e+08 4.1746e+09 4.35481e+06 13914.7 21507.8 15792.8 1803.98 2.87685e+09 1.71873e+08 2.92393e+11 3.91956e+10 1.33652e+12 1.16983e+06 0.00761088 0.00944987 0.0296433 0.00234978 12.7747 3.12735 129.028 47.2371 241.542 0.251969 0.0273346 0.0339873 0.0059197 0.00994265 1.80564 0.405254 16.4153 6.0423 137.799 0.0647915 1.72831e+07 inf 
1735 81811 100553 497311 27055.3 2.19534e+08 5.31051e+07 2.21999e+09 8.0801e+08 3.66543e+09 4.00899e+06 6789.08 10284.2 13464.7 1012.85 2.56485e+09 1.49265e+08 2.60848e+11 3.45816e+10 9.21644e+11 897507 0.00426202 0.00523839 0.0259078 0.00140947 11.4368 2.76656 115.652 42.094 190.954 0.208852 0.0183172 0.0225461 0.00549894 0.00712593 1.67861 0.34967 14.6177 5.44529 107.473 0.0560127 1.91954e+07 inf 
1745 49088.8 59738.9 485525 17466.3 2.19088e+08 5.24967e+07 2.22219e+09 8.03845e+08 3.25996e+09 3.65257e+06 3108.96 4618.2 11359.8 538.118 2.25877e+09 1.28624e+08 2.30651e+11 3.02213e+10 6.35166e+11 663946 0.00225379 0.00274276 0.0222917 0.000801922 10.0589 2.41026 102.026 36.9066 149.673 0.167699 0.0117329 0.0143007 0.00496354 0.00490543 1.58884 0.309994 13.431 5.04396 82.2194 0.0485854 2.17806e+07 inf 
1755 28288.5 34095.2 473969 10889.4 2.18095e+08 5.18347e+07 2.22107e+09 7.98381e+08 2.93173e+09 3.27663e+06 1322.62 1927.95 9432.69 266.626 1.95544e+09 1.09275e+08 2.00941e+11 2.60107e+10 4.38731e+11 472652 0.00112842 0.00136005 0.0189065 0.000434376 8.69978 2.06768 88.5979 31.8473 116.946 0.130704 0.00717534 0.00866348 0.00433716 0.00323218 1.52183 0.289274 12.8811 4.82848 61.8428 0.0420766 2.50691e+07 inf 
1765 15523.4 18535.5 458808 6510.08 2.12914e+08 5.02473e+07 2.17913e+09 7.78263e+08 2.63994e+09 2.83048e+06 508.569 728.048 7652.02 120.297 1.62665e+09 8.93864e+07 1.68519e+11 2.15438e+10 3.02366e+11 314154 0.000535422 0.000639313 0.0158249 0.000224542 7.34368 1.7331 75.161 26.8433 91.0552 0.0976269 0.00415386 0.00497017 0.00367442 0.00202454 1.47498 0.281838 12.7777 4.74424 46.2382 0.036119 2.89928e+07 inf 
1775 8002.38 9469.09 451834 3686.58 2.08059e+08 4.88552e+07 2.14333e+09 7.60388e+08 2.42078e+09 2.3874e+06 168.897 237.623 6189.87 46.9249 1.31752e+09 7.14454e+07 1.37975e+11 1.74136e+10 2.09773e+11 195584 0.000230467 0.000272708 0.0130127 0.000106173 5.99208 1.40702 61.7274 21.8991 69.7181 0.0687566 0.00219342 0.00260176 0.0029893 0.00115765 1.42805 0.279114 12.7822 4.68392 34.3628 0.0300886 3.47224e+07 inf 
1785 3753.05 4402.31 463589 1918.22 2.06383e+08 4.83565e+07 2.14437e+09 7.55432e+08 2.29353e+09 1.97772e+06 43.6063 60.3228 5100.41 14.2299 1.04452e+09 5.61859e+07 1.10996e+11 1.38195e+10 1.47518e+11 113417 8.4956e-05 9.96532e-05 0.0104941 4.34219e-05 4.6718 1.09462 48.5411 17.1004 51.9176 0.0447687 0.000989889 0.00116429 0.00230873 0.000565889 1.34857 0.271394 12.5027 4.5171 25.3743 0.0237307 4.41764e+07 inf 
1795 1513.8 1760.75 492465 870.914 2.04435e+08 4.78321e+07 2.14407e+09 7.49905e+08 2.22259e+09 1.57803e+06 7.74132 10.5309 4264.34 2.99068 7.94464e+08 4.24368e+07 8.5761e+10 1.0531e+10 1.04413e+11 60411.9 2.55493e-05 2.97173e-05 0.00831164 1.4699e-05 3.45038 0.807293 36.1867 12.6566 37.5121 0.0266334 0.000360558 0.00042054 0.00169954 0.000224186 1.22619 0.25399 11.7457 4.18901 18.8436 0.0176146 5.92501e+07 inf 
1805 465.43 536.817 562425 300.968 2.08845e+08 4.88997e+07 2.21438e+09 7.6871e+08 2.26414e+09 1.22909e+06 0.83972 1.12249 3732.22 0.381295 5.86247e+08 3.12751e+07 6.45561e+10 7.81169e+09 7.45572e+10 28946.8 5.29507e-06 6.10723e-06 0.00639857 3.42403e-06 2.37597 0.556319 25.1925 8.74541 25.7585 0.013983 9.75973e-05 0.000112841 0.00123242 6.57737e-05 1.01209 0.215214 9.98887 3.51985 13.5911 0.011567 8.78986e+07 inf 
1815 110.515 126.427 652315 79.5596 2.05089e+08 4.80446e+07 2.19784e+09 7.57421e+08 2.26946e+09 866580 0.0612167 0.0804578 3186.33 0.0354963 3.88621e+08 2.07038e+07 4.36464e+10 5.20561e+09 5.04842e+10 11568.1 7.87005e-07 9.00314e-07 0.00464528 5.66561e-07 1.46049 0.342136 15.6513 5.39377 16.1614 0.00617111 2.08643e-05 2.39196e-05 0.00105449 1.58889e-05 0.796514 0.174295 8.11492 2.82446 9.91564 0.00665557 1.40425e+08 inf 
1825 18.5889 21.1007 856319 14.45 1.99241e+08 4.67802e+07 2.16009e+09 7.39226e+08 2.30394e+09 511418 0.0021671 0.00279726 2736.79 0.00168083 2.11624e+08 1.12553e+07 2.4213e+10 2.84996e+09 2.98507e+10 3342.89 6.29782e-08 7.14882e-08 0.00290117 4.8956e-08 0.67502 0.158489 7.3183 2.50446 7.80563 0.00173266 2.70888e-06 3.07764e-06 0.000924851 2.38583e-06 0.511193 0.114077 5.33619 1.83935 6.34074 0.00288504 2.95164e+08 inf 
1835 2.22337 2.48875 1.41791e+06 1.16208 1.95885e+08 4.63534e+07 2.15749e+09 7.3253e+08 2.33406e+09 207166 3.85298e-05 4.85193e-05 2062.71 2.80314e-05 7.43339e+07 3.97319e+06 8.69801e+09 1.01013e+09 1.17889e+10 505.852 1.63483e-09 1.82996e-09 0.00104258 8.54472e-10 0.144033 0.0340834 1.58639 0.538625 1.71622 0.000152328 1.68309e-07 1.88872e-07 0.000655533 1.43564e-07 0.184152 0.0419498 1.96951 0.672774 2.39226 0.000590547 1.36e+09 inf 
1845 0.240046 0.268674 376282 0.590652 3.68109e+07 8.70333e+06 4.07849e+08 1.37863e+08 4.29421e+08 19761 2.47612e-07 3.0214e-07 251.096 1.01417e-06 6.05029e+06 315806 7.07657e+08 8.14694e+07 1.02162e+09 27.7456 2.23657e-10 2.50331e-10 0.000350592 5.50327e-10 0.0342978 0.00810914 0.380005 0.128451 0.400104 1.84118e-05 1.51874e-08 1.67765e-08 0.000333224 3.07348e-08 0.0667899 0.0151158 0.717593 0.243737 0.889826 0.000159726 1.07327e+09 inf 
1855 4.21518e-07 4.82084e-07 409.731 -0.000291095 61826.5 13955.4 669587 226059 739844 61.6201 7.49797e-17 8.76082e-17 0.831607 4.8216e-13 19425.1 988.267 2.27672e+06 259456 2.76285e+06 0.0210479 1.99477e-12 2.28139e-12 0.00193899 -1.37756e-09 0.292584 0.0660417 3.16871 1.06979 3.50119 0.000291607 1.8731e-11 2.02333e-11 0.000419262 6.19737e-10 0.0795035 0.0177567 0.856439 0.288774 0.903546 0.00012071 211312 inf 
1865 0 0 0 0 0 0 0 0 0 0 0 0 0 0 0 0 0 0 0 0 0.0 0.0 0.0 0.0 0.0 0.0 0.0 0.0 0.0 0.0 0.0 0.0 0.0 0.0 0.0 0.0 0.0 0.0 0.0 0.0 0 -nan 
1875 0 0 0 0 0 0 0 0 0 0 0 0 0 0 0 0 0 0 0 0 0.0 0.0 0.0 0.0 0.0 0.0 0.0 0.0 0.0 0.0 0.0 0.0 0.0 0.0 0.0 0.0 0.0 0.0 0.0 0.0 0 -nan 
1885 0 0 0 0 0 0 0 0 0 0 0 0 0 0 0 0 0 0 0 0 0.0 0.0 0.0 0.0 0.0 0.0 0.0 0.0 0.0 0.0 0.0 0.0 0.0 0.0 0.0 0.0 0.0 0.0 0.0 0.0 0 -nan 
1895 0 0 0 0 0 0 0 0 0 0 0 0 0 0 0 0 0 0 0 0 0.0 0.0 0.0 0.0 0.0 0.0 0.0 0.0 0.0 0.0 0.0 0.0 0.0 0.0 0.0 0.0 0.0 0.0 0.0 0.0 0 -nan 
