260 0 0 0 0 0 0 0 0 0 0 0 0 0 0 0 0 0 0 0.0 0.0 0.0 0.0 0.0 0.0 0.0 0.0 0.0 0.0 0.0 0.0 0.0 0.0 0.0 0.0 0.0 0.0 0 -nan 
280 0 0 0 0 0 0 0 0 0 0 0 0 0 0 0 0 0 0 0.0 0.0 0.0 0.0 0.0 0.0 0.0 0.0 0.0 0.0 0.0 0.0 0.0 0.0 0.0 0.0 0.0 0.0 0 -nan 
300 6.01596e+07 1.19438e+09 5465.89 4.92557e-05 0.0678894 0.0477489 44.8994 34.1307 3.93352e+09 697633 2.74965e+08 1.91792 1.45684e-15 2.99773e-10 3.94985e-10 0.00014019 7.84526e-05 2.98235e+09 0.0673606 1.33734 6.12015e-06 5.51515e-14 7.60157e-11 5.34644e-11 5.02738e-08 3.82161e-08 4.40436 -nan -nan 4.59351e-05 1.276e-12 5.7435e-10 6.62877e-10 3.92992e-07 2.9391e-07 -nan 8.93097e+08 inf 
320 113704 2.76401e+06 15736.2 0.000397521 0.138192 0.24393 144.451 101.554 9.12385e+06 1079.56 635716 23.0044 1.39629e-13 2.48818e-09 1.28577e-08 0.0020856 0.000973238 6.92693e+06 0.0094615 0.229998 0.00130943 3.30783e-11 1.14991e-08 2.02979e-08 1.202e-05 8.45051e-06 0.759211 0.000558781 0.000246072 0.000446789 1.02589e-10 8.64959e-09 2.56497e-08 5.39128e-06 3.09413e-06 0.00037629 1.20175e+07 inf 
340 59421.8 1.56007e+06 20346.2 0.00181153 0.196313 0.57259 205.503 130.431 5.16778e+06 521.692 357496 62.5755 2.2086e-12 8.34369e-09 1.03151e-07 0.00684594 0.00259476 3.92276e+06 0.0087283 0.229154 0.00298859 2.66091e-10 2.88358e-08 8.4106e-08 3.01857e-05 1.91586e-05 0.75908 0.000668299 0.000343428 0.000509768 5.03598e-10 1.98513e-08 8.98765e-08 9.71605e-06 3.75325e-06 0.000473438 6.80795e+06 inf 
360 41169.7 1.14335e+06 23791.6 0.00603453 0.285639 1.17664 260.37 148.743 3.80274e+06 341.099 260851 114.467 2.23531e-11 2.35117e-08 5.4636e-07 0.0147201 0.00450622 2.88555e+06 0.00821511 0.228147 0.00474744 1.20415e-09 5.69972e-08 2.34789e-07 5.19549e-05 2.96805e-05 0.758809 0.000758875 0.000408941 0.000550397 1.73506e-09 3.79855e-08 2.32156e-07 1.54264e-05 4.27186e-06 0.000523412 5.01146e+06 inf 
380 31852.7 927324 26743.9 0.0176907 0.417782 2.2432 313.255 161.254 3.098e+06 251.258 210541 176.518 1.94194e-10 6.09396e-08 2.30327e-06 0.0260311 0.00645842 2.34982e+06 0.00779863 0.227041 0.00654783 4.3313e-09 1.02287e-07 5.49212e-07 7.66957e-05 3.94805e-05 0.758496 0.00083543 0.000464343 0.000586237 5.36519e-09 6.67637e-08 5.12139e-07 2.216e-05 4.74677e-06 0.000552222 4.0844e+06 inf 
400 26208.9 795708 29483.1 0.0453547 0.609541 4.01805 365.044 170.059 2.67097e+06 197.834 179725 248.104 1.29091e-09 1.48801e-07 8.16842e-06 0.0408623 0.0083031 2.02506e+06 0.00743956 0.225867 0.00836896 1.28742e-08 1.73022e-07 1.14055e-06 0.00010362 4.82722e-05 0.758172 0.000899653 0.000514116 0.000621418 1.41664e-08 1.10912e-07 1.00886e-06 2.93587e-05 5.16475e-06 0.000565593 3.52291e+06 inf 
420 22398 706442 32070.2 0.101694 0.883086 6.8023 414.359 175.809 2.38326e+06 162.383 158696 328.412 6.56798e-09 3.46647e-07 2.51586e-05 0.0587818 0.00992424 1.80615e+06 0.00712231 0.22464 0.010198 3.23374e-08 2.80811e-07 2.16305e-06 0.000131761 5.59051e-05 0.757849 0.000953153 0.000561839 0.000657897 3.22929e-08 1.7713e-07 1.82246e-06 3.64816e-05 5.51465e-06 0.000569085 3.14477e+06 inf 
440 19647 642062 34581 0.202905 1.26587 10.9038 459.564 179.14 2.17746e+06 137.157 143420 417.428 2.65143e-08 7.72282e-07 6.81427e-05 0.0787721 0.0112611 1.6495e+06 0.00683517 0.223372 0.0120307 7.05904e-08 4.40395e-07 3.79343e-06 0.000159882 6.23227e-05 0.757535 0.000998591 0.000606498 0.0006967 6.51251e-08 2.73365e-07 3.05232e-06 4.29257e-05 5.79751e-06 0.000565242 2.8744e+06 inf 
460 17577.2 593763 37067.6 0.369765 1.7976 16.673 499.762 180.522 2.02467e+06 118.431 131858 515.329 8.92817e-08 1.65908e-06 0.000165596 0.0996422 0.0122847 1.53314e+06 0.00657392 0.222069 0.0138634 1.38293e-07 6.72307e-07 6.23577e-06 0.000186913 6.75157e-05 0.757232 0.00103789 0.000648647 0.000735208 1.19443e-07 4.10494e-07 4.80088e-06 4.82718e-05 6.01419e-06 0.000556357 2.67377e+06 inf 
480 15972.4 557418 39636.3 0.624515 2.52218 24.3446 533.903 180.637 1.91146e+06 103.96 123045 623.65 2.5819e-07 3.43085e-06 0.000363214 0.119793 0.0130189 1.44687e+06 0.00632514 0.22074 0.0156961 2.4731e-07 9.98793e-07 9.64054e-06 0.000211428 7.1533e-05 0.756945 0.00107768 0.000693395 0.000774279 2.02686e-07 6.00868e-07 7.13401e-06 5.23143e-05 6.20829e-06 0.000547275 2.52523e+06 inf 
500 14705.2 530154 42353.8 0.993324 3.50088 34.1563 561.831 179.948 1.82851e+06 92.5203 116311 743.926 6.61474e-07 6.86623e-06 0.000730141 0.137959 0.0134991 1.38359e+06 0.00608531 0.219389 0.0175269 4.11059e-07 1.44874e-06 1.41346e-05 0.000232498 7.44662e-05 0.756676 0.00112065 0.000741151 0.000812696 3.23671e-07 8.61713e-07 1.01173e-05 5.50936e-05 6.40181e-06 0.000538563 2.4165e+06 inf 
520 13655.8 507240 45033.2 1.50343 4.80347 46.2229 582.433 177.819 1.75995e+06 83.2137 110584 873.305 1.53026e-06 1.32997e-05 0.00135587 0.153093 0.0136917 1.33126e+06 0.00586919 0.218009 0.0193551 6.46168e-07 2.06451e-06 1.98664e-05 0.000250327 7.64257e-05 0.756417 0.00114778 0.000783947 0.000850855 4.90065e-07 1.20579e-06 1.37139e-05 5.59942e-05 6.61396e-06 0.000527426 2.32669e+06 inf 
540 12788.2 489771 47909.7 2.18459 6.52383 60.6134 596.721 175.12 1.70979e+06 75.4952 106090 1016.93 3.25555e-06 2.5042e-05 0.00235209 0.164632 0.0136687 1.2929e+06 0.00565576 0.216608 0.0211887 9.66165e-07 2.88525e-06 2.68071e-05 0.000263908 7.74494e-05 0.756176 0.0011837 0.00082476 0.000888946 7.11573e-07 1.65846e-06 1.79338e-05 5.62429e-05 6.83699e-06 0.000518867 2.2611e+06 inf 
560 12061.3 476146 50952.4 3.06368 8.76041 77.1994 605.148 171.888 1.67272e+06 69.0189 102460 1175.16 6.44018e-06 4.5818e-05 0.00383453 0.172345 0.0134633 1.26449e+06 0.00545083 0.215183 0.0230267 1.38456e-06 3.95906e-06 3.48884e-05 0.000273482 7.76808e-05 0.755948 0.00121652 0.000863006 0.000923973 9.9674e-07 2.24325e-06 2.27095e-05 5.56317e-05 7.07819e-06 0.000513087 2.21275e+06 inf 
580 11443.1 465522 54158.4 4.17306 11.6526 95.9454 608.735 168.157 1.646e+06 63.4917 99501.3 1348.7 1.1982e-05 8.17401e-05 0.00592458 0.176538 0.0130997 1.24394e+06 0.00525391 0.213737 0.024866 1.916e-06 5.3501e-06 4.40519e-05 0.000279492 7.72066e-05 0.755735 0.00124408 0.000902757 0.000958027 1.35288e-06 2.98431e-06 2.79215e-05 5.42144e-05 7.32807e-06 0.000509759 2.17801e+06 inf 
600 10920.1 457205 57526.7 5.54941 15.3702 116.805 608.4 163.954 1.62736e+06 58.7935 97051.2 1538.52 2.11822e-05 0.000142642 0.00874685 0.177685 0.0126032 1.22953e+06 0.00506985 0.212266 0.0267079 2.57642e-06 7.1359e-06 5.4229e-05 0.000282462 7.6119e-05 0.755533 0.00126201 0.00094166 0.000989182 1.78782e-06 3.9119e-06 3.34681e-05 5.20502e-05 7.56218e-06 0.000510455 2.15392e+06 inf 
620 10462.4 451048 61113.4 7.21507 20.0938 139.437 604.409 159.428 1.61642e+06 54.6483 95070.6 1747.49 3.57077e-05 0.000243458 0.0123763 0.176011 0.0120065 1.22096e+06 0.004889 0.210772 0.0285579 3.37156e-06 9.38974e-06 6.51583e-05 0.000282437 7.44999e-05 0.755346 0.0012785 0.000980488 0.00101744 2.3062e-06 5.05959e-06 3.92146e-05 4.97813e-05 7.76917e-06 0.000515454 2.13998e+06 inf 
640 10060.9 446429 64880 9.20201 26.0594 163.719 597.698 154.504 1.6111e+06 50.9808 93420.1 1975.39 5.78137e-05 0.000407496 0.0168959 0.172159 0.0113238 1.21665e+06 0.00471588 0.209256 0.0304113 4.31327e-06 1.22148e-05 7.67405e-05 0.00028016 7.2421e-05 0.755171 0.00128716 0.00102304 0.00103851 2.91458e-06 6.46558e-06 4.50617e-05 4.69749e-05 7.93829e-06 0.000526075 2.13342e+06 inf 
660 9727.53 444599 69086.9 11.5713 33.6249 189.952 590.084 149.757 1.61605e+06 47.8184 92351.9 2232.32 9.05974e-05 0.000671697 0.0224189 0.166949 0.0106171 1.22013e+06 0.00454465 0.207714 0.032277 5.40606e-06 1.57094e-05 8.87445e-05 0.000275684 6.99658e-05 0.755009 0.0012987 0.00106775 0.00105898 3.61954e-06 8.18713e-06 5.09746e-05 4.46733e-05 8.06565e-06 0.00054057 2.14044e+06 inf 
680 9417.67 443916 73540.7 14.3074 43.0273 217.329 580.46 144.708 1.62548e+06 44.8673 91516.7 2514.03 0.000137259 0.00108717 0.0288986 0.160322 0.00986728 1.22701e+06 0.0043735 0.206151 0.0341517 6.64423e-06 1.99816e-05 0.000100926 0.000269562 6.72013e-05 0.754859 0.00130712 0.00111839 0.00107562 4.42679e-06 1.02766e-05 5.68709e-05 4.22957e-05 8.14079e-06 0.000560734 2.15335e+06 inf 
700 9152.87 445537 78492.8 17.4893 54.7921 246.461 570.592 139.806 1.64377e+06 42.2451 91144.1 2831.39 0.000202634 0.00173609 0.0364716 0.153058 0.00911984 1.24059e+06 0.00420246 0.204565 0.0360393 8.03005e-06 2.51573e-05 0.000113161 0.000261982 6.41907e-05 0.754721 0.00131749 0.00117339 0.0010866 5.34376e-06 1.28149e-05 6.27717e-05 4.05045e-05 8.1758e-06 0.000584508 2.17798e+06 inf 
720 8920.24 448349 83805.1 21.1591 69.4623 277.514 560.318 134.614 1.66701e+06 39.8728 90996.3 3181.82 0.000292097 0.00273734 0.0452127 0.145399 0.00834798 1.25792e+06 0.00403787 0.202951 0.0379355 9.57794e-06 3.1443e-05 0.00012562 0.000253636 6.09346e-05 0.754594 0.00132082 0.00123316 0.00109179 6.36275e-06 1.5825e-05 6.8452e-05 3.85484e-05 8.11145e-06 0.000612407 2.20915e+06 inf 
740 8688.2 452414 89560.8 25.258 87.3387 309.421 548.71 129.34 1.69553e+06 37.5623 91081.5 3571.97 0.000410551 0.00424666 0.0549933 0.137132 0.00758822 1.27924e+06 0.00386606 0.201315 0.0398527 1.12393e-05 3.88639e-05 0.000137686 0.000244164 5.75536e-05 0.754477 0.00132965 0.00129968 0.0011039 7.50769e-06 1.9475e-05 7.42529e-05 3.74807e-05 8.01109e-06 0.000645466 2.2473e+06 inf 
760 8512.13 459509 96167.1 30.0443 109.803 344.926 539.005 124.401 1.73624e+06 35.5952 91745.2 4021 0.000569282 0.00654464 0.066434 0.129331 0.00686571 1.30977e+06 0.00369839 0.19965 0.0417832 1.30538e-05 4.77078e-05 0.000149865 0.00023419 5.40505e-05 0.75437 0.00133696 0.0013712 0.00110774 8.7717e-06 2.38226e-05 8.00316e-05 3.67058e-05 7.84816e-06 0.000681358 2.30157e+06 inf 
780 8317.19 466544 103055 35.2743 136.821 381.405 527.572 118.942 1.77766e+06 33.5786 92361.2 4509.21 0.000771125 0.00991998 0.0790749 0.121138 0.00613914 1.34085e+06 0.00352905 0.197958 0.0437272 1.49672e-05 5.80541e-05 0.000161833 0.000223853 5.04681e-05 0.754276 0.00133921 0.00144661 0.00110709 1.01577e-05 2.89628e-05 8.58028e-05 3.59105e-05 7.60605e-06 0.000719407 2.35678e+06 inf 
800 8153.51 475584 110715 41.2279 170.073 421.699 517.233 113.57 1.8278e+06 31.7659 93332.8 5060.8 0.00103154 0.0149066 0.0937296 0.113366 0.00545279 1.37852e+06 0.00336433 0.196237 0.0456837 1.70116e-05 7.01761e-05 0.000174003 0.000213422 4.68617e-05 0.754193 0.00133741 0.00153267 0.00109636 1.16723e-05 3.5016e-05 9.16406e-05 3.50501e-05 7.34339e-06 0.000758435 2.42352e+06 inf 
820 8004.04 487101 119362 47.8992 210.701 466.241 507.693 108.237 1.88867e+06 30.0526 94743.8 5691.74 0.00135965 0.0221638 0.110652 0.105929 0.00479665 1.42428e+06 0.00319589 0.194492 0.0476595 1.91254e-05 8.41297e-05 0.000186163 0.000202714 4.32173e-05 0.754117 0.00133635 0.00162624 0.00109448 1.33081e-05 4.20934e-05 9.75966e-05 3.46845e-05 6.89168e-06 0.000803043 2.50448e+06 inf 
840 7843.8 500338 128929 55.1966 259.254 514.152 497.337 102.962 1.9577e+06 28.3499 96431 6405.68 0.0017662 0.0325351 0.130075 0.0984782 0.00419145 1.47621e+06 0.00302121 0.192716 0.0496597 2.12602e-05 9.98575e-05 0.000198037 0.00019156 3.9658e-05 0.754053 0.00133861 0.00172506 0.00109859 1.51095e-05 5.05973e-05 0.00010432 3.51531e-05 6.45532e-06 0.000852863 2.59624e+06 inf 
860 7697.01 513339 138932 63.4058 318.234 568.743 486.764 96.9445 2.0276e+06 26.7756 98003.3 7181.11 0.00227148 0.0473638 0.153263 0.091409 0.00358576 1.52882e+06 0.0028623 0.190896 0.0516649 2.35788e-05 0.000118342 0.000211499 0.000181014 3.60509e-05 0.754006 0.00132828 0.00182419 0.00109023 1.69923e-05 6.00696e-05 0.000110735 3.50206e-05 5.81145e-06 0.00089821 2.6891e+06 inf 
880 7544.79 526682 149553 72.3764 388.319 629.447 475.724 90.6699 2.10062e+06 25.2259 99575.5 8031.11 0.00288558 0.0681254 0.180663 0.0845736 0.00302432 1.58382e+06 0.00270805 0.189042 0.0536791 2.59781e-05 0.000139379 0.000225927 0.000170752 3.25441e-05 0.753976 0.00131179 0.00193374 0.00107623 1.89964e-05 7.0892e-05 0.000117482 3.46393e-05 5.13797e-06 0.000940981 2.78606e+06 inf 
900 7390.96 541228 161110 82.2143 471.599 698.306 464.583 84.3288 2.18043e+06 23.7213 101302 8978.63 0.00362615 0.0969489 0.213639 0.0780542 0.00251484 1.64397e+06 0.00255569 0.187149 0.0557095 2.84286e-05 0.000163072 0.000241464 0.000160646 2.91597e-05 0.753963 0.00129265 0.00204854 0.00106586 2.11114e-05 8.32523e-05 0.000124773 3.43914e-05 4.39401e-06 0.000984468 2.89196e+06 inf 
920 7256.54 558787 174206 93.2117 571.492 779.328 455.028 78.2505 2.27452e+06 22.3223 103517 10063.2 0.00452562 0.136787 0.254434 0.072121 0.00206951 1.71491e+06 0.00240542 0.185228 0.0577465 3.08981e-05 0.00018944 0.000258334 0.000150834 2.59387e-05 0.753964 0.0012702 0.00217942 0.00106319 2.33554e-05 9.72372e-05 0.00013268 3.39999e-05 3.63178e-06 0.0010265 3.01674e+06 inf 
940 7102.87 577991 188568 104.982 688.009 871.528 445.015 72.267 2.37769e+06 20.892 105953 11279.2 0.00557804 0.190524 0.304083 0.0663996 0.00168237 1.79273e+06 0.00225235 0.183283 0.0597956 3.32902e-05 0.000218171 0.000276365 0.000141116 2.29162e-05 0.753977 0.00124573 0.00232752 0.00107558 2.57018e-05 0.000113214 0.000141592 3.37913e-05 2.88688e-06 0.00107041 3.15354e+06 inf 
960 6966.16 602247 205475 118.12 826.755 981.714 436.609 66.8221 2.50448e+06 19.5646 109216 12714.9 0.00683934 0.263255 0.366804 0.0612043 0.00136027 1.88838e+06 0.00209723 0.181313 0.0618603 3.55613e-05 0.000248903 0.000295555 0.000131445 2.01174e-05 0.753998 0.00122136 0.0024881 0.00111264 2.8186e-05 0.00013154 0.000151913 3.38863e-05 2.19333e-06 0.00112193 3.3216e+06 inf 
980 6822.2 630949 224925 132.301 989.148 1111.58 428.944 61.72 2.65295e+06 18.2424 113173 14384 0.00830146 0.359617 0.445268 0.0563595 0.00109175 2.00041e+06 0.00193902 0.17933 0.0639288 3.76028e-05 0.000281138 0.000315936 0.000121916 1.75422e-05 0.754028 0.00119377 0.00266874 0.00116751 3.07488e-05 0.000152225 0.000163523 3.39883e-05 1.60311e-06 0.00117773 3.51837e+06 inf 
1000 6679.56 663888 247085 147.855 1179.32 1266.49 421.971 56.9635 2.82322e+06 16.9748 117753 16312.5 0.0100134 0.486684 0.545136 0.0518851 0.000872664 2.12893e+06 0.00178409 0.177323 0.065996 3.94918e-05 0.000314994 0.000338278 0.000112708 1.52148e-05 0.754076 0.0011623 0.00286392 0.001247 3.33908e-05 0.000175416 0.000176559 3.3991e-05 1.26314e-06 0.00122901 3.74395e+06 inf 
1020 6531.79 702168 272629 164.663 1399.96 1450.97 415.607 52.6645 3.02075e+06 15.7333 123127 18563.3 0.0119799 0.651541 0.672053 0.0477456 0.000699099 2.27807e+06 0.00163068 0.175298 0.0680628 4.11085e-05 0.000349504 0.000362239 0.000103758 1.31478e-05 0.754138 0.00112639 0.00306603 0.00135412 3.6068e-05 0.000201262 0.000191215 3.39734e-05 1.29093e-06 0.00127801 4.00556e+06 inf 
1040 6378.75 752605 304598 182.807 1654.75 1672.57 410.082 49.1802 3.27563e+06 14.5262 130461 21371.7 0.0142253 0.863109 0.834135 0.0439031 0.000568102 2.47049e+06 0.00146868 0.173284 0.0701324 4.20907e-05 0.000380999 0.000385103 9.44196e-05 1.13235e-05 0.754201 0.00108976 0.00327555 0.00147896 3.87776e-05 0.000231446 0.00020917 3.45462e-05 1.60648e-06 0.0013351 4.34318e+06 inf 
1060 6219.32 809363 341120 202.405 1946.79 1938 404.838 46.2823 3.5649e+06 13.3651 138663 24633.5 0.0167915 1.13167 1.04189 0.0403389 0.000470749 2.68899e+06 0.00131594 0.171252 0.0721773 4.28267e-05 0.00041192 0.000410059 8.56592e-05 9.79283e-06 0.754294 0.001047 0.00349234 0.00161573 4.14581e-05 0.000264143 0.0002287 3.46088e-05 1.92504e-06 0.00136923 4.72614e+06 inf 
1080 6053.19 880113 385782 223.331 2282.08 2261.01 400.933 44.2873 3.92296e+06 12.225 149030 28636.4 0.0196407 1.46751 1.30855 0.0370925 0.00040249 2.95948e+06 0.00116405 0.169249 0.0741871 4.29473e-05 0.000438852 0.000434799 7.71008e-05 8.51659e-06 0.754398 0.000997952 0.00372202 0.0017756 4.39603e-05 0.000299358 0.000250177 3.44743e-05 2.20631e-06 0.00140427 5.20012e+06 inf 
1100 5891.43 965014 439485 246.277 2667.55 2655.73 398.12 43.3094 4.35353e+06 11.1552 161488 33496.7 0.0228836 1.88753 1.65486 0.0341624 0.000358333 3.28484e+06 0.00102106 0.167249 0.0761681 4.26828e-05 0.000462319 0.00046027 6.89991e-05 7.50605e-06 0.75452 0.000943813 0.00395634 0.0019542 4.63053e-05 0.000336739 0.000273785 3.40571e-05 2.40055e-06 0.00143572 5.76993e+06 inf 
1120 5713.61 1.08353e+06 511884 270.292 3101.27 3140.64 396.214 43.5714 4.94605e+06 10.1046 179243 40008.4 0.0264135 2.39764 2.0978 0.0314218 0.000333161 3.73253e+06 0.000871759 0.16532 0.0781011 4.124e-05 0.000473179 0.000479186 6.04526e-05 6.64793e-06 0.754647 0.000884165 0.00417243 0.00212828 4.82631e-05 0.000376727 0.000300758 3.37593e-05 2.5763e-06 0.00145401 6.55412e+06 inf 
1140 5538.2 1.25687e+06 614605 296.214 3597.75 3755.02 396.57 45.3404 5.80203e+06 9.11221 205649 49179.7 0.0303119 3.01785 2.67232 0.0289553 0.000324258 4.37922e+06 0.000720451 0.163503 0.0799524 3.85337e-05 0.000468022 0.000488481 5.15888e-05 5.89821e-06 0.754771 0.000816293 0.00436946 0.00229588 4.95817e-05 0.000416582 0.000330183 3.32464e-05 2.719e-06 0.00146815 7.68714e+06 inf 
1160 5351.98 1.47747e+06 746894 323.422 4154.12 4516.97 397.849 48.4576 6.89706e+06 8.15954 239117 61114.3 0.0345002 3.75578 3.40978 0.0266807 0.000328478 5.2067e+06 0.000585799 0.161716 0.081751 3.54e-05 0.000454687 0.000494403 4.35463e-05 5.30391e-06 0.754914 0.000741578 0.00452333 0.00245271 5.02299e-05 0.000452047 0.000358862 3.20007e-05 2.79678e-06 0.00147818 9.13621e+06 inf 
1180 5165.51 1.75353e+06 915209 352.488 4783.54 5471.19 400.878 53.0146 8.2783e+06 7.26441 280707 76475.5 0.0390068 4.63125 4.36271 0.0246333 0.000344651 6.25092e+06 0.000471165 0.159946 0.0834796 3.21517e-05 0.000436324 0.000499047 3.65655e-05 4.83566e-06 0.755094 0.000663789 0.00464107 0.00260127 5.02417e-05 0.00048172 0.000385863 3.01638e-05 2.83783e-06 0.00147165 1.09633e+07 inf 
1200 4969.7 2.0839e+06 1.12241e+06 382.801 5481.59 6642.21 404.411 58.7348 9.95103e+06 6.41834 329900 95716.2 0.0437302 5.64908 5.58038 0.0227501 0.000370492 7.51585e+06 0.000377199 0.158168 0.0851905 2.90545e-05 0.000416051 0.000504142 3.06947e-05 4.45796e-06 0.75528 0.000587258 0.00472515 0.00272381 4.97488e-05 0.000505633 0.00041157 2.801e-05 2.87174e-06 0.00148155 1.31753e+07 inf 
1220 4766.84 2.53782e+06 1.40891e+06 414.118 6248.48 8101.85 408.648 65.7049 1.22564e+07 5.62753 397360 122485 0.0486105 6.8139 7.12562 0.0210072 0.000404277 9.2596e+06 0.00029383 0.156432 0.0868458 2.55264e-05 0.000385159 0.000499401 2.51893e-05 4.05008e-06 0.755489 0.000510438 0.00473383 0.00279715 4.84229e-05 0.000521214 0.000435689 2.56981e-05 2.91834e-06 0.00147633 1.62231e+07 inf 
1240 4566.88 3.12637e+06 1.7882e+06 446.965 7109.65 9971.24 415.608 74.313 1.52715e+07 4.90118 484108 158393 0.0536291 8.14126 9.10393 0.0194358 0.000446336 1.15406e+07 0.000225986 0.154704 0.0884867 2.21175e-05 0.000351812 0.000493415 2.05658e-05 3.67729e-06 0.755691 0.00043756 0.00469383 0.00282557 4.65251e-05 0.000528288 0.000455015 2.32121e-05 2.92642e-06 0.00146883 2.02086e+07 inf 
1260 4366.72 4.11633e+06 2.42155e+06 480.574 8072.89 12501.7 425.988 85.1554 2.03248e+07 4.23158 630707 218285 0.058586 9.62164 11.6245 0.0179984 0.000494885 1.53633e+07 0.0001624 0.153088 0.0900585 1.78728e-05 0.000300234 0.000464945 1.58427e-05 3.16697e-06 0.755889 0.00036194 0.00450317 0.00275217 4.31208e-05 0.00051739 0.000464916 2.04543e-05 2.89401e-06 0.00142073 2.68886e+07 inf 
1280 4164.52 5.58267e+06 3.37545e+06 514.444 9115.16 15748.1 436.761 96.9827 2.78683e+07 3.62401 846271 309391 0.063393 11.2454 14.7742 0.0166596 0.00054606 2.10721e+07 0.000112993 0.151471 0.0915837 1.3958e-05 0.000247315 0.00042728 1.18503e-05 2.63136e-06 0.75613 0.000292507 0.00423286 0.0026285 3.90534e-05 0.000493912 0.000467213 1.76517e-05 2.80923e-06 0.00133843 3.68565e+07 inf 
1300 3964.94 7.52805e+06 4.68385e+06 548.101 10248.1 19879.7 448.76 109.584 3.803e+07 3.07589 1.12796e+06 436662 0.0678009 12.9914 18.69 0.0154327 0.000599132 2.87663e+07 7.88617e-05 0.149731 0.0931607 1.09016e-05 0.000203833 0.000395403 8.92573e-06 2.17959e-06 0.756408 0.000234434 0.00393236 0.00248776 3.5067e-05 0.000465669 0.000464109 1.5076e-05 2.67693e-06 0.00125569 5.02771e+07 inf 
1320 3778.75 1.0649e+07 6.81961e+06 581.8 11496.5 25533.8 463.966 123.783 5.4454e+07 2.59375 1.5767e+06 646623 0.0717912 14.8511 23.5723 0.0143108 0.000652376 4.12042e+07 5.25085e-05 0.147976 0.0947635 8.08454e-06 0.000159753 0.000354811 6.44714e-06 1.72005e-06 0.756678 0.000182441 0.00354916 0.00227598 3.05325e-05 0.000425261 0.00044907 1.25417e-05 2.47117e-06 0.00116637 7.19645e+07 inf 
1340 3606.25 1.58277e+07 1.04356e+07 614.102 12889.8 33585 484.619 140.192 8.19467e+07 2.16881 2.31504e+06 1.00635e+06 0.0749769 16.7583 29.6661 0.0132781 0.000705011 6.20284e+07 3.33106e-05 0.146199 0.0963925 5.67241e-06 0.000119062 0.000310222 4.47639e-06 1.29494e-06 0.756935 0.000137563 0.00311015 0.00201934 2.56978e-05 0.000374993 0.000421646 1.01297e-05 2.19892e-06 0.00105754 1.08261e+08 inf 
1360 3461.5 2.489e+07 1.69029e+07 645.104 14508.2 46044.4 515.624 160.986 1.30508e+08 1.80332 3.59536e+06 1.65808e+06 0.0772767 18.6802 37.4187 0.0123291 0.000755319 9.88154e+07 2.00822e-05 0.144401 0.0980638 3.74263e-06 8.41705e-05 0.000267131 2.99144e-06 9.33973e-07 0.757156 0.000100294 0.00264676 0.00173591 2.08404e-05 0.000318261 0.000381744 7.91071e-06 1.87343e-06 0.000950587 1.72367e+08 inf 
1380 3347.33 3.88862e+07 2.72315e+07 673.916 16347.4 64254.3 554.417 184.179 2.06732e+08 1.49227 5.54163e+06 2.71756e+06 0.0784264 20.5502 47.1322 0.0114595 0.000800243 1.56588e+08 1.22642e-05 0.142474 0.0997726 2.46914e-06 5.98948e-05 0.000235419 2.03131e-06 6.74808e-07 0.757441 7.29183e-05 0.00223721 0.00148906 1.67704e-05 0.00026778 0.000342438 6.15305e-06 1.57373e-06 0.000847971 2.72935e+08 inf 
1400 3265.42 5.26532e+07 3.80331e+07 700.351 18329.5 85597.9 593.71 205.311 2.84075e+08 1.23345 7.39704e+06 3.8594e+06 0.0783527 22.3128 58.8815 0.010669 0.00083844 2.15272e+08 8.71081e-06 0.140457 0.101457 1.86825e-06 4.88955e-05 0.00022834 1.58377e-06 5.47685e-07 0.757796 5.66961e-05 0.00201243 0.00136121 1.43361e-05 0.00023902 0.000323933 5.09433e-06 1.39164e-06 0.000785912 3.7487e+08 inf 
1420 3184.7 5.90404e+07 4.40602e+07 720.665 20045.7 102528 612.239 214.914 3.23598e+08 1.01979 8.16835e+06 4.54899e+06 0.0768141 23.8232 71.4913 0.00989552 0.000862118 2.45336e+08 7.46136e-06 0.138324 0.103228 1.68843e-06 4.69647e-05 0.000240212 1.4344e-06 5.03517e-07 0.75815 4.83071e-05 0.00194392 0.00133084 1.33085e-05 0.000231536 0.000331351 4.59636e-06 1.32902e-06 0.00075828 4.26826e+08 inf 
1440 3078.42 5.65821e+07 4.36421e+07 732.783 21134 109834 597.172 209.189 3.15195e+08 0.846897 7.7059e+06 4.58411e+06 0.0738111 25.0012 83.4245 0.0091194 0.000866582 2.39073e+08 7.40799e-06 0.13616 0.105021 1.76339e-06 5.08574e-05 0.000264308 1.43705e-06 5.03398e-07 0.758492 4.45322e-05 0.00200037 0.00135811 1.32103e-05 0.000239952 0.000361795 4.4587e-06 1.3535e-06 0.000756431 4.15555e+08 inf 
1460 2968.69 4.48178e+07 3.57787e+07 737.998 21792.7 106818 563.416 195.751 2.54017e+08 0.709353 6.00211e+06 3.8249e+06 0.0694037 25.7881 94.9275 0.00838668 0.000857822 1.92756e+08 8.86847e-06 0.133886 0.106883 2.20465e-06 6.51023e-05 0.000319101 1.68311e-06 5.84774e-07 0.758833 4.51711e-05 0.00221223 0.00150409 1.42293e-05 0.000269814 0.000426327 4.71391e-06 1.49018e-06 0.000818341 3.34746e+08 inf 
1480 2849.93 3.34703e+07 2.77082e+07 732.282 22010.2 100585 520.111 179.474 1.93213e+08 0.600315 4.40305e+06 3.01716e+06 0.0636639 26.0403 105.532 0.00763173 0.000828337 1.46674e+08 1.11973e-05 0.131504 0.108865 2.87713e-06 8.64777e-05 0.000395199 2.04351e-06 7.05151e-07 0.759132 4.72573e-05 0.00247312 0.00165142 1.55518e-05 0.000307951 0.000508381 5.08026e-06 1.66051e-06 0.000854102 2.54518e+08 inf 
1500 2772.59 2.40425e+07 2.06611e+07 721.176 22290.6 95106.5 486.478 167.175 1.4147e+08 0.515359 3.10427e+06 2.29206e+06 0.0568984 25.8144 117.273 0.00694275 0.000788859 1.0743e+08 1.48828e-05 0.129056 0.110906 3.87116e-06 0.000119652 0.000510516 2.61133e-06 8.97371e-07 0.759386 5.04466e-05 0.00278787 0.00183301 1.70422e-05 0.000352493 0.000607351 5.51801e-06 1.85181e-06 0.000893025 1.86295e+08 inf 
1520 2685.07 1.50399e+07 1.34581e+07 699.708 22127.8 85808.9 445.211 152.425 9.04036e+07 0.447858 1.90188e+06 1.52237e+06 0.0493389 25.0066 127.346 0.00625375 0.00073242 6.86715e+07 2.25611e-05 0.126371 0.11308 5.87923e-06 0.000185927 0.000721001 3.74085e-06 1.28074e-06 0.759608 5.70446e-05 0.00326298 0.00210579 1.94936e-05 0.000418983 0.000741733 6.20908e-06 2.12457e-06 0.000997868 1.19014e+08 inf 
1540 2587.83 9.49034e+06 8.88035e+06 665.542 21605.2 78025.4 403.846 137.619 5.84483e+07 0.391612 1.17188e+06 1.02562e+06 0.0412834 23.5378 135.672 0.00554346 0.000658846 4.44111e+07 3.36421e-05 0.123376 0.115446 8.65213e-06 0.00028087 0.00101434 5.25004e-06 1.78906e-06 0.759834 6.29223e-05 0.00361717 0.00234412 2.14902e-05 0.000476557 0.000857243 6.67104e-06 2.3161e-06 0.00107052 7.69224e+07 inf 
1560 2507.62 7.66947e+06 7.47314e+06 619.017 21054.4 76922.9 374.359 126.672 4.82619e+07 0.341601 927024 879739 0.03318 21.4211 143.847 0.00480582 0.000571193 3.66771e+07 3.94862e-05 0.120767 0.117676 9.74735e-06 0.000331534 0.00121127 5.89484e-06 1.99465e-06 0.759957 6.1805e-05 0.00355436 0.00228493 2.06751e-05 0.000476857 0.000893265 6.39732e-06 2.23957e-06 0.00102787 6.35062e+07 inf 
1580 2421.89 6.64022e+06 6.7248e+06 561.669 20293 77430.8 347.461 116.241 4.26338e+07 0.294462 786587 806359 0.0254723 18.7917 150.473 0.00405904 0.000475583 3.24001e+07 4.31709e-05 0.118364 0.119872 1.00119e-05 0.00036173 0.00138023 6.1936e-06 2.07204e-06 0.759961 5.8182e-05 0.00333693 0.00209208 1.88099e-05 0.000451796 0.000881589 5.83035e-06 2.0455e-06 0.000939631 5.61e+07 inf 
1600 2313.94 6.28642e+06 6.59585e+06 492.787 19244 79513.5 321.166 105.62 4.11039e+07 0.246491 731121 804510 0.0184187 15.717 154.477 0.00330285 0.000376252 3.12366e+07 4.27808e-05 0.116225 0.121946 9.11082e-06 0.00035579 0.00147007 5.93783e-06 1.95275e-06 0.759943 5.22207e-05 0.00297835 0.00177153 1.60475e-05 0.000404962 0.000833615 5.08e-06 1.77287e-06 0.000806268 5.40881e+07 inf 
1620 1940.86 4.75456e+06 5.17361e+06 393.809 15864.2 67178.3 251.529 81.4729 3.17111e+07 0.194005 542123 641600 0.0124276 12.1632 137.541 0.00243006 0.000268156 2.41005e+07 4.65155e-05 0.11395 0.123993 9.43822e-06 0.00038021 0.00161003 6.02826e-06 1.95262e-06 0.760003 4.98592e-05 0.00286128 0.0016039 1.44487e-05 0.000383339 0.000839158 4.67975e-06 1.6168e-06 0.000697779 4.1725e+07 inf 
1640 1438.69 2.74432e+06 3.11561e+06 281.992 11497.3 47744.1 171.175 54.658 1.87613e+07 0.138197 305310 393328 0.00747783 8.44223 107.573 0.00159837 0.000169671 1.42606e+07 5.82881e-05 0.111185 0.126228 1.14248e-05 0.00046581 0.00193434 6.9351e-06 2.21445e-06 0.760108 4.69202e-05 0.00271723 0.00144029 1.31315e-05 0.000353632 0.000785266 4.0819e-06 1.4037e-06 0.000601227 2.46824e+07 inf 
1660 832.508 1.23111e+06 1.46088e+06 157.109 6498.94 26536 91.3628 28.7247 8.64755e+06 0.0762188 133309 187658 0.00339806 4.52902 65.3104 0.000820936 8.32173e-05 6.57484e+06 7.3196e-05 0.108242 0.128444 1.38134e-05 0.000571402 0.0023331 8.03282e-06 2.52554e-06 0.760312 3.66562e-05 0.00211879 0.00118824 1.03902e-05 0.000267772 0.000546687 2.76629e-06 9.68664e-07 0.000556999 1.13737e+07 inf 
1680 309.255 481745 590365 52.3065 2372.84 10634.9 32.7754 10.0056 3.44522e+06 0.0235714 51230.9 76929.1 0.000762781 1.37244 25.6005 0.000251637 2.37675e-05 2.61978e+06 6.8257e-05 0.106328 0.130302 1.15448e-05 0.00052372 0.00234727 7.234e-06 2.20837e-06 0.76041 2.33139e-05 0.00132706 0.000866592 5.92237e-06 0.00016922 0.000375121 1.7914e-06 6.07391e-07 0.000346519 4.53075e+06 inf 
1700 51.2522 90202.6 112969 7.80286 387.861 1933.63 5.29675 1.571 652636 0.00330813 9481.75 14871.1 8.31471e-05 0.188172 4.43898 3.42094e-05 3.03466e-06 496313 5.97209e-05 0.105107 0.131636 9.09217e-06 0.000451949 0.00225314 6.17197e-06 1.83058e-06 0.760475 1.69754e-05 0.000959353 0.000541736 3.77073e-06 0.000122499 0.000309556 1.33001e-06 4.30185e-07 0.000166485 858195 inf 
1720 0 0 0 0 0 0 0 0 0 0 0 0 0 0 0 0 0 0 0.0 0.0 0.0 0.0 0.0 0.0 0.0 0.0 0.0 0.0 0.0 0.0 0.0 0.0 0.0 0.0 0.0 0.0 0 -nan 
1740 0 0 0 0 0 0 0 0 0 0 0 0 0 0 0 0 0 0 0.0 0.0 0.0 0.0 0.0 0.0 0.0 0.0 0.0 0.0 0.0 0.0 0.0 0.0 0.0 0.0 0.0 0.0 0 -nan 
