260 0 0 0 0 0 0 0 0 0 0 0 0 0 0 0 0 0 0 0 0 0 0 0 0 0.0 0.0 0.0 0.0 0.0 0.0 0.0 0.0 0.0 0.0 0.0 0.0 0.0 0.0 0.0 0.0 0.0 0.0 0.0 0.0 0.0 0.0 0.0 0.0 0 -nan 
280 0 0 0 0 0 0 0 0 0 0 0 0 0 0 0 0 0 0 0 0 0 0 0 0 0.0 0.0 0.0 0.0 0.0 0.0 0.0 0.0 0.0 0.0 0.0 0.0 0.0 0.0 0.0 0.0 0.0 0.0 0.0 0.0 0.0 0.0 0.0 0.0 0 -nan 
300 123.047 6.51211e+10 -12.3357 141.729 58959.6 -3.44826 -1.12763e-05 0.0186869 0.00630245 0.196468 88795.2 10.2541 0.00274602 6.90954e+14 9.22172e-05 0.00146118 622.795 1.70141e-05 5.43211e-16 8.61885e-11 3.31336e-11 8.35295e-08 1610.56 5.51229e-05 1.37776e-07 72.916 -1.38123e-08 1.58694e-07 6.6017e-05 -3.86101e-09 -1.2626e-14 2.09237e-11 7.05685e-12 2.19985e-10 9.94239e-05 1.14815e-08 1.74807e-06 876.552 3.21037e-07 1.26921e-06 0.000832457 1.3797e-07 7.7979e-13 3.09947e-10 1.92483e-10 9.66848e-09 0.0013392 2.48172e-07 8.93097e+08 inf 
320 766.429 7.85465e+11 -190.802 470.847 362566 -90.6379 -0.00213051 0.131894 0.197223 11.8809 737514 499.014 0.136381 1.23892e+17 0.0210421 0.0324202 30014.3 0.00892537 4.03024e-11 5.24247e-09 5.43546e-08 0.000400241 214938 0.203215 6.37758e-05 65359.9 -1.58769e-05 3.91799e-05 0.0301697 -7.54213e-06 -1.77283e-10 1.09751e-08 1.64112e-08 9.88628e-07 0.0613698 4.15238e-05 8.53298e-05 77700.1 3.87153e-05 3.4098e-05 0.0398413 2.6188e-05 1.82269e-09 1.77702e-08 6.52197e-08 5.68571e-06 0.118824 0.00012323 1.20175e+07 inf 
340 2251.54 2.72195e+12 -891.688 1159.27 1.0577e+06 -577.333 -0.0947116 0.365268 2.18921 188.139 3.65516e+06 6471.9 1.67901 2.36665e+18 0.565954 0.315714 367234 0.386264 5.57892e-08 5.82216e-08 7.29588e-06 0.0913056 7.3445e+06 38.0232 0.000330722 399819 -0.000130977 0.000170282 0.155363 -8.48027e-05 -1.39119e-08 5.36531e-08 3.21567e-07 2.76351e-05 0.536896 0.000950639 0.00037047 433330 0.000256858 0.000131827 0.172639 0.000222589 8.94493e-08 7.53216e-08 9.84005e-07 0.000112463 0.889132 0.00216365 6.80795e+06 inf 
360 5639.1 7.07287e+12 -3084.44 2778.83 2.66097e+06 -2470.72 -1.55151 0.85802 14.2278 1540.53 1.30203e+07 44137.4 13.0387 2.17046e+19 7.76458 2.38224 2.89616e+06 7.40573 9.53405e-06 4.03074e-07 0.000283039 5.05509 9.88697e+07 1675.1 0.00112524 1.41134e+06 -0.000615478 0.000554495 0.530977 -0.000493015 -3.09593e-07 1.71212e-07 2.83906e-06 0.000307401 2.5981 0.0088073 0.00115569 1.52941e+06 0.00108192 0.000409748 0.544033 0.00111117 1.3441e-06 2.26091e-07 6.95831e-06 0.000956144 3.60258 0.0160214 5.01146e+06 inf 
380 12745 1.59147e+13 -9156.2 6387.06 6.09558e+06 -8589.11 -13.4595 1.87556 64.4686 8249.67 3.49636e+07 196514 76.5681 1.30435e+20 74.0627 15.1422 1.75567e+07 90.0648 0.000499746 2.23389e-06 0.00532081 122.082 7.2463e+08 31342 0.00312042 3.89646e+06 -0.00224175 0.00156377 1.49241 -0.00210291 -3.29535e-06 4.59202e-07 1.57841e-05 0.0020198 8.56028 0.0481134 0.00300158 4.093e+06 0.00362045 0.00112336 1.43916 0.00419866 1.05591e-05 5.79711e-07 3.24589e-05 0.00508039 10.2047 0.0732032 4.0844e+06 inf 
400 26441.5 3.18839e+13 -24308.8 14045 1.28886e+07 -25611.4 -75.796 3.90625 227.182 32728.3 7.63433e+07 650818 362.544 5.75323e+20 542.05 83.6446 8.65279e+07 779.433 0.0118888 1.06837e-05 0.0609604 1647.88 3.48783e+09 327747 0.00750558 9.05043e+06 -0.0069002 0.00398677 3.65849 -0.00726996 -2.15152e-05 1.10881e-06 6.4487e-05 0.00929012 21.6705 0.184739 0.0068247 9.02211e+06 0.0103078 0.00280156 3.34318 0.0129767 5.39613e-05 1.34282e-06 0.000114653 0.0195308 22.813 0.242703 3.52291e+06 inf 
420 50926 5.78522e+13 -58971 29554.5 2.53427e+07 -67471.4 -315.728 7.83854 668.923 104252 1.43359e+08 1.73965e+06 1443.9 2.00921e+21 3252.4 410.237 3.59238e+08 5224.14 0.168461 4.61059e-05 0.498732 14880.7 1.24651e+10 2.27307e+06 0.0161939 1.83963e+07 -0.0187521 0.00939798 8.05869 -0.0214551 -0.000100398 2.49257e-06 0.00021271 0.0331508 45.5864 0.553189 0.0140321 1.73344e+07 0.0261263 0.00649066 7.02075 0.0346539 0.00020854 2.90659e-06 0.000336669 0.0602735 43.4239 0.645594 3.14477e+06 inf 
440 91607.9 9.62677e+13 -131627 59568.6 4.65087e+07 -158763 -1044.46 15.1818 1711.17 278344 2.39805e+08 3.93796e+06 4934.71 5.79036e+21 16303.6 1805.43 1.27614e+09 27816.3 1.59157 0.000181333 3.12183 96869.2 3.54354e+10 1.14357e+07 0.0318703 3.34914e+07 -0.0457929 0.0207238 16.1803 -0.0552334 -0.000363365 5.28172e-06 0.000595315 0.0968353 83.4278 1.37001 0.0264776 2.98795e+07 0.0597913 0.0140936 13.4968 0.0814034 0.000649363 5.93202e-06 0.000855383 0.15596 73.2647 1.44966 2.8744e+06 inf 
460 155539 1.49444e+14 -273723 115543 8.03603e+07 -339604 -2909.74 28.5739 3939.21 648326 3.68355e+08 7.85334e+06 14841.8 1.4352e+22 70298.7 7234.78 3.96654e+09 122232 11.0744 0.000661955 15.9497 488697 8.49476e+10 4.49457e+07 0.0581721 5.58928e+07 -0.102373 0.0432135 30.055 -0.127013 -0.00108825 1.06867e-05 0.00147328 0.242476 137.766 2.93718 0.0465501 4.73677e+07 0.125744 0.0289556 24.0872 0.171997 0.00171976 1.15485e-05 0.001948 0.352107 113.098 2.86057 2.67377e+06 inf 
480 249995 2.1799e+14 -531121 215864 1.31072e+08 -663737 -7039.21 52.1539 8290.68 1.34273e+06 5.27766e+08 1.40965e+07 39654.5 3.11756e+22 262858 26547.1 1.08884e+10 449837 59.8569 0.00224499 68.5961 1.98125e+06 1.77093e+11 1.43788e+08 0.0989988 8.63248e+07 -0.210326 0.0854828 51.905 -0.262842 -0.00278755 2.06531e-05 0.00328314 0.531725 208.997 5.58227 0.0768281 6.99548e+07 0.244655 0.0566167 40.2206 0.330228 0.00399163 2.15051e-05 0.00404788 0.708415 162.633 5.0773 2.52523e+06 inf 
500 383133 3.02228e+14 -969896 389628 2.03212e+08 -1.2013e+06 -15254.7 92.7071 16256.8 2.53081e+06 7.16744e+08 2.32564e+07 95684.6 6.08805e+22 869415 89954.8 2.68288e+10 1.42584e+06 265.052 0.00715648 257.38 6.73599e+06 3.31393e+11 3.89832e+08 0.158548 1.25068e+08 -0.401364 0.161236 84.0933 -0.497123 -0.00631273 3.83642e-05 0.0067274 1.0473 296.604 9.62399 0.120244 9.77323e+07 0.445746 0.105963 63.4875 0.585587 0.00835664 3.85965e-05 0.00782633 1.30025 221.729 8.28853 2.4165e+06 inf 
520 562525 4.01075e+14 -1.67144e+06 681063 3.01025e+08 -2.02707e+06 -30156.8 160.435 29988.6 4.39736e+06 9.3185e+08 3.57656e+07 210510 1.08381e+23 2.5595e+06 283385 5.99858e+10 3.94145e+06 991.061 0.0214647 857.358 1.96305e+07 5.66723e+11 9.19036e+08 0.24177 1.7238e+08 -0.718378 0.292718 129.379 -0.871225 -0.0129612 6.89541e-05 0.012889 1.88996 400.505 15.3719 0.178951 1.29871e+08 0.764193 0.190036 95.093 0.966945 0.0160611 6.68636e-05 0.0142254 2.20571 288.394 12.5977 2.32669e+06 inf 
540 795022 5.13164e+14 -2.73384e+06 1.156e+06 4.28203e+08 -3.21953e+06 -55309.1 271.22 52600.2 7.13987e+06 1.16955e+09 5.19028e+07 427003 1.78733e+23 6.78174e+06 835479 1.23103e+11 9.6713e+06 3217.09 0.0610218 2583.92 5.02154e+07 9.00994e+11 1.93022e+09 0.351609 2.26954e+08 -1.20908 0.511258 189.378 -1.42388 -0.0244612 0.000119951 0.0232632 3.1577 517.249 22.9547 0.25538 1.65949e+08 1.23994 0.328812 136.308 1.49994 0.0287133 0.000112248 0.0245275 3.49819 361.843 18.0762 2.2611e+06 inf 
560 1.08467e+06 6.35632e+14 -4.2493e+06 1.90788e+06 5.87006e+08 -4.83971e+06 -95111.7 447.709 88209.9 1.09235e+07 1.42425e+09 7.16736e+07 804042 2.75592e+23 1.62627e+07 2.31519e+06 2.33807e+11 2.1327e+07 9251.97 0.164839 7134.11 1.14663e+08 1.34599e+12 3.67258e+09 0.49019 2.87259e+08 -1.92037 0.86222 265.284 -2.18719 -0.0429835 0.000202331 0.0398644 4.9366 643.657 32.3912 0.35083 2.05012e+08 1.91356 0.550337 187.851 2.20328 0.0483076 0.000183186 0.0404342 5.2392 440.45 24.7092 2.21275e+06 inf 
580 1.43521e+06 7.66538e+14 -6.29747e+06 3.06974e+06 7.79128e+08 -6.93524e+06 -154916 723.581 142379 1.58859e+07 1.69245e+09 9.49594e+07 1.41779e+06 4.01362e+23 3.54956e+07 6.06522e+06 4.14651e+11 4.27782e+07 23983.3 0.425288 18255.5 2.37199e+08 1.90874e+12 6.4237e+09 0.658954 3.51944e+08 -2.89139 1.40943 357.725 -3.18421 -0.0711275 0.000332222 0.0653711 7.29379 777.063 43.5992 0.46555 2.45794e+08 2.81729 0.893462 249.827 3.08249 0.077152 0.000291365 0.0640966 7.46371 522.054 32.3799 2.17801e+06 inf 
600 1.84993e+06 9.0445e+14 -8.92391e+06 4.83089e+06 1.00614e+09 -9.54422e+06 -241310 1148.35 222644 2.21526e+07 1.9723e+09 1.21602e+08 2.36245e+06 5.57772e+23 7.09618e+07 1.51206e+07 6.9326e+11 7.91249e+07 56942.4 1.05463 43811.4 4.51422e+08 2.59455e+12 1.0476e+10 0.858865 4.19909e+08 -4.1431 2.24283 467.118 -4.43109 -0.112033 0.000533145 0.103367 10.2848 915.681 56.456 0.599302 2.8746e+08 3.97242 1.41058 321.963 4.1353 0.117836 0.000453198 0.0982628 10.1885 605.059 40.944 2.15392e+06 inf 
620 2.32514e+06 1.04548e+15 -1.20644e+07 7.43817e+06 1.26561e+09 -1.26464e+07 -360647 1789.24 337845 2.97061e+07 2.25643e+09 1.50959e+08 3.73157e+06 7.42226e+23 1.29709e+08 3.59629e+07 1.09694e+12 1.35809e+08 124857 2.51678 99090.7 7.95975e+08 3.391e+12 1.60417e+10 1.08652 4.88548e+08 -5.63761 3.47582 591.415 -5.90958 -0.168529 0.000836103 0.157873 13.8815 1054.42 70.5421 0.750471 3.28875e+08 5.36932 2.17347 403.513 5.34226 0.173041 0.000690658 0.146221 13.3888 687.604 50.1995 2.13998e+06 inf 
640 2.85907e+06 1.18814e+15 -1.55496e+07 1.12224e+07 1.55576e+09 -1.62244e+07 -520200 2742.1 499449 3.85356e+07 2.54197e+09 1.82539e+08 5.62749e+06 9.52999e+23 2.16916e+08 8.18725e+07 1.65352e+12 2.1861e+08 255442 5.80333 212778 1.31468e+09 4.28797e+12 2.3283e+10 1.34014 5.5692e+08 -7.28858 5.26029 729.235 -7.60488 -0.243834 0.00128531 0.234107 18.0628 1191.5 85.5618 0.917505 3.69514e+08 6.96792 3.27194 493.23 6.68097 0.245517 0.00103353 0.211966 17.0283 768.268 59.939 2.13342e+06 inf 
660 3.45821e+06 1.33421e+15 -1.9079e+07 1.66724e+07 1.87969e+09 -2.02988e+07 -729797 4151.55 723804 4.87193e+07 2.83325e+09 2.16428e+08 8.1726e+06 1.18983e+24 3.31076e+08 1.79851e+08 2.39696e+12 3.33562e+08 492931 13.0078 437579 2.0559e+09 5.28494e+12 3.23754e+10 1.61566 6.23336e+08 -8.91362 7.78927 878.181 -9.4835 -0.340957 0.00193958 0.338157 22.7614 1323.68 101.114 1.09902 4.09064e+08 8.67321 4.83245 590.46 8.11797 0.337702 0.00152157 0.30014 21.0339 846.739 70.0111 2.14044e+06 inf 
680 4.10395e+06 1.47669e+15 -2.19895e+07 2.43045e+07 2.22615e+09 -2.47399e+07 -993968 6189.43 1.02564e+06 5.99458e+07 3.11552e+09 2.51104e+08 1.14219e+07 1.44321e+24 4.55439e+08 3.80158e+08 3.33792e+12 4.84068e+08 899927 28.3041 862526 3.05421e+09 6.33823e+12 4.3143e+10 1.90584 6.85762e+08 -10.2117 11.2868 1033.81 -11.489 -0.461592 0.00287433 0.476298 27.8384 1446.82 116.611 1.29306 4.47154e+08 10.3548 7.0107 693.794 9.63324 0.452607 0.00220963 0.416763 25.3649 922.025 80.2319 2.15335e+06 inf 
700 4.80753e+06 1.61954e+15 -2.3458e+07 3.49296e+07 2.59995e+09 -2.95832e+07 -1.32391e+06 9125.87 1.4295e+06 7.2315e+07 3.39693e+09 2.86898e+08 1.5503e+07 1.714e+24 5.55991e+08 7.7857e+08 4.50595e+12 6.74765e+08 1.5689e+06 60.1216 1.64223e+06 4.35255e+09 7.45012e+12 5.56155e+10 2.20734 7.43596e+08 -10.7706 16.0376 1193.75 -13.5829 -0.607863 0.00419007 0.656344 33.2028 1559.67 131.727 1.49858 4.83769e+08 11.8014 10.0134 802.395 11.1946 0.592325 0.0031698 0.568532 29.9334 994.022 90.4625 2.17798e+06 inf 
720 5.56817e+06 1.76229e+15 -2.22285e+07 4.95424e+07 2.99961e+09 -3.48125e+07 -1.72817e+06 13322.5 1.96293e+06 8.57562e+07 3.67659e+09 3.23406e+08 2.0502e+07 1.99788e+24 5.84008e+08 1.5479e+09 5.91626e+12 9.08821e+08 2.62303e+06 124.855 3.02848e+06 5.98214e+09 8.6009e+12 6.96036e+10 2.52051 7.97726e+08 -10.062 22.426 1357.81 -15.7583 -0.782278 0.00603059 0.888546 38.8187 1664.26 146.394 1.71101 5.17688e+08 12.7716 14.0624 913.467 12.7697 0.758545 0.00448876 0.762476 34.6556 1059.98 100.378 2.20915e+06 inf 
740 6.36057e+06 1.89667e+15 -1.65085e+07 6.90828e+07 3.40929e+09 -4.02388e+07 -2.20606e+06 19178.6 2.64731e+06 9.97887e+07 3.9367e+09 3.58692e+08 2.64108e+07 2.28188e+24 5.03831e+08 2.97877e+09 7.54984e+12 1.18432e+09 4.20947e+06 252.825 5.40583e+06 7.94054e+09 9.73157e+12 8.45041e+10 2.83032 8.43979e+08 -7.34595 30.7404 1517.06 -17.9054 -0.981648 0.00853407 1.178 44.4039 1751.75 159.61 1.9343 5.50534e+08 13.0473 19.5069 1028.61 14.3664 0.953673 0.00629852 1.00886 39.5179 1123.26 110.123 2.2473e+06 inf 
760 7.24265e+06 2.03875e+15 -4.2405e+06 9.56235e+07 3.85817e+09 -4.62193e+07 -2.78617e+06 27486.1 3.54429e+06 1.15296e+08 4.21049e+09 3.95553e+08 3.35825e+07 2.58352e+24 3.76359e+08 5.61216e+09 9.48793e+12 1.51405e+09 6.5668e+06 504.089 9.44554e+06 1.03195e+10 1.09156e+13 1.00796e+11 3.14682 8.85807e+08 -1.84243 41.547 1676.32 -20.0816 -1.21055 0.0119423 1.53994 50.0944 1829.4 171.862 2.16532 5.81245e+08 12.6542 26.688 1145.57 15.955 1.17803 0.00874075 1.31626 44.432 1181.52 119.407 2.30157e+06 inf 
780 8.14692e+06 2.16836e+15 1.7488e+07 1.30117e+08 4.30789e+09 -5.2303e+07 -3.44699e+06 38836.8 4.66383e+06 1.31074e+08 4.45595e+09 4.29663e+08 4.17842e+07 2.87138e+24 5.06872e+08 1.02475e+10 1.16392e+13 1.88664e+09 9.88714e+06 980.833 1.60233e+07 1.30437e+10 1.20173e+13 1.17031e+11 3.4568 9.20051e+08 7.42028 55.2095 1827.87 -22.1926 -1.46258 0.0164788 1.9789 55.6156 1890.7 182.309 2.40414 6.098e+08 12.6495 36.0553 1263.91 17.5501 1.43389 0.012026 1.69787 49.411 1234.63 128.142 2.35678e+06 inf 
800 9.13839e+06 2.30089e+15 5.20901e+07 1.75442e+08 4.78997e+09 -5.88737e+07 -4.22129e+06 54503.9 6.08659e+06 1.4816e+08 4.70431e+09 4.63834e+08 5.1513e+07 3.16608e+24 1.74414e+09 1.83091e+10 1.41078e+13 2.31946e+09 1.45341e+07 1876.56 2.6649e+07 1.62422e+10 1.31205e+13 1.3378e+11 3.77071 9.49402e+08 21.4936 72.3913 1976.46 -24.2927 -1.7418 0.0224896 2.51147 61.1344 1941.11 191.389 2.65277 6.36423e+08 16.0529 48.1068 1383.78 19.1554 1.7214 0.016387 2.1653 54.4473 1282.94 136.276 2.42352e+06 inf 
820 1.02121e+07 2.43268e+15 1.03705e+08 2.33962e+08 5.29836e+09 -6.58672e+07 -5.10576e+06 75842.8 7.86176e+06 1.66332e+08 4.94772e+09 4.96961e+08 6.28603e+07 3.45599e+24 5.93414e+09 3.19219e+10 1.68761e+13 2.81152e+09 2.08098e+07 3521.36 4.33357e+07 1.9904e+10 1.41748e+13 1.50274e+11 4.07753 9.7133e+08 41.4078 93.4172 2115.55 -26.2997 -2.03865 0.0302828 3.13907 66.4136 1975.55 198.429 2.91083 6.60636e+08 25.5891 63.3966 1504.26 20.7585 2.03788 0.0221127 2.72937 59.4693 1325.52 143.625 2.50448e+06 inf 
840 1.13522e+07 2.5564e+15 1.7674e+08 3.07917e+08 5.82152e+09 -7.31329e+07 -6.0992e+06 104390 1.00385e+07 1.85415e+08 5.17089e+09 5.27418e+08 7.60416e+07 3.73384e+24 1.66105e+10 5.43044e+10 1.99523e+13 3.36725e+09 2.91353e+07 6477.16 6.90307e+07 2.41006e+10 1.51479e+13 1.65975e+11 4.37256 9.84654e+08 68.0751 118.601 2242.28 -28.1687 -2.34924 0.0402081 3.86655 71.4165 1991.68 203.147 3.18901 6.84563e+08 41.996 82.7668 1630.1 22.4387 2.38813 0.0296332 3.41152 64.6727 1366.65 150.533 2.59624e+06 inf 
860 1.26231e+07 2.6838e+15 2.77022e+08 4.01681e+08 6.38845e+09 -8.10082e+07 -7.22783e+06 142741 1.2727e+07 2.06363e+08 5.39715e+09 5.57331e+08 9.16988e+07 4.01151e+24 4.0017e+10 9.04517e+10 2.34418e+13 4.00375e+09 3.99995e+07 11715.7 1.08023e+08 2.89761e+10 1.60854e+13 1.81099e+11 4.69419 9.98028e+08 103.017 149.374 2375.68 -30.1246 -2.68782 0.0530812 4.73282 76.7405 2007.05 207.256 3.47344 7.04064e+08 65.3357 106.414 1753.13 24.112 2.76591 0.0392318 4.21558 69.902 1397.66 156.175 2.6891e+06 inf 
880 1.40012e+07 2.80559e+15 4.09949e+08 5.17692e+08 6.98324e+09 -8.92086e+07 -8.47741e+06 193192 1.59723e+07 2.2881e+08 5.60735e+09 5.84593e+08 1.10084e+08 4.27533e+24 8.62343e+10 1.4714e+11 2.73387e+13 4.71756e+09 5.387e+07 20773 1.65827e+08 3.46063e+10 1.69295e+13 1.94843e+11 5.02543 1.00701e+09 147.143 185.815 2506.49 -32.0196 -3.04279 0.0693424 5.73294 82.1267 2012.64 209.828 3.77589 7.21437e+08 96.4419 135.224 1878.87 25.846 3.17442 0.0514556 5.1627 75.3421 1423.3 160.957 2.78606e+06 inf 
900 1.55172e+07 2.92453e+15 5.81861e+08 6.60032e+08 7.61752e+09 -9.77643e+07 -9.85422e+06 259142 1.987e+07 2.53254e+08 5.80656e+09 6.09588e+08 1.31818e+08 4.52581e+24 1.70816e+11 2.34061e+11 3.17158e+13 5.51319e+09 7.11889e+07 36145.7 2.49906e+08 4.11359e+10 1.76808e+13 2.06989e+11 5.36564 1.01126e+09 201.199 228.23 2634.03 -33.8055 -3.40745 0.0896076 6.87077 87.5716 2007.83 210.787 4.09765 7.36416e+08 136.325 169.842 2007.18 27.6328 3.6063 0.0668518 6.2615 80.9656 1443.06 164.751 2.89196e+06 inf 
920 1.72353e+07 3.04888e+15 8.01165e+08 8.34301e+08 8.3184e+09 -1.0683e+08 -1.13951e+07 345122 2.45672e+07 2.80851e+08 6.01047e+09 6.33863e+08 1.58122e+08 4.77809e+24 3.17084e+11 3.65028e+11 3.6771e+13 6.40991e+09 9.29247e+07 61828.7 3.71216e+08 4.89748e+10 1.83939e+13 2.18112e+11 5.71321 1.01065e+09 265.573 276.557 2757.41 -35.4123 -3.77728 0.114402 8.14361 93.0976 1992.37 210.115 4.44678 7.49957e+08 185.955 210.99 2141.41 29.5084 4.06634 0.0860658 7.53216 86.9895 1458.67 167.787 3.01674e+06 inf 
940 1.90921e+07 3.16372e+15 1.0711e+09 1.04078e+09 9.05186e+09 -1.15745e+08 -1.30368e+07 454471 3.00475e+07 3.1064e+08 6.18925e+09 6.54115e+08 1.88883e+08 5.00166e+24 5.55036e+11 5.55312e+11 4.23772e+13 7.36589e+09 1.18938e+08 103534 5.40453e+08 5.80685e+10 1.89501e+13 2.26613e+11 6.0542 1.00323e+09 339.651 330.036 2870.38 -36.7033 -4.13401 0.144115 9.52819 98.5051 1962.64 207.423 4.82101 7.61302e+08 246.255 259.168 2280.11 31.4424 4.54156 0.109827 8.97739 93.3301 1468.75 169.811 3.15354e+06 inf 
960 2.12075e+07 3.28597e+15 1.40273e+09 1.28794e+09 9.87133e+09 -1.24778e+08 -1.4859e+07 594439 3.65604e+07 3.4486e+08 6.37521e+09 6.73851e+08 2.26253e+08 5.22928e+24 9.28781e+11 8.28964e+11 4.89058e+13 8.40429e+09 1.50655e+08 170511 7.76486e+08 6.91564e+10 1.94709e+13 2.33975e+11 6.38471 9.89272e+08 422.305 387.748 2971.86 -37.5657 -4.47345 0.178962 11.0069 103.823 1919.32 202.869 5.22983 7.71795e+08 318.241 314.99 2427.26 33.4516 5.03433 0.138949 10.6121 100.204 1475.84 171.127 3.3216e+06 inf 
980 2.35243e+07 3.40397e+15 1.79858e+09 1.57538e+09 1.07478e+10 -1.33069e+08 -1.67942e+07 769836 4.40808e+07 3.82749e+08 6.54532e+09 6.90414e+08 2.7018e+08 5.43381e+24 1.48808e+12 1.20892e+12 5.62362e+13 9.45774e+09 1.87767e+08 275180 1.09572e+09 8.23146e+10 1.98536e+13 2.38869e+11 6.68613 9.67484e+08 511.197 447.757 3054.77 -37.8213 -4.77329 0.218805 12.5287 108.786 1860.33 196.231 5.66454 7.7999e+08 402.023 378.308 2579.14 35.4634 5.53021 0.174175 12.4281 107.523 1477.17 171.422 3.51837e+06 inf 
1000 2.6105e+07 3.52473e+15 2.26655e+09 1.90854e+09 1.17079e+10 -1.40334e+08 -1.88889e+07 988840 5.28084e+07 4.25902e+08 6.71217e+09 7.05339e+08 3.22536e+08 5.6323e+24 2.29895e+12 1.72765e+12 6.46426e+13 1.05038e+10 2.31328e+08 436256 1.52414e+09 9.83168e+10 2.01592e+13 2.42106e+11 6.97258 9.41449e+08 605.392 509.767 3127.15 -37.4829 -5.04518 0.264117 14.105 113.757 1792.81 188.394 6.12633 7.86161e+08 497.539 448.987 2736.21 37.4242 6.02773 0.216253 14.4272 115.41 1473.2 170.802 3.74395e+06 inf 
1020 2.89217e+07 3.64381e+15 2.80755e+09 2.28651e+09 1.2738e+10 -1.45575e+08 -2.11019e+07 1.25789e+06 6.27492e+07 4.7428e+08 6.86678e+09 7.17579e+08 3.8364e+08 5.81314e+24 3.42793e+12 2.41372e+12 7.40828e+13 1.14565e+10 2.81304e+08 677944 2.08568e+09 1.17585e+11 2.03453e+13 2.43196e+11 7.22038 9.09688e+08 700.913 570.835 3180.07 -36.3432 -5.26815 0.314036 15.6655 118.405 1714.31 179.146 6.60629 7.89769e+08 603.751 526.061 2895.19 39.2341 6.51729 0.265767 16.5918 123.837 1463.01 169.179 4.00556e+06 inf 
1040 3.19805e+07 3.76171e+15 3.42395e+09 2.71039e+09 1.38415e+10 -1.4779e+08 -2.34311e+07 1.58533e+06 7.40088e+07 5.2874e+08 7.0093e+09 7.27348e+08 4.54276e+08 5.97714e+24 4.95123e+12 3.29978e+12 8.46278e+13 1.22357e+10 3.37449e+08 1.03386e+06 2.80921e+09 1.40775e+11 2.04167e+13 2.42257e+11 7.36338 8.66118e+08 788.351 624.057 3186.94 -34.0281 -5.39492 0.365016 17.0402 121.74 1613.86 167.469 7.0976 7.91234e+08 720.07 608.534 3054.28 40.7345 6.97074 0.323738 18.8796 132.636 1447.87 166.531 4.34318e+06 inf 
1060 3.52784e+07 3.87947e+15 4.11471e+09 3.17893e+09 1.50177e+10 -1.45896e+08 -2.5893e+07 1.97915e+06 8.66834e+07 5.9023e+08 7.14113e+09 7.3496e+08 5.35445e+08 6.13148e+24 6.94283e+12 4.41688e+12 9.63845e+13 1.27691e+10 4.00867e+08 1.54754e+06 3.73131e+09 1.68964e+11 2.03992e+13 2.39787e+11 7.46453 8.20853e+08 870.628 672.627 3177.58 -30.87 -5.47868 0.418766 18.3413 124.886 1510.98 155.51 7.58783 7.89655e+08 843.229 694.36 3208.87 41.8191 7.40292 0.389971 21.2862 141.966 1425.9 162.951 4.72614e+06 inf 
1080 3.87469e+07 3.99389e+15 4.87288e+09 3.68454e+09 1.62409e+10 -1.38221e+08 -2.83926e+07 2.44633e+06 1.00645e+08 6.58329e+08 7.25702e+09 7.39518e+08 6.25055e+08 6.25538e+24 9.44275e+12 5.77027e+12 1.0895e+14 1.29231e+10 4.68582e+08 2.26862e+06 4.86674e+09 2.02241e+11 2.02311e+13 2.34996e+11 7.45116 7.68038e+08 937.071 708.549 3123.19 -26.5804 -5.46 0.470437 19.3545 126.599 1395.55 142.212 8.04241 7.82975e+08 968.385 779.488 3346.21 42.174 7.76521 0.46363 23.6917 151.209 1393.9 158.007 5.20012e+06 inf 
1100 4.24671e+07 4.11556e+15 5.70541e+09 4.23306e+09 1.75475e+10 -1.23849e+08 -3.10451e+07 3.00145e+06 1.16287e+08 7.36063e+08 7.37513e+09 7.43388e+08 7.25258e+08 6.37792e+24 1.25286e+13 7.39307e+12 1.22686e+14 1.27113e+10 5.43367e+08 3.27193e+06 6.27287e+09 2.42685e+11 2.00102e+13 2.29293e+11 7.36007 7.13277e+08 988.817 733.641 3041.19 -21.4645 -5.3805 0.520188 20.1539 127.569 1278.2 128.838 8.45727 7.72404e+08 1092.52 862.021 3466.13 41.7408 8.07603 0.544491 26.0957 160.582 1354.33 152.118 5.76993e+06 inf 
1120 4.62084e+07 4.22711e+15 6.57938e+09 4.7988e+09 1.88462e+10 -1.00168e+08 -3.36668e+07 3.63977e+06 1.33064e+08 8.20641e+08 7.46447e+09 7.43334e+08 8.30392e+08 6.46298e+24 1.61443e+13 9.23574e+12 1.36664e+14 1.20525e+10 6.20281e+08 4.61848e+06 7.93879e+09 2.89799e+11 1.96317e+13 2.21504e+11 7.05029 6.44955e+08 1003.85 732.181 2875.47 -15.2832 -5.13673 0.55534 20.3024 125.21 1138.9 113.415 8.77446 7.55068e+08 1206.44 934.378 3547.3 40.0667 8.26159 0.629496 28.268 168.934 1303.16 144.683 6.55412e+06 inf 
1140 5.00371e+07 4.34133e+15 7.49876e+09 5.3844e+09 2.01696e+10 -6.57591e+07 -3.6335e+07 4.37644e+06 1.51295e+08 9.14883e+08 7.54812e+09 7.41827e+08 9.39905e+08 6.53108e+24 2.02817e+13 1.12831e+13 1.50882e+14 1.10904e+10 6.99815e+08 6.40247e+06 9.90213e+09 3.45313e+11 1.917e+13 2.12636e+11 6.5092 5.64753e+08 975.495 700.443 2623.81 -8.55444 -4.72673 0.56932 19.6815 119.015 981.916 96.5024 8.93869 7.28468e+08 1298.77 988.518 3569.8 37.0073 8.28826 0.713272 30.013 175.375 1236.78 135.457 7.68714e+06 inf 
1160 5.37516e+07 4.4479e+15 8.42896e+09 5.96442e+09 2.14425e+10 -1.88876e+07 -3.89308e+07 5.20652e+06 1.70529e+08 1.017e+09 7.60861e+09 7.37218e+08 1.04736e+09 6.56413e+24 2.47913e+13 1.34417e+13 1.64427e+14 1.00191e+10 7.78327e+08 8.69592e+06 1.21413e+10 4.09081e+11 1.8584e+13 2.0235e+11 5.88335 4.86843e+08 922.587 652.832 2346.98 -2.06733 -4.26115 0.569877 18.6652 111.315 832.797 80.6919 8.94563 6.93872e+08 1364.68 1022.29 3533.98 33.0509 8.18743 0.791864 31.3135 179.958 1157.82 125.048 9.13621e+06 inf 
1180 5.73362e+07 4.55424e+15 9.36059e+09 6.53217e+09 2.26652e+10 4.16276e+07 -4.14722e+07 6.14071e+06 1.90875e+08 1.12873e+09 7.65977e+09 7.30956e+08 1.14877e+09 6.57042e+24 2.95291e+13 1.56277e+13 1.76836e+14 9.25072e+09 8.53814e+08 1.1593e+07 1.46527e+10 4.82011e+11 1.79134e+13 1.91177e+11 5.22985 4.15409e+08 853.814 595.823 2067.38 3.797 -3.78283 0.560116 17.4104 102.956 698.675 66.6731 8.79957 6.53259e+08 1401.59 1034.63 3443.23 28.7989 7.97306 0.862388 32.1466 182.664 1070.42 113.985 1.09633e+07 inf 
1200 6.05748e+07 4.65151e+15 1.0252e+10 7.05873e+09 2.37583e+10 1.1656e+08 -4.38431e+07 7.16805e+06 2.11782e+08 1.24795e+09 7.68763e+09 7.21859e+08 1.23596e+09 6.53613e+24 3.42123e+13 1.76882e+13 1.87029e+14 9.35313e+09 9.2195e+08 1.51415e+07 1.73702e+10 5.6323e+11 1.71361e+13 1.79008e+11 4.59761 3.53049e+08 778.123 535.756 1803.25 8.84685 -3.32768 0.544053 16.0742 94.7189 583.489 54.7889 8.52475 6.09464e+08 1411.11 1027.37 3308.14 25.1323 7.67478 0.92371 32.5579 183.786 979.879 102.882 1.31753e+07 inf 
1220 6.33318e+07 4.7374e+15 1.10713e+10 7.52322e+09 2.46751e+10 2.05885e+08 -4.59939e+07 8.27826e+06 2.32905e+08 1.3737e+09 7.68947e+09 7.10016e+08 1.30222e+09 6.46042e+24 3.85415e+13 1.94733e+13 1.94193e+14 1.11031e+10 9.79735e+08 1.93744e+07 2.02244e+10 6.52091e+11 1.62683e+13 1.66132e+11 3.9038 2.92015e+08 682.439 463.735 1520.98 12.6908 -2.83508 0.510275 14.3564 84.6752 473.982 43.7657 8.06408 5.5942e+08 1382.03 992.62 3107.53 22.8767 7.23558 0.966367 32.2573 181.729 882.114 91.2414 1.62231e+07 inf 
1240 6.55491e+07 4.81799e+15 1.18003e+10 7.91397e+09 2.53993e+10 3.10223e+08 -4.79215e+07 9.47423e+06 2.5416e+08 1.50674e+09 7.67719e+09 6.96431e+08 1.3425e+09 6.34864e+24 4.22385e+13 2.08521e+13 1.97764e+14 1.54335e+10 1.02466e+09 2.43148e+07 2.31422e+10 7.48026e+11 1.53408e+13 1.52951e+11 3.24361 2.38412e+08 583.923 391.613 1256.85 15.351 -2.37134 0.46882 12.5768 74.5591 379.896 34.462 7.47736 5.07262e+08 1322.55 937.273 2864.69 22.9795 6.71421 0.991663 31.4163 177.359 784.09 79.881 2.02086e+07 inf 
1260 6.69904e+07 4.88496e+15 1.23886e+10 8.19782e+09 2.5845e+10 4.28268e+08 -4.9473e+07 1.07293e+07 2.74678e+08 1.64323e+09 7.63958e+09 6.80106e+08 1.34841e+09 6.18643e+24 4.48867e+13 2.16364e+13 1.96674e+14 2.33389e+10 1.05115e+09 2.98612e+07 2.59484e+10 8.47276e+11 1.43373e+13 1.39359e+11 2.49141 1.81674e+08 460.736 304.881 961.189 15.9275 -1.83993 0.399027 10.2154 61.1124 284.12 25.2935 6.62879 4.43927e+08 1207.1 843.632 2527.95 24.785 5.97558 0.975361 29.3373 166.661 672.671 67.4022 2.68886e+07 inf 
1280 6.75313e+07 4.93472e+15 1.28031e+10 8.35719e+09 2.59675e+10 5.55661e+08 -5.06204e+07 1.20205e+07 2.9402e+08 1.78129e+09 7.57235e+09 6.61264e+08 1.31752e+09 5.97831e+24 4.62309e+13 2.17358e+13 1.90692e+14 3.56152e+10 1.058e+09 3.58982e+07 2.85202e+10 9.47449e+11 1.32838e+13 1.25716e+11 1.83228 1.3389e+08 347.378 226.75 704.556 15.0763 -1.37345 0.326144 7.97744 48.3305 205.455 17.9416 5.69123 3.7984e+08 1064.74 733.707 2162.75 27.185 5.17875 0.931466 26.6492 152.874 564.099 55.5794 3.68565e+07 inf 
1300 6.70219e+07 4.9644e+15 1.3006e+10 8.36898e+09 2.57134e+10 6.9101e+08 -5.12264e+07 1.33163e+07 3.11257e+08 1.91664e+09 7.47521e+09 6.39606e+08 1.24684e+09 5.7159e+24 4.59861e+13 2.10552e+13 1.79459e+14 5.28781e+10 1.04088e+09 4.2148e+07 3.0631e+10 1.04245e+12 1.21796e+13 1.12043e+11 1.33305 9.87407e+07 258.686 166.457 511.434 13.744 -1.01888 0.264858 6.19083 38.1216 148.68 12.7216 4.79816 3.22394e+08 920.725 625.361 1818.75 29.374 4.4345 0.87645 23.8939 138.855 469.194 45.4607 5.02771e+07 inf 
1320 6.5507e+07 4.97854e+15 1.29958e+10 8.23766e+09 2.51007e+10 8.30841e+08 -5.13501e+07 1.46013e+07 3.26329e+08 2.04913e+09 7.35638e+09 6.16251e+08 1.14207e+09 5.41451e+24 4.41841e+13 1.96647e+13 1.63806e+14 7.51079e+10 1.00227e+09 4.84038e+07 3.21926e+10 1.12979e+12 1.10688e+13 9.88251e+10 0.910268 6.91805e+07 180.586 114.468 348.792 11.5451 -0.713547 0.202896 4.53458 28.4741 102.222 8.56326 3.87832 2.65429e+08 762.469 510.052 1467.84 30.1727 3.66307 0.794632 20.6586 122.019 378.628 36.0544 7.19645e+07 inf 
1340 6.28011e+07 4.96696e+15 1.27248e+10 7.93781e+09 2.40581e+10 9.7078e+08 -5.07958e+07 1.58081e+07 3.37721e+08 2.17006e+09 7.2042e+09 5.89804e+08 1.00593e+09 5.06168e+24 4.07702e+13 1.75978e+13 1.4406e+14 1.01382e+11 9.39675e+08 5.41586e+07 3.29557e+10 1.20048e+12 9.9352e+12 8.59277e+10 0.580088 4.58794e+07 117.538 73.3209 222.223 8.96701 -0.469196 0.146018 3.1195 20.0446 66.5445 5.44797 2.99253 2.11304e+08 602.309 396.451 1131.94 29.2583 2.90853 0.692052 17.1662 103.378 295.537 27.641 1.08261e+08 inf 
1360 5.9021e+07 4.93468e+15 1.22022e+10 7.48555e+09 2.26273e+10 1.10278e+09 -4.96128e+07 1.69105e+07 3.45232e+08 2.27761e+09 7.02746e+09 5.61239e+08 8.50039e+08 4.67212e+24 3.60712e+13 1.5061e+13 1.21783e+14 1.29914e+11 8.57331e+08 5.90506e+07 3.28555e+10 1.25032e+12 8.81513e+12 7.37019e+10 0.342416 2.8629e+07 70.7924 43.428 131.274 6.39789 -0.287833 0.0981078 2.00289 13.2138 40.7704 3.25607 2.19416 1.6213e+08 451.95 292.389 830.243 26.6978 2.21157 0.577029 13.6602 84.1381 222.44 20.4202 1.72367e+08 inf 
1380 5.42258e+07 4.87761e+15 1.14308e+10 6.88937e+09 2.08262e+10 1.22153e+09 -4.7736e+07 1.78572e+07 3.47981e+08 2.36569e+09 6.82375e+09 5.30386e+08 6.8517e+08 4.24825e+24 3.04449e+13 1.22612e+13 9.83849e+13 1.58052e+11 7.58567e+08 6.25706e+07 3.17951e+10 1.27231e+12 7.71584e+12 6.22008e+10 0.198676 1.78709e+07 41.8812 25.2418 76.3044 4.47554 -0.174899 0.0654266 1.27496 8.66758 25.0014 1.94327 1.57191 1.23473e+08 331.349 210.443 595.523 23.6442 1.65792 0.47431 10.7176 67.7233 166.267 14.9706 2.72935e+08 inf 
1400 4.86406e+07 4.79797e+15 1.04483e+10 6.18117e+09 1.87339e+10 1.32388e+09 -4.5233e+07 1.86151e+07 3.45793e+08 2.43149e+09 6.59831e+09 4.97834e+08 5.24828e+08 3.80442e+24 2.44376e+13 9.46402e+12 7.56663e+13 1.82654e+11 6.49713e+08 6.43829e+07 2.98317e+10 1.2636e+12 6.66201e+12 5.16324e+10 0.129753 1.2799e+07 27.8717 16.4888 49.9743 3.53157 -0.120663 0.0496573 0.922434 6.48623 17.6016 1.32802 1.17609 9.99241e+07 253.797 158.032 446.485 21.7893 1.31096 0.411438 8.87287 57.6948 132.143 11.6606 3.7487e+08 inf 
1420 4.24165e+07 4.6748e+15 9.28455e+09 5.38501e+09 1.6399e+10 1.40268e+09 -4.20749e+07 1.90869e+07 3.37672e+08 2.46436e+09 6.32385e+09 4.62613e+08 3.79445e+08 3.34527e+24 1.85407e+13 6.8837e+12 5.50197e+13 2.00133e+11 5.36639e+08 6.4093e+07 2.70306e+10 1.22007e+12 5.65695e+12 4.20124e+10 0.0993765 1.09525e+07 21.7525 12.6164 38.4208 3.28632 -0.0985763 0.0447183 0.791124 5.7737 14.816 1.08385 0.937612 8.78498e+07 207.281 126.366 356.971 21.403 1.11694 0.384918 7.91855 53.1521 114.167 9.8618 4.26826e+08 inf 
1440 3.58917e+07 4.50168e+15 8.01322e+09 4.5493e+09 1.39416e+10 1.45268e+09 -3.83733e+07 1.92407e+07 3.23812e+08 2.46123e+09 5.99389e+09 4.25422e+08 2.57569e+08 2.88523e+24 1.32335e+13 4.6961e+12 3.76222e+13 2.08185e+11 4.25747e+08 6.16135e+07 2.35848e+10 1.14251e+12 4.7199e+12 3.34462e+10 0.0863705 1.0833e+07 19.2832 10.9475 33.5494 3.49576 -0.0923423 0.0463014 0.779229 5.92275 14.4238 1.02375 0.782535 8.2618e+07 177.408 105.74 299.014 22.1079 1.00797 0.382262 7.49319 52.0988 105.594 8.91278 4.15555e+08 inf 
1460 2.94413e+07 4.29525e+15 6.70315e+09 3.7223e+09 1.15017e+10 1.47776e+09 -3.42553e+07 1.90674e+07 3.04529e+08 2.42094e+09 5.63357e+09 3.86834e+08 1.63409e+08 2.43737e+24 8.84853e+12 2.9949e+12 2.40776e+13 2.05767e+11 3.23837e+08 5.70568e+07 1.97702e+10 1.03519e+12 3.86326e+12 2.59895e+10 0.0879512 1.28314e+07 20.0246 11.1198 34.3593 4.41457 -0.102332 0.0569608 0.909732 7.23216 16.8294 1.1556 0.693124 8.436e+07 161.346 93.9316 265.984 24.3969 0.978233 0.408905 7.63104 55.1377 106.102 8.73521 3.34746e+08 inf 
1480 2.33577e+07 4.04077e+15 5.41829e+09 2.94583e+09 9.185e+09 1.46464e+09 -2.98389e+07 1.85029e+07 2.80026e+08 2.33674e+09 5.22139e+09 3.46549e+08 9.64238e+07 2.01087e+24 5.51622e+12 1.77906e+12 1.43513e+13 1.93431e+11 2.34847e+08 5.07133e+07 1.58483e+10 9.03822e+11 3.09296e+12 1.96309e+10 0.0917722 1.58761e+07 21.2884 11.5742 36.0878 5.75457 -0.117237 0.0726977 1.10022 9.18101 20.5148 1.36159 0.608626 8.74565e+07 145.671 82.8007 234.699 26.9606 0.953398 0.440417 7.81391 58.8797 108.311 8.67616 2.54518e+08 inf 
1500 1.80205e+07 3.77502e+15 4.23651e+09 2.26353e+09 7.1414e+09 1.43307e+09 -2.53282e+07 1.76299e+07 2.5174e+08 2.21739e+09 4.80969e+09 3.06132e+08 5.29286e+07 1.61816e+24 3.20256e+12 9.85891e+11 7.96543e+12 1.73837e+11 1.61862e+08 4.316e+07 1.21127e+10 7.58406e+11 2.41906e+12 1.43668e+10 0.0967312 2.02637e+07 22.7409 12.1503 38.3339 7.69246 -0.135958 0.0946345 1.3513 11.9026 25.8176 1.64327 0.524171 9.09693e+07 129.127 71.725 203.194 29.5627 0.922152 0.471932 7.9494 62.6844 110.989 8.6266 1.86295e+08 inf 
1520 1.35749e+07 3.47591e+15 3.21477e+09 1.69595e+09 5.42605e+09 1.38072e+09 -2.08636e+07 1.64192e+07 2.20379e+08 2.05971e+09 4.36959e+09 2.65425e+08 2.71617e+07 1.2648e+24 1.73439e+12 5.12679e+11 4.1363e+12 1.50016e+11 1.05513e+08 3.50066e+07 8.78405e+09 6.08749e+11 1.84038e+12 1.01275e+10 0.114062 2.9206e+07 27.0118 14.25 45.5919 11.6014 -0.175305 0.137961 1.85171 17.3065 36.715 2.23021 0.463911 9.88655e+07 117.658 64.0677 180.766 33.5544 0.92511 0.524506 8.38918 69.3934 118.809 8.95108 1.19014e+08 inf 
1540 1.00855e+07 3.13876e+15 2.37882e+09 1.2492e+09 4.06809e+09 1.30663e+09 -1.65882e+07 1.48645e+07 1.86824e+08 1.86281e+09 3.89547e+09 2.24399e+08 1.3251e+07 9.54996e+23 8.84394e+11 2.54052e+11 2.04302e+12 1.24847e+11 6.47851e+07 2.69212e+07 6.01781e+09 4.65142e+11 1.35407e+12 6.83132e+09 0.131113 4.08042e+07 30.925 16.2397 52.8857 16.9863 -0.215648 0.19324 2.42873 24.2168 50.6415 2.91721 0.393794 1.03683e+08 102.669 55.1269 154.151 36.5306 0.892026 0.55914 8.50491 73.8948 122.632 8.96091 7.69224e+07 inf 
1560 7.50966e+06 2.77232e+15 1.72725e+09 9.14138e+08 3.05805e+09 1.20997e+09 -1.26712e+07 1.30159e+07 1.52632e+08 1.63242e+09 3.39821e+09 1.83762e+08 6.3305e+06 6.9294e+23 4.31476e+11 1.22715e+11 9.88895e+11 1.00475e+11 3.71936e+07 1.95507e+07 3.87379e+09 3.36772e+11 9.58407e+11 4.38048e+09 0.118251 4.36544e+07 27.1982 14.3945 48.1536 19.0527 -0.199527 0.204955 2.40342 25.7049 53.51 2.89361 0.292746 9.48983e+07 77.8107 41.5347 115.121 34.916 0.738822 0.515605 7.43117 68.134 110.581 7.78488 6.35062e+07 inf 
1580 5.70269e+06 2.38817e+15 1.24547e+09 6.71186e+08 2.34593e+09 1.09718e+09 -9.24865e+06 1.09913e+07 1.19644e+08 1.38154e+09 2.89373e+09 1.45027e+08 3.09529e+06 4.80175e+23 2.06639e+11 5.95077e+10 4.90679e+11 7.81812e+10 1.98171e+07 1.33305e+07 2.32681e+09 2.29605e+11 6.48899e+11 2.64777e+09 0.101652 4.25698e+07 22.2009 11.9641 41.817 19.5576 -0.16486 0.195924 2.13269 24.6264 51.5816 2.58514 0.211758 8.21406e+07 56.4846 30.292 83.6531 31.7979 0.571023 0.446357 6.07682 59.0451 94.3725 6.36509 5.61e+07 inf 
1600 4.42337e+06 1.98701e+15 8.95746e+08 4.91693e+08 1.84026e+09 9.65552e+08 -6.36024e+06 8.85278e+06 8.88303e+07 1.1166e+09 2.38354e+09 1.08807e+08 1.59882e+06 3.13042e+23 9.89987e+10 2.93473e+10 2.57911e+11 5.80478e+10 9.63723e+06 8.41211e+06 1.28427e+09 1.45294e+11 4.14138e+11 1.48238e+09 0.0817807 3.67366e+07 16.5609 9.0906 34.0233 17.8515 -0.11759 0.163673 1.64232 20.6441 44.0677 2.01167 0.151233 6.66187e+07 39.4469 21.4463 60.0896 27.4688 0.4054 0.3588 4.58768 47.5403 75.5961 4.83321 5.40881e+07 inf 
1620 3.28101e+06 1.50852e+15 6.19446e+08 3.47629e+08 1.37472e+09 7.64077e+08 -4.08312e+06 6.60171e+06 6.16058e+07 8.38072e+08 1.78555e+09 7.60189e+07 874696 1.90128e+23 4.75644e+10 1.46235e+10 1.43975e+11 4.0287e+10 4.18211e+06 4.87038e+06 6.41361e+08 8.44303e+10 2.46806e+11 7.58586e+08 0.0786342 3.6154e+07 14.8459 8.33144 32.9473 18.3122 -0.0978579 0.15822 1.47647 20.0856 42.7932 1.8219 0.121573 5.70051e+07 30.3241 16.7649 48.6318 25.1038 0.301088 0.302808 3.63197 40.25 63.9047 3.85503 4.1725e+07 inf 
1640 2.25356e+06 1.02562e+15 3.9876e+08 2.26543e+08 9.50277e+08 5.42854e+08 -2.33852e+06 4.41647e+06 3.82939e+07 5.6524e+08 1.19736e+09 4.76014e+07 472201 1.02713e+23 2.17431e+10 6.87925e+09 7.95334e+10 2.48699e+10 1.52845e+06 2.46743e+06 2.75458e+08 4.29579e+10 1.31197e+11 3.37002e+08 0.0913023 4.15526e+07 16.1557 9.17834 38.5002 21.9936 -0.0947444 0.178932 1.55147 22.9005 48.5108 1.92856 0.103899 4.93436e+07 24.8979 13.9452 41.7134 22.8884 0.230105 0.260673 2.95856 34.8711 54.4252 3.15185 2.46824e+07 inf 
1660 1.22842e+06 5.42517e+14 2.07961e+08 1.15923e+08 5.21878e+08 3.02324e+08 -1.01404e+06 2.28818e+06 1.82773e+07 2.95146e+08 6.26594e+08 2.30106e+07 204500 4.1815e+22 7.80266e+09 2.45918e+09 3.54517e+10 1.16497e+10 368486 914345 8.24844e+07 1.58936e+10 5.31065e+10 1.07468e+08 0.108005 4.76993e+07 18.2844 10.1922 45.8847 26.581 -0.089157 0.201182 1.60698 25.9499 55.0915 2.02315 0.0794672 3.74332e+07 18.7538 10.5988 31.8055 17.8247 0.156362 0.199793 2.16098 26.9074 40.4248 2.31423 1.13737e+07 inf 
1680 400342 1.70254e+14 6.0915e+07 3.31869e+07 1.72975e+08 1.00208e+08 -217719 670520 4.63304e+06 8.68282e+07 1.96454e+08 6.07442e+06 44750 8.23698e+21 1.27409e+09 3.71884e+08 8.17639e+09 2.76163e+09 24451 145482 8.63677e+06 2.48932e+09 1.07241e+10 1.33778e+07 0.0883613 3.75775e+07 13.4448 7.32483 38.1781 22.1174 -0.0480536 0.147993 1.02258 19.1642 43.3602 1.34071 0.045489 2.01483e+07 10.0224 5.33169 18.63 10.9705 0.0555656 0.101035 0.927681 13.4967 22.0648 1.07479 4.53075e+06 inf 
1700 58404.3 2.41253e+13 8.04498e+06 4.30311e+06 2.56092e+07 1.44536e+07 -22819.3 89312 550255 1.16359e+07 2.77688e+07 732610 4697.05 8.02593e+20 1.0514e+08 2.88774e+07 8.92034e+08 2.89631e+08 1035.22 11989.7 519066 2.05688e+08 1.05116e+09 872344 0.0680548 2.81117e+07 9.3743 5.01414 29.8407 16.8419 -0.0265899 0.10407 0.641178 13.5585 32.3572 0.853663 0.0290124 1.20392e+07 5.88519 2.91676 12.2049 7.33761 0.022344 0.0560388 0.440143 7.47272 13.3364 0.536419 858195 inf 
1720 0 0 0 0 0 0 0 0 0 0 0 0 0 0 0 0 0 0 0 0 0 0 0 0 0.0 0.0 0.0 0.0 0.0 0.0 0.0 0.0 0.0 0.0 0.0 0.0 0.0 0.0 0.0 0.0 0.0 0.0 0.0 0.0 0.0 0.0 0.0 0.0 0 -nan 
1740 0 0 0 0 0 0 0 0 0 0 0 0 0 0 0 0 0 0 0 0 0 0 0 0 0.0 0.0 0.0 0.0 0.0 0.0 0.0 0.0 0.0 0.0 0.0 0.0 0.0 0.0 0.0 0.0 0.0 0.0 0.0 0.0 0.0 0.0 0.0 0.0 0 -nan 
