260 0 0 0 0 0 0 0 0 0 0 0 0 0 0 0 0 0 0 0 0 0 0 0.0 0.0 0.0 0.0 0.0 0.0 0.0 0.0 0.0 0.0 0.0 0.0 0.0 0.0 0.0 0.0 0.0 0.0 0.0 0.0 0.0 0.0 0 -0 
280 0 0 0 0 0 0 0 0 0 0 0 0 0 0 0 0 0 0 0 0 0 0 0.0 0.0 0.0 0.0 0.0 0.0 0.0 0.0 0.0 0.0 0.0 0.0 0.0 0.0 0.0 0.0 0.0 0.0 0.0 0.0 0.0 0.0 0 -0 
300 359195 642331 7.05286e+06 4.6785 7.64257e+06 -67976.9 55.3934 0.161746 8.28519 28618.2 2.56413 1.66471e+06 340770 7.89365e+07 5.58395e-06 1.41369e+07 14668.4 0.0171928 1.4774e-07 2.33301e-05 501.069 4.50541e-06 0.000309073 0.0005527 0.00606871 4.02566e-09 0.00657613 -5.84914e-05 4.76638e-08 1.39176e-10 7.12908e-09 2.46249e-05 2.20633e-09 0.0378461 0.0171147 0.260547 6.91994e-08 0.110096 0.00355221 3.84597e-06 1.12741e-08 1.41505e-07 0.000656158 6.22243e-08 1.16217e+09 -321752 
320 8.4624e+06 6.33383e+06 8.43922e+07 90.7474 4.73471e+07 -701523 1845.19 7.6904 108.299 328054 65.7811 2.27668e+08 2.42041e+07 6.41295e+09 0.00162524 3.20548e+08 1.02487e+06 5.33676 0.000105378 0.00353185 44640.6 0.00238171 0.219525 0.164308 2.18924 2.3541e-06 1.22824 -0.0181984 4.78665e-05 1.99499e-07 2.80942e-06 0.00851013 1.70645e-06 2.42029 0.775169 12.7109 6.05136e-06 2.60899 0.162035 0.000368987 1.6413e-06 9.15029e-06 0.0329486 7.67285e-06 3.85486e+07 -10672.4 
340 4.24468e+07 1.69953e+07 2.58414e+08 579.79 9.08402e+07 -2.11872e+06 13092.1 77.2844 426.572 1.00501e+06 465.073 3.36653e+09 1.84481e+08 5.53885e+10 0.0767454 1.38638e+09 8.89263e+06 184.326 0.00754718 0.0653677 450312 0.126005 2.00032 0.800909 12.1779 2.73228e-05 4.28088 -0.0998456 0.000616971 3.64206e-06 2.01024e-05 0.0473613 2.19168e-05 12.4357 2.83766 49.6176 5.35735e-05 6.85621 0.639609 0.00288198 1.8504e-05 5.17337e-05 0.137761 7.38761e-05 2.122e+07 -5874.86 
360 1.23342e+08 3.22867e+07 5.33794e+08 2441.06 1.27917e+08 -4.53795e+06 52121.3 422.441 1189.02 2.1116e+06 2099.01 2.0585e+10 6.74097e+08 2.18073e+11 1.42107 3.00184e+09 3.73447e+07 2363.42 0.181907 0.569784 2.06084e+06 2.59547 7.98065 2.08907 34.5384 0.000157945 8.27671 -0.293622 0.00337243 2.73335e-05 7.69339e-05 0.136628 0.000135813 35.6122 6.26517 113.654 0.000258847 11.2127 1.52647 0.0118974 0.00010499 0.000175921 0.33864 0.00038664 1.54551e+07 -4278.82 
380 2.7166e+08 5.24054e+07 9.09747e+08 7921.91 1.55144e+08 -8.10648e+06 152408 1642.03 2782 3.69278e+06 7305.51 7.82225e+10 1.72725e+09 5.7472e+11 14.756 4.57588e+09 1.06048e+08 17157 2.28874 3.30227 6.25854e+06 30.2002 21.8725 4.21938 73.2476 0.000637826 12.4913 -0.652687 0.012271 0.000132207 0.00022399 0.297321 0.000588198 76.2864 11.0121 202.257 0.000883882 14.5736 2.84822 0.0350829 0.000408408 0.000464444 0.644594 0.00144415 1.24202e+07 -3438.58 
400 5.04181e+08 7.75112e+07 1.37433e+09 21394.5 1.72567e+08 -1.28469e+07 364861 5079.04 5800.94 5.74277e+06 21118.8 2.21536e+11 3.60007e+09 1.18504e+12 102.848 5.67102e+09 2.35084e+08 85951.3 18.7742 14.6697 1.46854e+07 236.93 47.5223 7.30592 129.539 0.00201657 16.2655 -1.2109 0.0343904 0.000478732 0.000546776 0.541292 0.00199058 136.465 16.9101 308.086 0.00237225 16.4305 4.54884 0.083179 0.00124113 0.00104103 1.0446 0.00428599 1.06094e+07 -2937.26 
420 8.33e+08 1.07601e+08 1.90863e+09 50183.5 1.81359e+08 -1.86272e+07 759440 13327.3 11116.4 8.22951e+06 53018.5 5.13339e+11 6.53684e+09 2.06666e+12 534.164 6.15567e+09 4.35169e+08 330230 112.299 53.5355 2.87988e+07 1378.9 87.9058 11.3551 201.416 0.00529582 19.1386 -1.96571 0.0801431 0.00140642 0.00117311 0.868453 0.005595 215.51 23.6831 421.336 0.00532204 16.832 6.48529 0.1686 0.0031421 0.00206721 1.51159 0.0106869 9.47606e+06 -2623.49 
440 1.26538e+09 1.42693e+08 2.48883e+09 105054 1.82829e+08 -2.52037e+07 1.4232e+06 30836.3 19937.7 1.10756e+07 118819 1.03237e+12 1.0826e+10 3.20034e+12 2216.09 6.11129e+09 7.06333e+08 1.04285e+06 531.586 168.751 4.95153e+07 6386.7 145.93 16.4561 287.025 0.0121154 21.0848 -2.90662 0.16413 0.00355621 0.00229932 1.2773 0.0137029 312.669 31.2683 535.44 0.0104301 16.1312 8.54456 0.305497 0.00697558 0.00376489 2.01962 0.023426 8.67113e+06 -2400.65 
460 1.80925e+09 1.83313e+08 3.09921e+09 200237 1.786e+08 -3.23441e+07 2.4703e+06 64918.3 34050.8 1.42484e+07 243739 1.87145e+12 1.6811e+10 4.54317e+12 7702.29 5.71404e+09 1.03532e+09 2.85478e+06 2111.73 477.925 7.75553e+07 24827.3 224.847 22.7815 385.159 0.0248847 22.1957 -4.0196 0.307 0.0080678 0.0042317 1.77074 0.030291 426.638 39.6259 645.183 0.0183838 14.7469 10.607 0.510423 0.0140481 0.00644107 2.55005 0.0465606 8.04659e+06 -2227.74 
480 2.46426e+09 2.2946e+08 3.7151e+09 351962 1.70042e+08 -3.9714e+07 4.02397e+06 126222 55731.8 1.76396e+07 462865 3.11828e+12 2.47872e+10 6.01221e+12 23036.5 5.11087e+09 1.39327e+09 6.9524e+06 7237.89 1236.28 1.12599e+08 83071 326.562 30.4078 492.322 0.0466418 22.5338 -5.26287 0.533253 0.0167268 0.00738553 2.33758 0.0613385 553.705 48.5814 744.548 0.0296198 13.0199 12.5275 0.798103 0.0260648 0.010454 3.07526 0.085124 7.54607e+06 -2089.17 
500 3.22767e+09 2.81401e+08 4.31504e+09 578462 1.58848e+08 -4.70427e+07 6.22376e+06 229847 88062.1 2.11484e+07 823311 4.85911e+12 3.50927e+10 7.50676e+12 60712.8 4.41671e+09 1.76535e+09 1.54328e+07 22045 2975.12 1.53779e+08 245449 451.304 39.3465 603.344 0.0808827 22.2107 -6.57768 0.870229 0.0321381 0.0123132 2.95705 0.115118 689.741 57.9537 828.009 0.0441257 11.1465 14.2679 1.18346 0.045272 0.0162597 3.5718 0.145146 7.15187e+06 -1980.03 
520 4.09381e+09 3.3957e+08 4.88142e+09 894911 1.45855e+08 -5.41099e+07 9.19705e+06 394937 134762 2.46295e+07 1.3803e+06 7.13033e+12 4.79443e+10 8.89883e+12 142848 3.7041e+09 2.10756e+09 3.1423e+07 60181.1 6688.07 1.98156e+08 646208 600.382 49.8 715.89 0.131244 21.3905 -7.93554 1.3488 0.0579199 0.0197636 3.61206 0.20243 827.797 67.4632 890.263 0.0610286 9.25596 15.688 1.67006 0.0739676 0.0242949 4.00172 0.231932 6.81868e+06 -1887.78 
540 5.04131e+09 4.02985e+08 5.38387e+09 1.31433e+06 1.32019e+08 -6.06101e+07 1.30531e+07 644729 200218 2.79289e+07 2.19482e+06 9.95043e+12 6.34386e+10 1.00757e+13 303929 3.02031e+09 2.40563e+09 5.94261e+07 149499 14151.7 2.42732e+08 1.53807e+06 767.463 61.3484 819.613 0.200087 20.0979 -9.22697 1.98713 0.0981502 0.0304801 4.25175 0.334128 962.187 76.772 928.496 0.0789557 7.47467 16.7655 2.25788 0.114566 0.0350049 4.34452 0.350009 6.5688e+06 -1818.6 
560 6.05564e+09 4.72218e+08 5.81139e+09 1.84151e+06 1.1794e+08 -6.63585e+07 1.78795e+07 1.00603e+06 289959 3.09237e+07 3.32921e+06 1.32709e+13 8.17858e+10 1.09577e+13 590676 2.4018e+09 2.62344e+09 1.0491e+08 340381 28347.6 2.8353e+08 3.33975e+06 949.419 74.0355 911.125 0.288717 18.491 -10.4039 2.8032 0.157727 0.0454606 4.84829 0.521962 1085.93 85.6815 942.242 0.0961794 5.886 17.4089 2.93091 0.168784 0.0487622 4.57675 0.501168 6.37826e+06 -1765.85 
580 7.12474e+09 5.47562e+08 6.15887e+09 2.4726e+06 1.04115e+08 -7.14231e+07 2.37389e+07 1.50799e+06 410262 3.35269e+07 4.83836e+06 1.71169e+13 1.03499e+11 1.15587e+13 1.05804e+06 1.86898e+09 2.781e+09 1.74986e+08 719892 54179.2 3.18769e+08 6.692e+06 1143.45 87.8779 988.433 0.396826 16.7093 -11.4626 3.80984 0.242016 0.0658426 5.38071 0.776505 1199.84 94.2762 937.046 0.11106 4.55521 17.7462 3.68354 0.23867 0.0660297 4.71242 0.68632 6.23094e+06 -1725.07 
600 8.22887e+09 6.29323e+08 6.42036e+09 3.1958e+06 9.09323e+07 -7.56003e+07 3.06367e+07 2.18006e+06 568429 3.56411e+07 6.7658e+06 2.14065e+13 1.28975e+11 1.18561e+13 1.76332e+06 1.42736e+09 2.86072e+09 2.76795e+08 1.42301e+06 99286.4 3.45308e+08 1.24673e+07 1346.86 103.004 1050.85 0.523072 14.8833 -12.3739 5.01445 0.35682 0.0930374 5.83354 1.10739 1299.87 102.469 914.468 0.122499 3.47987 17.7515 4.48995 0.324946 0.0871476 4.74215 0.90237 6.10968e+06 -1691.5 
620 9.35423e+09 7.18109e+08 6.60303e+09 4.00589e+06 7.8956e+07 -7.88695e+07 3.8561e+07 3.05193e+06 773136 3.72681e+07 9.1474e+06 2.60468e+13 1.58523e+11 1.18735e+13 2.76298e+06 1.07604e+09 2.86774e+09 4.17323e+08 2.645e+06 175047 3.62225e+08 2.17575e+07 1550.87 119.057 1094.74 0.664148 13.0904 -13.076 6.39315 0.505988 0.128181 6.17879 1.51658 1383.18 110.033 877.548 0.130347 2.6538 17.449 5.32137 0.427199 0.112211 4.67728 1.14335 6.03162e+06 -1669.88 
640 1.04957e+10 8.15279e+08 6.71635e+09 4.88729e+06 6.82607e+07 -8.14503e+07 4.74671e+07 4.15096e+06 1.03424e+06 3.84013e+07 1.19949e+07 3.10216e+13 1.93249e+11 1.16772e+13 4.09778e+06 8.03082e+08 2.82883e+09 6.03765e+08 4.65803e+06 298654 3.69867e+08 3.58358e+07 1752.87 136.158 1121.68 0.816215 11.4001 -13.6028 7.92737 0.693243 0.172726 6.41332 2.00325 1452 117.197 831.877 0.134736 2.03941 16.9529 6.16363 0.54529 0.141574 4.54313 1.40423 5.98775e+06 -1657.74 
660 1.16292e+10 9.20693e+08 6.75933e+09 5.8167e+06 5.87709e+07 -8.32741e+07 5.71561e+07 5.48996e+06 1.36055e+06 3.89731e+07 1.52717e+07 3.61867e+13 2.33513e+11 1.12858e+13 5.78246e+06 5.94037e+08 2.74335e+09 8.38543e+08 7.78524e+06 493192 3.67366e+08 5.58344e+07 1949.04 154.307 1132.86 0.974873 9.84993 -13.9566 9.57929 0.920111 0.228026 6.53185 2.55952 1505.35 123.798 779.822 0.136954 1.59337 16.2786 6.98397 0.676899 0.175107 4.34799 1.6753 5.96663e+06 -1651.89 
680 1.27463e+10 1.03521e+09 6.74528e+09 6.7825e+06 5.05181e+07 -8.44546e+07 6.74716e+07 7.0797e+06 1.76246e+06 3.90454e+07 1.89442e+07 4.14274e+13 2.79958e+11 1.07477e+13 7.81708e+06 4.36997e+08 2.62459e+09 1.12133e+09 1.23992e+07 789851 3.55864e+08 8.27224e+07 2134.75 173.377 1129.7 1.13594 8.46078 -14.1445 11.3002 1.18571 0.295176 6.53934 3.17278 1543.08 129.722 723.747 0.137326 1.26635 15.4758 7.7529 0.818969 0.212498 4.10333 1.94624 5.97086e+06 -1653.06 
700 1.38331e+10 1.15972e+09 6.68233e+09 7.75871e+06 4.33453e+07 -8.51695e+07 7.81904e+07 8.9182e+06 2.25113e+06 3.86604e+07 2.29481e+07 4.66466e+13 3.33751e+11 1.01146e+13 1.01617e+07 3.19912e+08 2.48929e+09 1.44966e+09 1.89114e+07 1.23222e+06 3.37532e+08 1.17253e+08 2309.4 193.613 1115.6 1.2953 7.2364 -14.2189 13.0537 1.48887 0.37582 6.45426 3.83113 1566.59 135.029 666.367 0.136636 1.02134 14.6084 8.46275 0.969782 0.253919 3.83312 2.21305 5.9899e+06 -1658.33 
720 1.48912e+10 1.29539e+09 6.58642e+09 8.74629e+06 3.72306e+07 -8.55537e+07 8.9117e+07 1.09979e+07 2.83715e+06 3.79051e+07 2.72242e+07 5.17451e+13 3.95619e+11 9.42905e+12 1.27825e+07 2.3382e+08 2.3468e+09 1.81305e+09 2.76499e+07 1.87029e+06 3.13831e+08 1.59377e+08 2466.39 214.552 1090.89 1.44862 6.16639 -14.17 14.7602 1.82155 0.469908 6.27811 4.50906 1577.12 139.616 609.646 0.136456 0.83815 13.7078 9.07897 1.12318 0.298255 3.54461 2.46282 6.03766e+06 -1671.56 
740 1.59081e+10 1.44293e+09 6.4626e+09 9.71174e+06 3.19634e+07 -8.57971e+07 9.9915e+07 1.32851e+07 3.52851e+06 3.67984e+07 3.16554e+07 5.6695e+13 4.67323e+11 8.73027e+12 1.5584e+07 1.7051e+08 2.21174e+09 2.20014e+09 3.89075e+07 2.77023e+06 2.86556e+08 2.0858e+08 2609.24 236.669 1059.99 1.59291 5.24261 -14.0724 16.388 2.17902 0.578744 6.03565 5.1921 1578.27 143.659 555.293 0.136738 0.694283 12.8349 9.60727 1.27808 0.345583 3.25142 2.69317 6.09684e+06 -1687.94 
760 1.68792e+10 1.60273e+09 6.31958e+09 1.06523e+07 2.74725e+07 -8.59423e+07 1.10339e+08 1.57456e+07 4.33267e+06 3.54177e+07 3.61531e+07 6.13608e+13 5.4931e+11 8.03456e+12 1.8495e+07 1.2431e+08 2.08301e+09 2.59364e+09 5.27858e+07 4.00428e+06 2.57305e+08 2.63561e+08 2733.71 259.573 1023.5 1.72522 4.44936 -13.919 17.8702 2.5501 0.701706 5.73615 5.85526 1569.92 146.922 503.686 0.137881 0.579674 11.9842 10.0357 1.43039 0.395133 2.96123 2.89855 6.17448e+06 -1709.43 
780 1.77654e+10 1.77299e+09 6.15635e+09 1.15389e+07 2.36082e+07 -8.59972e+07 1.19891e+08 1.82958e+07 5.2473e+06 3.3781e+07 4.05682e+07 6.55109e+13 6.41822e+11 7.35147e+12 2.13871e+07 9.04919e+07 1.9633e+09 2.96614e+09 6.89845e+07 5.64132e+06 2.27124e+08 3.21911e+08 2837.24 283.158 983.206 1.84283 3.77038 -13.7343 19.1474 2.92194 0.838026 5.39502 6.47898 1553.24 149.414 455.39 0.140182 0.486146 11.1768 10.3484 1.57464 0.445718 2.67708 3.07148 6.2615e+06 -1733.53 
800 1.86054e+10 1.95702e+09 5.9946e+09 1.23811e+07 2.033e+07 -8.63128e+07 1.28572e+08 2.09104e+07 6.27921e+06 3.20293e+07 4.48871e+07 6.92785e+13 7.46889e+11 6.71804e+12 2.41998e+07 6.59613e+07 1.86195e+09 3.30436e+09 8.72379e+07 7.76097e+06 1.97948e+08 3.82029e+08 2921.19 307.266 941.195 1.94392 3.19195 -13.5517 20.1867 3.28308 0.985881 5.02883 7.0476 1530.98 151.177 411.014 0.143935 0.409677 10.4254 10.5502 1.70833 0.496555 2.40627 3.21131 6.36913e+06 -1763.33 
820 1.94149e+10 2.15712e+09 5.84487e+09 1.31831e+07 1.75587e+07 -8.71062e+07 1.3631e+08 2.35531e+07 7.43347e+06 3.02435e+07 4.90973e+07 7.27058e+13 8.66468e+11 6.14743e+12 2.68691e+07 4.81893e+07 1.78519e+09 3.59686e+09 1.07144e+08 1.04481e+07 1.70836e+08 4.42443e+08 2985.38 331.695 898.75 2.02714 2.69996 -13.3941 20.96 3.62169 1.14302 4.65047 7.54956 1505.75 152.359 370.839 0.149374 0.346629 9.75203 10.6657 1.83265 0.547793 2.15456 3.32225 6.50333e+06 -1800.48 
840 2.01082e+10 2.36534e+09 5.69027e+09 1.38877e+07 1.51542e+07 -8.81553e+07 1.42412e+08 2.60667e+07 8.6781e+06 2.83731e+07 5.29839e+07 7.53567e+13 9.97464e+11 5.61853e+12 2.92083e+07 3.51591e+07 1.7253e+09 3.81159e+09 1.27363e+08 1.37146e+07 1.45767e+08 4.99636e+08 3028.38 356.23 856.98 2.09154 2.28229 -13.2766 21.4479 3.92576 1.30696 4.27312 7.9796 1475.79 152.717 334.306 0.15601 0.29374 9.14168 10.6785 1.94161 0.597782 1.92188 3.40197 6.63992e+06 -1838.29 
860 2.07715e+10 2.58968e+09 5.55623e+09 1.45299e+07 1.31078e+07 -8.99636e+07 1.47253e+08 2.84754e+07 1.0023e+07 2.65411e+07 5.66569e+07 7.76438e+13 1.1442e+12 5.1583e+12 3.1237e+07 2.56969e+07 1.69389e+09 3.95416e+09 1.47448e+08 1.76128e+07 1.23449e+08 5.53182e+08 3055.36 380.926 817.288 2.13726 1.92808 -13.2331 21.6601 4.18856 1.47432 3.90403 8.33389 1444.21 152.316 301.32 0.163961 0.249708 8.605 10.6054 2.03586 0.645834 1.70797 3.45197 6.79838e+06 -1882.16 
880 2.13763e+10 2.82797e+09 5.44259e+09 1.51025e+07 1.13621e+07 -9.26296e+07 1.50704e+08 3.07089e+07 1.14532e+07 2.479e+07 6.0123e+07 7.93984e+13 1.30604e+12 4.76082e+12 3.28869e+07 1.88128e+07 1.69284e+09 4.01913e+09 1.66387e+08 2.21422e+07 1.04102e+08 6.02376e+08 3062.51 405.153 779.741 2.16368 1.6278 -13.2707 21.5909 4.39956 1.64087 3.55158 8.61362 1412.86 151.534 272.158 0.1734 0.213306 8.14955 10.471 2.11697 0.692677 1.51678 3.47935 6.97999e+06 -1932.45 
900 2.19132e+10 3.07783e+09 5.34808e+09 1.56027e+07 9.86924e+06 -9.6208e+07 1.52675e+08 3.27032e+07 1.29433e+07 2.31206e+07 6.3349e+07 8.05471e+13 1.4808e+12 4.41714e+12 3.41245e+07 1.37959e+07 1.72165e+09 4.00232e+09 1.83081e+08 2.722e+07 8.74056e+07 6.45883e+08 3049.64 428.339 744.287 2.17141 1.37349 -13.3892 21.2477 4.55128 1.8013 3.21767 8.81622 1381.8 150.357 246.508 0.184485 0.182988 7.76724 10.273 2.18292 0.737222 1.34563 3.48729 7.1855e+06 -1989.34 
920 2.23871e+10 3.33984e+09 5.27582e+09 1.60227e+07 8.58298e+06 -1.00975e+08 1.53314e+08 3.44467e+07 1.44848e+07 2.15609e+07 6.64058e+07 8.11606e+13 1.6693e+12 4.12649e+12 3.4919e+07 1.01221e+07 1.78743e+09 3.91581e+09 1.97092e+08 3.28068e+07 7.3264e+07 6.84572e+08 3019.98 450.54 711.7 2.16144 1.15783 -13.6214 20.6818 4.64681 1.95397 2.90854 8.95804 1352.09 148.997 223.921 0.196674 0.157727 7.45512 10.0249 2.23484 0.77947 1.19316 3.47868 7.41298e+06 -2052.32 
940 2.2797e+10 3.6117e+09 5.2278e+09 1.63581e+07 7.47557e+06 -1.07173e+08 1.52846e+08 3.5942e+07 1.60646e+07 2.01453e+07 6.93847e+07 8.12495e+13 1.86928e+12 3.8869e+12 3.52618e+07 7.4373e+06 1.89822e+09 3.77626e+09 2.08214e+08 3.88281e+07 6.1597e+07 7.20257e+08 2975.55 471.413 682.353 2.13512 0.97574 -13.9886 19.9501 4.69129 2.09681 2.62945 9.05636 1323.29 147.499 204.274 0.209183 0.136661 7.21678 9.74093 2.27349 0.81938 1.06108 3.4631 7.66143e+06 -2121.11 
960 2.31448e+10 3.89332e+09 5.20558e+09 1.66187e+07 6.52077e+06 -1.15086e+08 1.51471e+08 3.72076e+07 1.76856e+07 1.88826e+07 7.241e+07 8.08361e+13 2.07906e+12 3.69182e+12 3.51803e+07 5.46829e+06 2.0631e+09 3.59496e+09 2.16344e+08 4.52124e+07 5.19846e+07 7.54246e+08 2915.15 490.375 655.658 2.09317 0.82131 -14.4954 19.0782 4.6864 2.22756 2.37832 9.12025 1297.48 146.272 187.37 0.222911 0.119151 7.05237 9.4243 2.2993 0.855931 0.944039 3.4381 7.93948e+06 -2198.08 
980 2.34076e+10 4.1789e+09 5.20452e+09 1.67906e+07 5.69251e+06 -1.24915e+08 1.49409e+08 3.82652e+07 1.93464e+07 1.77809e+07 7.55813e+07 7.98596e+13 2.29356e+12 3.53402e+12 3.46721e+07 4.02222e+06 2.29268e+09 3.38919e+09 2.21767e+08 5.19349e+07 4.42197e+07 7.8909e+08 2840.46 507.099 631.556 2.0375 0.690773 -15.1581 18.1304 4.64339 2.34765 2.15767 9.17162 1273.8 145.494 173.154 0.236589 0.104496 6.96017 9.08623 2.31298 0.889231 0.842871 3.4111 8.24078e+06 -2281.5 
1000 2.3644e+10 4.47593e+09 5.23664e+09 1.69122e+07 4.98281e+06 -1.37387e+08 1.47374e+08 3.9286e+07 2.11234e+07 1.68937e+07 7.92825e+07 7.8563e+13 2.51521e+12 3.41831e+12 3.38569e+07 2.96527e+06 2.61294e+09 3.1843e+09 2.25798e+08 5.9227e+07 3.81395e+07 8.30497e+08 2754.86 521.51 610.143 1.97051 0.580569 -16.0075 17.1711 4.57737 2.46118 1.96836 9.23755 1250.78 145.209 161.267 0.248775 0.0918474 6.94288 8.72744 2.31438 0.918358 0.754561 3.3812 8.58264e+06 -2376.15 
1020 2.38142e+10 4.7774e+09 5.2963e+09 1.69732e+07 4.3699e+06 -1.52837e+08 1.45489e+08 4.03034e+07 2.30524e+07 1.62198e+07 8.37196e+07 7.68053e+13 2.7361e+12 3.33493e+12 3.27381e+07 2.18869e+06 3.04553e+09 2.98778e+09 2.28864e+08 6.72439e+07 3.34547e+07 8.82289e+08 2655.85 532.795 590.665 1.89292 0.48735 -17.0451 16.2256 4.49481 2.5709 1.8089 9.33676 1229.67 145.845 151.789 0.260663 0.0811296 7.00828 8.36306 2.30665 0.943275 0.677412 3.34985 8.96666e+06 -2482.46 
1040 2.39398e+10 5.08422e+09 5.38557e+09 1.69841e+07 3.84091e+06 -1.71953e+08 1.44265e+08 4.14703e+07 2.52349e+07 1.57853e+07 8.92925e+07 7.47291e+13 2.9542e+12 3.28168e+12 3.1379e+07 1.61801e+06 3.62745e+09 2.81567e+09 2.32312e+08 7.6452e+07 2.99917e+07 9.51305e+08 2545.95 540.696 572.745 1.80622 0.408473 -18.2869 15.3423 4.41028 2.68368 1.67874 9.49608 1210.56 147.719 144.789 0.273219 0.0722594 7.16678 8.00342 2.29245 0.963526 0.609428 3.3157 9.40309e+06 -2603.29 
1060 2.39871e+10 5.39025e+09 5.49973e+09 1.6938e+07 3.38097e+06 -1.95296e+08 1.43928e+08 4.28767e+07 2.77774e+07 1.56053e+07 9.64148e+07 7.22002e+13 3.16169e+12 3.2511e+12 2.98037e+07 1.19684e+06 4.40046e+09 2.6745e+09 2.37046e+08 8.75029e+07 2.76116e+07 1.04628e+09 2424.76 544.879 555.946 1.71219 0.341769 -19.7417 14.5491 4.33423 2.8079 1.57748 9.74618 1191.21 150.695 139.875 0.284846 0.0646363 7.42227 7.66023 2.27519 0.980309 0.550183 3.28264 9.89257e+06 -2738.81 
1080 2.39986e+10 5.69907e+09 5.64379e+09 1.68607e+07 2.98457e+06 -2.23877e+08 1.45053e+08 4.47282e+07 3.08522e+07 1.5718e+07 1.05719e+08 6.94671e+13 3.35761e+12 3.24313e+12 2.81012e+07 887135 5.43143e+09 2.5801e+09 2.45047e+08 1.01462e+08 2.62407e+07 1.1802e+09 2294.35 544.851 539.566 1.61194 0.285335 -21.4034 13.8676 4.27617 2.94958 1.5027 10.1071 1173.56 155.359 137.563 0.296998 0.0582849 7.82041 7.37271 2.26754 1.00003 0.500606 3.2678 1.04599e+07 -2895.87 
1100 2.39476e+10 6.00753e+09 5.81785e+09 1.67545e+07 2.64138e+06 -2.58813e+08 1.47858e+08 4.71445e+07 3.46577e+07 1.61639e+07 1.17995e+08 6.64072e+13 3.53496e+12 3.25381e+12 2.6301e+07 658387 6.80464e+09 2.53436e+09 2.57378e+08 1.19741e+08 2.58513e+07 1.37163e+09 2153.68 540.275 523.216 1.50678 0.237547 -23.2758 13.2973 4.23985 3.11687 1.45367 10.6116 1154.92 161.285 137.366 0.308114 0.0527452 8.37833 7.14873 2.27388 1.02655 0.46014 3.27859 1.11194e+07 -3078.46 
1120 2.38545e+10 6.31363e+09 6.02052e+09 1.66274e+07 2.34431e+06 -3.01205e+08 1.52647e+08 5.02793e+07 3.93959e+07 1.69698e+07 1.34049e+08 6.31777e+13 3.6898e+12 3.27878e+12 2.44561e+07 489477 8.62245e+09 2.54464e+09 2.75772e+08 1.44152e+08 2.64237e+07 1.64401e+09 2006.28 531.007 506.356 1.39845 0.197168 -25.3328 12.8384 4.22874 3.31339 1.42724 11.2742 1135.08 168.41 139.159 0.318163 0.0478772 9.13458 7.01372 2.30469 1.07023 0.430511 3.34107 1.18899e+07 -3291.78 
1140 2.36917e+10 6.61372e+09 6.25282e+09 1.64845e+07 2.0867e+06 -3.52541e+08 1.59507e+08 5.42261e+07 4.53191e+07 1.819e+07 1.55046e+08 5.96878e+13 3.81444e+12 3.31369e+12 2.2587e+07 364299 1.10188e+10 2.61211e+09 3.01535e+08 1.77108e+08 2.80242e+07 2.03266e+09 1848.6 516.05 487.89 1.28624 0.162819 -27.5078 12.4459 4.23111 3.53612 1.41931 12.0978 1113.53 176.982 143.253 0.328614 0.0437621 10.1533 6.9939 2.37185 1.14678 0.414966 3.49942 1.28161e+07 -3548.19 
1160 2.35134e+10 6.92144e+09 6.53086e+09 1.63682e+07 1.86724e+06 -4.15527e+08 1.69021e+08 5.92557e+07 5.28383e+07 1.99326e+07 1.82829e+08 5.61215e+13 3.91444e+12 3.36366e+12 2.07748e+07 272042 1.41989e+10 2.74934e+09 3.37485e+08 2.22381e+08 3.08502e+07 2.59379e+09 1682.11 495.147 467.206 1.17095 0.133579 -29.726 12.0915 4.23905 3.77996 1.42594 13.0793 1088.74 186.712 149.495 0.339216 0.0402249 11.4947 7.10488 2.48467 1.27305 0.416712 3.80618 1.39785e+07 -3870.03 
1180 2.32538e+10 7.21432e+09 6.83665e+09 1.62366e+07 1.67505e+06 -4.9106e+08 1.80768e+08 6.53001e+07 6.21083e+07 2.22019e+07 2.18581e+08 5.2365e+13 3.97396e+12 3.41469e+12 1.89829e+07 203235 1.83339e+10 2.95015e+09 3.84442e+08 2.83255e+08 3.4955e+07 3.38841e+09 1512.28 469.172 444.612 1.05593 0.108934 -31.9354 11.756 4.24669 4.03912 1.44387 14.2151 1057.59 195.749 156.173 0.345754 0.0367472 13.1321 7.32503 2.63955 1.4514 0.434156 4.27696 1.53767e+07 -4257.11 
1200 2.29479e+10 7.49655e+09 7.17763e+09 1.61108e+07 1.50813e+06 -5.81755e+08 1.9494e+08 7.24988e+07 7.34541e+07 2.50776e+07 2.64349e+08 4.85659e+13 3.99667e+12 3.46839e+12 1.72611e+07 152110 2.36954e+10 3.2207e+09 4.44811e+08 3.64439e+08 4.05396e+07 4.5075e+09 1342.7 438.628 419.968 0.942651 0.0882415 -34.0389 11.4061 4.24195 4.29785 1.46731 15.4672 1019.21 203.6 162.988 0.348379 0.0333693 15.0927 7.63849 2.83408 1.6888 0.46798 4.94985 1.70909e+07 -4731.7 
1220 2.26092e+10 7.77279e+09 7.56524e+09 1.6013e+07 1.36449e+06 -6.91118e+08 2.11636e+08 8.09628e+07 8.72816e+07 2.86883e+07 3.23039e+08 4.47722e+13 3.98409e+12 3.5252e+12 1.56373e+07 114155 3.06094e+10 3.56318e+09 5.20677e+08 4.71576e+08 4.78896e+07 6.07789e+09 1172.92 403.238 392.471 0.830723 0.0707873 -35.8539 10.9793 4.2002 4.52801 1.4883 16.7587 973.113 209.967 169.846 0.348043 0.0301879 17.3912 8.01911 3.06105 1.99039 0.519042 5.86995 1.92759e+07 -5336.64 
1240 2.22199e+10 8.04245e+09 8.00962e+09 1.59561e+07 1.24141e+06 -8.23197e+08 2.30658e+08 9.06909e+07 1.04015e+08 3.31932e+07 3.98384e+08 4.09574e+13 3.9329e+12 3.58156e+12 1.41106e+07 85852 3.94297e+10 3.97152e+09 6.13011e+08 6.10589e+08 5.73186e+07 8.26565e+09 1003.28 363.135 361.653 0.720454 0.0560524 -37.1693 10.4147 4.09491 4.6965 1.49875 17.988 918.017 213.805 175.848 0.343616 0.0271025 19.9696 8.41764 3.30312 2.34785 0.584656 7.04598 2.21472e+07 -6131.57 
1260 2.1825e+10 8.3184e+09 8.52931e+09 1.59686e+07 1.13767e+06 -9.83519e+08 2.52245e+08 1.01846e+08 1.24174e+08 3.87648e+07 4.94855e+08 3.72541e+13 3.85249e+12 3.64241e+12 1.27129e+07 64843.4 5.06447e+10 4.44766e+09 7.2392e+08 7.88795e+08 6.92196e+07 1.12927e+10 842.942 321.279 329.426 0.616751 0.0439398 -37.9862 9.74239 3.93359 4.79594 1.49721 19.1127 853.408 213.479 179.328 0.332603 0.0239525 22.6514 8.76738 3.53365 2.73211 0.657135 8.41788 2.58915e+07 -7168.18 
1280 2.13743e+10 8.57419e+09 9.10998e+09 1.60114e+07 1.04746e+06 -1.17445e+09 2.75505e+08 1.14133e+08 1.47689e+08 4.54597e+07 6.16021e+08 3.3625e+13 3.7351e+12 3.69563e+12 1.14097e+07 49059.2 6.45612e+10 4.97486e+09 8.5244e+08 1.00941e+09 8.36234e+07 1.53719e+10 691.297 277.31 294.639 0.517847 0.0338773 -37.9845 8.91049 3.69134 4.77663 1.47028 19.9236 780.783 209.526 180.869 0.317574 0.0209528 25.4018 9.02785 3.73417 3.13536 0.736797 10.0106 3.09191e+07 -8560.11 
1300 2.09109e+10 8.83916e+09 9.8147e+09 1.61705e+07 973897 -1.40837e+09 3.00663e+08 1.27692e+08 1.75498e+08 5.38145e+07 7.72689e+08 3.01541e+13 3.59019e+12 3.74751e+12 1.02242e+07 37253.7 8.17272e+10 5.54481e+09 9.98592e+08 1.27841e+09 1.00992e+08 2.08392e+10 542.166 229.177 254.471 0.419261 0.0252507 -36.5155 7.79543 3.31072 4.55024 1.39528 20.0339 698.481 201.401 180.023 0.298845 0.018119 28.0286 9.11013 3.86395 3.52722 0.819553 11.7878 3.85691e+07 -10678 
1320 2.03947e+10 9.09134e+09 1.06364e+10 1.64033e+07 911848 -1.68986e+09 3.26629e+08 1.42095e+08 2.07371e+08 6.39436e+07 9.7105e+08 2.6803e+13 3.41618e+12 3.78949e+12 9.13423e+06 28349 1.02364e+11 6.12617e+09 1.15774e+09 1.59575e+09 1.21195e+08 2.79694e+10 405.276 180.66 211.364 0.32596 0.0181199 -33.5803 6.49066 2.82367 4.12082 1.27067 19.2964 606.935 187.742 175.011 0.27434 0.01533 30.1083 8.92236 3.87725 3.83785 0.890927 13.5443 5.03229e+07 -13932.1 
1340 1.98107e+10 9.31676e+09 1.15768e+10 1.66843e+07 858107 -2.02407e+09 3.52338e+08 1.56887e+08 2.42934e+08 7.5959e+07 1.21798e+09 2.35885e+13 3.21416e+12 3.81521e+12 8.12919e+06 21593.4 1.26504e+11 6.68256e+09 1.32318e+09 1.95645e+09 1.43875e+08 3.70108e+10 289.08 135.951 168.93 0.24346 0.0125216 -29.5354 5.14135 2.28931 3.54492 1.1084 17.7729 510.528 168.578 164.726 0.243617 0.0125819 31.203 8.43084 3.7506 3.99778 0.933216 14.9729 6.85302e+07 -18972.9 
1360 1.91826e+10 9.53917e+09 1.27425e+10 1.70916e+07 815188 -2.43483e+09 3.77375e+08 1.71857e+08 2.82882e+08 9.09083e+07 1.53669e+09 2.057e+13 2.99327e+12 3.82698e+12 7.21129e+06 16471.1 1.54211e+11 7.18591e+09 1.48852e+09 2.35464e+09 1.6884e+08 4.82544e+10 186.202 92.5951 123.69 0.165905 0.00791289 -23.6345 3.66312 1.66818 2.74589 0.882431 14.9164 406.199 143.113 147.813 0.206093 0.00986246 30.6318 7.50559 3.41555 3.91359 0.92748 15.6811 1.0302e+08 -28521.7 
1380 1.84717e+10 9.73083e+09 1.42075e+10 1.75742e+07 779005 -2.94577e+09 3.99772e+08 1.86057e+08 3.26022e+08 1.09808e+08 1.95393e+09 1.77522e+13 2.75262e+12 3.81143e+12 6.35924e+06 12544.6 1.84611e+11 7.59014e+09 1.64247e+09 2.76907e+09 1.94611e+08 6.16066e+10 86.2628 45.4429 66.3489 0.0820717 0.00363795 -13.7567 1.86693 0.868887 1.52252 0.512801 9.12485 274.702 103.873 115.746 0.151532 0.00673413 25.94 5.65336 2.6297 3.25784 0.803659 14.2982 2.14133e+08 -59283.8 
1400 1.76114e+10 9.85868e+09 1.62624e+10 1.80547e+07 745471 -3.63556e+09 4.16694e+08 1.98048e+08 3.70822e+08 1.36442e+08 2.55174e+09 1.51098e+13 2.49085e+12 3.74981e+12 5.54756e+06 9492.94 2.15875e+11 7.83507e+09 1.76872e+09 3.16751e+09 2.18901e+08 7.65207e+10 28.631 16.0274 26.438 0.0293518 0.00121192 -5.91037 0.677425 0.321969 0.602851 0.221815 4.14839 154.092 61.5835 73.4653 0.0903173 0.00373685 17.7769 3.50409 1.66486 2.1877 0.553776 10.3533 6.15114e+08 -170297 
1420 1.65532e+10 9.6487e+09 1.68292e+10 1.75659e+07 677191 -4.01581e+09 4.24692e+08 2.05995e+08 4.0069e+08 1.46704e+08 2.87722e+09 1.2695e+13 2.21869e+12 3.62812e+12 4.774e+06 7114.83 2.45747e+11 7.89836e+09 1.85758e+09 3.52275e+09 2.38587e+08 9.18437e+10 30.3132 17.6693 30.8185 0.0321676 0.00124011 -7.35398 0.777721 0.37723 0.733766 0.268654 5.26894 149.429 61.2437 75.4602 0.0877934 0.00338987 19.8984 3.72278 1.80538 2.4316 0.603938 11.8502 5.46072e+08 -151183 
1440 1.52742e+10 9.05139e+09 1.58904e+10 1.60143e+07 577507 -4.0579e+09 4.21652e+08 2.08592e+08 4.10392e+08 1.41617e+08 2.91053e+09 1.05243e+13 1.94435e+12 3.43821e+12 4.04095e+06 5265.99 2.71692e+11 7.76609e+09 1.90044e+09 3.80628e+09 2.51303e+08 1.0624e+11 47.2616 28.007 49.1683 0.0495517 0.00178693 -12.556 1.30468 0.645431 1.26984 0.438195 9.00581 174.157 72.3315 90.67 0.100241 0.00361953 26.1347 4.72523 2.33748 3.18825 0.765226 15.7361 3.23183e+08 -89474.9 
1460 1.37953e+10 8.22013e+09 1.43729e+10 1.39995e+07 473024 -3.93958e+09 4.07121e+08 2.05293e+08 4.04825e+08 1.31104e+08 2.82034e+09 8.56356e+12 1.66665e+12 3.18231e+12 3.3513e+06 3833 2.90637e+11 7.40161e+09 1.88227e+09 3.97239e+09 2.55761e+08 1.18446e+11 65.9951 39.3242 68.7585 0.066972 0.0022629 -18.8465 1.94762 0.982101 1.93664 0.627185 13.4922 191.342 80.1664 102.45 0.107457 0.00363537 32.1743 5.62274 2.8355 3.9055 0.911136 19.6111 2.09035e+08 -57872.4 
1480 1.21379e+10 7.25832e+09 1.27095e+10 1.19198e+07 378039 -3.73259e+09 3.8073e+08 1.95576e+08 3.86982e+08 1.18929e+08 2.6747e+09 6.79986e+12 1.38893e+12 2.86176e+12 2.70254e+06 2722.95 2.99164e+11 6.79105e+09 1.79257e+09 3.97944e+09 2.50563e+08 1.26793e+11 87.4015 52.2652 91.5174 0.0858313 0.00272216 -26.8774 2.74153 1.40829 2.78655 0.856376 19.2598 203.285 85.2622 110.595 0.10997 0.00349243 37.8392 6.43308 3.30523 4.57056 1.03482 23.2823 1.38875e+08 -38448.2 
1500 1.03284e+10 6.16418e+09 1.0836e+10 9.74755e+06 290690 -3.40488e+09 3.42282e+08 1.79013e+08 3.54453e+08 1.04127e+08 2.44512e+09 5.24731e+12 1.11984e+12 2.47949e+12 2.10291e+06 1872.98 2.94162e+11 5.9671e+09 1.633e+09 3.80492e+09 2.34189e+08 1.29181e+11 110.047 65.6784 115.456 0.103859 0.00309726 -36.2785 3.64696 1.90736 3.77664 1.10946 26.0524 209.282 87.2813 114.406 0.107794 0.00321921 42.6395 7.09072 3.70963 5.12619 1.12443 26.4137 9.3854e+07 -25983.9 
1520 8.52285e+09 5.08533e+09 9.04527e+09 7.77754e+06 218412 -3.02484e+09 2.967e+08 1.57902e+08 3.14027e+08 8.91528e+07 2.18363e+09 3.92488e+12 8.72088e+11 2.07745e+12 1.58233e+06 1249.73 2.76675e+11 5.0113e+09 1.42031e+09 3.4694e+09 2.09628e+08 1.25777e+11 129.851 77.4783 137.811 0.118496 0.00332765 -46.0855 4.52042 2.40575 4.78442 1.3583 33.269 207.212 85.346 112.514 0.100332 0.00282262 45.7323 7.47772 3.98142 5.47431 1.1614 28.4513 6.56354e+07 -18171.5 
1540 6.80224e+09 4.0688e+09 7.37904e+09 6.04415e+06 160111 -2.60861e+09 2.47268e+08 1.33834e+08 2.68442e+08 7.43905e+07 1.8982e+09 2.83402e+12 6.54466e+11 1.67969e+12 1.14872e+06 807.211 2.48169e+11 4.0043e+09 1.17411e+09 3.00893e+09 1.79242e+08 1.16714e+11 141.641 84.7234 153.652 0.125855 0.00333395 -54.3183 5.14879 2.78679 5.58969 1.54901 39.5256 197.357 80.31 106.616 0.0898883 0.00238602 47.0857 7.54124 4.08436 5.60441 1.1545 29.4623 4.80245e+07 -13295.8 
1560 5.15346e+09 3.05492e+09 5.62487e+09 4.3781e+06 109587 -2.10362e+09 1.94916e+08 1.07241e+08 2.1479e+08 5.7968e+07 1.53916e+09 1.9788e+12 4.67983e+11 1.28098e+12 785213 492.528 2.0974e+11 3.05792e+09 9.26664e+08 2.46327e+09 1.43775e+08 1.01373e+11 153.424 90.9483 167.459 0.130341 0.00326252 -62.6272 5.80287 3.19267 6.39455 1.72577 45.8224 188.074 75.2381 100.468 0.0799246 0.00200476 48.1876 7.57393 4.17069 5.69597 1.14107 30.3035 3.35896e+07 -9299.45 
1580 3.69589e+09 2.1608e+09 4.04632e+09 2.98178e+06 70602.1 -1.59672e+09 1.44885e+08 8.09948e+07 1.61418e+08 4.25438e+07 1.17452e+09 1.32149e+12 3.16823e+11 9.20171e+11 504250 283.046 1.66194e+11 2.20536e+09 6.90007e+08 1.89109e+09 1.07949e+08 8.22704e+10 160.126 93.6174 175.308 0.129187 0.00305886 -69.1786 6.27718 3.50912 6.99348 1.84322 50.8863 177.803 70.4432 95.5709 0.0718168 0.00170483 49.1401 7.493 4.19295 5.74658 1.13112 31.2247 2.30812e+07 -6390.14 
1600 2.5654e+09 1.48762e+09 2.8479e+09 1.98451e+06 44518 -1.17699e+09 1.0363e+08 5.88324e+07 1.17422e+08 3.04155e+07 8.72121e+08 8.45437e+11 2.06697e+11 6.39768e+11 313197 157.788 1.25666e+11 1.50192e+09 4.84693e+08 1.3815e+09 7.76493e+07 6.38362e+10 161.682 93.7561 179.487 0.125072 0.00280571 -74.1791 6.53118 3.70786 7.4004 1.91691 54.9647 164.748 65.0898 90.03 0.0639994 0.0014396 49.1676 7.21119 4.09867 5.68351 1.10418 31.656 1.58669e+07 -4392.84 
1620 1.62827e+09 9.29984e+08 1.80713e+09 1.19119e+06 25357.9 -7.82714e+08 6.75108e+07 3.8903e+07 7.73471e+07 1.95924e+07 5.82816e+08 4.97921e+11 1.23672e+11 4.05417e+11 177365 80.4581 8.60736e+10 9.29427e+08 3.0903e+08 9.15168e+08 5.0573e+07 4.47489e+10 167.679 95.7693 186.097 0.122668 0.00261134 -80.6035 6.95223 4.00621 7.96517 2.01762 60.0182 152.183 59.6988 84.3657 0.0567237 0.00121096 48.6507 6.8832 3.97166 5.54975 1.06639 31.7181 9.71067e+06 -2688.45 
1640 9.6992e+08 5.4608e+08 1.07895e+09 672033 13588.1 -4.87843e+08 4.10955e+07 2.40284e+07 4.76767e+07 1.18425e+07 3.6524e+08 2.73779e+11 6.90929e+10 2.40586e+11 93745.1 38.3589 5.46816e+10 5.30634e+08 1.81636e+08 5.60566e+08 3.06003e+07 2.91062e+10 173.649 97.7671 193.169 0.120317 0.00243273 -87.3406 7.35749 4.30191 8.53576 2.12021 65.3905 137.338 53.0244 75.8863 0.0480356 0.000974355 46.4919 6.39288 3.74334 5.24417 0.991569 30.579 5.58552e+06 -1546.38 
1660 5.26015e+08 2.91326e+08 5.84165e+08 343463 6606.55 -2.7532e+08 2.26931e+07 1.34559e+07 2.6629e+07 6.48543e+06 2.07151e+08 1.36591e+11 3.51426e+10 1.29819e+11 44981.8 16.6579 3.1332e+10 2.71254e+08 9.5478e+07 3.09343e+08 1.67358e+07 1.70728e+10 181.146 100.325 201.171 0.11828 0.00227512 -94.8129 7.81488 4.63387 9.17033 2.23341 71.3374 119.267 45.1338 65.0866 0.0387359 0.000748584 42.4312 5.68684 3.37747 4.73651 0.88048 28.1142 2.90382e+06 -803.938 
1680 2.57436e+08 1.40104e+08 2.86264e+08 158080 2895.66 -1.39958e+08 1.12794e+07 6.77993e+06 1.33614e+07 3.20257e+06 1.05862e+08 6.23857e+10 1.61147e+10 6.29103e+10 19269.5 6.47134 1.6079e+10 1.26501e+08 4.5751e+07 1.53039e+08 8.17768e+06 8.93419e+09 181.572 98.8171 201.905 0.111496 0.00204234 -98.7138 7.95545 4.78195 9.42396 2.25881 74.6656 105.038 40.0132 60.0461 0.0340541 0.000627029 39.9535 5.09247 3.0662 4.37364 0.815837 26.9524 1.41782e+06 -392.529 
1700 1.09346e+08 5.94853e+07 1.25183e+08 64772.5 1131.65 -6.24811e+07 4.81972e+06 2.93478e+06 5.85319e+06 1.39569e+06 4.7692e+07 2.40855e+10 6.3659e+09 2.65483e+10 7170.85 2.1913 7.0095e+09 4.90949e+07 1.82203e+07 6.40086e+07 3.41558e+06 3.987e+09 170.535 92.7724 195.233 0.101018 0.00176491 -97.4446 7.51676 4.57705 9.12854 2.1767 74.3797 92.0942 36.3516 57.3438 0.031287 0.000550095 37.9006 4.4795 2.73254 4.06161 0.767388 26.1862 641196 -177.518 
1720 3.79596e+07 2.05822e+07 4.53159e+07 21707.2 361.917 -2.29418e+07 1.68523e+06 1.03922e+06 2.08568e+06 501325 1.77035e+07 7.6515e+09 1.99984e+09 9.02272e+09 2103.91 0.585653 2.47136e+09 1.58409e+07 6.031e+06 2.14422e+07 1.15088e+06 1.43464e+09 150.965 81.8555 180.221 0.0863296 0.00143934 -91.2393 6.70215 4.13296 8.29475 1.99377 70.4069 87.4043 35.3981 58.3407 0.0302397 0.000507381 38.7814 4.25211 2.62754 4.05867 0.775837 27.3578 251446 -69.6141 
1740 1.18919e+07 6.15424e+06 1.34493e+07 6067.7 96.9976 -7.16941e+06 537484 335433 652730 151618 5.5147e+06 2.35237e+09 5.9212e+08 2.74985e+09 560.615 0.143256 8.07091e+08 4.96371e+06 1.93549e+06 6.82529e+06 356406 4.71794e+08 174.906 90.5169 197.813 0.0892439 0.00142664 -105.448 7.90534 4.93357 9.60038 2.23 81.1105 63.2971 22.7072 36.2616 0.0167653 0.000267767 27.4123 3.24222 2.03155 2.86694 0.518796 18.9806 67990 -18.8234 
