260 0 0 0 0 0 0 0 0 0 0 0 0 0 0 0 0 0 0 0 0 0 0 0 0 0.0 0.0 0.0 0.0 0.0 0.0 0.0 0.0 0.0 0.0 0.0 0.0 0.0 0.0 0.0 0.0 0.0 0.0 0.0 0.0 0.0 0.0 0.0 0.0 0 -0 
280 0 0 0 0 0 0 0 0 0 0 0 0 0 0 0 0 0 0 0 0 0 0 0 0 0.0 0.0 0.0 0.0 0.0 0.0 0.0 0.0 0.0 0.0 0.0 0.0 0.0 0.0 0.0 0.0 0.0 0.0 0.0 0.0 0.0 0.0 0.0 0.0 0 -0 
300 3658.49 1.52468e+12 -3590.9 960.99 1.79688e+06 -3880.68 -0.0640897 1.27754 3.63978 473.112 3.73435e+06 1293.42 2.88758 9.83486e+17 15.0123 0.109511 734583 27.2571 3.81228e-07 1.08778e-06 8.65337e-05 2.42847 1.03726e+07 7.16761 3.15904e-06 1316.53 -3.10068e-06 8.29798e-07 0.00155157 -3.3509e-06 -5.53404e-11 1.10314e-09 3.14289e-09 4.08524e-07 0.00322454 1.11685e-06 4.98336e-05 29111.7 0.000113812 9.68875e-06 0.0251375 0.000153378 1.81433e-08 3.06278e-08 2.73332e-07 4.57905e-05 0.0945842 7.86629e-05 1.1581e+09 -5028.12 
320 16009.2 1.68726e+13 -37818.2 3742.03 7.93126e+06 -47481 -8.99075 9.29369 121.734 19092.7 3.88907e+07 68432.4 65.4018 1.34035e+20 1398.43 2.72617 1.73367e+07 2989.22 0.00164581 5.55322e-05 0.0515663 1734.7 1.16121e+09 10286.8 0.000803461 846791 -0.001898 0.000187803 0.39805 -0.00238295 -4.51223e-07 4.66427e-07 6.10952e-06 0.000958217 1.95183 0.00343445 0.00162382 2.45149e+06 0.00815974 0.000318668 0.843587 0.0120143 9.07721e-06 1.60296e-06 5.0504e-05 0.00928128 7.38027 0.0224605 1.99253e+07 -86.5094 
340 36682.7 5.76074e+13 -125937 9290.88 1.85952e+07 -174561 -140.318 22.8564 815.938 144517 1.43548e+08 584037 452.103 1.77647e+21 18209.4 25.4054 1.29266e+08 43673.4 0.160887 0.000437033 1.70129 66685.6 1.45655e+10 503502 0.00322338 5.06207e+06 -0.0110663 0.000816408 1.634 -0.015339 -1.233e-05 2.00844e-06 7.16981e-05 0.012699 12.6139 0.0513205 0.00541637 1.14227e+07 0.03844 0.00125136 2.94769 0.0600198 0.00011826 5.86252e-06 0.000379941 0.0754886 33.4783 0.203985 1.13802e+07 -49.4093 
360 74762.3 1.33382e+14 -319343 21632.2 3.91516e+07 -472039 -914.136 45.7292 3044.6 586806 3.43973e+08 2.45611e+06 2141.24 9.96351e+21 126717 172.814 6.65967e+08 324417 4.14341 0.00203628 19.7972 861258 7.66613e+10 6.971e+06 0.00888984 1.58602e+07 -0.0379724 0.00257224 4.65544 -0.0561292 -0.000108698 5.43756e-06 0.000362027 0.0697759 40.9012 0.292051 0.0132507 3.05482e+07 0.116729 0.00373263 7.58391 0.188216 0.000693448 1.45795e-05 0.00149097 0.312317 86.2713 0.86233 8.40987e+06 -36.513 
380 141221 2.52685e+14 -707471 47744.7 7.6399e+07 -1.0838e+06 -3746.83 84.4169 8460.01 1.71576e+06 6.53027e+08 7.12577e+06 8153.3 3.57741e+22 623729 960.548 2.71603e+09 1.62217e+06 46.6661 0.00744287 130.244 5.91236e+06 2.55862e+11 4.84172e+07 0.0205215 3.67189e+07 -0.102806 0.00693801 11.1019 -0.157493 -0.000544469 1.2267e-05 0.00122936 0.249324 94.8945 1.03548 0.0276344 6.20502e+07 0.282963 0.00956273 16.475 0.459261 0.00254653 3.05136e-05 0.00417313 0.892743 167.856 2.44203 6.88162e+06 -29.8779 
400 250106 4.20293e+14 -1.42481e+06 99939.6 1.39001e+08 -2.20742e+06 -11550.3 148.337 19651.5 4.06901e+06 1.07082e+09 1.63921e+07 26496.7 9.73273e+22 2.46531e+06 4570.43 9.24678e+09 6.2525e+06 333.822 0.0237433 621.056 2.79367e+07 6.46559e+11 2.21025e+08 0.0421328 7.08025e+07 -0.240022 0.0168358 23.416 -0.371861 -0.00194576 2.49888e-05 0.00331049 0.685465 180.39 2.76141 0.0518503 1.0669e+08 0.598076 0.0220565 31.7711 0.956564 0.00724221 5.80978e-05 0.009678 2.05824 276.367 5.44137 5.93613e+06 -25.7729 
420 419369 6.37705e+14 -2.65839e+06 199253 2.37555e+08 -4.08323e+06 -29255.2 250.986 40361.6 8.31528e+06 1.59018e+09 3.21308e+07 75812.9 2.18072e+23 8.16083e+06 19010.2 2.70908e+10 1.95838e+07 1693.67 0.0679367 2337.06 9.99664e+07 1.35249e+12 7.50685e+08 0.0792884 1.20568e+08 -0.502611 0.037672 44.9136 -0.772 -0.00553116 4.74529e-05 0.007631 1.57214 300.649 6.07484 0.089705 1.63381e+08 1.13592 0.0466369 55.7199 1.76257 0.0170182 0.000102921 0.0195864 4.05322 406.596 10.2482 5.28916e+06 -22.9639 
440 671230 9.04686e+14 -4.66635e+06 380716 3.84662e+08 -6.99158e+06 -64415.9 412.667 75974.4 1.52326e+07 2.20315e+09 5.61349e+07 195281 4.24362e+23 2.3502e+07 70870.3 7.01856e+10 5.20689e+07 6709.98 0.178963 7412.87 2.91048e+08 2.47594e+12 2.06043e+09 0.138842 1.87132e+08 -0.965221 0.0787499 79.5662 -1.44619 -0.0133242 8.53589e-05 0.0157151 3.15082 455.716 11.6113 0.145314 2.29695e+08 1.98234 0.0919661 90.4815 2.94599 0.0347909 0.000172429 0.0358659 7.09046 551.782 17.0696 4.83449e+06 -20.9899 
460 1.02595e+06 1.21299e+15 -7.73256e+06 696257 5.91116e+08 -1.11626e+07 -126968 658.029 133080 2.55005e+07 2.88655e+09 8.9445e+07 455917 7.37925e+23 6.02415e+07 238198 1.62814e+11 1.21211e+08 22169.8 0.438147 20618.1 7.23767e+08 4.08441e+12 4.79943e+09 0.227986 2.69548e+08 -1.71832 0.154721 131.357 -2.48053 -0.0282146 0.000146226 0.0295729 5.66669 641.446 19.8763 0.222116 3.022e+08 3.2302 0.170274 137.57 4.55876 0.0642689 0.000275649 0.0608865 11.3456 704.4 25.9124 4.50007e+06 -19.5379 
480 1.51141e+06 1.56283e+15 -1.22671e+07 1.23226e+06 8.72149e+08 -1.68873e+07 -230950 1028.4 221617 3.99338e+07 3.63986e+09 1.33454e+08 980522 1.18214e+24 1.41234e+08 740635 3.46083e+11 2.53982e+08 64086.9 1.01986 52219.8 1.59533e+09 6.24996e+12 9.92337e+09 0.354847 3.66918e+08 -2.88004 0.289308 204.762 -3.96477 -0.0542221 0.000241446 0.0520309 9.37558 854.56 31.332 0.322937 3.78037e+08 4.98637 0.300309 198.306 6.62646 0.110028 0.000425611 0.0977388 16.9307 858.535 36.7164 4.25934e+06 -18.4927 
500 2.14538e+06 1.94448e+15 -1.8647e+07 2.10695e+06 1.23658e+09 -2.43073e+07 -392317 1571.56 352754 5.90025e+07 4.43918e+09 1.88414e+08 1.95109e+06 1.76951e+24 3.04115e+08 2.13309e+06 6.78735e+11 4.84103e+08 164023 2.25305 121307 3.16281e+09 8.98204e+12 1.85869e+10 0.526229 4.76951e+08 -4.5738 0.516801 303.314 -5.9622 -0.0962291 0.000385478 0.0865249 14.4724 1088.86 46.2151 0.44906 4.54477e+08 7.32632 0.506092 272.916 9.12113 0.175989 0.000635644 0.149225 23.7978 1008.73 49.2264 4.0769e+06 -17.7007 
520 2.94601e+06 2.35175e+15 -2.72707e+07 3.49357e+06 1.69293e+09 -3.34958e+07 -629208 2353.88 540448 8.29815e+07 5.27217e+09 2.54324e+08 3.62118e+06 2.50306e+24 6.05772e+08 5.72873e+06 1.23837e+12 8.47742e+08 378763 4.74385 261517 5.72001e+09 1.22583e+13 3.19922e+10 0.748275 5.97336e+08 -6.92666 0.887354 429.998 -8.50781 -0.159817 0.000597878 0.137272 21.077 1339.11 64.5975 0.599876 5.28164e+08 10.2901 0.817116 360.061 11.9558 0.265825 0.000920577 0.21813 31.7588 1149.06 62.8735 3.93706e+06 -17.0935 
540 3.91401e+06 2.76776e+15 -3.84614e+07 5.62574e+06 2.24088e+09 -4.43468e+07 -961542 3462.18 801383 1.1174e+08 6.10821e+09 3.29593e+08 6.29995e+06 3.36505e+24 1.13545e+09 1.45462e+07 2.12073e+12 1.38507e+09 810982 9.70745 535596 9.61835e+09 1.60045e+13 5.12557e+10 1.0226 7.23125e+08 -10.0487 1.46982 585.469 -11.5864 -0.25122 0.000904555 0.209375 29.1941 1595.88 86.1119 0.774762 5.96882e+08 13.9885 1.28065 459.677 15.0874 0.38571 0.00131073 0.309993 40.7513 1278.53 77.3057 3.8275e+06 -16.6178 
560 5.08319e+06 3.20562e+15 -5.28177e+07 8.8767e+06 2.89729e+09 -5.7102e+07 -1.41956e+06 5044.62 1.16334e+06 1.46013e+08 6.98059e+09 4.15289e+08 1.04202e+07 4.36888e+24 2.01457e+09 3.52097e+07 3.45286e+12 2.1396e+09 1.62564e+06 19.3316 1.04846e+06 1.52544e+10 2.02841e+13 7.76852e+10 1.35192 8.52565e+08 -14.0474 2.36084 770.562 -15.1868 -0.377545 0.00134166 0.309401 38.8335 1856.55 110.45 0.971426 6.59603e+08 18.3974 1.94699 569.696 18.3959 0.538343 0.00182794 0.427925 50.4876 1395.69 91.9886 3.75998e+06 -16.3246 
580 6.43318e+06 3.64262e+15 -7.02351e+07 1.36832e+07 3.64898e+09 -7.12654e+07 -2.02018e+06 7244.17 1.64716e+06 1.84621e+08 7.84454e+09 5.08071e+08 1.63609e+07 5.46802e+24 3.36381e+09 8.12483e+07 5.33872e+12 3.11399e+09 3.04689e+06 37.3341 1.95682e+06 2.27468e+10 2.4889e+13 1.11491e+11 1.73299 9.81262e+08 -18.9202 3.68603 982.977 -19.1977 -0.544204 0.00195146 0.443717 49.734 2113.19 136.866 1.18494 7.14228e+08 23.4133 2.881 686.965 21.6865 0.724309 0.0024998 0.574674 60.4495 1496.36 106.309 3.71218e+06 -16.1171 
600 7.94697e+06 4.06953e+15 -9.06073e+07 2.06335e+07 4.48574e+09 -8.65811e+07 -2.78861e+06 10275.7 2.28437e+06 2.27057e+08 8.68235e+09 6.05831e+08 2.45259e+07 6.64294e+24 5.34589e+09 1.79828e+08 7.89264e+12 4.33249e+09 5.43741e+06 70.7494 3.53475e+06 3.24117e+10 2.97364e+13 1.53093e+11 2.15999 1.1061e+09 -24.6271 5.6082 1219.22 -23.5328 -0.757944 0.00279295 0.620893 61.7142 2359.86 164.665 1.41442 7.62953e+08 29.095 4.17436 811.61 24.9756 0.950478 0.0033807 0.758444 70.7168 1585.37 120.4 3.67917e+06 -15.9738 
620 9.65139e+06 4.50272e+15 -1.13935e+08 3.06331e+07 5.42038e+09 -1.03176e+08 -3.75997e+06 14481.3 3.12302e+06 2.73628e+08 9.5279e+09 7.09926e+08 3.54168e+07 7.89888e+24 8.08426e+09 3.84568e+08 1.12471e+13 5.79131e+09 9.2631e+06 131.757 6.19205e+06 4.4305e+10 3.48403e+13 2.02977e+11 2.63117 1.22754e+09 -31.0609 8.35122 1477.71 -28.1279 -1.02504 0.00394791 0.851398 74.5967 2597.5 193.54 1.65297 8.04087e+08 35.2016 5.92437 939.459 28.0651 1.21433 0.00450928 0.981428 80.7081 1658.66 133.708 3.6681e+06 -15.9258 
640 1.1504e+07 4.92272e+15 -1.39039e+08 4.47386e+07 6.42941e+09 -1.2045e+08 -4.95065e+06 20238.2 4.20396e+06 3.22788e+08 1.03424e+10 8.16667e+08 4.92866e+07 9.18403e+24 1.16241e+10 7.96898e+08 1.54643e+13 7.46372e+09 1.51572e+07 241.975 1.05689e+07 5.83437e+10 3.99838e+13 2.60185e+11 3.13413 1.34114e+09 -37.8796 12.1885 1751.62 -32.8153 -1.34875 0.00551366 1.14532 87.94 2817.66 222.492 1.89863 8.38706e+08 41.6171 8.27924 1070.01 30.9283 1.51996 0.00596012 1.25204 90.3418 1718.7 146.225 3.67055e+06 -15.9364 
660 1.34944e+07 5.33046e+15 -1.64428e+08 6.42884e+07 7.50341e+09 -1.38227e+08 -6.38314e+06 28053.8 5.58034e+06 3.7403e+08 1.11266e+10 9.24823e+08 6.64329e+07 1.04853e+25 1.58346e+10 1.59775e+09 2.05937e+13 9.31418e+09 2.38513e+07 437.021 1.75627e+07 7.43255e+10 4.51038e+13 3.23865e+11 3.66173 1.44643e+09 -44.6177 17.4448 2036.06 -37.5081 -1.73207 0.00761244 1.51423 101.494 3019.23 250.952 2.14906 8.6779e+08 48.0207 11.3681 1201.08 33.4747 1.86333 0.00778697 1.5725 99.3346 1767.28 157.811 3.68526e+06 -16.0002 
680 1.56199e+07 5.72861e+15 -1.88248e+08 9.1181e+07 8.6397e+09 -1.56542e+08 -8.09564e+06 38704.1 7.3334e+06 4.27424e+08 1.18862e+10 1.03391e+09 8.71892e+07 1.18017e+25 2.05062e+10 3.12451e+09 2.67104e+13 1.13575e+10 3.65097e+07 784.235 2.87277e+07 9.24464e+10 5.0197e+13 3.93614e+11 4.21175 1.54466e+09 -50.7592 24.586 2329.61 -42.2101 -2.18291 0.0104362 1.97738 115.251 3205 278.784 2.40226 8.92318e+08 54.3397 15.4279 1332.34 35.7874 2.25375 0.0101266 1.9586 107.91 1806.4 168.563 3.70865e+06 -16.1018 
700 1.78799e+07 6.11903e+15 -2.07081e+08 1.27775e+08 9.83494e+09 -1.75202e+08 -1.01007e+07 53099 9.5359e+06 4.82086e+08 1.26255e+10 1.14318e+09 1.11668e+08 1.30986e+25 2.48906e+10 5.95338e+09 3.37972e+13 1.35116e+10 5.40961e+07 1387.69 4.59472e+07 1.11941e+11 5.51221e+13 4.6745e+11 4.76678 1.63134e+09 -55.2079 34.0647 2622 -46.709 -2.69285 0.0141562 2.54227 128.524 3365.96 304.772 2.65492 9.11498e+08 59.8994 20.6583 1461.32 37.6889 2.6778 0.0130215 2.40549 115.434 1834.64 178.147 3.75094e+06 -16.2854 
720 2.02365e+07 6.48972e+15 -2.16398e+08 1.76782e+08 1.1065e+10 -1.939e+08 -1.24114e+07 72420.2 1.22749e+07 5.37113e+08 1.33187e+10 1.24951e+09 1.39913e+08 1.43488e+25 2.81561e+10 1.10803e+10 4.18152e+13 1.57582e+10 7.80555e+07 2435.29 7.22902e+07 1.32651e+11 5.97624e+13 5.43468e+11 5.32509 1.70772e+09 -56.9437 46.5188 2911.68 -51.0234 -3.26597 0.0190569 3.23005 141.338 3504.71 328.8 2.90872 9.27072e+08 64.5484 27.4171 1589.18 39.2847 3.14216 0.0166633 2.93077 122.188 1855.54 186.816 3.80022e+06 -16.4994 
740 2.27206e+07 6.85318e+15 -2.11369e+08 2.41931e+08 1.2341e+10 -2.13128e+08 -1.50729e+07 98397.6 1.56848e+07 5.93608e+08 1.39903e+10 1.3541e+09 1.72378e+08 1.55791e+25 2.945e+10 2.01697e+10 5.08137e+13 1.8153e+10 1.10326e+08 4243.03 1.12278e+08 1.54967e+11 6.42191e+13 6.21288e+11 5.8831 1.77451e+09 -54.7304 62.6437 3195.48 -55.1857 -3.90286 0.0254783 4.06131 153.704 3622.53 350.622 3.16598 9.4077e+08 68.0452 36.0328 1716.46 40.6808 3.65168 0.0212017 3.54657 128.456 1872.34 194.772 3.86201e+06 -16.7677 
760 2.53327e+07 7.20577e+15 -1.84459e+08 3.27602e+08 1.36586e+10 -2.32726e+08 -1.8086e+07 133054 1.98802e+07 6.50775e+08 1.46335e+10 1.45555e+09 2.09168e+08 1.67519e+25 2.79633e+10 3.59259e+10 6.07316e+13 2.06382e+10 1.52364e+08 7324.34 1.71675e+08 1.78181e+11 6.83477e+13 6.98337e+11 6.42949 1.82884e+09 -46.8159 83.146 3466.57 -59.0662 -4.59025 0.0337694 5.04563 165.168 3714.01 369.422 3.42766 9.52369e+08 70.0386 46.9553 1843.02 41.8234 4.19523 0.0268059 4.25594 133.949 1884.91 201.907 3.94008e+06 -17.1066 
780 2.80892e+07 7.5487e+15 -1.27124e+08 4.391e+08 1.5019e+10 -2.52998e+08 -2.14848e+07 179080 2.50211e+07 7.09253e+08 1.52492e+10 1.5533e+09 2.50883e+08 1.78748e+25 2.41073e+10 6.27175e+10 7.16209e+13 2.32646e+10 2.06606e+08 12531 2.59151e+08 2.02618e+11 7.21707e+13 7.73681e+11 6.97772 1.87519e+09 -31.5792 109.078 3730.93 -62.8481 -5.3371 0.0444857 6.21557 176.188 3788.11 385.859 3.69242 9.6124e+08 70.6493 60.678 1967.68 42.7708 4.77901 0.0336733 5.07376 138.892 1891.66 208.099 4.02555e+06 -17.4777 
800 3.09934e+07 7.87837e+15 -2.91331e+07 5.82354e+08 1.64169e+10 -2.73993e+08 -2.526e+07 239824 3.12591e+07 7.68781e+08 1.583e+10 1.64574e+09 2.97767e+08 1.89214e+25 2.09262e+10 1.07241e+11 8.34093e+13 2.60471e+10 2.75035e+08 21266.7 3.86279e+08 2.28143e+11 7.55814e+13 8.4478e+11 7.51808 1.91106e+09 -7.06682 141.262 3982.25 -66.4627 -6.12733 0.0581743 7.58253 186.484 3839.88 399.209 3.96333 9.68304e+08 70.8952 77.8362 2091.48 43.6001 5.40104 0.0421238 6.01707 143.404 1894.5 213.427 4.12251e+06 -17.8987 
820 3.41031e+07 8.2001e+15 1.2172e+08 7.65304e+08 1.78731e+10 -2.96031e+08 -2.94642e+07 319718 3.88166e+07 8.30663e+08 1.6385e+10 1.73354e+09 3.51296e+08 1.9916e+25 2.6079e+10 1.80004e+11 9.63195e+13 2.90467e+10 3.60664e+08 35768.4 5.69116e+08 2.55382e+11 7.86717e+13 9.11737e+11 8.05906 1.93781e+09 28.7642 180.853 4223.67 -69.9564 -6.96282 0.075554 9.17293 196.298 3872.02 409.662 4.25065 9.75374e+08 73.0443 99.1463 2218.63 44.3878 6.06212 0.052385 7.09562 147.708 1897.04 218.253 4.23164e+06 -18.3725 
840 3.7401e+07 8.50445e+15 3.37928e+08 9.94371e+08 1.93682e+10 -3.19201e+08 -3.40532e+07 423483 4.78348e+07 8.94581e+08 1.68946e+10 1.81381e+09 4.11872e+08 2.08238e+25 5.50697e+10 2.9569e+11 1.10243e+14 3.23102e+10 4.65488e+08 59504.5 8.27736e+08 2.84422e+11 8.12998e+13 9.71603e+11 8.60612 1.95691e+09 77.7586 228.809 4456.71 -73.4493 -7.83577 0.0974451 11.007 205.847 3887.51 417.365 4.55061 9.80896e+08 81.3962 125.243 2346.31 45.1652 6.76102 0.0647818 8.32537 151.901 1895.97 222.207 4.34586e+06 -18.8684 
860 4.1057e+07 8.81891e+15 6.3648e+08 1.28238e+09 2.09802e+10 -3.44691e+08 -3.91525e+07 559103 5.87064e+07 9.64203e+08 1.74123e+10 1.89197e+09 4.82513e+08 2.17085e+25 1.3549e+11 4.77499e+11 1.25734e+14 3.59845e+10 5.94029e+08 98232.4 1.19289e+09 3.16733e+11 8.37079e+13 1.02655e+12 9.15947 1.96742e+09 141.993 286.088 4680.5 -76.8977 -8.73458 0.124731 13.0969 215.106 3884.53 422.082 4.87326 9.86015e+08 100.322 157.097 2478.54 45.9845 7.49866 0.0797306 9.72603 156.173 1893.39 225.524 4.48246e+06 -19.4615 
880 4.49613e+07 9.10788e+15 1.03207e+09 1.6348e+09 2.26408e+10 -3.71275e+08 -4.46234e+07 732346 7.14594e+07 1.03671e+09 1.78659e+10 1.95996e+09 5.63455e+08 2.24824e+25 3.12053e+11 7.55308e+11 1.42558e+14 3.99766e+10 7.47197e+08 160117 1.69626e+09 3.51779e+11 8.55497e+13 1.07172e+12 9.72877 1.97077e+09 223.321 353.741 4899.05 -80.3369 -9.65567 0.158466 15.4625 224.325 3865.84 424.098 5.22226 9.9037e+08 132.854 195.709 2616.54 46.8631 8.27329 0.097647 11.3115 160.613 1888.55 228.123 4.62148e+06 -20.065 
900 4.93017e+07 9.40175e+15 1.54339e+09 2.06587e+09 2.44333e+10 -4.00388e+08 -5.05751e+07 954428 8.65262e+07 1.11648e+09 1.83143e+10 2.02367e+09 6.58408e+08 2.32113e+25 6.52181e+11 1.17201e+12 1.61305e+14 4.44728e+10 9.28787e+08 258051 2.38486e+09 3.9146e+11 8.70745e+13 1.10942e+12 10.3054 1.96523e+09 322.611 431.824 5107.24 -83.6923 -10.5716 0.199502 18.0864 233.375 3828.2 423.003 5.60571 9.94831e+08 179.572 241.889 2762.86 47.8712 9.07654 0.118906 13.0914 165.414 1883.05 230.146 4.78405e+06 -20.7709 
920 5.41081e+07 9.69364e+15 2.18829e+09 2.58593e+09 2.63611e+10 -4.31831e+08 -5.70125e+07 1.23611e+06 1.0417e+08 1.20447e+09 1.87416e+10 2.08148e+09 7.70336e+08 2.3892e+25 1.25361e+12 1.7846e+12 1.82329e+14 4.95308e+10 1.14376e+09 411227 3.31896e+09 4.37299e+11 8.82542e+13 1.13917e+12 10.9116 1.95485e+09 441.299 521.487 5316.08 -87.0846 -11.4973 0.249278 21.0072 242.898 3779.5 419.758 6.0237 9.98345e+08 240.963 296.548 2916.93 49.0391 9.92298 0.144187 15.1 170.844 1874.32 231.368 4.95876e+06 -21.5294 
940 5.94447e+07 9.98473e+15 2.98543e+09 3.20705e+09 2.84444e+10 -4.65537e+08 -6.39279e+07 1.59137e+06 1.24698e+08 1.30216e+09 1.9148e+10 2.13304e+09 9.02656e+08 2.45187e+25 2.24944e+12 2.66676e+12 2.06006e+14 5.51276e+10 1.39394e+09 647397 4.56726e+09 4.90435e+11 8.90595e+13 1.16038e+12 11.5171 1.93448e+09 578.41 621.347 5510.93 -90.195 -12.3857 0.308319 24.1594 252.285 3709.82 413.263 6.49934 1.00406e+09 318.21 361.383 3089.02 50.453 10.8011 0.174267 17.3552 177.119 1868.7 232.443 5.16144e+06 -22.4094 
960 6.53128e+07 1.02664e+16 3.94695e+09 3.93607e+09 3.06736e+10 -5.00832e+08 -7.12513e+07 2.03352e+06 1.4828e+08 1.41012e+09 1.95151e+10 2.17641e+09 1.05816e+09 2.50734e+25 3.80555e+12 3.9045e+12 2.3252e+14 6.12356e+10 1.68054e+09 1.00557e+06 6.21015e+09 5.52353e+11 8.94187e+13 1.172e+12 12.1448 1.90902e+09 733.926 731.903 5703.7 -93.1287 -13.249 0.378129 27.5723 262.208 3628.8 404.699 7.01904 1.00895e+09 411.08 436.293 3271.76 52.093 11.7028 0.209767 19.8628 184.271 1859.85 232.701 5.37785e+06 -23.349 
980 7.18593e+07 1.05543e+16 5.09483e+09 4.78826e+09 3.31107e+10 -5.37761e+08 -7.90719e+07 2.58201e+06 1.75368e+08 1.5318e+09 1.98709e+10 2.21474e+09 1.24263e+09 2.55906e+25 6.14305e+12 5.61246e+12 2.6268e+14 6.77602e+10 2.00923e+09 1.54108e+06 8.35131e+09 6.25521e+11 8.9453e+13 1.17591e+12 12.7876 1.87818e+09 906.643 852.088 5892.16 -95.6964 -14.0711 0.459478 31.2074 272.589 3536.1 394.121 7.58999 1.01311e+09 520.745 522.209 3468.05 53.8549 12.6315 0.25124 22.6328 192.377 1847.83 232.219 5.61944e+06 -24.3979 
1000 7.90201e+07 1.0836e+16 6.43303e+09 5.76424e+09 3.572e+10 -5.75237e+08 -8.72881e+07 3.25394e+06 2.06083e+08 1.66781e+09 2.01895e+10 2.24504e+09 1.45858e+09 2.60463e+25 9.50052e+12 7.90725e+12 2.96544e+14 7.45965e+10 2.38062e+09 2.32927e+06 1.11039e+10 7.12326e+11 8.90673e+13 1.17096e+12 13.4197 1.84024e+09 1092.5 978.917 6066.19 -97.6903 -14.8238 0.552604 34.9982 283.237 3428.7 381.267 8.22302 1.01827e+09 647.988 620.144 3682.7 55.902 13.5848 0.300333 25.707 201.863 1835.75 231.291 5.88838e+06 -25.5655 
1020 8.68989e+07 1.11228e+16 7.97567e+09 6.87366e+09 3.85453e+10 -6.12258e+08 -9.58771e+07 4.07195e+06 2.40725e+08 1.82071e+09 2.04909e+10 2.26971e+09 1.70998e+09 2.64464e+25 1.41492e+13 1.09174e+13 3.34468e+14 8.13882e+10 2.79082e+09 3.46807e+06 1.45746e+10 8.14487e+11 8.82981e+13 1.1578e+12 14.0365 1.79662e+09 1288.28 1110.28 6226.1 -98.896 -15.4867 0.657728 38.8834 294.093 3309.83 366.618 8.89855 1.02174e+09 791.077 728.509 3906.56 58.0167 14.5243 0.357183 29.0219 212.299 1818.66 229.36 6.19093e+06 -26.8791 
1040 9.55005e+07 1.14152e+16 9.72759e+09 8.11943e+09 4.15879e+10 -6.47083e+08 -1.04914e+08 5.05964e+06 2.79642e+08 1.99323e+09 2.07736e+10 2.28871e+09 2.00203e+09 2.68173e+25 2.03996e+13 1.4795e+13 3.77099e+14 8.78472e+10 3.25024e+09 5.09151e+06 1.89346e+10 9.36887e+11 8.72227e+13 1.13826e+12 14.5801 1.74277e+09 1485.12 1239.6 6349.25 -98.7906 -16.0173 0.772458 42.6931 304.308 3171.51 349.419 9.64734 1.02809e+09 953.331 849.793 4154.39 60.4326 15.4811 0.425009 32.6811 224.571 1804.96 227.345 6.55005e+06 -28.4383 
1060 1.04801e+08 1.17153e+16 1.16875e+10 9.49818e+09 4.48388e+10 -6.77672e+08 -1.14257e+08 6.24253e+06 3.229e+08 2.18683e+09 2.10409e+10 2.30223e+09 2.33474e+09 2.71327e+25 2.851e+13 1.96463e+13 4.2406e+14 9.34124e+10 3.74951e+09 7.35872e+06 2.42894e+10 1.08128e+12 8.57802e+13 1.11167e+12 15.035 1.68071e+09 1676.72 1362.63 6432.69 -97.2208 -16.3916 0.895571 46.3242 313.729 3018.58 330.285 10.4353 1.03331e+09 1130.81 980.681 4411.04 62.8437 16.4082 0.503642 36.5882 238.114 1787.3 224.489 6.97045e+06 -30.2635 
1080 1.14719e+08 1.20184e+16 1.38413e+10 1.10001e+10 4.8268e+10 -7.00537e+08 -1.23891e+08 7.64282e+06 3.70645e+08 2.40346e+09 2.12812e+10 2.30968e+09 2.70859e+09 2.74024e+25 3.87119e+13 2.55705e+13 4.7527e+14 9.7583e+10 4.28852e+09 1.04766e+07 3.08006e+10 1.25233e+12 8.40073e+13 1.07908e+12 15.357 1.60887e+09 1852.89 1472.55 6461.49 -93.7789 -16.5849 1.02312 49.6172 321.744 2848.85 309.191 11.2584 1.03914e+09 1322.52 1120.12 4676.76 65.3352 17.2926 0.596399 40.7593 253.231 1769.14 221.032 7.47009e+06 -32.4328 
1100 1.25183e+08 1.23247e+16 1.61752e+10 1.2614e+10 5.18523e+10 -7.11688e+08 -1.33759e+08 9.28256e+06 4.22857e+08 2.64443e+09 2.14949e+10 2.31134e+09 3.1222e+09 2.76201e+25 5.11853e+13 3.26285e+13 5.30334e+14 9.95682e+10 4.86317e+09 1.46761e+07 3.85826e+10 1.45317e+12 8.19138e+13 1.04127e+12 15.5365 1.52962e+09 2007.5 1565.52 6435.37 -88.3275 -16.6008 1.15206 52.4807 328.2 2667.73 286.86 12.0877 1.04317e+09 1523.98 1264.39 4940.21 67.4955 18.1103 0.703002 45.1027 269.513 1746.29 216.663 8.05738e+06 -34.9827 
1120 1.36067e+08 1.26371e+16 1.86621e+10 1.43187e+10 5.55491e+10 -7.07489e+08 -1.43764e+08 1.11881e+07 4.79536e+08 2.91191e+09 2.1687e+10 2.30771e+09 3.56874e+09 2.77824e+25 6.59329e+13 4.0783e+13 5.88128e+14 9.88972e+10 5.4655e+09 2.02348e+07 4.7746e+10 1.68797e+12 7.95159e+13 9.98721e+11 15.5691 1.44596e+09 2135.35 1638.37 6356.02 -80.9521 -16.4498 1.28016 54.8694 333.186 2481.47 264.052 12.882 1.04312e+09 1727.55 1407.91 5186.1 69.0127 18.8355 0.822485 49.523 286.58 1714.84 211.073 8.7396e+06 -37.9446 
1140 1.47124e+08 1.29474e+16 2.12572e+10 1.60803e+10 5.9272e+10 -6.81436e+08 -1.5375e+08 1.33702e+07 5.40176e+08 3.20507e+09 2.1844e+10 2.29747e+09 4.03749e+09 2.78659e+25 8.2826e+13 4.9922e+13 6.47127e+14 9.49101e+10 6.08509e+09 2.7427e+07 5.83275e+10 1.95901e+12 7.6784e+13 9.51676e+11 15.3646 1.35214e+09 2219.95 1679.31 6189.94 -71.1643 -16.0565 1.39629 56.4122 334.714 2281.23 239.931 13.6226 1.04011e+09 1929.13 1547.06 5409.8 69.6231 19.4338 0.956373 53.9349 304.223 1677.73 204.497 9.57553e+06 -41.574 
1160 1.58209e+08 1.32628e+16 2.39236e+10 1.78706e+10 6.29779e+10 -6.29217e+08 -1.63642e+08 1.58524e+07 6.04747e+08 3.5267e+09 2.19796e+10 2.28243e+09 4.51436e+09 2.78773e+25 1.01505e+14 5.98078e+13 7.05448e+14 8.75781e+10 6.70657e+09 3.65652e+07 7.03355e+10 2.26965e+12 7.37887e+13 9.0128e+11 14.9674 1.25474e+09 2263.3 1690.66 5958.06 -59.5273 -15.4814 1.49973 57.2124 333.645 2079.39 215.93 14.2499 1.03101e+09 2116.7 1673.27 5589.34 68.8612 19.8697 1.10004 58.1452 321.562 1630.02 196.571 1.05702e+07 -45.8926 
1180 1.69128e+08 1.35859e+16 2.66164e+10 1.96568e+10 6.66054e+10 -5.42855e+08 -1.73375e+08 1.86477e+07 6.72859e+08 3.87757e+09 2.20997e+10 2.26303e+09 4.98429e+09 2.78117e+25 1.21517e+14 7.01633e+13 7.61228e+14 7.70644e+10 7.32297e+09 4.79252e+07 8.37352e+10 2.62232e+12 7.05604e+13 8.4848e+11 14.2838 1.1474e+09 2247.9 1660.12 5625.19 -45.8471 -14.6424 1.5749 56.8266 327.482 1866.44 191.125 14.7283 1.01603e+09 2282.48 1780.36 5713.77 66.3819 20.1013 1.25189 61.989 337.971 1573.41 187.43 1.18406e+07 -51.4081 
1200 1.79541e+08 1.39124e+16 2.92652e+10 2.13863e+10 7.00378e+10 -4.16727e+08 -1.82743e+08 2.17604e+07 7.43841e+08 4.25742e+09 2.21994e+10 2.23895e+09 5.42288e+09 2.76536e+25 1.42025e+14 8.04992e+13 8.11393e+14 6.44756e+10 7.91019e+09 6.17468e+07 9.83535e+10 3.01728e+12 6.71123e+13 7.93658e+11 13.3484 1.03436e+09 2175.8 1590.02 5207.15 -30.9827 -13.5865 1.61783 55.3029 316.53 1650.48 166.461 14.9999 9.93018e+08 2413.53 1859.24 5762.88 61.9168 20.0876 1.40476 65.2224 352.33 1505.18 176.911 1.34503e+07 -58.3971 
1220 1.88935e+08 1.42294e+16 3.17673e+10 2.2985e+10 7.30949e+10 -2.44652e+08 -1.91433e+08 2.51662e+07 8.16215e+08 4.66169e+09 2.22614e+10 2.2085e+09 5.79967e+09 2.7368e+25 1.61931e+14 9.01914e+13 8.52139e+14 5.18366e+10 8.44271e+09 7.812e+07 1.13841e+11 3.45033e+12 6.34235e+13 7.3691e+11 12.1998 9.18812e+08 2051.26 1484.17 4719.83 -15.7975 -12.3611 1.62501 52.7041 301.012 1437.45 142.606 15.0219 9.60716e+08 2499.69 1902.9 5722.49 55.656 19.8081 1.55037 67.6253 363.572 1424.46 165.066 1.54868e+07 -67.2387 
1240 1.97174e+08 1.45486e+16 3.4077e+10 2.44229e+10 7.57407e+10 -2.01351e+07 -1.99511e+08 2.8863e+07 8.89743e+08 5.09288e+09 2.23069e+10 2.17396e+09 6.09766e+09 2.69827e+25 1.80335e+14 9.87661e+13 8.81742e+14 4.21333e+10 8.91437e+09 9.71278e+07 1.29997e+11 3.92262e+12 5.96138e+13 6.80057e+11 10.8413 7.99935e+08 1873.68 1342.86 4164.5 -1.1071 -10.9698 1.58699 48.9213 280.025 1226.51 119.532 14.7559 9.18536e+08 2530.77 1904.53 5580.18 48.1188 19.2304 1.67985 68.9522 370.494 1331.71 152 1.81872e+07 -78.9633 
1260 2.03706e+08 1.48506e+16 3.60854e+10 2.56206e+10 7.77793e+10 2.57001e+08 -2.06572e+08 3.27948e+07 9.6256e+08 5.54386e+09 2.23092e+10 2.1336e+09 6.28322e+09 2.64581e+25 1.95803e+14 1.05456e+14 8.96104e+14 3.91273e+10 9.28597e+09 1.18586e+08 1.46177e+11 4.42312e+12 5.56609e+13 6.22862e+11 9.37627 6.83549e+08 1660.95 1179.27 3580.05 11.8293 -9.50818 1.50949 44.305 255.175 1026.86 98.2061 14.1877 8.66363e+08 2500.74 1860.98 5331.92 40.7557 18.3579 1.78319 69.0315 372.122 1227.82 137.931 2.17257e+07 -94.3265 
1280 2.08147e+08 1.51181e+16 3.7708e+10 2.65205e+10 7.90767e+10 5.87748e+08 -2.12396e+08 3.68665e+07 1.03266e+09 6.00577e+09 2.22449e+10 2.08624e+09 6.33673e+09 2.57847e+25 2.07214e+14 1.0971e+14 8.93135e+14 4.69986e+10 9.54129e+09 1.4204e+08 1.61781e+11 4.94118e+12 5.15995e+13 5.66085e+11 7.80868 5.67157e+08 1414.62 994.921 2966.57 22.0494 -7.96807 1.38305 38.7405 225.307 834.521 78.2655 13.2946 8.03524e+08 2402.6 1768.03 4970.46 35.7349 17.1596 1.84819 67.5902 366.886 1113.26 122.928 2.66559e+07 -115.732 
1300 2.10625e+08 1.5412e+16 3.89462e+10 2.71244e+10 7.97033e+10 9.76987e+08 -2.17179e+08 4.12027e+07 1.1015e+09 6.4936e+09 2.22192e+10 2.03898e+09 6.24924e+09 2.50049e+25 2.13753e+14 1.11169e+14 8.72194e+14 7.08211e+10 9.66791e+09 1.67333e+08 1.76392e+11 5.47173e+12 4.7584e+13 5.11232e+11 6.20975 4.54386e+08 1148.23 799.696 2349.85 28.804 -6.403 1.21476 32.4751 191.448 655.079 60.1142 12.0699 7.28519e+08 2232.38 1624.2 4493.63 35.4727 15.6217 1.8595 64.3882 353.084 986.797 107.045 3.39184e+07 -147.263 
1320 2.10395e+08 1.56894e+16 3.96388e+10 2.73315e+10 7.93846e+10 1.42215e+09 -2.20306e+08 4.56092e+07 1.16464e+09 6.98444e+09 2.21687e+10 1.98583e+09 6.0074e+09 2.40653e+25 2.1443e+14 1.09434e+14 8.31759e+14 1.14309e+11 9.6465e+09 1.93268e+08 1.89053e+11 5.99018e+12 4.35363e+13 4.57786e+11 4.60375 3.43307e+08 867.355 598.054 1737.05 31.1187 -4.82062 0.997996 25.484 152.83 485.083 43.4528 10.5003 6.39315e+08 1984.88 1427.2 3896.5 39.152 13.7055 1.79805 59.0536 328.202 846.955 90.1603 4.57008e+07 -198.419 
1340 2.07198e+08 1.59274e+16 3.97109e+10 2.7105e+10 7.80214e+10 1.90833e+09 -2.21514e+08 4.99064e+07 1.21915e+09 7.46124e+09 2.20597e+10 1.92479e+09 5.61927e+09 2.29646e+25 2.08977e+14 1.04515e+14 7.73132e+14 1.79363e+11 9.4641e+09 2.18634e+08 1.99001e+11 6.47447e+12 3.9491e+13 4.06293e+11 3.00135 2.30714e+08 575.228 392.627 1130.17 27.6429 -3.20872 0.722913 17.6599 108.079 319.544 27.8813 8.50819 5.28604e+08 1642.02 1166.1 3149.9 42.8255 11.2603 1.62616 50.7024 286.538 685.518 71.4699 6.9035e+07 -299.729 
1360 2.00989e+08 1.61552e+16 3.91227e+10 2.64339e+10 7.56066e+10 2.42536e+09 -2.20694e+08 5.40909e+07 1.26415e+09 7.92212e+09 2.19458e+10 1.8585e+09 5.10011e+09 2.17164e+25 1.97461e+14 9.66136e+13 6.98434e+14 2.65513e+11 9.11613e+09 2.42349e+08 2.05535e+11 6.90129e+12 3.55171e+13 3.57268e+11 1.77811 1.42921e+08 346.11 233.856 668.876 21.4567 -1.95243 0.478531 11.1837 70.0854 194.15 16.4418 6.4775 4.14359e+08 1275.58 894.445 2394.06 43.4574 8.76565 1.38384 41.1492 236.944 525.85 53.7619 1.13035e+08 -490.764 
1380 1.91865e+08 1.63629e+16 3.78545e+10 2.53378e+10 7.21631e+10 2.93229e+09 -2.17931e+08 5.80225e+07 1.29859e+09 8.35541e+09 2.18052e+10 1.78693e+09 4.48409e+09 2.03561e+25 1.80737e+14 8.63377e+13 6.12118e+14 3.6809e+11 8.61817e+09 2.63469e+08 2.08334e+11 7.25406e+12 3.16891e+13 3.11459e+11 0.900882 7.68303e+07 177.742 118.971 338.835 13.7683 -1.02327 0.272439 6.09739 39.232 102.384 8.39037 4.49922 2.99462e+08 903.902 625.489 1661.12 39.2271 6.27843 1.07836 30.6763 180.337 371.901 37.3099 2.12974e+08 -924.669 
1400 1.8002e+08 1.65482e+16 3.59304e+10 2.38373e+10 6.7762e+10 3.40992e+09 -2.12902e+08 6.1508e+07 1.31919e+09 8.73806e+09 2.16409e+10 1.70826e+09 3.8061e+09 1.88769e+25 1.59829e+14 7.43626e+13 5.18639e+14 4.8077e+11 7.97656e+09 2.80321e+08 2.06753e+11 7.5003e+12 2.80026e+13 2.68742e+11 0.425243 3.909e+07 84.8747 56.3084 160.067 8.05491 -0.502918 0.145294 3.11619 20.641 51.1201 4.03525 2.96815 2.07516e+08 608.559 415.317 1095.22 32.723 4.31153 0.800664 21.8788 131.496 252.06 24.8704 4.23335e+08 -1837.99 
1420 1.65429e+08 1.65392e+16 3.34533e+10 2.19596e+10 6.2355e+10 3.83453e+09 -2.05542e+08 6.43562e+07 1.3245e+09 9.04692e+09 2.12343e+10 1.62267e+09 3.10714e+09 1.72998e+25 1.36141e+14 6.15295e+13 4.23161e+14 5.92083e+11 7.21356e+09 2.91638e+08 2.00573e+11 7.61503e+12 2.44932e+13 2.29272e+11 0.312426 3.12356e+07 63.1792 41.4724 117.763 7.24181 -0.388183 0.121542 2.50142 17.0858 40.1027 3.06454 2.40218 1.78035e+08 503.112 338.354 886.175 32.6459 3.67052 0.732127 19.3013 118.7 211.304 20.5817 5.29498e+08 -2298.92 
1440 1.48602e+08 1.61967e+16 3.06324e+10 1.9797e+10 5.61013e+10 4.19048e+09 -1.96116e+08 6.62941e+07 1.31341e+09 9.25566e+09 2.04118e+10 1.52954e+09 2.43653e+09 1.56718e+25 1.11657e+14 4.88803e+13 3.32006e+14 6.90533e+11 6.37757e+09 2.96667e+08 1.90335e+11 7.59353e+12 2.12046e+13 1.93509e+11 0.336252 3.66492e+07 69.314 44.7959 126.944 9.48206 -0.443764 0.150008 2.97195 20.9434 46.187 3.461 2.32384 1.84712e+08 497.844 329.542 857.401 38.3745 3.7728 0.805472 20.539 129.398 214.121 20.637 4.41937e+08 -1918.76 
1460 1.29967e+08 1.55484e+16 2.74417e+10 1.73998e+10 4.91525e+10 4.4231e+09 -1.84187e+08 6.70263e+07 1.28161e+09 9.32232e+09 1.92222e+10 1.42543e+09 1.82466e+09 1.39778e+25 8.77363e+13 3.70868e+13 2.48999e+14 7.63071e+11 5.48338e+09 2.9385e+08 1.758e+11 7.40073e+12 1.81025e+13 1.60909e+11 0.436225 5.2187e+07 92.1057 58.401 164.976 14.8458 -0.618209 0.224968 4.30162 31.2896 64.5177 4.78434 2.43598 2.10219e+08 534.786 347.948 899.182 48.3817 4.24527 0.967302 23.9072 154.47 237.901 22.7418 2.97937e+08 -1293.55 
1480 1.10498e+08 1.46631e+16 2.39855e+10 1.48899e+10 4.18674e+10 4.49548e+09 -1.70076e+08 6.6406e+07 1.22863e+09 9.22719e+09 1.77656e+10 1.31062e+09 1.3018e+09 1.22642e+25 6.59562e+13 2.68326e+13 1.78042e+14 8.00654e+11 4.58097e+09 2.83141e+08 1.5795e+11 7.04274e+12 1.52226e+13 1.31715e+11 0.582865 7.73466e+07 126.521 78.5429 220.846 23.7132 -0.897136 0.350285 6.48091 48.6725 93.7116 6.9134 2.55483 2.42301e+08 576.111 367.927 943.599 60.5066 4.83315 1.17083 28.1277 186.496 267.424 25.436 1.89577e+08 -823.085 
1500 9.10688e+07 1.35287e+16 2.03497e+10 1.23775e+10 3.45659e+10 4.38923e+09 -1.53943e+08 6.41086e+07 1.15263e+09 8.93007e+09 1.60299e+10 1.18228e+09 8.81537e+08 1.05568e+25 4.73026e+13 1.84583e+13 1.20894e+14 7.98289e+11 3.70311e+09 2.64827e+08 1.37619e+11 6.52385e+12 1.25697e+13 1.05868e+11 0.788441 1.17127e+08 176.181 107.16 299.259 38.0004 -1.33278 0.555029 9.97902 77.3134 138.781 10.2357 2.64771 2.78709e+08 615.215 385.126 978.316 73.941 5.50308 1.4088 33.0436 224.731 299.273 28.4921 1.15505e+08 -501.486 
1520 7.28275e+07 1.22735e+16 1.67871e+10 9.99495e+09 2.76972e+10 4.17815e+09 -1.36214e+08 6.0414e+07 1.05627e+09 8.45202e+09 1.42208e+10 1.04615e+09 5.65469e+08 8.89026e+24 3.23384e+13 1.20641e+13 7.77706e+13 7.59732e+11 2.89192e+09 2.39616e+08 1.15941e+11 5.86464e+12 1.01633e+13 8.32637e+10 0.931895 1.5705e+08 214.806 127.895 354.411 53.4633 -1.74298 0.773053 13.5159 108.151 181.968 13.3865 2.52334 2.98487e+08 606.348 371.502 932.491 82.8441 5.82811 1.57115 36.0678 251.688 311.346 29.7697 7.81499e+07 -339.303 
1540 5.65226e+07 1.09583e+16 1.34276e+10 7.84563e+09 2.15418e+10 3.87399e+09 -1.1769e+08 5.56262e+07 9.45328e+08 7.82381e+09 1.24162e+10 9.07994e+08 3.42674e+08 7.31702e+24 2.10415e+13 7.48149e+12 4.72628e+13 6.91201e+11 2.17156e+09 2.09719e+08 9.42507e+10 5.10662e+12 8.04212e+12 6.39809e+10 0.94263 1.82752e+08 223.933 130.842 359.254 64.6068 -1.96273 0.927682 15.7653 130.478 207.066 15.1427 2.19687 2.97705e+08 548.419 328.1 811.875 85.7505 5.68884 1.62385 36.3769 261.034 302.064 28.9433 5.99626e+07 -260.339 
1560 4.26651e+07 9.59799e+15 1.04746e+10 6.00596e+09 1.62894e+10 3.49798e+09 -9.937e+07 5.00179e+07 8.26644e+08 7.08119e+09 1.06323e+10 7.72813e+08 1.96779e+08 5.88926e+24 1.30914e+13 4.42431e+12 2.71986e+13 6.04407e+11 1.57395e+09 1.77665e+08 7.40543e+10 4.31242e+12 6.23053e+12 4.80346e+10 0.893254 2.00947e+08 219.301 125.743 341.041 73.2352 -2.08045 1.04719 17.307 148.255 222.601 16.1799 1.82262 2.87959e+08 475.388 277.16 673.15 85.3856 5.3502 1.61958 35.3681 261.356 284.418 27.2742 4.77637e+07 -207.375 
1580 3.12147e+07 8.18335e+15 7.94811e+09 4.47251e+09 1.19301e+10 3.05421e+09 -8.14551e+07 4.36495e+07 7.01918e+08 6.22538e+09 8.86041e+09 6.40844e+08 1.06809e+08 4.60481e+24 7.7736e+12 2.49278e+12 1.478e+13 5.07224e+11 1.09333e+09 1.44793e+08 5.586e+10 3.50818e+12 4.69695e+12 3.49809e+10 0.829721 2.17522e+08 211.269 118.884 317.116 81.1842 -2.16516 1.16025 18.6578 165.477 235.519 17.0343 1.46652 2.74016e+08 402.487 228.314 540.654 83.0162 4.93701 1.58195 33.7151 256.649 263.402 25.2915 3.76207e+07 -163.338 
1600 2.17609e+07 6.63044e+15 5.78662e+09 3.1899e+09 8.3149e+09 2.52269e+09 -6.37546e+07 3.61475e+07 5.67893e+08 5.20628e+09 7.00692e+09 5.06687e+08 5.40594e+07 3.4387e+24 4.33511e+12 1.32221e+12 7.48738e+12 4.02841e+11 7.16791e+08 1.11674e+08 3.98163e+10 2.70847e+12 3.38297e+12 2.42964e+10 0.787717 2.40014e+08 209.469 115.471 300.989 91.3182 -2.30784 1.3085 20.557 188.461 253.642 18.3415 1.15602 2.58592e+08 336.227 185.819 424.782 79.0148 4.54102 1.52654 31.9172 250.051 241.092 23.3043 2.76252e+07 -119.94 
1620 1.43649e+07 5.03268e+15 3.97497e+09 2.15792e+09 5.47937e+09 1.95259e+09 -4.66478e+07 2.78832e+07 4.28606e+08 4.06409e+09 5.18742e+09 3.74384e+08 2.59671e+07 2.40175e+24 2.29113e+12 6.70233e+11 3.59092e+12 2.99055e+11 4.36557e+08 7.97473e+07 2.6327e+10 1.94501e+12 2.27706e+12 1.5758e+10 0.718253 2.51638e+08 198.751 107.898 273.972 97.6307 -2.33243 1.39418 21.4306 203.207 259.375 18.7195 0.884582 2.38259e+08 273.964 147.886 323.245 73.6289 4.0482 1.42957 29.2763 236.556 215.822 20.9164 1.99997e+07 -86.8326 
1640 9.20792e+06 3.65666e+15 2.64631e+09 1.41167e+09 3.50663e+09 1.4606e+09 -3.21098e+07 2.04594e+07 3.05593e+08 3.0129e+09 3.68919e+09 2.63109e+08 1.21146e+07 1.5759e+24 1.16772e+12 3.30088e+11 1.67028e+12 2.10944e+11 2.46542e+08 5.29615e+07 1.61381e+10 1.30136e+12 1.44478e+12 9.54831e+09 0.6315 2.50782e+08 181.49 96.8155 240.492 100.171 -2.20216 1.40315 20.9583 206.631 253.013 18.0446 0.657311 2.12573e+08 217.132 115.174 238.149 66.5791 3.47259 1.28972 25.8367 215.762 187.272 18.1449 1.4581e+07 -63.3064 
1660 5.67888e+06 2.48624e+15 1.68514e+09 8.82884e+08 2.15899e+09 1.02829e+09 -2.07179e+07 1.39671e+07 2.03157e+08 2.08308e+09 2.4569e+09 1.72283e+08 5.60454e+06 9.70137e+23 5.82473e+11 1.60648e+11 7.68924e+11 1.39402e+11 1.32953e+08 3.28116e+07 9.35274e+09 8.19111e+11 8.56454e+11 5.43376e+09 0.543699 2.38034e+08 161.336 84.5278 206.703 98.4486 -1.98354 1.33722 19.4503 199.435 235.225 16.4945 0.49089 1.90319e+08 172.444 90.75 175.758 60.451 2.96557 1.16329 22.7403 196.59 163.298 15.7532 1.04449e+07 -45.3485 
1680 3.3506e+06 1.57463e+15 1.0122e+09 5.26021e+08 1.27084e+09 6.71009e+08 -1.25586e+07 8.86509e+06 1.2625e+08 1.34226e+09 1.52096e+09 1.0511e+08 2.59971e+06 5.61785e+23 2.83883e+11 7.74157e+10 3.54856e+11 8.61261e+10 6.77323e+07 1.90694e+07 5.10877e+09 4.85016e+11 4.76187e+11 2.91152e+09 0.470488 2.21108e+08 142.132 73.8633 178.45 94.2223 -1.76346 1.24483 17.728 188.479 213.572 14.7595 0.379064 1.73195e+08 140.218 73.5856 134.104 56.7088 2.53004 1.06212 20.0771 180.503 145.783 13.8199 7.12155e+06 -30.9196 
1700 1.85041e+06 9.06999e+14 5.64504e+08 2.91045e+08 7.00614e+08 3.98679e+08 -6.89493e+06 5.11373e+06 7.11702e+07 7.84961e+08 8.57594e+08 5.82895e+07 1.18426e+06 2.94392e+23 1.31541e+11 3.56957e+10 1.6134e+11 4.85224e+10 3.1078e+07 9.98796e+06 2.51083e+09 2.58773e+11 2.40316e+11 1.40746e+09 0.418794 2.05276e+08 127.761 65.8706 158.566 90.2307 -1.56049 1.15736 16.1075 177.656 194.094 13.1923 0.304365 1.56492e+08 115.966 61.1544 106.64 53.2936 2.14443 0.959705 17.5729 164.332 129.293 12.021 4.41844e+06 -19.1835 
1720 836841 4.16295e+14 2.56654e+08 1.31569e+08 3.15965e+08 1.88462e+08 -3.02231e+06 2.3538e+06 3.20596e+07 3.66944e+08 3.84563e+08 2.58719e+07 469012 1.22756e+23 5.14234e+10 1.38619e+10 6.40326e+10 2.20675e+10 1.12536e+07 4.12628e+06 9.72249e+08 1.09432e+11 9.67153e+10 5.38027e+08 0.415212 2.06551e+08 127.343 65.2801 156.771 93.5085 -1.49957 1.16787 15.9069 182.065 190.807 12.8367 0.245574 1.3507e+08 96.4279 51.1499 84.8154 46.9605 1.82618 0.826675 15.1449 145.426 107.608 10.1079 2.01545e+06 -8.75048 
1740 363428 1.78648e+14 1.10356e+08 5.60959e+07 1.37423e+08 8.40651e+07 -1.22131e+06 1.006e+06 1.33523e+07 1.59542e+08 1.61697e+08 1.06584e+07 180848 4.69233e+22 1.88184e+10 5.07285e+09 2.49274e+10 9.25043e+09 3.63333e+06 1.55034e+06 3.39906e+08 4.22018e+10 3.57842e+10 1.87268e+08 0.406166 1.99656e+08 123.334 62.6926 153.584 93.9509 -1.36494 1.12431 14.9225 178.303 180.712 11.9118 0.192728 1.12155e+08 76.2895 41.7017 65.3515 38.8778 1.48241 0.684536 12.5378 123.986 85.6482 8.20972 894777 -3.88485 
