255 0 0 0 0 0 0 0 0 0 0 0 0 0 0 0 0 0 0 0 0 0 0 0 0 0.0 0.0 0.0 0.0 0.0 0.0 0.0 0.0 0.0 0.0 0.0 0.0 0.0 0.0 0.0 0.0 0.0 0.0 0.0 0.0 0.0 0.0 0.0 0.0 0 -nan 
265 0 0 0 0 0 0 0 0 0 0 0 0 0 0 0 0 0 0 0 0 0 0 0 0 0.0 0.0 0.0 0.0 0.0 0.0 0.0 0.0 0.0 0.0 0.0 0.0 0.0 0.0 0.0 0.0 0.0 0.0 0.0 0.0 0.0 0.0 0.0 0.0 0 -nan 
275 0 0 0 0 0 0 0 0 0 0 0 0 0 0 0 0 0 0 0 0 0 0 0 0 0.0 0.0 0.0 0.0 0.0 0.0 0.0 0.0 0.0 0.0 0.0 0.0 0.0 0.0 0.0 0.0 0.0 0.0 0.0 0.0 0.0 0.0 0.0 0.0 0 -nan 
285 0 0 0 0 0 0 0 0 0 0 0 0 0 0 0 0 0 0 0 0 0 0 0 0 0.0 0.0 0.0 0.0 0.0 0.0 0.0 0.0 0.0 0.0 0.0 0.0 0.0 0.0 0.0 0.0 0.0 0.0 0.0 0.0 0.0 0.0 0.0 0.0 0 -nan 
295 72.6401 1.19701e+10 -5.39686 65.5443 34924.7 -2.14887 -2.78343e-06 0.00682951 0.00207804 0.0885373 42917.4 0.621278 0.00131828 3.41969e+13 2.91635e-05 0.000343127 306.971 1.05018e-05 6.2068e-17 1.77876e-11 5.16503e-12 2.20876e-08 526.051 2.91064e-07 8.47112e-08 13.9592 -6.29369e-09 7.64362e-08 4.07284e-05 -2.50596e-09 -3.24597e-15 7.96441e-12 2.42336e-12 1.0325e-10 5.00493e-05 7.2452e-10 1.237e-06 199.21 1.8431e-07 6.27936e-07 0.000596928 1.10638e-07 2.6902e-13 1.43806e-10 7.75723e-11 5.07419e-09 0.000781642 1.84094e-08 8.57503e+08 inf 
305 933.362 3.38159e+11 -357.985 417.927 449235 -226.963 -0.000737105 0.226278 0.189064 13.7985 628139 122.648 0.180224 2.48723e+16 0.0937004 0.0185862 41799.3 0.0697625 4.92603e-12 1.86933e-08 5.39609e-08 0.00057875 122514 0.0126696 3.82678e-05 13864.5 -1.46774e-05 1.7135e-05 0.0184186 -9.30547e-06 -3.02213e-11 9.2774e-09 7.75161e-09 5.65738e-07 0.0257537 5.02856e-06 7.69724e-05 28767 6.02187e-05 2.16432e-05 0.0370746 5.26656e-05 4.4839e-10 2.60836e-08 4.6393e-08 4.83825e-06 0.066029 2.22299e-05 2.43903e+07 inf 
315 1822.55 1.16251e+12 -1311.83 649.396 874379 -1021.71 -0.0138557 0.579226 1.23976 117.516 1.72992e+06 1080.41 1.14926 4.89414e+17 1.64945 0.0933837 266160 1.60435 2.52848e-09 1.93527e-07 3.74386e-06 0.0564799 1.97277e+06 1.51523 0.000189212 120688 -0.00013619 6.74184e-05 0.0907755 -0.000106071 -1.43846e-09 6.01335e-08 1.28708e-07 1.22002e-05 0.179595 0.000112165 0.000288984 190378 0.00039076 7.17606e-05 0.139254 0.000394092 1.61378e-08 1.28356e-07 6.10009e-07 7.55958e-05 0.415394 0.000380428 9.63233e+06 inf 
325 3046.61 2.64722e+12 -2982.65 1018.76 1.46091e+06 -2643.05 -0.132741 1.02605 5.05503 561.854 4.25358e+06 5268.86 4.26319 3.68011e+18 10.6738 0.328899 991805 12.4767 2.14057e-07 8.23845e-07 7.4072e-05 1.38701 1.63684e+07 43.6542 0.000470042 408422 -0.000460175 0.000157178 0.225395 -0.00040778 -2.04798e-08 1.58303e-07 7.79909e-07 8.6685e-05 0.656258 0.0008129 0.000660909 633224 0.00119793 0.000161366 0.319713 0.00132615 1.80572e-07 3.19446e-07 3.28935e-06 0.0004544 1.44731 0.00246462 6.48156e+06 inf 
335 4819.07 5.0674e+12 -5755.41 1589.67 2.31652e+06 -5613.96 -0.797158 1.61868 15.7216 1961.21 9.20283e+06 18598.4 12.771 1.71778e+19 45.9354 1.0074 3.00438e+06 62.0474 6.35033e-06 2.49026e-06 0.000739339 16.4349 8.66799e+07 573.651 0.000958848 1.00826e+06 -0.00114515 0.000316296 0.460916 -0.00111701 -1.5861e-07 3.22068e-07 3.12811e-06 0.000390222 1.83108 0.0037005 0.00127344 1.5496e+06 0.00279792 0.000316858 0.620754 0.00333134 1.11282e-06 6.25905e-07 1.17184e-05 0.00176572 3.72744 0.0100222 5.0259e+06 inf 
345 7387.11 8.79362e+12 -10279 2463.23 3.57104e+06 -10839.6 -3.47087 2.43045 40.8392 5586.18 1.77546e+07 52790.5 33.9963 6.04154e+19 161.487 2.85336 8.14337e+06 244.763 9.38852e-05 6.43932e-06 0.00483866 123.051 3.36803e+08 4581.24 0.00176939 2.10628e+06 -0.00246205 0.000590003 0.855347 -0.00259635 -8.31355e-07 5.8215e-07 9.78196e-06 0.00133802 4.25265 0.0126446 0.00223879 3.16773e+06 0.00571124 0.000579089 1.10404 0.00720316 4.66868e-06 1.09703e-06 3.26081e-05 0.00526148 7.91121 0.0306175 4.17495e+06 inf 
355 11011.5 1.41951e+13 -17388.1 3769.07 5.36758e+06 -19573.3 -11.9528 3.52926 92.5234 13668.1 3.10099e+07 127151 82.8776 1.74318e+20 494.812 7.59543 2.03134e+07 828.158 0.00093294 1.5005e-05 0.0240324 689.174 1.04134e+09 26012.6 0.0030582 3.94238e+06 -0.00482916 0.00104678 1.49073 -0.00543607 -3.31963e-06 9.80177e-07 2.56964e-05 0.00379603 8.61235 0.0353135 0.0036966 5.73331e+06 0.0106819 0.00100684 1.84915 0.0141581 1.57507e-05 1.79069e-06 7.75512e-05 0.0133039 14.6642 0.0773138 3.60064e+06 inf 
365 16022.4 2.16457e+13 -28258.6 5697.26 7.89396e+06 -33573.2 -34.2636 5.01257 188.737 29693.6 4.99694e+07 269882 187.889 4.31813e+20 1362.51 19.2121 4.72995e+07 2462.35 0.00638424 3.25607e-05 0.0950404 2991.99 2.69201e+09 112852 0.00502197 6.78448e+06 -0.0088572 0.00178571 2.47423 -0.010523 -1.07394e-05 1.57111e-06 5.91564e-05 0.00930698 15.6621 0.08459 0.00580262 9.45068e+06 0.018671 0.00168314 2.95016 0.0257109 4.34247e-05 2.78159e-06 0.00016214 0.0291748 24.4636 0.167976 3.19047e+06 inf 
375 22901.5 3.16706e+13 -44820.9 8529.59 1.1421e+07 -55751.8 -86.7903 7.04788 358.743 59529.9 7.58925e+07 522770 405.224 9.6559e+20 3537.78 46.8164 1.04945e+08 6821.18 0.03546 6.83075e-05 0.329445 11223.8 6.16612e+09 409390 0.00793886 1.09787e+07 -0.0155373 0.0029568 3.95913 -0.0193265 -3.00861e-05 2.44316e-06 0.000124359 0.0206362 26.3083 0.181219 0.00880037 1.46353e+07 0.0313842 0.00273611 4.55026 0.0446213 0.00010671 4.20831e-06 0.000314226 0.0588634 38.0181 0.330266 2.88474e+06 inf 
385 31999.5 4.44275e+13 -68902.5 12581.9 1.61672e+07 -88945 -195.817 9.74197 636.436 110213 1.08981e+08 932242 826.665 1.95601e+21 8519.29 109.376 2.20366e+08 17249.2 0.159508 0.000136481 0.995516 36029.9 1.26062e+10 1.25915e+06 0.0120996 1.67988e+07 -0.0260532 0.00475743 6.11308 -0.0336316 -7.40416e-05 3.6836e-06 0.000240647 0.0416733 41.2077 0.352496 0.0128909 2.1387e+07 0.0504234 0.00432711 6.77896 0.0734243 0.000234159 6.1674e-06 0.000564367 0.109027 55.3945 0.59317 2.64469e+06 inf 
395 44033.9 6.04847e+13 -103793 18388.5 2.25388e+07 -137959 -405.803 13.3685 1075.53 192555 1.50333e+08 1.56316e+06 1618.58 3.68804e+21 19431.1 247.535 4.43327e+08 40751.1 0.609558 0.000264842 2.71998 102855 2.37151e+10 3.41835e+06 0.0179344 2.46346e+07 -0.0422735 0.00748939 9.17977 -0.0561887 -0.000165278 5.44483e-06 0.00043805 0.0784252 61.2285 0.636654 0.0183734 2.99204e+07 0.078275 0.00668781 9.81292 0.115932 0.000470051 8.84425e-06 0.000957039 0.189052 76.876 0.99344 2.45527e+06 inf 
405 59512.5 7.99428e+13 -152878 26532.7 3.08488e+07 -207824 -781.61 18.1461 1739.74 319333 1.9982e+08 2.48083e+06 3042.43 6.52434e+21 42235.1 541.539 8.54457e+08 90608.8 2.04408 0.000500535 6.84756 266290 4.15417e+10 8.35133e+06 0.0258454 3.4718e+07 -0.0663925 0.0115228 13.3972 -0.090255 -0.000339441 7.8806e-06 0.000755544 0.138681 86.7789 1.07739 0.0255597 4.03495e+07 0.118043 0.0101197 13.8417 0.176647 0.000878916 1.24608e-05 0.00155014 0.310504 102.52 1.57038 2.30264e+06 inf 
415 79287 1.03228e+14 -221411 37912.9 4.15991e+07 -305752 -1419.57 24.4924 2721.27 507844 2.58138e+08 3.76911e+06 5524.93 1.09559e+22 88250.8 1152.88 1.58773e+09 191414 6.17194 0.000928529 16.1565 636794 6.87327e+10 1.87172e+07 0.0364595 4.74686e+07 -0.101814 0.0174339 19.129 -0.140597 -0.000652779 1.12626e-05 0.00125135 0.233528 118.703 1.73319 0.0348037 5.27702e+07 0.173826 0.01504 19.0837 0.261252 0.00155306 1.73243e-05 0.00242148 0.488149 132.347 2.36706 2.17466e+06 inf 
425 103871 1.30129e+14 -313743 53464.6 5.50786e+07 -437453 -2438.1 32.687 4110.73 774135 3.24134e+08 5.48895e+06 9676.33 1.75026e+22 176076 2377.71 2.83446e+09 382216 16.8727 0.0016757 35.6879 1.40721e+06 1.0768e+11 3.87006e+07 0.0502529 6.29566e+07 -0.151789 0.0258662 26.6471 -0.21164 -0.00117955 1.5814e-05 0.00198878 0.374527 156.816 2.65556 0.0464334 6.71135e+07 0.24929 0.021938 25.7147 0.374333 0.00260225 2.36775e-05 0.00364837 0.735214 165.845 3.41634 2.06696e+06 inf 
435 134934 1.61773e+14 -440005 75038.1 7.2266e+07 -616195 -4034.14 43.5762 6086.92 1.14891e+06 4.00441e+08 7.77585e+06 16543.8 2.70121e+22 340990 4812.38 4.9308e+09 733983 42.8468 0.00298586 75.3955 2.93776e+06 1.62766e+11 7.55182e+07 0.0680631 8.16008e+07 -0.221946 0.0378504 36.4521 -0.310818 -0.00203488 2.19805e-05 0.00307034 0.579529 201.989 3.92226 0.0609292 8.34663e+07 0.350344 0.0315402 34.0355 0.523091 0.00417993 3.19839e-05 0.00534824 1.07051 203.229 4.76534 1.98249e+06 inf 
445 171764 1.96189e+14 -601638 103462 9.27454e+07 -841849 -6355.65 57.1739 8718.39 1.63842e+06 4.81553e+08 1.0599e+07 27237.3 3.98329e+22 630939 9403.07 8.22655e+09 1.33631e+06 100.362 0.00516582 150.499 5.73556e+06 2.34613e+11 1.37546e+08 0.0902926 1.03133e+08 -0.316269 0.0543879 48.7544 -0.442543 -0.00334103 3.00551e-05 0.00458308 0.861286 253.142 5.57168 0.0785195 1.01504e+08 0.481296 0.0445529 44.131 0.711777 0.00644947 4.25706e-05 0.00762298 1.50773 243.414 6.4235 1.9023e+06 inf 
455 217176 2.35668e+14 -817417 142075 1.18133e+08 -1.13775e+06 -9769.65 75.1438 12341.7 2.29526e+06 5.73001e+08 1.41696e+07 44034.3 5.73928e+22 1.14732e+06 18117.6 1.34495e+10 2.36906e+06 223.959 0.00892228 292.854 1.07805e+07 3.3036e+11 2.40495e+08 0.118307 1.28381e+08 -0.445289 0.0773955 64.353 -0.619792 -0.00532204 4.09348e-05 0.00672317 1.25035 312.144 7.71895 0.0999558 1.21586e+08 0.653242 0.0622861 56.439 0.952054 0.00967874 5.64338e-05 0.0106926 2.07589 287.281 8.45153 1.8357e+06 inf 
465 270784 2.7839e+14 -1.08931e+06 192839 1.48175e+08 -1.50193e+06 -14485 97.6627 17056 3.12134e+06 6.70088e+08 1.84373e+07 69064.4 7.98595e+22 2.00156e+06 33946.7 2.12702e+10 4.00342e+06 466.463 0.014997 542.798 1.91244e+07 4.49394e+11 3.98778e+08 0.15226 1.56538e+08 -0.612514 0.108433 83.3182 -0.844531 -0.00814484 5.49153e-05 0.00959053 1.75512 376.788 10.3672 0.125105 1.42831e+08 0.866197 0.085618 70.8393 1.24011 0.0139983 7.36008e-05 0.0146026 2.77004 332.751 10.8052 1.77842e+06 inf 
475 334107 3.2497e+14 -1.43522e+06 259606 1.83746e+08 -1.95291e+06 -20963.3 126.434 23235.8 4.16218e+06 7.7418e+08 2.35163e+07 105978 1.08501e+23 3.41553e+06 62441.6 3.2855e+10 6.57782e+06 932.865 0.0249754 980.676 3.27779e+07 5.97379e+11 6.36997e+08 0.19355 1.88257e+08 -0.83143 0.150392 106.445 -1.13133 -0.0121442 7.32442e-05 0.0134607 2.41118 448.488 13.6231 0.154699 1.65573e+08 1.13462 0.116427 87.7639 1.5908 0.0198226 9.54134e-05 0.0196704 3.62969 380.689 13.5435 1.7262e+06 inf 
485 408212 3.75248e+14 -1.86661e+06 346631 2.25366e+08 -2.49931e+06 -29631.8 162.662 31182.4 5.44267e+06 8.847e+08 2.94424e+07 159140 1.44097e+23 5.67249e+06 112567 4.95483e+10 1.04739e+07 1787.83 0.0409329 1720.47 5.41607e+07 7.76647e+11 9.81601e+08 0.242349 2.22778e+08 -1.10818 0.205789 133.796 -1.4838 -0.0175919 9.65696e-05 0.0185125 3.23122 525.232 17.4795 0.189066 1.89521e+08 1.46274 0.156462 107.307 2.00413 0.0274214 0.000122374 0.0260519 4.65977 430.366 16.6502 1.6844e+06 inf 
495 492867 4.27924e+14 -2.39314e+06 458295 2.73009e+08 -3.14454e+06 -40908.1 207.635 41192.2 6.97482e+06 9.98905e+08 3.61825e+07 233397 1.86848e+23 9.15688e+06 198818 7.29123e+10 1.61262e+07 3272.55 0.0660055 2926.27 8.60344e+07 9.87254e+11 1.46083e+09 0.299973 2.60447e+08 -1.45654 0.278932 166.162 -1.91386 -0.0248979 0.000126373 0.0250708 4.24508 607.963 22.0217 0.228185 2.14217e+08 1.85786 0.207855 129.487 2.48033 0.0370387 0.000155572 0.0339481 5.86024 480.888 20.1034 1.64304e+06 inf 
505 589624 4.83619e+14 -3.03354e+06 601011 3.273e+08 -3.90144e+06 -55401.8 263.755 53764.4 8.79324e+06 1.11767e+09 4.37901e+07 335623 2.37848e+23 1.44652e+07 344996 1.05017e+11 2.4189e+07 5794.82 0.105333 4869.64 1.32695e+08 1.23268e+12 2.11244e+09 0.366673 3.00751e+08 -1.88649 0.373755 203.54 -2.42622 -0.0344531 0.000164023 0.0334348 5.46831 695.052 27.2321 0.272519 2.3971e+08 2.33168 0.273592 154.529 3.0259 0.0491594 0.00019647 0.0437085 7.25378 532.426 23.9184 1.60804e+06 inf 
515 699687 5.42385e+14 -3.8035e+06 783395 3.89101e+08 -4.77838e+06 -73698.9 333.43 69374.2 1.09185e+07 1.2418e+09 5.23311e+07 473306 2.97449e+23 2.2295e+07 588082 1.48201e+11 3.53065e+07 9904.88 0.165739 7903.84 1.98513e+08 1.51379e+12 2.97435e+09 0.442677 3.43156e+08 -2.4064 0.495638 246.176 -3.02318 -0.0466277 0.000210954 0.0438916 6.9079 785.662 33.1088 0.321695 2.65394e+08 2.88354 0.355543 182.102 3.63291 0.0639724 0.000245678 0.0554448 8.82472 583.504 28.0289 1.58058e+06 inf 
525 823986 6.04221e+14 -4.72904e+06 1.01395e+06 4.58735e+08 -5.79644e+06 -96813 420.136 88826.8 1.34109e+07 1.37062e+09 6.1851e+07 657739 3.67487e+23 3.38407e+07 988968 2.05914e+11 5.06375e+07 16550.1 0.259151 12650 2.91174e+08 1.83772e+12 4.10703e+09 0.529854 3.88537e+08 -3.04095 0.652006 294.984 -3.72733 -0.0622544 0.000270163 0.057119 8.62373 881.36 39.7725 0.377101 2.92142e+08 3.53743 0.459165 213.061 4.32074 0.0822603 0.000306033 0.0697988 10.6239 636.342 32.5442 1.55512e+06 inf 
535 960999 6.67051e+14 -5.80339e+06 1.30232e+06 5.35576e+08 -6.93057e+06 -124954 525.568 112327 1.62124e+07 1.50044e+09 7.21646e+07 895519 4.45677e+23 5.01231e+07 1.63509e+06 2.8037e+11 7.06973e+07 26819.7 0.399401 19797.1 4.14979e+08 2.19389e+12 5.5306e+09 0.626579 4.34923e+08 -3.78385 0.849121 349.2 -4.51878 -0.0814707 0.000342674 0.0732379 10.5706 978.3 47.0519 0.437361 3.18476e+08 4.28522 0.587437 246.704 5.06713 0.104159 0.000378136 0.0868567 12.6029 688.016 37.311 1.53372e+06 inf 
545 1.11172e+06 7.31379e+14 -7.04854e+06 1.65981e+06 6.19686e+08 -8.1941e+06 -158990 654.24 140705 1.93573e+07 1.63163e+09 8.32698e+07 1.1996e+06 5.33314e+23 7.26437e+07 2.66022e+06 3.74916e+11 9.64623e+07 42211.4 0.608333 30359.4 5.76774e+08 2.58557e+12 7.28952e+09 0.734676 4.8333e+08 -4.65801 1.09688 409.517 -5.41505 -0.105068 0.000432353 0.0929848 12.7922 1078.26 55.0286 0.502997 3.44719e+08 5.12926 0.744886 282.944 5.8672 0.129831 0.000463774 0.106849 14.7485 738.933 42.2979 1.51321e+06 inf 
555 1.27837e+06 7.97799e+14 -8.48361e+06 2.10461e+06 7.12532e+08 -9.59787e+06 -200098 811.224 174970 2.28844e+07 1.76649e+09 9.52753e+07 1.58467e+06 6.30786e+23 1.03594e+08 4.2735e+06 4.94352e+11 1.29383e+08 65198.9 0.919963 45973 7.87527e+08 3.01681e+12 9.44395e+09 0.85196 5.31686e+08 -5.65382 1.4026 474.86 -6.39641 -0.133353 0.000540632 0.116607 15.2511 1177.26 63.4953 0.574675 3.71068e+08 6.08882 0.93848 322.434 6.73144 0.160213 0.000566408 0.130541 17.0951 790.306 47.5623 1.50051e+06 inf 
565 1.457e+06 8.63708e+14 -1.01032e+07 2.64909e+06 8.11982e+08 -1.11194e+07 -248612 1000.8 215647 2.67382e+07 1.89953e+09 1.07862e+08 2.05945e+06 7.3618e+23 1.44769e+08 6.77014e+06 6.41214e+11 1.70066e+08 98402.6 1.37623 68442.6 1.05274e+09 3.47813e+12 1.20037e+10 0.981209 5.81659e+08 -6.80397 1.78402 546.824 -7.48827 -0.167426 0.00067398 0.145226 18.0067 1279.23 72.6392 0.651271 3.96798e+08 7.1554 1.17328 364.425 7.64564 0.195543 0.000687433 0.158119 19.6143 840.179 52.9846 1.4849e+06 inf 
575 1.65214e+06 9.31569e+14 -1.19439e+07 3.31987e+06 9.20353e+08 -1.27896e+07 -306239 1232.12 264403 3.10021e+07 2.03601e+09 1.21292e+08 2.64438e+06 8.51529e+23 1.99318e+08 1.06171e+07 8.21721e+11 2.202e+08 145987 2.0484 100802 1.38524e+09 3.97935e+12 1.5043e+10 1.12138 6.32294e+08 -8.1068 2.25333 624.682 -8.68085 -0.207857 0.000836293 0.179461 21.0424 1381.92 82.3256 0.733047 4.22104e+08 8.34055 1.45902 409.278 8.60825 0.236395 0.000831232 0.190295 22.3033 889.519 58.5902 1.47332e+06 inf 
585 1.86344e+06 1.00074e+15 -1.39977e+07 4.13907e+06 1.03716e+09 -1.45936e+07 -373609 1511.69 322120 3.56438e+07 2.1745e+09 1.35443e+08 3.35449e+06 9.76118e+23 2.69495e+08 1.64397e+07 1.03919e+12 2.80308e+08 212200 3.02247 146352 1.79037e+09 4.51476e+12 1.85727e+10 1.27306 6.83681e+08 -9.5629 2.82772 708.561 -9.96997 -0.255241 0.00103275 0.220065 24.351 1485.56 92.5313 0.819165 4.46589e+08 9.62617 1.79868 455.95 9.59686 0.282528 0.000999152 0.22706 25.1032 936.737 64.237 1.46375e+06 inf 
595 2.08322e+06 1.06711e+15 -1.62005e+07 5.11959e+06 1.15837e+09 -1.64646e+07 -450005 1841.71 388603 4.04955e+07 2.30654e+09 1.4974e+08 4.18644e+06 1.10449e+24 3.56967e+08 2.50935e+07 1.29312e+12 3.50232e+08 302083 4.41068 209197 2.26943e+09 5.06122e+12 2.25337e+10 1.43176 7.33407e+08 -11.1343 3.51861 796.13 -11.3158 -0.309282 0.00126578 0.267081 27.8319 1585.25 102.914 0.909575 4.70336e+08 11.0166 2.20583 504.894 10.6142 0.334607 0.00119549 0.269158 28.0201 982.595 69.9702 1.455e+06 inf 
605 2.32081e+06 1.13555e+15 -1.86441e+07 6.31159e+06 1.289e+09 -1.84964e+07 -539542 2242.89 467692 4.58167e+07 2.4424e+09 1.64849e+08 5.18517e+06 1.24417e+24 4.67772e+08 3.80364e+07 1.59682e+12 4.33912e+08 426426 6.42925 297652 2.85381e+09 5.65251e+12 2.71152e+10 1.60168 7.8369e+08 -12.867 4.35587 889.59 -12.7651 -0.372359 0.00154791 0.322772 31.6198 1685.6 113.769 1.00653 4.94447e+08 12.5406 2.69755 557.367 11.6839 0.394515 0.00142866 0.318181 31.1402 1029.46 75.9596 1.44898e+06 inf 
615 2.57235e+06 1.20399e+15 -2.12346e+07 7.74858e+06 1.42702e+09 -2.06102e+07 -640382 2720.07 558922 5.13762e+07 2.57818e+09 1.80412e+08 6.33802e+06 1.38758e+24 5.99752e+08 5.69724e+07 1.94574e+12 5.27876e+08 589061 9.26936 416708 3.51935e+09 6.25504e+12 3.21631e+10 1.7773 8.31868e+08 -14.6716 5.3537 985.966 -14.2401 -0.442457 0.00187937 0.386173 35.4972 1781.33 124.651 1.10467 5.16441e+08 14.1113 3.27133 610.11 12.7256 0.459597 0.00169482 0.372538 34.2281 1071.74 81.7585 1.44733e+06 inf 
625 2.83588e+06 1.2717e+15 -2.39953e+07 9.4629e+06 1.57107e+09 -2.28367e+07 -755494 3291.16 665268 5.72915e+07 2.71176e+09 1.9631e+08 7.67775e+06 1.53889e+24 7.58808e+08 8.46118e+07 2.34949e+12 6.36386e+08 806039 13.316 579821 4.30209e+09 6.88614e+12 3.78055e+10 1.96484 8.81096e+08 -16.6251 6.55637 1088.51 -15.8224 -0.523444 0.00228028 0.460931 39.6944 1878.84 136.013 1.20787 5.38413e+08 15.7907 3.95441 665.566 13.8048 0.533358 0.00200656 0.435054 37.4841 1114.01 87.7148 1.44331e+06 inf 
635 3.11538e+06 1.34034e+15 -2.68738e+07 1.15153e+07 1.72328e+09 -2.51659e+07 -885203 3971.48 788182 6.35121e+07 2.84694e+09 2.12738e+08 9.21365e+06 1.69594e+24 9.43695e+08 1.24467e+08 2.8094e+12 7.5782e+08 1.08652e+06 19.0152 798516 5.19026e+09 7.5361e+12 4.39893e+10 2.15784 9.28371e+08 -18.6139 7.97599 1193.61 -17.4309 -0.613128 0.00275081 0.545927 43.9911 1971.91 147.351 1.31357 5.59289e+08 17.5261 4.7534 721.942 14.8681 0.613711 0.00236721 0.505023 40.7403 1153.86 93.5759 1.44375e+06 inf 
645 3.40014e+06 1.40554e+15 -2.97655e+07 1.39349e+07 1.87793e+09 -2.75244e+07 -1.02862e+06 4773.56 928149 6.98632e+07 2.9747e+09 2.28979e+08 1.09323e+07 1.85352e+24 1.15218e+09 1.81368e+08 3.32242e+12 8.91563e+08 1.44586e+06 26.9802 1.08938e+06 6.18614e+09 8.1839e+12 5.06131e+10 2.35374 9.72982e+08 -20.6051 9.64638 1299.99 -19.0537 -0.712055 0.00330448 0.642508 48.3626 2059.23 158.51 1.424 5.79996e+08 19.3138 5.7008 780.996 15.9417 0.702758 0.0027852 0.584213 44.0839 1193.68 99.5554 1.44457e+06 inf 
655 3.69764e+06 1.47052e+15 -3.26549e+07 1.67838e+07 2.03841e+09 -2.99625e+07 -1.18843e+06 5719.74 1.08834e+06 7.64814e+07 3.10127e+09 2.45464e+08 1.28748e+07 2.01643e+24 1.38225e+09 2.61715e+08 3.89668e+12 1.03835e+09 1.89877e+06 38.0433 1.47217e+06 7.29343e+09 8.84686e+12 5.77547e+10 2.55993 1.01807e+09 -22.6075 11.6197 1411.23 -20.7436 -0.822768 0.00395987 0.753475 52.9493 2147.06 169.939 1.53628 5.99622e+08 21.1153 6.79502 840.344 16.9874 0.7985 0.00326457 0.671926 47.3892 1230.84 105.382 1.44443e+06 inf 
665 4.02057e+06 1.54033e+15 -3.56151e+07 2.02359e+07 2.21259e+09 -3.25879e+07 -1.37075e+06 6872.71 1.27699e+06 8.36233e+07 3.23807e+09 2.63077e+08 1.50895e+07 2.1892e+24 1.63809e+09 3.77028e+08 4.55098e+12 1.20354e+09 2.48204e+06 53.7897 1.98803e+06 8.55779e+09 9.55023e+12 6.56161e+10 2.77065 1.06147e+09 -24.543 13.9449 1524.74 -22.4569 -0.944609 0.00473611 0.88 57.6264 2231.41 181.291 1.64983 6.17977e+08 22.9451 8.08428 900.746 18.0298 0.904507 0.0038258 0.771744 50.7596 1265.71 111.134 1.45113e+06 inf 
675 4.34005e+06 1.60399e+15 -3.82299e+07 2.41955e+07 2.38343e+09 -3.51409e+07 -1.56495e+06 8195.1 1.48507e+06 9.06104e+07 3.36132e+09 2.79794e+08 1.74779e+07 2.3555e+24 1.89212e+09 5.35214e+08 5.2485e+12 1.37571e+09 3.18925e+06 75.0612 2.64473e+06 9.89505e+09 1.02167e+13 7.3624e+10 2.97938 1.10112e+09 -26.2443 16.6098 1636.19 -24.1237 -1.07431 0.00562581 1.01948 62.2027 2307.49 192.074 1.76681 6.36049e+08 24.7012 9.56712 962.234 19.0382 1.01746 0.00445854 0.881036 54.0706 1299.66 116.83 1.4567e+06 inf 
685 4.67069e+06 1.66687e+15 -4.05814e+07 2.88541e+07 2.55977e+09 -3.77615e+07 -1.77983e+06 9762.42 1.72322e+06 9.7844e+07 3.48282e+09 2.96636e+08 2.01227e+07 2.52505e+24 2.14756e+09 7.56125e+08 6.01747e+12 1.56256e+09 4.0697e+06 104.617 3.50511e+06 1.13705e+10 1.08931e+13 8.21207e+10 3.19287 1.13947e+09 -27.7413 19.7246 1749.85 -25.8137 -1.21669 0.00667357 1.17799 66.8859 2380.85 202.78 1.88716 6.54006e+08 26.4289 11.306 1025.45 20.0454 1.14092 0.00519417 1.00421 57.4381 1333.43 122.548 1.46285e+06 inf 
695 5.01467e+06 1.73005e+15 -4.25627e+07 3.43056e+07 2.74206e+09 -4.04686e+07 -2.01715e+06 11614.5 1.99495e+06 1.05357e+08 3.60435e+09 3.13671e+08 2.30476e+07 2.69897e+24 2.39245e+09 1.06135e+09 6.8614e+12 1.76541e+09 5.15739e+06 145.461 4.62512e+06 1.29916e+10 1.15817e+13 9.11074e+10 3.41195 1.17712e+09 -28.9594 23.3414 1865.68 -27.5346 -1.37246 0.00790241 1.35735 71.6842 2452.38 213.42 2.00999 6.7139e+08 28.092 13.3161 1089.82 21.048 1.27492 0.00604341 1.14215 60.8343 1365.99 128.222 1.46974e+06 inf 
705 5.36444e+06 1.79098e+15 -4.38576e+07 4.0638e+07 2.92642e+09 -4.31535e+07 -2.27056e+06 13773.1 2.29802e+06 1.12806e+08 3.7211e+09 3.30383e+08 2.61766e+07 2.8666e+24 2.58668e+09 1.477e+09 7.75633e+12 1.97175e+09 6.43865e+06 200.543 6.03199e+06 1.46567e+10 1.22387e+13 1.00174e+11 3.62636 1.2107e+09 -29.6478 27.4713 1978.26 -29.1718 -1.5349 0.0093106 1.55346 76.2566 2515.46 223.339 2.13188 6.87043e+08 29.4891 15.6134 1153.15 21.9525 1.41302 0.00699141 1.29011 63.9752 1394.93 133.557 1.47929e+06 inf 
715 5.73477e+06 1.85462e+15 -4.45804e+07 4.80712e+07 3.12013e+09 -4.60062e+07 -2.55342e+06 16351.7 2.64777e+06 1.20755e+08 3.84269e+09 3.47663e+08 2.96618e+07 3.04458e+24 2.75013e+09 2.04809e+09 8.74288e+12 2.20133e+09 8.0231e+06 277.191 7.872e+06 1.65267e+10 1.29311e+13 1.09871e+11 3.84581 1.24374e+09 -29.8962 32.2372 2092.4 -30.8523 -1.71236 0.0109657 1.77563 80.9802 2576.96 233.148 2.25861 7.03458e+08 30.83 18.2822 1218.59 22.8993 1.56468 0.00810193 1.45815 67.27 1425.14 139.007 1.49117e+06 inf 
725 6.10198e+06 1.91314e+15 -4.41667e+07 5.65343e+07 3.31038e+09 -4.87663e+07 -2.85119e+06 19309.8 3.03208e+06 1.28472e+08 3.95318e+09 3.63989e+08 3.33398e+07 3.21251e+24 2.8274e+09 2.81153e+09 9.77205e+12 2.4337e+09 9.88529e+06 379.792 1.01731e+07 1.84488e+10 1.35749e+13 1.19458e+11 4.06633 1.27491e+09 -29.4324 37.6742 2206.02 -32.4976 -1.90002 0.0128679 2.02056 85.6132 2634.37 242.56 2.38379 7.17923e+08 31.9045 21.3131 1282.78 23.7846 1.72552 0.00935454 1.64214 70.4596 1451.3 144.121 1.50061e+06 inf 
735 6.48446e+06 1.97218e+15 -4.25471e+07 6.63949e+07 3.50773e+09 -5.16143e+07 -3.17625e+06 22792.6 3.4675e+06 1.36453e+08 4.06466e+09 3.80497e+08 3.73425e+07 3.38259e+24 2.81841e+09 3.84418e+09 1.08828e+13 2.68075e+09 1.21102e+07 519.483 1.30991e+07 2.0508e+10 1.42229e+13 1.29373e+11 4.28584 1.30349e+09 -28.121 43.883 2318.4 -34.1139 -2.09931 0.0150645 2.29181 90.187 2686.49 251.486 2.51253 7.32531e+08 32.7415 24.8002 1348.29 24.6588 1.89657 0.0107892 1.84536 73.6265 1477.58 149.207 1.513e+06 inf 
745 6.87409e+06 2.02975e+15 -3.95579e+07 7.76975e+07 3.70648e+09 -5.4509e+07 -3.52513e+06 26863 3.95552e+06 1.44554e+08 4.17224e+09 3.96623e+08 4.16333e+07 3.55132e+24 2.71647e+09 5.22211e+09 1.20575e+13 2.94046e+09 1.47291e+07 708.452 1.6786e+07 2.26829e+10 1.48575e+13 1.39384e+11 4.50962 1.33158e+09 -25.9512 50.9721 2431.57 -35.7597 -2.3126 0.017623 2.59495 94.8322 2737.13 260.197 2.64123 7.46103e+08 33.296 28.7702 1413.35 25.5007 2.07718 0.0124176 2.06843 76.7305 1501.71 154.07 1.52432e+06 inf 
755 7.27669e+06 2.08698e+15 -3.46879e+07 9.0696e+07 3.91009e+09 -5.74326e+07 -3.89741e+06 31591.7 4.4989e+06 1.52713e+08 4.27881e+09 4.12616e+08 4.62194e+07 3.7161e+24 2.5171e+09 7.04966e+09 1.32956e+13 3.2082e+09 1.77734e+07 962.013 2.1382e+07 2.49373e+10 1.54694e+13 1.49379e+11 4.73094 1.35685e+09 -22.5523 58.966 2542.14 -37.3398 -2.5339 0.0205394 2.92496 99.2862 2781.87 268.262 2.76908 7.58269e+08 33.584 33.2619 1477.04 26.2973 2.26599 0.0142684 2.31217 79.7197 1522.69 158.602 1.53811e+06 inf 
765 7.68326e+06 2.14127e+15 -2.77686e+07 1.05449e+08 4.11311e+09 -6.03683e+07 -4.29439e+06 37055.1 5.10191e+06 1.60932e+08 4.37859e+09 4.2794e+08 5.11263e+07 3.87812e+24 2.25021e+09 9.45426e+09 1.45995e+13 3.4878e+09 2.13269e+07 1300.14 2.7101e+07 2.73117e+10 1.60619e+13 1.59368e+11 4.95635 1.3813e+09 -17.9131 68.0234 2653.3 -38.9426 -2.77024 0.0239037 3.29116 103.815 2824.56 276.057 2.90092 7.70534e+08 33.6259 38.3616 1542.05 27.0813 2.46646 0.0163498 2.5789 82.7093 1543.73 163.089 1.55018e+06 inf 
775 8.12948e+06 2.20246e+15 -1.84539e+07 1.22728e+08 4.33462e+09 -6.35759e+07 -4.73201e+06 43554.7 5.79252e+06 1.69828e+08 4.49194e+09 4.44503e+08 5.6534e+07 4.04973e+24 1.98302e+09 1.26509e+10 1.60175e+13 3.79172e+09 2.55048e+07 1758.86 3.43142e+07 2.9882e+10 1.6687e+13 1.69795e+11 5.18037 1.40348e+09 -11.7595 78.2063 2762.17 -40.5127 -3.01539 0.0277545 3.69119 108.22 2862.41 283.252 3.03134 7.81577e+08 33.5464 44.1063 1605.41 27.8376 2.6758 0.0187214 2.87076 85.6169 1562.09 167.234 1.56928e+06 inf 
785 8.54209e+06 2.25038e+15 -6.17728e+06 1.41601e+08 4.53485e+09 -6.6465e+07 -5.16838e+06 50793.2 6.52208e+06 1.77849e+08 4.57748e+09 4.58187e+08 6.19757e+07 4.19455e+24 1.79595e+09 1.67276e+10 1.74107e+13 4.08384e+09 3.01475e+07 2354.73 4.29756e+07 3.23776e+10 1.71941e+13 1.79112e+11 5.39974 1.42254e+09 -3.90487 89.5106 2866.63 -42.0148 -3.26711 0.0321081 4.12282 112.425 2893.58 289.635 3.16538 7.92396e+08 33.4669 50.6156 1669.82 28.5708 2.89538 0.0213909 3.18883 88.4742 1579.94 171.271 1.58194e+06 inf 
795 9.01267e+06 2.30897e+15 9.30592e+06 1.63837e+08 4.7629e+09 -6.97957e+07 -5.66675e+06 59473.1 7.37296e+06 1.87104e+08 4.68407e+09 4.73931e+08 6.82147e+07 4.36294e+24 1.88076e+09 2.21484e+10 1.89925e+13 4.41996e+09 3.57446e+07 3164.46 5.40225e+07 3.52509e+10 1.77901e+13 1.89471e+11 5.62247 1.44043e+09 5.80541 102.208 2971.29 -43.5414 -3.53515 0.0371018 4.59955 116.723 2922.11 295.658 3.30801 8.04326e+08 33.7578 58.0563 1737.74 29.3512 3.13076 0.0244454 3.54197 91.4698 1599.84 175.46 1.60297e+06 inf 
805 9.46399e+06 2.35849e+15 2.85054e+07 1.88365e+08 4.97688e+09 -7.2927e+07 -6.16273e+06 69271.6 8.27992e+06 1.95657e+08 4.77165e+09 4.87493e+08 7.44851e+07 4.50467e+24 2.47348e+09 2.90105e+10 2.0539e+13 4.74414e+09 4.17824e+07 4218.17 6.71507e+07 3.79869e+10 1.82707e+13 1.98528e+11 5.83868 1.45504e+09 17.586 116.209 3070.42 -44.9913 -3.80201 0.0427362 5.10819 120.708 2943.81 300.752 3.44418 8.13614e+08 34.8814 66.2806 1801.04 30.0436 3.36479 0.0278561 3.91588 94.1548 1614.28 178.961 1.62091e+06 inf 
815 9.93573e+06 2.40802e+15 5.20076e+07 2.16101e+08 5.19772e+09 -7.61617e+07 -6.69519e+06 80545.8 9.28612e+06 2.04551e+08 4.85847e+09 5.00892e+08 8.13119e+07 4.64819e+24 3.94193e+09 3.78478e+10 2.21919e+13 5.09008e+09 4.87773e+07 5606.09 8.33111e+07 4.09371e+10 1.875e+13 2.07617e+11 6.06659 1.4703e+09 31.7549 131.948 3173.64 -46.503 -4.08797 0.0491799 5.66994 124.895 2966.5 305.836 3.58387 8.22395e+08 37.3965 75.4922 1864.94 30.7471 3.6154 0.031691 4.32666 96.9363 1627.36 182.296 1.63778e+06 inf 
825 1.04707e+07 2.46764e+15 8.04892e+07 2.48271e+08 5.44664e+09 -7.98128e+07 -7.29095e+06 93852.6 1.04381e+07 2.14615e+08 4.96454e+09 5.16111e+08 8.90794e+07 4.81173e+24 6.79928e+09 4.93117e+10 2.40415e+13 5.47735e+09 5.70052e+07 7450.56 1.03435e+08 4.42652e+10 1.92993e+13 2.17485e+11 6.2912 1.48265e+09 48.3609 149.171 3272.54 -47.9545 -4.38067 0.0563901 6.27162 128.949 2982.88 310.099 3.73404 8.32352e+08 41.7909 85.8864 1932.74 31.4859 3.88079 0.0360101 4.77641 99.8417 1642.61 185.773 1.66434e+06 inf 
835 1.09694e+07 2.51382e+15 1.13982e+08 2.83112e+08 5.67237e+09 -8.31695e+07 -7.87281e+06 108685 1.16481e+07 2.23725e+08 5.04302e+09 5.28178e+08 9.68062e+07 4.94088e+24 1.16811e+10 6.35551e+10 2.58231e+13 5.85091e+09 6.57639e+07 9822.32 1.27086e+08 4.7427e+10 1.97042e+13 2.25592e+11 6.51086 1.49208e+09 67.6537 168.041 3366.83 -49.3653 -4.6729 0.0645098 6.91375 132.792 2993.28 313.5 3.88176 8.40451e+08 48.5418 97.3927 1997.93 32.1851 4.14706 0.0408475 5.25663 102.55 1653.99 188.727 1.68478e+06 inf 
845 1.15149e+07 2.56533e+15 1.53491e+08 3.22688e+08 5.9169e+09 -8.68347e+07 -8.50679e+06 125901 1.30056e+07 2.33714e+08 5.1311e+09 5.41055e+08 1.05413e+08 5.08129e+24 1.94861e+10 8.16588e+10 2.77674e+13 6.26408e+09 7.58577e+07 12933.5 1.56049e+08 5.09484e+10 2.01433e+13 2.34002e+11 6.73245 1.49988e+09 89.7426 188.667 3459.46 -50.77 -4.9737 0.073611 7.60404 136.646 3000.02 316.341 4.03811 8.49266e+08 57.7869 110.22 2065.67 32.9371 4.42881 0.0462958 5.7807 105.432 1666.48 191.686 1.71035e+06 inf 
855 1.2079e+07 2.61525e+15 1.99575e+08 3.66821e+08 6.16571e+09 -9.05759e+07 -9.16539e+06 145582 1.44879e+07 2.43863e+08 5.21514e+09 5.53242e+08 1.14573e+08 5.21264e+24 3.13719e+10 1.04359e+11 2.97863e+13 6.69223e+09 8.69975e+07 16967.3 1.90748e+08 5.45864e+10 2.05383e+13 2.41753e+11 6.963 1.50757e+09 115.046 211.456 3554.26 -52.2129 -5.28344 0.0839216 8.35162 140.576 3006.29 318.919 4.19081 8.55616e+08 69.6343 124.277 2130.19 33.639 4.71545 0.0523262 6.34099 108.189 1673.8 194.037 1.73474e+06 inf 
865 1.26693e+07 2.66405e+15 2.53036e+08 4.15946e+08 6.42183e+09 -9.43729e+07 -9.86239e+06 167928 1.61089e+07 2.54379e+08 5.2958e+09 5.64934e+08 1.24602e+08 5.34322e+24 4.88691e+10 1.3277e+11 3.19438e+13 7.13919e+09 9.95218e+07 22158.6 2.32321e+08 5.84665e+10 2.09195e+13 2.49285e+11 7.19858 1.51369e+09 143.773 236.337 3648.82 -53.6218 -5.60372 0.0954152 9.1529 144.536 3009.02 320.99 4.35639 8.62966e+08 84.2398 139.941 2199.16 34.3675 5.01455 0.0590443 6.94455 111.038 1682.87 196.486 1.75997e+06 inf 
875 1.32805e+07 2.71156e+15 3.14072e+08 4.70223e+08 6.68244e+09 -9.82964e+07 -1.05837e+07 193352 1.78724e+07 2.65195e+08 5.37287e+09 5.75906e+08 1.35296e+08 5.46603e+24 7.35905e+10 1.67882e+11 3.4183e+13 7.61294e+09 1.13313e+08 28840.6 2.8189e+08 6.25677e+10 2.12605e+13 2.56114e+11 7.42768 1.51656e+09 175.658 262.993 3737.45 -54.9766 -5.91943 0.10814 9.99592 148.322 3005.01 322.101 4.52769 8.70152e+08 101.503 157.258 2269.33 35.1489 5.32311 0.0666036 7.59873 113.993 1691.38 198.731 1.78797e+06 inf 
885 1.3936e+07 2.76144e+15 3.84153e+08 5.30844e+08 6.95881e+09 -1.0242e+08 -1.13474e+07 222398 1.98097e+07 2.76687e+08 5.45358e+09 5.86994e+08 1.4702e+08 5.58988e+24 1.07983e+11 2.11381e+11 3.65809e+13 8.1158e+09 1.28642e+08 37407 3.40963e+08 6.6986e+10 2.15953e+13 2.62691e+11 7.66072 1.51798e+09 211.171 291.808 3825.3 -56.3007 -6.23774 0.122254 10.8895 152.097 2997.86 322.674 4.70435 8.76654e+08 121.514 176.197 2340.04 35.9379 5.63966 0.0749458 8.29751 117.001 1698.19 200.71 1.81916e+06 inf 
895 1.46134e+07 2.80937e+15 4.62952e+08 5.9722e+08 7.23892e+09 -1.06672e+08 -1.21362e+07 255283 2.19072e+07 2.88564e+08 5.52906e+09 5.97188e+08 1.59603e+08 5.70655e+24 1.54371e+11 2.64513e+11 3.90814e+13 8.64829e+09 1.45428e+08 48352.9 4.10817e+08 7.16835e+10 2.18901e+13 2.68551e+11 7.89093 1.517e+09 249.984 322.486 3908.86 -57.6005 -6.55327 0.137848 11.8294 155.818 2985.57 322.468 4.89035 8.83247e+08 144.447 197.063 2413.28 36.7706 5.96511 0.0843064 9.04969 120.117 1704.86 202.548 1.85193e+06 inf 
905 1.53219e+07 2.85586e+15 5.51794e+08 6.70076e+08 7.52705e+09 -1.10928e+08 -1.2952e+07 292202 2.41669e+07 3.00778e+08 5.60053e+09 6.0667e+08 1.73233e+08 5.81621e+24 2.16152e+11 3.29203e+11 4.17184e+13 9.19318e+09 1.63742e+08 62143.5 4.92684e+08 7.66455e+10 2.21477e+13 2.73775e+11 8.10905 1.51145e+09 292.035 354.636 3983.67 -58.7083 -6.85478 0.154647 12.7903 159.186 2964.06 321.078 5.09179 8.90907e+08 170.625 220.143 2491.93 37.667 6.29857 0.0947286 9.85702 123.387 1713.46 204.459 1.88948e+06 inf 
915 1.60619e+07 2.90092e+15 6.51176e+08 7.49857e+08 7.82378e+09 -1.15303e+08 -1.37991e+07 333832 2.66148e+07 3.13575e+08 5.66792e+09 6.15499e+08 1.8799e+08 5.92097e+24 2.97106e+11 4.07652e+11 4.45049e+13 9.76927e+09 1.83751e+08 79608.1 5.88901e+08 8.19859e+10 2.23757e+13 2.78398e+11 8.36908 1.51153e+09 339.297 390.715 4076.6 -60.0789 -7.19005 0.173944 13.8677 163.389 2953.29 320.708 5.28313 8.94656e+08 199.213 244.438 2563.34 38.4815 6.6368 0.105941 10.7021 126.582 1713.77 205.443 1.91919e+06 inf 
925 1.68865e+07 2.95376e+15 7.63855e+08 8.39324e+08 8.15351e+09 -1.20086e+08 -1.47233e+07 381726 2.93443e+07 3.27937e+08 5.74891e+09 6.25472e+08 2.04686e+08 6.03992e+24 4.02702e+11 5.03887e+11 4.76093e+13 1.04006e+10 2.06361e+08 101912 7.04095e+08 8.80406e+10 2.26433e+13 2.83324e+11 8.59751 1.50386e+09 388.905 427.329 4151.23 -61.1402 -7.49617 0.19435 14.9402 166.964 2926.97 318.45 5.50417 9.01961e+08 231.911 271.912 2647.04 39.4611 6.99093 0.118806 11.6306 130.182 1720.85 206.978 1.96412e+06 inf 
935 1.77277e+07 3.00181e+15 8.87722e+08 9.35624e+08 8.4831e+09 -1.24792e+08 -1.56536e+07 434976 3.22385e+07 3.42462e+08 5.81912e+09 6.33939e+08 2.22442e+08 6.14309e+24 5.36656e+11 6.18347e+11 5.08113e+13 1.10396e+10 2.30443e+08 129656 8.36686e+08 9.43703e+10 2.28397e+13 2.87106e+11 8.83505 1.49603e+09 442.419 466.292 4227.77 -62.1935 -7.80138 0.216782 16.0669 170.675 2900.11 315.94 5.72726 9.07446e+08 267.81 301.232 2729.3 40.4209 7.34748 0.132752 12.6031 133.798 1723.99 208.011 2.00652e+06 inf 
945 1.8606e+07 3.04831e+15 1.02388e+09 1.0398e+09 8.82182e+09 -1.295e+08 -1.66115e+07 494381 3.53424e+07 3.5765e+08 5.88465e+09 6.41614e+08 2.41721e+08 6.241e+24 7.0455e+11 7.54503e+11 5.41972e+13 1.16991e+10 2.5638e+08 164223 9.90373e+08 1.01198e+11 2.30029e+13 2.90234e+11 9.06441 1.48507e+09 498.81 506.565 4297.78 -63.0894 -8.09273 0.240851 17.218 174.239 2866.86 312.579 5.96633 9.13806e+08 307.293 333.119 2816.5 41.4637 7.70777 0.148311 13.6392 137.631 1728.45 209.02 2.05264e+06 inf 
955 1.94928e+07 3.08938e+15 1.17165e+09 1.15059e+09 9.15699e+09 -1.34033e+08 -1.75505e+07 559940 3.85878e+07 3.72811e+08 5.93854e+09 6.47522e+08 2.61844e+08 6.3161e+24 9.10991e+11 9.13208e+11 5.76188e+13 1.23458e+10 2.83298e+08 206568 1.16425e+09 1.0824e+11 2.30718e+13 2.91859e+11 9.27997 1.47077e+09 557.788 547.763 4359.38 -63.809 -8.35528 0.266571 18.3705 177.484 2827.17 308.266 6.20794 9.18564e+08 350.099 367.024 2902.83 42.4955 8.06592 0.16517 14.7237 141.524 1729.43 209.565 2.10053e+06 inf 
965 2.04816e+07 3.13809e+15 1.33603e+09 1.27354e+09 9.5312e+09 -1.38894e+08 -1.85914e+07 634531 4.22026e+07 3.90104e+08 6.00494e+09 6.54685e+08 2.84904e+08 6.41282e+24 1.16818e+12 1.10426e+12 6.15073e+13 1.30562e+10 3.13884e+08 259797 1.3706e+09 1.16434e+11 2.3204e+13 2.94151e+11 9.50659 1.45655e+09 620.123 591.117 4423.92 -64.4679 -8.62925 0.294519 19.5884 181.067 2787.2 303.873 6.4702 9.24651e+08 397.063 403.888 2996.27 43.6343 8.43953 0.183968 15.889 145.799 1732.53 210.218 2.15447e+06 inf 
975 2.15531e+07 3.19106e+15 1.51752e+09 1.40831e+09 9.9355e+09 -1.43982e+08 -1.97024e+07 718693 4.61569e+07 4.09086e+08 6.07747e+09 6.62323e+08 3.10558e+08 6.51739e+24 1.48507e+12 1.33125e+12 6.57736e+13 1.3806e+10 3.47593e+08 326069 1.61141e+09 1.25612e+11 2.33495e+13 2.96411e+11 9.76878 1.44633e+09 687.804 638.308 4503.2 -65.2587 -8.93 0.325743 20.9203 185.415 2754.58 300.193 6.73271 9.28494e+08 447.239 442.657 3087.5 44.7078 8.8204 0.204157 17.1085 150.18 1730.7 210.31 2.20632e+06 inf 
985 2.25938e+07 3.23187e+15 1.70852e+09 1.54752e+09 1.03171e+10 -1.48469e+08 -2.07583e+07 809410 5.01911e+07 4.27469e+08 6.12513e+09 6.66863e+08 3.36951e+08 6.58897e+24 1.86046e+12 1.58963e+12 7.00047e+13 1.45019e+10 3.81752e+08 405821 1.87894e+09 1.34976e+11 2.33635e+13 2.96728e+11 10.0253 1.43405e+09 758.107 686.666 4577.92 -65.8789 -9.21089 0.359153 22.2709 189.677 2717.85 295.902 7.00034 9.31215e+08 500.802 483.575 3178.87 45.769 9.19518 0.226011 18.3776 154.643 1726.32 210.016 2.25366e+06 inf 
995 2.37315e+07 3.27909e+15 1.918e+09 1.69935e+09 1.07343e+10 -1.53106e+08 -2.18808e+07 911256 5.45818e+07 4.47752e+08 6.18314e+09 6.72239e+08 3.66207e+08 6.66946e+24 2.31174e+12 1.89128e+12 7.46275e+13 1.52151e+10 4.18799e+08 503520 2.18629e+09 1.45413e+11 2.33964e+13 2.97069e+11 10.285 1.42112e+09 831.238 736.481 4652.12 -66.3544 -9.48289 0.394928 23.6552 194.051 2679.7 291.341 7.2753 9.33212e+08 557.607 526.549 3271.15 46.8098 9.56962 0.249503 19.6964 159.263 1720.16 209.444 2.3074e+06 inf 
1005 2.49007e+07 3.32312e+15 2.14162e+09 1.85993e+09 1.11578e+10 -1.57418e+08 -2.30184e+07 1.02317e+06 5.92211e+07 4.68922e+08 6.23294e+09 6.76451e+08 3.97557e+08 6.74126e+24 2.8442e+12 2.2374e+12 7.9478e+13 1.59167e+10 4.5798e+08 622097 2.53465e+09 1.5675e+11 2.33837e+13 2.96626e+11 10.5126 1.40296e+09 904.154 785.228 4710.62 -66.4591 -9.71798 0.431965 25.0021 197.971 2631.44 285.586 7.57137 9.36878e+08 619.094 572.719 3371.1 47.9891 9.94545 0.275762 21.0945 164.27 1716.89 208.976 2.36864e+06 inf 
1015 2.61301e+07 3.36763e+15 2.38149e+09 2.03106e+09 1.15997e+10 -1.61495e+08 -2.41927e+07 1.14638e+06 6.41606e+07 4.91441e+08 6.2815e+09 6.80324e+08 4.31637e+08 6.81197e+24 3.47068e+12 2.63476e+12 8.46587e+13 1.6589e+10 4.99655e+08 765350 2.92915e+09 1.69159e+11 2.33527e+13 2.95783e+11 10.7686 1.38785e+09 981.447 837.032 4780.42 -66.5544 -9.97017 0.47244 26.4416 202.53 2588.7 280.372 7.86898 9.38713e+08 683.434 620.645 3469.4 49.0621 10.3204 0.303665 22.5386 169.395 1709.57 208.058 2.42651e+06 inf 
1025 2.74352e+07 3.41495e+15 2.63975e+09 2.21434e+09 1.20678e+10 -1.65406e+08 -2.54256e+07 1.28308e+06 6.94735e+07 5.15847e+08 6.33299e+09 6.84261e+08 4.68837e+08 6.88705e+24 4.20491e+12 3.09051e+12 9.02454e+13 1.72587e+10 5.45069e+08 939050 3.38029e+09 1.83056e+11 2.33209e+13 2.94776e+11 11.0143 1.37098e+09 1059.77 888.98 4844.79 -66.4046 -10.2075 0.515111 27.8912 207.095 2542.47 274.707 8.17972 9.40914e+08 751.675 671.153 3571.88 50.1916 10.7067 0.33415 24.0656 174.935 1702.45 207.071 2.49088e+06 inf 
1035 2.87733e+07 3.45918e+15 2.91231e+09 2.40621e+09 1.25421e+10 -1.6862e+08 -2.66509e+07 1.43154e+06 7.50149e+07 5.41068e+08 6.37662e+09 6.87077e+08 5.0824e+08 6.94913e+24 5.048e+12 3.6023e+12 9.603e+13 1.78359e+10 5.91303e+08 1.14544e+06 3.87933e+09 1.97819e+11 2.32318e+13 2.92845e+11 11.2209 1.349e+09 1135.73 938.363 4891.11 -65.7576 -10.3932 0.558264 29.254 211.003 2486.72 267.943 8.50255 9.43502e+08 823.844 724.074 3677.83 51.298 11.0714 0.367472 25.633 180.616 1695.89 205.934 2.56426e+06 inf 
1045 3.01539e+07 3.50277e+15 3.19961e+09 2.60711e+09 1.30281e+10 -1.71333e+08 -2.7902e+07 1.59362e+06 8.08555e+07 5.67735e+08 6.41682e+09 6.89262e+08 5.50331e+08 7.0081e+24 6.01168e+12 4.17592e+12 1.02111e+14 1.8363e+10 6.40559e+08 1.39115e+06 4.43877e+09 2.14041e+11 2.31186e+13 2.90488e+11 11.4187 1.32643e+09 1211.63 987.261 4933.48 -64.8805 -10.5659 0.603474 30.6184 214.99 2429.93 261.01 8.83251 9.45732e+08 899.145 778.882 3785.27 52.3854 11.4424 0.403264 27.2652 186.635 1688.2 204.636 2.64075e+06 inf 
1055 3.16061e+07 3.54843e+15 3.5054e+09 2.81995e+09 1.3538e+10 -1.7346e+08 -2.91912e+07 1.77149e+06 8.70678e+07 5.96301e+08 6.45845e+09 6.91367e+08 5.95593e+08 7.0664e+24 7.11297e+12 4.8208e+12 1.08565e+14 1.88122e+10 6.92015e+08 1.684e+06 5.06488e+09 2.31834e+11 2.29888e+13 2.87761e+11 11.598 1.30211e+09 1286.32 1034.79 4967.84 -63.6519 -10.7119 0.650055 31.9499 218.816 2369.96 253.7 9.16744 9.47391e+08 977.5 835.594 3893.46 53.4009 11.7981 0.442016 28.9445 192.853 1679.03 203.055 2.72513e+06 inf 
1065 3.30539e+07 3.58891e+15 3.82071e+09 3.03709e+09 1.40397e+10 -1.74549e+08 -3.04373e+07 1.96215e+06 9.3425e+07 6.25395e+08 6.48879e+09 6.91916e+08 6.42218e+08 7.10586e+24 8.33425e+12 5.52191e+12 1.15051e+14 1.91217e+10 7.43748e+08 2.02461e+06 5.74375e+09 2.50588e+11 2.27875e+13 2.83979e+11 11.7505 1.27585e+09 1358.25 1079.67 4991.05 -62.0514 -10.8203 0.697537 33.2123 222.326 2306.74 245.974 9.49902 9.478e+08 1057.34 892.932 3998.71 54.2893 12.1375 0.482892 30.6403 199.134 1667.28 201.123 2.81297e+06 inf 
1075 3.46634e+07 3.64144e+15 4.16447e+09 3.27432e+09 1.46038e+10 -1.75391e+08 -3.18357e+07 2.17584e+06 1.00469e+08 6.5855e+08 6.53813e+09 6.94405e+08 6.94547e+08 7.17199e+24 9.74222e+12 6.3221e+12 1.22348e+14 1.93957e+10 8.01816e+08 2.43398e+06 6.52493e+09 2.72304e+11 2.26563e+13 2.81043e+11 11.93 1.25326e+09 1433.27 1126.91 5026.11 -60.3635 -10.9567 0.748849 34.5779 226.65 2250.2 238.99 9.8344 9.47468e+08 1139.59 951.804 4104.42 55.0599 12.4863 0.526227 32.4041 205.784 1653.52 199.02 2.90558e+06 inf 
1085 3.61944e+07 3.68236e+15 4.50821e+09 3.5083e+09 1.51294e+10 -1.74493e+08 -3.3125e+07 2.40037e+06 1.07475e+08 6.91169e+08 6.56454e+09 6.94023e+08 7.46646e+08 7.20594e+24 1.12612e+13 7.16926e+12 1.294e+14 1.94742e+10 8.586e+08 2.90285e+06 7.35732e+09 2.94805e+11 2.24118e+13 2.7655e+11 11.9885 1.21969e+09 1493.23 1162.03 5011.21 -57.7964 -10.9718 0.795061 35.5983 228.932 2174.33 229.877 10.1776 9.48235e+08 1224.85 1012.08 4212.86 55.7664 12.8066 0.57391 34.2006 212.69 1641.83 196.866 3.0191e+06 inf 
1095 3.79122e+07 3.73724e+15 4.88498e+09 3.76538e+09 1.57278e+10 -1.73113e+08 -3.45638e+07 2.65264e+06 1.15253e+08 7.28407e+08 6.61318e+09 6.95925e+08 8.04452e+08 7.26383e+24 1.29905e+13 8.12406e+12 1.37245e+14 1.947e+10 9.19797e+08 3.46158e+06 8.29885e+09 3.20368e+11 2.22303e+13 2.72743e+11 12.0984 1.19262e+09 1558.88 1201.6 5019.01 -55.2433 -11.0299 0.846502 36.7793 232.447 2110.38 222.082 10.5044 9.46401e+08 1309.73 1071.77 4313.54 56.2262 13.1097 0.622964 35.9943 219.552 1624.93 194.208 3.13364e+06 inf 
1105 3.94424e+07 3.77132e+15 5.24525e+09 4.00684e+09 1.62437e+10 -1.69279e+08 -3.57986e+07 2.90863e+06 1.22646e+08 7.63171e+08 6.62307e+09 6.93393e+08 8.5938e+08 7.27284e+24 1.47879e+13 9.09667e+12 1.44405e+14 1.91839e+10 9.77133e+08 4.08329e+06 9.27042e+09 3.45993e+11 2.18906e+13 2.66912e+11 12.1527 1.16199e+09 1616.13 1234.56 5004.89 -52.1569 -11.03 0.896184 37.7888 235.143 2040.65 213.643 10.8212 9.43731e+08 1394.45 1130.78 4409.56 56.484 13.3943 0.674513 37.7934 226.523 1606.4 191.3 3.24557e+06 inf 
1115 4.11997e+07 3.82436e+15 5.64307e+09 4.2747e+09 1.68492e+10 -1.64569e+08 -3.72392e+07 3.19831e+06 1.30996e+08 8.03848e+08 6.66367e+09 6.9396e+08 9.21068e+08 7.31771e+24 1.68194e+13 1.01891e+13 1.52528e+14 1.88499e+10 1.04112e+09 4.82264e+06 1.03793e+10 3.75748e+11 2.16497e+13 2.62272e+11 12.1054 1.12368e+09 1658.06 1256 4950.68 -48.354 -10.9417 0.939736 38.4895 236.189 1957.94 203.901 11.1396 9.42041e+08 1480.79 1190.07 4506.32 56.5722 13.645 0.730682 39.6007 233.705 1589.86 188.377 3.40342e+06 inf 
1125 4.28683e+07 3.86659e+15 6.03663e+09 4.53698e+09 1.74149e+10 -1.57803e+08 -3.85929e+07 3.49975e+06 1.39326e+08 8.44423e+08 6.6827e+09 6.92211e+08 9.8228e+08 7.33919e+24 1.89674e+13 1.13268e+13 1.60409e+14 1.82786e+10 1.10405e+09 5.65719e+06 1.15543e+10 4.06954e+11 2.13293e+13 2.56644e+11 12.085 1.09003e+09 1701.79 1279.02 4909.42 -44.4861 -10.8797 0.986614 39.2775 238.051 1883.92 195.141 11.4397 9.38522e+08 1565.58 1247.9 4595.49 56.3374 13.8879 0.788296 41.4072 240.948 1569.64 185.123 3.54723e+06 inf 
1135 4.46343e+07 3.9173e+15 6.45082e+09 4.81181e+09 1.80177e+10 -1.49305e+08 -4.00065e+07 3.83032e+06 1.48222e+08 8.88694e+08 6.71445e+09 6.91432e+08 1.04596e+09 7.36649e+24 2.1284e+13 1.25391e+13 1.68553e+14 1.75788e+10 1.16838e+09 6.61957e+06 1.28342e+10 4.41135e+11 2.102e+13 2.51069e+11 11.9597 1.04963e+09 1728.49 1289.32 4827.83 -40.006 -10.7197 1.02633 39.7158 238.124 1799.13 185.268 11.7145 9.33867e+08 1647.83 1302.88 4675 55.7649 14.0767 0.848738 43.1457 247.989 1547.72 181.519 3.73206e+06 inf 
1145 4.62579e+07 3.95556e+15 6.85034e+09 5.07278e+09 1.8561e+10 -1.37836e+08 -4.12875e+07 4.16954e+06 1.56892e+08 9.31987e+08 6.72297e+09 6.87983e+08 1.10703e+09 7.36521e+24 2.36573e+13 1.37614e+13 1.76139e+14 1.6664e+10 1.23059e+09 7.68371e+06 1.41643e+10 4.76465e+11 2.0624e+13 2.44492e+11 11.7502 1.00477e+09 1740.09 1288.56 4714.77 -35.0124 -10.4876 1.05913 39.8528 236.738 1707.74 174.758 11.9639 9.28066e+08 1726.67 1354.69 4744.77 54.8364 14.2337 0.91106 44.8297 254.92 1523.95 177.664 3.93678e+06 inf 
1155 4.79803e+07 4.00254e+15 7.26926e+09 5.34644e+09 1.91424e+10 -1.2442e+08 -4.26582e+07 4.53938e+06 1.66202e+08 9.79527e+08 6.7439e+09 6.85725e+08 1.17082e+09 7.37556e+24 2.62002e+13 1.50581e+13 1.84051e+14 1.56393e+10 1.29437e+09 8.90285e+06 1.56118e+10 5.15377e+11 2.02566e+13 2.38248e+11 11.5026 9.59555e+08 1742.71 1281.74 4589.13 -29.8281 -10.2267 1.08825 39.8446 234.828 1616.76 164.393 12.181 9.20567e+08 1801.14 1402.54 4802.45 53.4752 14.343 0.9747 46.4234 261.553 1497.45 173.469 4.17125e+06 inf 
1165 4.97068e+07 4.05164e+15 7.69429e+09 5.62163e+09 1.9725e+10 -1.08201e+08 -4.40235e+07 4.93481e+06 1.75826e+08 1.02955e+09 6.76643e+09 6.83322e+08 1.23413e+09 7.38076e+24 2.88436e+13 1.63866e+13 1.91801e+14 1.45047e+10 1.3578e+09 1.02727e+07 1.71478e+10 5.56994e+11 1.98722e+13 2.31798e+11 11.1659 9.10139e+08 1728.4 1262.81 4430.91 -24.3058 -9.88919 1.10853 39.4966 231.274 1519.97 153.498 12.3512 9.10835e+08 1868.66 1444.41 4842.73 51.6477 14.3949 1.03864 47.875 267.643 1467.54 168.844 4.45167e+06 inf 
1175 5.13409e+07 4.09487e+15 8.10891e+09 5.88711e+09 2.02703e+10 -8.92601e+07 -4.53393e+07 5.34521e+06 1.85497e+08 1.08051e+09 6.77676e+09 6.7967e+08 1.2953e+09 7.37463e+24 3.15329e+13 1.77187e+13 1.99141e+14 1.33115e+10 1.42079e+09 1.17915e+07 1.87643e+10 6.01187e+11 1.94543e+13 2.25034e+11 10.8141 8.62516e+08 1708.01 1240.02 4269.6 -18.8011 -9.54995 1.12588 39.0719 227.59 1427.41 143.161 12.4856 8.99671e+08 1929.92 1481.38 4869.92 49.5011 14.4244 1.10276 49.2522 273.555 1435.35 164.026 4.74759e+06 inf 
1185 5.29119e+07 4.13625e+15 8.51725e+09 6.14514e+09 2.07916e+10 -6.71237e+07 -4.65829e+07 5.77552e+06 1.95234e+08 1.13277e+09 6.78262e+09 6.75331e+08 1.35287e+09 7.35366e+24 3.42269e+13 1.9028e+13 2.05879e+14 1.20816e+10 1.47911e+09 1.34612e+07 2.04255e+10 6.4707e+11 1.90009e+13 2.17849e+11 10.4097 8.13754e+08 1675.66 1208.98 4090.48 -13.2057 -9.16461 1.13626 38.4098 222.858 1334.4 132.863 12.5618 8.85745e+08 1981.38 1510.59 4875.67 46.9309 14.3877 1.165 50.4296 278.635 1399.14 158.766 5.08292e+06 inf 
1195 5.44317e+07 4.1767e+15 8.91996e+09 6.3974e+09 2.12937e+10 -4.25424e+07 -4.78145e+07 6.22685e+06 2.05194e+08 1.18723e+09 6.78466e+09 6.70693e+08 1.40784e+09 7.32858e+24 3.69372e+13 2.03233e+13 2.12207e+14 1.09115e+10 1.53614e+09 1.53069e+07 2.21657e+10 6.95915e+11 1.85383e+13 2.10619e+11 9.99104 7.66642e+08 1637.28 1174.25 3908.5 -7.80874 -8.77644 1.14295 37.6637 217.918 1245.34 123.107 12.5933 8.70308e+08 2024.65 1533.46 4865.65 44.0665 14.3156 1.22608 51.4782 283.281 1360.83 153.311 5.44805e+06 inf 
1205 5.60136e+07 4.2268e+15 9.33574e+09 6.65622e+09 2.18219e+10 -1.40586e+07 -4.91249e+07 6.7148e+06 2.15783e+08 1.24645e+09 6.80056e+09 6.67143e+08 1.46246e+09 7.3132e+24 3.97195e+13 2.16335e+13 2.18472e+14 9.91899e+09 1.59412e+09 1.73712e+07 2.40267e+10 7.49187e+11 1.8102e+13 2.0376e+11 9.35654 7.06048e+08 1559.45 1111.86 3645.15 -2.34835 -8.20585 1.12165 36.0445 208.208 1135.97 111.44 12.5198 8.50352e+08 2050.1 1541.9 4817.32 40.6369 14.1049 1.28204 52.0983 285.997 1316.57 147.029 5.98656e+06 inf 
1215 5.72983e+07 4.26054e+15 9.70316e+09 6.87825e+09 2.22368e+10 1.76085e+07 -5.02078e+07 7.19894e+06 2.25664e+08 1.3029e+09 6.7889e+09 6.60762e+08 1.50658e+09 7.26238e+24 4.22708e+13 2.27963e+13 2.23182e+14 9.14259e+09 1.64365e+09 1.95475e+07 2.58467e+10 8.02142e+11 1.75849e+13 1.96064e+11 8.7203 6.48418e+08 1476.74 1046.81 3384.24 2.67985 -7.64119 1.09562 34.3441 198.289 1033.21 100.562 12.3792 8.27542e+08 2062.16 1540.65 4744.82 37.2054 13.8478 1.33214 52.4797 287.681 1268.36 140.451 6.57068e+06 inf 
1225 5.85466e+07 4.29756e+15 1.00661e+10 7.09417e+09 2.26407e+10 5.3248e+07 -5.12734e+07 7.70805e+06 2.35764e+08 1.36202e+09 6.78128e+09 6.54612e+08 1.54608e+09 7.20784e+24 4.47521e+13 2.38974e+13 2.27254e+14 8.71792e+09 1.68965e+09 2.19107e+07 2.77137e+10 8.57692e+11 1.70668e+13 1.88421e+11 8.10027 5.94593e+08 1392.7 981.52 3132.48 7.36718 -7.09397 1.06645 32.6193 188.443 938.23 90.5694 12.1776 8.02313e+08 2062.06 1530.67 4650.75 33.9397 13.5443 1.37628 52.634 288.368 1216.97 133.665 7.22774e+06 inf 
1235 5.97484e+07 4.33765e+15 1.04214e+10 7.30268e+09 2.30299e+10 9.23846e+07 -5.23624e+07 8.24205e+06 2.46187e+08 1.42439e+09 6.77682e+09 6.48793e+08 1.58132e+09 7.15669e+24 4.71459e+13 2.49305e+13 2.3076e+14 8.81781e+09 1.73446e+09 2.44893e+07 2.96574e+10 9.17044e+11 1.65651e+13 1.81077e+11 7.46437 5.41902e+08 1301.94 912.323 2877.12 11.5416 -6.54164 1.02968 30.7561 177.948 846.627 81.0537 11.9095 7.74872e+08 2048.14 1510.71 4533.32 31.1191 13.1869 1.41393 52.5276 287.925 1163.05 126.697 8.00449e+06 inf 
1245 6.07772e+07 4.37324e+15 1.07467e+10 7.4876e+09 2.33561e+10 1.35095e+08 -5.33308e+07 8.78741e+06 2.56365e+08 1.48707e+09 6.76424e+09 6.42064e+08 1.60724e+09 7.08816e+24 4.92937e+13 2.58104e+13 2.32981e+14 9.52039e+09 1.77129e+09 2.72174e+07 3.15659e+10 9.77087e+11 1.6034e+13 1.73474e+11 6.85468 4.9323e+08 1212.05 844.479 2634.19 15.2365 -6.01484 0.991075 28.9137 167.717 762.895 72.4143 11.5881 7.45756e+08 2022.49 1482.51 4397.45 29.0102 12.7904 1.4448 52.193 286.48 1107.41 119.671 8.86654e+06 inf 
1255 6.15923e+07 4.40359e+15 1.10344e+10 7.64306e+09 2.36057e+10 1.81457e+08 -5.41544e+07 9.34141e+06 2.66152e+08 1.54942e+09 6.74359e+09 6.34341e+08 1.62232e+09 7.00055e+24 5.11244e+13 2.65041e+13 2.33739e+14 1.10041e+10 1.79984e+09 3.0069e+07 3.34134e+10 1.03721e+12 1.54745e+13 1.65647e+11 6.24042 4.46164e+08 1117.98 774.382 2391.69 18.3849 -5.48683 0.946455 26.9661 156.984 683.249 64.2703 11.1995 7.14298e+08 1982.41 1444.19 4238.14 27.8731 12.339 1.46655 51.558 283.626 1049.3 112.483 9.86989e+06 inf 
1265 6.23857e+07 4.44062e+15 1.13168e+10 7.79389e+09 2.38507e+10 2.31185e+08 -5.50636e+07 9.92536e+06 2.76466e+08 1.61642e+09 6.73143e+09 6.27569e+08 1.63385e+09 6.92528e+24 5.28463e+13 2.7126e+13 2.34079e+14 1.33901e+10 1.83005e+09 3.31656e+07 3.53587e+10 1.10236e+12 1.49526e+13 1.5839e+11 5.66867 4.03497e+08 1028.3 708.191 2167.19 21.0066 -5.00335 0.901866 25.121 146.876 611.65 57.024 10.7854 6.82975e+08 1935.06 1401.17 4070.97 27.8461 11.885 1.48331 50.8114 280.345 992.243 105.548 1.10054e+07 inf 
1275 6.28437e+07 4.46546e+15 1.15372e+10 7.89822e+09 2.39737e+10 2.85285e+08 -5.56755e+07 1.04964e+07 2.8571e+08 1.67959e+09 6.70116e+09 6.18688e+08 1.62891e+09 6.81283e+24 5.40299e+13 2.74477e+13 2.32196e+14 1.68367e+10 1.84276e+09 3.62767e+07 3.7078e+10 1.16327e+12 1.43695e+13 1.50512e+11 5.06384 3.5982e+08 929.647 636.426 1931.76 22.9878 -4.48624 0.845785 23.0221 135.339 539.969 49.8529 10.2768 6.47686e+08 1867.99 1344.12 3870.18 28.779 11.3296 1.48586 49.5749 274.623 930.756 98.1975 1.24103e+07 inf 
1285 6.32183e+07 4.49367e+15 1.174e+10 7.98977e+09 2.40698e+10 3.41681e+08 -5.63289e+07 1.10879e+07 2.95214e+08 1.74607e+09 6.6749e+09 6.10438e+08 1.61856e+09 6.70787e+24 5.50065e+13 2.76555e+13 2.29671e+14 2.1458e+10 1.8556e+09 3.95758e+07 3.8839e+10 1.22786e+12 1.38171e+13 1.43144e+11 4.47536 3.18117e+08 831.098 565.613 1703.95 24.1883 -3.98764 0.78494 20.8988 123.608 472.531 43.2142 9.7238 6.11283e+08 1789.78 1279.8 3654.51 30.5611 10.7453 1.47835 48.0909 267.664 868.827 90.9174 1.41258e+07 inf 
1295 6.33617e+07 4.5177e+15 1.18976e+10 8.04903e+09 2.40831e+10 3.9986e+08 -5.68595e+07 1.16836e+07 3.04328e+08 1.81243e+09 6.64211e+09 6.01598e+08 1.59702e+09 6.59011e+24 5.55716e+13 2.76429e+13 2.25693e+14 2.73057e+10 1.85971e+09 4.29661e+07 4.04896e+10 1.29191e+12 1.32562e+13 1.35785e+11 3.87639 2.76387e+08 727.88 492.43 1473.37 24.4629 -3.4786 0.714789 18.6184 110.882 406.356 36.805 9.0927 5.71651e+08 1694.11 1203.61 3411.27 32.7428 10.0833 1.45523 46.1569 258.345 803.663 83.382 1.63455e+07 inf 
1305 6.32147e+07 4.53381e+15 1.19981e+10 8.06688e+09 2.39929e+10 4.60399e+08 -5.71576e+07 1.22692e+07 3.1253e+08 1.87607e+09 6.59872e+09 5.91647e+08 1.5615e+09 6.44772e+24 5.5603e+13 2.73518e+13 2.19896e+14 3.45628e+10 1.85003e+09 4.63118e+07 4.18962e+10 1.35146e+12 1.26683e+13 1.28225e+11 3.33769 2.39382e+08 633.493 425.925 1266.81 24.3087 -3.01788 0.647804 16.5013 99.0549 348.408 31.2386 8.44428 5.32101e+08 1592.01 1123.72 3163.16 35.128 9.4113 1.42323 44.0431 248.081 739.927 76.1205 1.89396e+07 inf 
1315 6.29847e+07 4.55727e+15 1.2079e+10 8.07082e+09 2.38768e+10 5.24151e+08 -5.7497e+07 1.28798e+07 3.2102e+08 1.94365e+09 6.56577e+09 5.82573e+08 1.52031e+09 6.31348e+24 5.53711e+13 2.69291e+13 2.13434e+14 4.3277e+10 1.83872e+09 4.98151e+07 4.32994e+10 1.41387e+12 1.21145e+13 1.21173e+11 2.74609 1.98693e+08 526.634 351.882 1041.01 22.8526 -2.50683 0.56155 13.9962 84.7417 286.263 25.3998 7.66443 4.85576e+08 1461.78 1024.83 2867.37 36.9406 8.59551 1.36256 41.133 233.372 668.008 68.1022 2.29362e+07 inf 
1325 6.24252e+07 4.5711e+15 1.20923e+10 8.02896e+09 2.3642e+10 5.88228e+08 -5.76158e+07 1.34679e+07 3.28457e+08 2.00749e+09 6.51952e+09 5.72231e+08 1.46697e+09 6.15852e+24 5.46232e+13 2.62545e+13 2.05406e+14 5.33178e+10 1.81621e+09 5.32141e+07 4.44544e+10 1.47155e+12 1.1542e+13 1.14055e+11 2.15849 1.58056e+08 418.119 277.619 817.473 20.3393 -1.99219 0.465681 11.3571 69.4133 225.427 19.7862 6.78709 4.33547e+08 1309.16 911.447 2536.55 37.814 7.67012 1.27402 37.525 214.625 590.148 59.6004 2.89208e+07 inf 
1335 6.16473e+07 4.5828e+15 1.20596e+10 7.95446e+09 2.33308e+10 6.55141e+08 -5.75871e+07 1.40507e+07 3.35264e+08 2.07023e+09 6.47144e+09 5.61566e+08 1.4037e+09 5.99172e+24 5.34256e+13 2.5363e+13 1.96125e+14 6.48331e+10 1.78348e+09 5.65462e+07 4.53887e+10 1.52544e+12 1.09704e+13 1.07049e+11 1.7106 1.27164e+08 334.632 220.722 647.388 18.179 -1.59794 0.389881 9.30296 57.4452 179.571 15.5824 6.00201 3.87413e+08 1170.68 809.357 2241.21 38.3213 6.85091 1.1904 34.2477 197.556 521.693 52.2264 3.60384e+07 inf 
1345 6.06749e+07 4.5923e+15 1.19843e+10 7.85212e+09 2.29512e+10 7.21276e+08 -5.74766e+07 1.46292e+07 3.4165e+08 2.13277e+09 6.42054e+09 5.50921e+08 1.33381e+09 5.82164e+24 5.18759e+13 2.43148e+13 1.86044e+14 7.76103e+10 1.745e+09 5.98213e+07 4.61586e+10 1.57707e+12 1.04146e+13 1.00341e+11 1.34898 1.021e+08 266.445 174.576 510.273 16.0361 -1.27788 0.32525 7.59588 47.4177 142.748 12.2486 5.27588 3.44975e+08 1040.37 714.223 1968.74 38.3191 6.0962 1.10644 31.1214 181.148 459.534 45.6164 4.49783e+07 inf 
1355 5.94207e+07 4.59519e+15 1.18476e+10 7.70953e+09 2.24707e+10 7.87087e+08 -5.71733e+07 1.518e+07 3.46992e+08 2.19149e+09 6.36139e+09 5.39427e+08 1.25533e+09 5.63687e+24 4.98893e+13 2.30734e+13 1.74872e+14 9.15124e+10 1.69671e+09 6.28927e+07 4.66508e+10 1.62261e+12 9.855e+12 9.37178e+10 1.03051 7.96926e+07 205.468 133.703 389.701 13.6501 -0.991535 0.263262 6.01775 38.0062 110.323 9.35509 4.55069 3.02336e+08 907.19 618.285 1697.31 37.4264 5.33314 1.01065 27.7999 163.389 398.422 39.2147 5.76614e+07 inf 
1365 5.79495e+07 4.59961e+15 1.16595e+10 7.53443e+09 2.19146e+10 8.53218e+08 -5.67192e+07 1.57227e+07 3.51572e+08 2.24862e+09 6.30649e+09 5.27824e+08 1.17067e+09 5.44331e+24 4.75382e+13 2.16822e+13 1.62946e+14 1.06323e+11 1.64056e+09 6.57525e+07 4.68785e+10 1.6622e+12 9.30394e+12 8.72873e+10 0.746283 5.92345e+07 150.153 97.0296 282.22 10.9879 -0.730438 0.202479 4.52761 28.958 81.216 6.7974 3.81039 2.58052e+08 767.892 519.435 1420.84 35.3342 4.53805 0.897648 24.1497 143.414 336.484 32.8313 7.76509e+07 inf 
1375 5.6304e+07 4.60375e+15 1.14269e+10 7.33378e+09 2.12965e+10 9.17152e+08 -5.61691e+07 1.6246e+07 3.55504e+08 2.30405e+09 6.25136e+09 5.16118e+08 1.08286e+09 5.24724e+24 4.49346e+13 2.01984e+13 1.50655e+14 1.21864e+11 1.5787e+09 6.84166e+07 4.68956e+10 1.69728e+12 8.76993e+12 8.11607e+10 0.509634 4.16706e+07 103.43 66.3815 192.765 8.30156 -0.508413 0.14705 3.21783 20.855 56.584 4.67162 3.08897 2.13913e+08 629.306 422.396 1151.73 32.1579 3.7458 0.773076 20.3499 122.18 276.005 26.6983 1.10479e+08 inf 
1385 5.43882e+07 4.59864e+15 1.11316e+10 7.09497e+09 2.0581e+10 9.77765e+08 -5.54096e+07 1.6721e+07 3.5808e+08 2.35335e+09 6.18491e+09 5.03462e+08 9.90913e+08 5.0384e+24 4.20269e+13 1.86068e+13 1.37857e+14 1.37602e+11 1.50952e+09 7.06981e+07 4.66018e+10 1.72376e+12 8.23627e+12 7.51678e+10 0.360769 3.05038e+07 73.8381 47.0625 136.518 6.48573 -0.367544 0.110914 2.37522 15.6103 41.0259 3.33957 2.53827 1.80251e+08 522.802 348.15 946.467 29.5073 3.14291 0.675762 17.4206 105.785 230.108 22.0783 1.50756e+08 inf 
1395 5.22617e+07 4.58477e+15 1.07875e+10 6.82662e+09 1.97887e+10 1.03421e+09 -5.44815e+07 1.71557e+07 3.5955e+08 2.39779e+09 6.10825e+09 4.9037e+08 8.97218e+08 4.82192e+24 3.8905e+13 1.69529e+13 1.24873e+14 1.5326e+11 1.4335e+09 7.25968e+07 4.60061e+10 1.74156e+12 7.71313e+12 6.93888e+10 0.270578 2.37371e+07 55.8509 35.3439 102.454 5.35448 -0.282071 0.0888214 1.86152 12.4143 31.6247 2.53883 2.13823 1.56209e+08 445.316 294.147 797.505 27.6553 2.70965 0.606606 15.3207 94.1412 197.316 18.7831 1.93148e+08 inf 
1405 4.99603e+07 4.56073e+15 1.04046e+10 6.53368e+09 1.89325e+10 1.08807e+09 -5.34162e+07 1.7549e+07 3.60002e+08 2.43754e+09 6.0199e+09 4.76968e+08 8.04011e+08 4.60161e+24 3.5656e+13 1.52811e+13 1.11979e+14 1.68471e+11 1.35343e+09 7.41127e+07 4.5157e+10 1.75158e+12 7.20472e+12 6.38689e+10 0.220294 2.011e+07 45.8779 28.8095 83.4804 4.79772 -0.235532 0.0773804 1.58739 10.748 26.544 2.10313 1.86994 1.41017e+08 393.848 257.973 697.703 26.8298 2.43152 0.566395 14.0212 87.223 176.249 16.6493 2.26789e+08 inf 
1415 4.74946e+07 4.53387e+15 9.97515e+09 6.21618e+09 1.80172e+10 1.13757e+09 -5.21718e+07 1.78922e+07 3.59164e+08 2.4711e+09 5.93003e+09 4.63052e+08 7.11942e+08 4.37446e+24 3.23075e+13 1.3606e+13 9.92659e+13 1.8279e+11 1.26801e+09 7.51463e+07 4.40027e+10 1.75131e+12 6.70734e+12 5.85603e+10 0.16997 1.62254e+07 35.6983 22.246 64.4786 4.07106 -0.186708 0.0640312 1.28535 8.84337 21.2219 1.65713 1.58712 1.24063e+08 338.149 219.539 592.526 25.2504 2.12203 0.514614 12.4828 78.6717 153.471 14.3814 2.7943e+08 inf 
1425 4.49052e+07 4.49977e+15 9.51355e+09 5.88152e+09 1.70569e+10 1.18433e+09 -5.08175e+07 1.81917e+07 3.57331e+08 2.49976e+09 5.83315e+09 4.48979e+08 6.23654e+08 4.14735e+24 2.89766e+13 1.19849e+13 8.70872e+13 1.95755e+11 1.18184e+09 7.57493e+07 4.26404e+10 1.74326e+12 6.22949e+12 5.35537e+10 0.145646 1.45946e+07 30.8564 19.0762 55.3224 3.84126 -0.164822 0.0590034 1.15897 8.10775 18.9193 1.45623 1.41476 1.15059e+08 305.01 196.235 528.582 24.903 1.95091 0.492143 11.7029 74.7555 140.879 13.0987 3.08317e+08 inf 
1435 4.21928e+07 4.44487e+15 9.02905e+09 5.53016e+09 1.60489e+10 1.23079e+09 -4.9298e+07 1.84268e+07 3.54185e+08 2.52072e+09 5.71224e+09 4.34427e+08 5.39291e+08 3.91615e+24 2.56724e+13 1.04176e+13 7.54398e+13 2.0707e+11 1.09204e+09 7.58229e+07 4.10018e+10 1.72435e+12 5.76516e+12 4.87669e+10 0.157566 1.65991e+07 33.7184 20.652 59.9334 4.59629 -0.1841 0.0688137 1.32268 9.41345 21.332 1.62234 1.41036 1.19788e+08 307.79 196.156 527.383 27.4256 2.01103 0.527655 12.3032 79.6923 145.171 13.3972 2.67778e+08 inf 
1445 3.93969e+07 4.38221e+15 8.5197e+09 5.16691e+09 1.50099e+10 1.27339e+09 -4.76391e+07 1.8612e+07 3.49884e+08 2.53534e+09 5.58474e+09 4.19715e+08 4.60184e+08 3.68369e+24 2.24647e+13 8.93584e+12 6.45143e+13 2.1625e+11 1.00089e+09 7.53739e+07 3.91274e+10 1.69501e+12 5.31865e+12 4.4232e+10 0.181286 2.01648e+07 39.2036 23.7756 69.0682 5.85954 -0.219212 0.0856435 1.61 11.6664 25.6983 1.93133 1.44384 1.28623e+08 319.115 201.378 540.457 30.9959 2.13485 0.582666 13.3212 87.5416 154.316 14.1352 2.17319e+08 inf 
1455 3.6602e+07 4.31215e+15 8.00619e+09 4.80415e+09 1.39695e+10 1.312e+09 -4.59431e+07 1.87554e+07 3.44909e+08 2.54589e+09 5.44982e+09 4.05236e+08 3.88439e+08 3.45836e+24 1.94617e+13 7.58405e+12 5.45881e+13 2.23425e+11 9.13161e+08 7.45331e+07 3.71551e+10 1.65975e+12 4.8982e+12 4.00371e+10 0.228346 2.69019e+07 49.9476 29.9713 87.1502 8.18508 -0.286622 0.117008 2.15175 15.8829 33.9994 2.52812 1.53987 1.44401e+08 344.847 215.443 577.026 36.4262 2.36954 0.671783 15.072 100.51 171.47 15.6008 1.60292e+08 inf 
1465 3.37505e+07 4.2409e+15 7.46414e+09 4.43167e+09 1.29077e+10 1.34365e+09 -4.40433e+07 1.8834e+07 3.38338e+08 2.54732e+09 5.31756e+09 3.90254e+08 3.2243e+08 3.22748e+24 1.65986e+13 6.32951e+12 4.54366e+13 2.27865e+11 8.23168e+08 7.30333e+07 3.49096e+10 1.61072e+12 4.48815e+12 3.60043e+10 0.25453 3.19828e+07 56.2908 33.4215 97.3433 10.1331 -0.332153 0.142037 2.55158 19.2106 40.1024 2.9431 1.53845 1.527e+08 349.298 215.91 577.222 40.1966 2.46933 0.728427 16.0237 108.527 179.553 16.2131 1.326e+08 inf 
1475 3.09239e+07 4.15669e+15 6.91186e+09 4.06342e+09 1.18523e+10 1.36408e+09 -4.20808e+07 1.88136e+07 3.30516e+08 2.53827e+09 5.16902e+09 3.74563e+08 2.64528e+08 3.0028e+24 1.40074e+13 5.22422e+12 3.73878e+13 2.29615e+11 7.38226e+08 7.1102e+07 3.26156e+10 1.55563e+12 4.09944e+12 3.22843e+10 0.270229 3.63233e+07 60.3994 35.5083 103.572 11.92 -0.367724 0.164403 2.88822 22.1807 45.1695 3.27313 1.49618 1.57863e+08 344.61 210.692 562.127 43.1788 2.51312 0.770907 16.6334 114.464 183.801 16.4743 1.14436e+08 inf 
1485 2.81176e+07 4.05907e+15 6.35679e+09 3.69759e+09 1.08022e+10 1.37721e+09 -3.9981e+07 1.87043e+07 3.21237e+08 2.51815e+09 5.00691e+09 3.58292e+08 2.13571e+08 2.77837e+24 1.16484e+13 4.24519e+12 3.02841e+13 2.28566e+11 6.5511e+08 6.86161e+07 3.01774e+10 1.49006e+12 3.72606e+12 2.87753e+10 0.297448 4.29397e+07 67.2466 39.1158 114.273 14.5691 -0.422948 0.197867 3.39827 26.6388 52.9667 3.79026 1.47337 1.65975e+08 344.533 208.275 554.354 46.9647 2.59833 0.828684 17.5411 122.692 191.341 17.0305 9.45295e+07 inf 
1495 2.54069e+07 3.95456e+15 5.81373e+09 3.34441e+09 9.78481e+09 1.38396e+09 -3.78281e+07 1.85286e+07 3.11014e+08 2.49027e+09 4.83922e+09 3.41968e+08 1.69995e+08 2.56046e+24 9.56243e+12 3.40308e+12 2.41867e+13 2.25155e+11 5.76601e+08 6.57228e+07 2.77029e+10 1.41788e+12 3.37448e+12 2.55323e+10 0.324662 5.05333e+07 74.2906 42.7365 125.035 17.6849 -0.483386 0.236768 3.97429 31.8219 61.838 4.36984 1.43766 1.73681e+08 341.576 204.107 541.697 50.6398 2.67104 0.885313 18.3904 130.789 198.234 17.5262 7.82565e+07 inf 
1505 2.27358e+07 3.82388e+15 5.26637e+09 2.99735e+09 8.778e+09 1.3749e+09 -3.5528e+07 1.82001e+07 2.98837e+08 2.44421e+09 4.64016e+09 3.24214e+08 1.3304e+08 2.34285e+24 7.72913e+12 2.68441e+12 1.89974e+13 2.18775e+11 5.01348e+08 6.22964e+07 2.51517e+10 1.33619e+12 3.03504e+12 2.24863e+10 0.372562 6.266e+07 86.2975 49.1162 143.841 22.5298 -0.582181 0.298236 4.8969 40.0521 76.0361 5.31275 1.42873 1.85647e+08 345.263 203.901 539.084 55.4741 2.8065 0.965338 19.702 142.448 209.648 18.4458 6.10257e+07 inf 
1515 2.02021e+07 3.6795e+15 4.73519e+09 2.66893e+09 7.81928e+09 1.35289e+09 -3.32184e+07 1.77632e+07 2.85644e+08 2.38582e+09 4.42568e+09 3.05913e+08 1.02725e+08 2.13494e+24 6.17259e+12 2.09191e+12 1.47222e+13 2.10256e+11 4.33037e+08 5.86225e+07 2.26784e+10 1.25154e+12 2.71822e+12 1.97194e+10 0.396219 7.21649e+07 92.87 52.345 153.357 26.5338 -0.651504 0.348386 5.60226 46.7925 86.7996 5.99978 1.36299 1.91479e+08 335.316 195.674 515 58.4778 2.84052 1.01409 20.3322 149.521 213.957 18.7284 5.09873e+07 inf 
1525 1.78324e+07 3.52851e+15 4.22829e+09 2.36145e+09 6.91985e+09 1.32382e+09 -3.08854e+07 1.72468e+07 2.71561e+08 2.31759e+09 4.20681e+09 2.87456e+08 7.81674e+07 1.93506e+24 4.86533e+12 1.60864e+12 1.12444e+13 1.99994e+11 3.70259e+08 5.46896e+07 2.02581e+10 1.16289e+12 2.42217e+12 1.71892e+10 0.404199 7.99788e+07 95.8404 53.5258 156.849 30.0062 -0.700062 0.390924 6.15533 52.5317 95.3536 6.51562 1.26823 1.93557e+08 317.954 183.295 479.864 60.2725 2.81112 1.0425 20.5254 153.619 214.032 18.6323 4.4118e+07 inf 
1535 1.55916e+07 3.3572e+15 3.74118e+09 2.06992e+09 6.06653e+09 1.28422e+09 -2.83986e+07 1.65941e+07 2.55616e+08 2.23107e+09 3.9684e+09 2.67972e+08 5.8384e+07 1.73459e+24 3.77024e+12 1.21523e+12 8.4311e+12 1.87871e+11 3.10806e+08 5.02674e+07 1.77906e+10 1.06457e+12 2.137e+12 1.47986e+10 0.407762 8.77995e+07 97.8416 54.1339 158.656 33.5858 -0.742696 0.433979 6.68503 58.3483 103.784 7.00815 1.16646 1.9405e+08 298.376 169.856 441.954 61.5249 2.7526 1.06127 20.5081 156.322 212.408 18.3823 3.82371e+07 inf 
1545 1.35725e+07 3.18468e+15 3.29677e+09 1.80721e+09 5.29513e+09 1.24076e+09 -2.59991e+07 1.58985e+07 2.39586e+08 2.13948e+09 3.73254e+09 2.49005e+08 4.31182e+07 1.54847e+24 2.89256e+12 9.09421e+11 6.25016e+12 1.75127e+11 2.58969e+08 4.586e+07 1.55053e+10 9.68205e+11 1.87804e+12 1.26768e+10 0.406102 9.52885e+07 98.6423 54.0734 158.435 37.1245 -0.777916 0.475697 7.16863 64.0151 111.681 7.45044 1.06076 1.93007e+08 277.16 155.842 402.379 62.1427 2.67272 1.07046 20.3111 157.707 209.093 17.9942 3.34215e+07 inf 
1555 1.17762e+07 3.01645e+15 2.89623e+09 1.57247e+09 4.60722e+09 1.19829e+09 -2.36676e+07 1.51843e+07 2.23525e+08 2.04488e+09 3.50728e+09 2.30765e+08 3.14327e+07 1.37457e+24 2.19274e+12 6.72896e+11 4.57306e+12 1.62076e+11 2.13511e+08 4.1461e+07 1.3379e+10 8.72995e+11 1.64222e+12 1.07819e+10 0.404761 1.03679e+08 99.5467 54.0477 158.355 41.1865 -0.813481 0.521902 7.68282 70.285 120.549 7.93164 0.957365 1.9104e+08 255.846 142.151 363.462 62.2448 2.58396 1.07363 20.0207 158.322 204.726 17.5406 2.90942e+07 inf 
1565 1.0179e+07 2.84445e+15 2.53288e+09 1.36362e+09 3.99287e+09 1.14932e+09 -2.14235e+07 1.44186e+07 2.07378e+08 1.94413e+09 3.28059e+09 2.12837e+08 2.26815e+07 1.21344e+24 1.64631e+12 4.93605e+11 3.31133e+12 1.48891e+11 1.74285e+08 3.71612e+07 1.14383e+10 7.80866e+11 1.42841e+12 9.10943e+09 0.384361 1.07407e+08 95.6425 51.4909 150.772 43.3987 -0.808958 0.544449 7.83064 73.4111 123.876 8.03679 0.841859 1.85158e+08 230.255 126.441 319.851 61.1451 2.43447 1.05204 19.2509 155.231 196.448 16.7148 2.64828e+07 inf 
1575 8.76084e+06 2.6628e+15 2.2004e+09 1.1775e+09 3.44527e+09 1.09256e+09 -1.92509e+07 1.35702e+07 1.90854e+08 1.83332e+09 3.04539e+09 1.94743e+08 1.62418e+07 1.0637e+24 1.2261e+12 3.59917e+11 2.37867e+12 1.35529e+11 1.40895e+08 3.29856e+07 9.68753e+09 6.92423e+11 1.23341e+12 7.63811e+09 0.354308 1.0769e+08 88.9893 47.6206 139.334 44.1856 -0.778549 0.548811 7.71856 74.1437 123.163 7.87585 0.728917 1.7726e+08 204.125 110.852 277.101 59.4033 2.25654 1.01628 18.2266 150.02 186.314 15.7122 2.47266e+07 inf 
1585 7.51754e+06 2.47488e+15 1.90178e+09 1.01252e+09 2.96379e+09 1.03196e+09 -1.71182e+07 1.26555e+07 1.73906e+08 1.71324e+09 2.80773e+09 1.76625e+08 1.15349e+07 9.2271e+23 9.04469e+11 2.60432e+11 1.69417e+12 1.22272e+11 1.1222e+08 2.88851e+07 8.08822e+09 6.06089e+11 1.05443e+12 6.32848e+09 0.32005 1.05365e+08 80.9658 43.1068 126.18 43.9344 -0.728786 0.538791 7.40382 72.9388 119.535 7.51957 0.62342 1.67873e+08 178.749 96.0695 237.078 57.2308 2.0607 0.969253 17.0156 143.12 174.935 14.5905 2.34887e+07 inf 
1595 6.45915e+06 2.29181e+15 1.64602e+09 8.70292e+08 2.55329e+09 9.74573e+08 -1.50931e+07 1.17381e+07 1.573e+08 1.59194e+09 2.58147e+09 1.59304e+08 8.17017e+06 7.93427e+23 6.63956e+11 1.87912e+11 1.2033e+12 1.09679e+11 8.82602e+07 2.49942e+07 6.66975e+09 5.24618e+11 8.94184e+11 5.18875e+09 0.294337 1.04435e+08 75.0077 39.6583 116.351 44.4103 -0.687777 0.534894 7.16798 72.543 117.635 7.25935 0.534483 1.58899e+08 156.938 83.6074 203.214 55.0063 1.88385 0.923499 15.8919 136.542 164.04 13.5554 2.19447e+07 inf 
1605 5.56249e+06 2.11291e+15 1.42648e+09 7.48229e+08 2.20474e+09 9.17995e+08 -1.31874e+07 1.0824e+07 1.41216e+08 1.47047e+09 2.36432e+09 1.42855e+08 5.78694e+06 6.75755e+23 4.85206e+11 1.35301e+11 8.54674e+11 9.78082e+10 6.833e+07 2.13475e+07 5.41925e+09 4.48352e+11 7.51879e+11 4.20281e+09 0.272293 1.0343e+08 69.8287 36.6271 107.926 44.9374 -0.645546 0.529854 6.91277 71.9819 115.738 6.993 0.457315 1.49605e+08 137.389 72.6753 173.752 52.6166 1.71118 0.874216 14.7477 129.485 153.005 12.5233 2.04283e+07 inf 
1615 4.78938e+06 1.93099e+15 1.22996e+09 6.41804e+08 1.90333e+09 8.5659e+08 -1.14013e+07 9.88041e+06 1.25475e+08 1.34504e+09 2.1465e+09 1.26843e+08 4.11616e+06 5.69421e+23 3.53667e+11 9.75158e+10 6.09657e+11 8.6394e+10 5.21641e+07 1.7993e+07 4.34335e+09 3.78367e+11 6.25692e+11 3.36251e+09 0.248682 1.00264e+08 63.8641 33.3249 98.8277 44.4773 -0.591999 0.513028 6.51513 69.8397 111.454 6.58614 0.389722 1.39691e+08 119.52 62.8716 147.948 50.0766 1.53561 0.819185 13.5306 121.526 141.655 11.455 1.9259e+07 inf 
1625 4.08345e+06 1.72865e+15 1.04683e+09 5.44937e+08 1.62623e+09 7.81371e+08 -9.70398e+06 8.83762e+06 1.09531e+08 1.20689e+09 1.90735e+09 1.1048e+08 2.94431e+06 4.72475e+23 2.57229e+11 7.04033e+10 4.37245e+11 7.50659e+10 3.92733e+07 1.49145e+07 3.42989e+09 3.14516e+11 5.12252e+11 2.64962e+09 0.230289 9.74887e+07 59.037 30.7321 91.7125 44.066 -0.547264 0.498405 6.17711 68.0632 107.567 6.23063 0.336174 1.30926e+08 104.982 55.009 127.466 47.8705 1.38396 0.769875 12.4609 114.476 131.599 10.517 1.77318e+07 inf 
1635 3.4283e+06 1.50606e+15 8.85913e+08 4.57242e+08 1.3663e+09 6.93757e+08 -8.14761e+06 7.72666e+06 9.39836e+07 1.06039e+09 1.64693e+09 9.43066e+07 2.12598e+06 3.86819e+23 1.87359e+11 5.10964e+10 3.16449e+11 6.42386e+10 2.92675e+07 1.21937e+07 2.6782e+09 2.58344e+11 4.13219e+11 2.0626e+09 0.228402 1.00337e+08 59.0218 30.4626 91.0266 46.2199 -0.542815 0.51477 6.26143 70.646 109.723 6.28295 0.299116 1.25313e+08 94.8618 49.7614 113.123 46.2975 1.28656 0.739855 11.7993 110.547 124.462 9.89647 1.50099e+07 inf 
1645 2.85703e+06 1.29069e+15 7.42508e+08 3.8027e+08 1.13922e+09 6.0596e+08 -6.73936e+06 6.64257e+06 7.93823e+07 9.16718e+08 1.3984e+09 7.92081e+07 1.54914e+06 3.11936e+23 1.36159e+11 3.71694e+10 2.31181e+11 5.41572e+10 2.14296e+07 9.80479e+06 2.05673e+09 2.08864e+11 3.28269e+11 1.58043e+09 0.23043 1.04098e+08 59.886 30.6702 91.8827 48.8729 -0.543554 0.535748 6.40248 73.9366 112.786 6.38843 0.268041 1.19676e+08 85.9962 45.3562 101.011 44.4906 1.19705 0.709766 11.1755 106.672 117.283 9.30889 1.23987e+07 inf 
1655 2.37842e+06 1.09572e+15 6.14614e+08 3.13612e+08 9.49912e+08 5.25444e+08 -5.47693e+06 5.6285e+06 6.59094e+07 7.81102e+08 1.17743e+09 6.54667e+07 1.13729e+06 2.47071e+23 9.86056e+10 2.70458e+10 1.70235e+11 4.4882e+10 1.54084e+07 7.72914e+06 1.55046e+09 1.65784e+11 2.56054e+11 1.18823e+09 0.221194 1.01903e+08 57.1594 29.166 88.3422 48.8665 -0.509356 0.523453 6.1296 72.6428 109.501 6.08843 0.238416 1.12221e+08 76.832 40.7997 89.597 42.2624 1.0833 0.666941 10.3258 100.702 108.732 8.56955 1.07526e+07 inf 
1665 1.94402e+06 9.06739e+14 5.01021e+08 2.53827e+08 7.77488e+08 4.43775e+08 -4.3572e+06 4.64959e+06 5.34665e+07 6.49188e+08 9.66293e+08 5.27813e+07 836797 1.91577e+23 7.13228e+10 1.96247e+10 1.25611e+11 3.63827e+10 1.08282e+07 5.96796e+06 1.14463e+09 1.28897e+11 1.95488e+11 8.75533e+08 0.208649 9.7319e+07 53.7738 27.2429 83.4467 47.6297 -0.467652 0.499034 5.73848 69.6765 103.711 5.66495 0.215123 1.05312e+08 69.017 36.934 80.7361 40.4513 0.971329 0.625698 9.48272 94.7605 101.121 7.86626 9.31718e+06 inf 
1675 1.52597e+06 7.15515e+14 3.96436e+08 1.98063e+08 6.10394e+08 3.57419e+08 -3.34219e+06 3.67525e+06 4.16932e+07 5.16908e+08 7.5534e+08 4.08059e+07 606939 1.43223e+23 5.07828e+10 1.39865e+10 9.1333e+10 2.84435e+10 7.36438e+06 4.44519e+06 8.16713e+08 9.67943e+10 1.43792e+11 6.2285e+08 0.203588 9.54608e+07 52.8907 26.4247 81.4361 47.6853 -0.4459 0.490336 5.56252 68.9636 100.774 5.44414 0.198815 9.9977e+07 63.0698 34.1724 74.5212 38.9989 0.885266 0.593826 8.83293 90.3211 95.0193 7.31158 7.49538e+06 inf 
1685 1.15108e+06 5.40889e+14 2.95944e+08 1.49622e+08 4.59707e+08 2.71009e+08 -2.48834e+06 2.79766e+06 3.1501e+07 3.96774e+08 5.63223e+08 3.04973e+07 435859 1.03955e+23 3.51476e+10 9.7927e+09 6.58063e+10 2.14332e+10 4.8138e+06 3.20959e+06 5.62213e+08 7.03879e+10 1.02714e+11 4.29041e+08 0.211561 9.9412e+07 54.3927 27.4996 84.4911 49.8097 -0.457341 0.514192 5.78968 72.9245 103.517 5.60521 0.188016 9.60394e+07 59.1722 32.3049 70.399 38.1874 0.821939 0.570533 8.35528 87.2861 90.3463 6.88743 5.44089e+06 inf 
1695 843491 3.97149e+14 2.15602e+08 1.11116e+08 3.35449e+08 1.97928e+08 -1.82749e+06 2.08374e+06 2.34292e+07 2.98444e+08 4.06494e+08 2.2396e+07 312731 7.43751e+22 2.42496e+10 6.82476e+09 4.73801e+10 1.59272e+10 3.08949e+06 2.28343e+06 3.80802e+08 5.04356e+10 7.23347e+10 2.91052e+08 0.252737 1.18999e+08 64.6014 33.2941 100.511 59.3055 -0.547573 0.624356 7.02015 89.4235 121.799 6.71057 0.172708 9.01361e+07 55.6113 30.6011 63.9849 35.4281 0.791122 0.542557 8.05096 84.3538 82.6975 6.49436 3.33743e+06 inf 
1705 592139 2.77541e+14 1.50338e+08 7.79262e+07 2.35283e+08 1.39699e+08 -1.25854e+06 1.46286e+06 1.63293e+07 2.11527e+08 2.80496e+08 1.54354e+07 212063 4.98722e+22 1.59378e+10 4.51049e+09 3.22304e+10 1.11115e+10 1.89912e+06 1.52336e+06 2.44655e+08 3.40622e+10 4.76433e+10 1.85788e+08 0.26741 1.25337e+08 67.8927 35.1914 106.253 63.0878 -0.568355 0.660625 7.3743 95.5254 126.672 6.97064 0.155755 8.254e+07 50.873 28.2577 57.144 32.2159 0.731174 0.501521 7.49037 79.1036 73.9589 5.9424 2.21435e+06 inf 
1715 399811 1.86042e+14 1.01784e+08 5.27341e+07 1.58578e+08 9.44911e+07 -838859 987400 1.09841e+07 1.44188e+08 1.85477e+08 1.02458e+07 140523 3.24065e+22 1.0271e+10 2.91267e+09 2.14043e+10 7.48999e+09 1.13251e+06 985964 1.52661e+08 2.23133e+10 3.03726e+10 1.15099e+08 0.283569 1.31952e+08 72.1912 37.402 112.472 67.0185 -0.594967 0.700321 7.79056 102.267 131.551 7.26693 0.138765 7.4655e+07 45.5328 25.8248 50.3105 28.6505 0.670267 0.457005 6.89805 73.2629 65.0869 5.36904 1.40992e+06 inf 
1725 248975 1.1461e+14 6.25583e+07 3.26481e+07 9.87186e+07 5.87324e+07 -510769 609168 6.74191e+06 8.9851e+07 1.1275e+08 6.2035e+06 85755.9 1.92679e+22 6.05205e+09 1.73361e+09 1.3084e+10 4.58507e+09 622511 584285 8.76226e+07 1.34014e+10 1.76693e+10 6.53664e+07 0.283071 1.30305e+08 71.1253 37.1191 112.238 66.7755 -0.580716 0.692591 7.66518 102.156 128.19 7.05304 0.131798 7.01927e+07 42.6854 24.3555 47.7337 27.4593 0.608712 0.429673 6.39274 69.2888 60.4676 4.95707 879550 inf 
1735 155318 7.03236e+13 3.79865e+07 1.99911e+07 6.1746e+07 3.65316e+07 -300123 372170 4.0463e+06 5.52825e+07 6.85295e+07 3.70293e+06 51029.3 1.10031e+22 3.43426e+09 9.81731e+08 7.84667e+09 2.73426e+09 310845 329650 4.67104e+07 7.60359e+09 9.9694e+09 3.50197e+07 0.273571 1.23865e+08 66.9079 35.2115 108.757 64.3453 -0.528625 0.655526 7.127 97.3724 120.705 6.5222 0.122638 6.35441e+07 39.6522 22.1208 44.6398 25.9941 0.517751 0.38848 5.61067 62.5402 54.6807 4.37528 567743 inf 
1745 74344.7 3.28618e+13 1.78355e+07 9.20857e+06 2.97795e+07 1.76173e+07 -127059 171834 1.79179e+06 2.5527e+07 3.20508e+07 1.65483e+06 21988.8 4.47989e+21 1.43265e+09 3.87924e+08 3.44346e+09 1.20534e+09 100464 130925 1.67841e+07 2.99551e+09 4.09685e+09 1.29862e+07 0.2503 1.10638e+08 60.0478 31.003 100.26 59.3132 -0.427778 0.578523 6.03252 85.9432 107.907 5.57142 0.10668 5.33103e+07 34.8945 18.5704 39.2579 23.2387 0.394009 0.325732 4.48515 51.9509 46.3591 3.56097 297022 inf 
1755 27271.6 1.17535e+13 6.32183e+06 3.22636e+06 1.10233e+07 6.48888e+06 -40774.1 60442 602449 8.99059e+06 1.14756e+07 561078 7189.79 1.37909e+21 4.47866e+08 1.15814e+08 1.14784e+09 3.99236e+08 24309.5 39206.1 4.53967e+06 8.92305e+08 1.27102e+09 3.6123e+06 0.221787 9.55855e+07 51.4124 26.2385 89.6471 52.771 -0.331597 0.491546 4.89943 73.1163 93.3255 4.56298 0.0963417 4.55946e+07 31.6077 15.9186 36.0312 21.4946 0.296211 0.277897 3.59368 43.7116 40.3357 2.92512 122963 inf 
1765 2359.95 9.754e+11 452515 235495 982381 570867 -2199.34 4605.12 38723.4 671229 981558 39055.5 399.339 6.95238e+19 1.69827e+07 4.51516e+06 6.81089e+07 2.30681e+07 571.635 1654.36 139269 3.5993e+07 6.87843e+07 128008 0.154195 6.37308e+07 29.5665 15.3868 64.1869 37.2994 -0.143701 0.30089 2.53012 43.8569 64.1332 2.55181 0.0481246 2.19303e+07 15.344 7.63269 18.17 10.7695 0.129227 0.132507 1.64259 20.6951 19.5236 1.36089 15305 inf 
1775 0 0 0 0 0 0 0 0 0 0 0 0 0 0 0 0 0 0 0 0 0 0 0 0 0.0 0.0 0.0 0.0 0.0 0.0 0.0 0.0 0.0 0.0 0.0 0.0 0.0 0.0 0.0 0.0 0.0 0.0 0.0 0.0 0.0 0.0 0.0 0.0 0 -nan 
1785 0 0 0 0 0 0 0 0 0 0 0 0 0 0 0 0 0 0 0 0 0 0 0 0 0.0 0.0 0.0 0.0 0.0 0.0 0.0 0.0 0.0 0.0 0.0 0.0 0.0 0.0 0.0 0.0 0.0 0.0 0.0 0.0 0.0 0.0 0.0 0.0 0 -nan 
1795 0 0 0 0 0 0 0 0 0 0 0 0 0 0 0 0 0 0 0 0 0 0 0 0 0.0 0.0 0.0 0.0 0.0 0.0 0.0 0.0 0.0 0.0 0.0 0.0 0.0 0.0 0.0 0.0 0.0 0.0 0.0 0.0 0.0 0.0 0.0 0.0 0 -nan 
1805 0 0 0 0 0 0 0 0 0 0 0 0 0 0 0 0 0 0 0 0 0 0 0 0 0.0 0.0 0.0 0.0 0.0 0.0 0.0 0.0 0.0 0.0 0.0 0.0 0.0 0.0 0.0 0.0 0.0 0.0 0.0 0.0 0.0 0.0 0.0 0.0 0 -nan 
1815 0 0 0 0 0 0 0 0 0 0 0 0 0 0 0 0 0 0 0 0 0 0 0 0 0.0 0.0 0.0 0.0 0.0 0.0 0.0 0.0 0.0 0.0 0.0 0.0 0.0 0.0 0.0 0.0 0.0 0.0 0.0 0.0 0.0 0.0 0.0 0.0 0 -nan 
1825 0 0 0 0 0 0 0 0 0 0 0 0 0 0 0 0 0 0 0 0 0 0 0 0 0.0 0.0 0.0 0.0 0.0 0.0 0.0 0.0 0.0 0.0 0.0 0.0 0.0 0.0 0.0 0.0 0.0 0.0 0.0 0.0 0.0 0.0 0.0 0.0 0 -nan 
1835 0 0 0 0 0 0 0 0 0 0 0 0 0 0 0 0 0 0 0 0 0 0 0 0 0.0 0.0 0.0 0.0 0.0 0.0 0.0 0.0 0.0 0.0 0.0 0.0 0.0 0.0 0.0 0.0 0.0 0.0 0.0 0.0 0.0 0.0 0.0 0.0 0 -nan 
1845 0 0 0 0 0 0 0 0 0 0 0 0 0 0 0 0 0 0 0 0 0 0 0 0 0.0 0.0 0.0 0.0 0.0 0.0 0.0 0.0 0.0 0.0 0.0 0.0 0.0 0.0 0.0 0.0 0.0 0.0 0.0 0.0 0.0 0.0 0.0 0.0 0 -nan 
1855 0 0 0 0 0 0 0 0 0 0 0 0 0 0 0 0 0 0 0 0 0 0 0 0 0.0 0.0 0.0 0.0 0.0 0.0 0.0 0.0 0.0 0.0 0.0 0.0 0.0 0.0 0.0 0.0 0.0 0.0 0.0 0.0 0.0 0.0 0.0 0.0 0 -nan 
1865 0 0 0 0 0 0 0 0 0 0 0 0 0 0 0 0 0 0 0 0 0 0 0 0 0.0 0.0 0.0 0.0 0.0 0.0 0.0 0.0 0.0 0.0 0.0 0.0 0.0 0.0 0.0 0.0 0.0 0.0 0.0 0.0 0.0 0.0 0.0 0.0 0 -nan 
1875 0 0 0 0 0 0 0 0 0 0 0 0 0 0 0 0 0 0 0 0 0 0 0 0 0.0 0.0 0.0 0.0 0.0 0.0 0.0 0.0 0.0 0.0 0.0 0.0 0.0 0.0 0.0 0.0 0.0 0.0 0.0 0.0 0.0 0.0 0.0 0.0 0 -nan 
1885 0 0 0 0 0 0 0 0 0 0 0 0 0 0 0 0 0 0 0 0 0 0 0 0 0.0 0.0 0.0 0.0 0.0 0.0 0.0 0.0 0.0 0.0 0.0 0.0 0.0 0.0 0.0 0.0 0.0 0.0 0.0 0.0 0.0 0.0 0.0 0.0 0 -nan 
1895 0 0 0 0 0 0 0 0 0 0 0 0 0 0 0 0 0 0 0 0 0 0 0 0 0.0 0.0 0.0 0.0 0.0 0.0 0.0 0.0 0.0 0.0 0.0 0.0 0.0 0.0 0.0 0.0 0.0 0.0 0.0 0.0 0.0 0.0 0.0 0.0 0 -nan 
