255 0 0 0 0 0 0 0 0 0 0 0 0 0 0 0 0 0 0 0.0 0.0 0.0 0.0 0.0 0.0 0.0 0.0 0.0 0.0 0.0 0.0 0.0 0.0 0.0 0.0 0.0 0.0 0 -nan 
265 0 0 0 0 0 0 0 0 0 0 0 0 0 0 0 0 0 0 0.0 0.0 0.0 0.0 0.0 0.0 0.0 0.0 0.0 0.0 0.0 0.0 0.0 0.0 0.0 0.0 0.0 0.0 0 -nan 
275 0 0 0 0 0 0 0 0 0 0 0 0 0 0 0 0 0 0 0.0 0.0 0.0 0.0 0.0 0.0 0.0 0.0 0.0 0.0 0.0 0.0 0.0 0.0 0.0 0.0 0.0 0.0 0 -nan 
285 0 0 0 0 0 0 0 0 0 0 0 0 0 0 0 0 0 0 0.0 0.0 0.0 0.0 0.0 0.0 0.0 0.0 0.0 0.0 0.0 0.0 0.0 0.0 0.0 0.0 0.0 0.0 0 -nan 
295 5.97696e+07 1.18618e+09 669.126 1.13721e-05 0.0357205 0.0294641 7.45676 6.54483 3.90652e+09 693344 2.73077e+08 0.0277714 9.73207e-17 1.01246e-10 2.17073e-10 3.5607e-06 3.71072e-06 2.96186e+09 0.0697019 1.38329 7.80319e-07 1.32619e-14 4.16564e-11 3.43603e-11 8.6959e-09 7.63243e-09 4.55569 -nan -nan 5.63715e-06 3.36626e-13 3.41079e-10 5.01961e-10 6.38497e-08 6.53383e-08 -nan 8.57503e+08 inf 
305 259623 5.61676e+06 6850.98 0.000193449 0.190665 0.3533 80.5976 65.3191 1.85069e+07 2766.97 1.29347e+06 2.65788 2.25774e-14 3.58727e-09 2.48804e-08 0.000389068 0.00027912 1.40427e+07 0.0106445 0.230287 0.00028089 7.93142e-12 7.81728e-09 1.44853e-08 3.3045e-06 2.67808e-06 0.758781 0.000373708 0.000107051 0.000173419 2.93729e-11 9.2719e-09 2.84653e-08 2.24323e-06 2.06684e-06 0.000253654 2.43903e+07 inf 
315 96536.7 2.21571e+06 9427.81 0.000554838 0.218207 0.610068 116.655 85.9068 7.31044e+06 969.633 509679 9.74407 2.65148e-13 1.00804e-08 1.25782e-07 0.00160044 0.000892353 5.54826e+06 0.0100222 0.230029 0.000978768 5.76017e-11 2.26536e-08 6.33355e-08 1.21108e-05 8.9186e-06 0.758949 0.000469895 0.000198249 0.000231546 1.55592e-10 2.3094e-08 9.51152e-08 4.41369e-06 3.61941e-06 0.000344184 9.63233e+06 inf 
325 62401.8 1.48861e+06 11162.8 0.00142415 0.254369 0.902686 144.233 98.1078 4.91914e+06 602.791 341888 19.7025 1.91625e-12 1.96754e-08 3.67821e-07 0.00357428 0.00164066 3.73336e+06 0.00962758 0.229669 0.00172223 2.19723e-10 3.9245e-08 1.3927e-07 2.22529e-05 1.51364e-05 0.758944 0.000557188 0.000261943 0.000271448 4.97361e-10 3.86708e-08 1.93269e-07 7.50092e-06 4.90057e-06 0.000406951 6.48156e+06 inf 
335 46798.6 1.15219e+06 12582.3 0.00326178 0.298981 1.273 169.234 107.082 3.81405e+06 437.738 264141 31.9691 1.07618e-11 3.41455e-08 8.8009e-07 0.00633328 0.00246239 2.89441e+06 0.00931149 0.229251 0.00250348 6.48993e-10 5.9488e-08 2.53288e-07 3.36724e-05 2.13059e-05 0.758879 0.000626495 0.000315532 0.000305693 1.31152e-09 5.70533e-08 3.33101e-07 1.12383e-05 5.99971e-06 0.000449815 5.0259e+06 inf 
345 37741.2 955195 13825.8 0.0067801 0.353844 1.75439 193.158 114.027 3.16788e+06 343.155 218541 46.256 4.83465e-11 5.62361e-08 1.90308e-06 0.0099296 0.00331575 2.40373e+06 0.00903992 0.228792 0.00331159 1.62399e-09 8.47541e-08 4.20218e-07 4.62659e-05 2.73121e-05 0.758783 0.000688217 0.000362938 0.000335797 2.99044e-09 7.92882e-08 5.28441e-07 1.54221e-05 6.94623e-06 0.000483098 4.17495e+06 inf 
355 31693.6 822033 14899.1 0.0129131 0.419036 2.37046 215.932 119.076 2.73167e+06 280.913 187673 62.1204 1.78997e-10 8.93618e-08 3.82987e-06 0.0143688 0.00415195 2.07242e+06 0.00880222 0.228302 0.00413792 3.58635e-09 1.16378e-07 6.58345e-07 5.99705e-05 3.30708e-05 0.758664 0.000733759 0.000396542 0.000360908 6.07047e-09 1.06181e-07 7.93881e-07 1.98537e-05 7.70959e-06 0.000502717 3.60064e+06 inf 
365 27400.9 726751 15880.2 0.0228114 0.49654 3.15047 238.09 122.972 2.42007e+06 237.224 165546 79.5143 5.59682e-10 1.38434e-07 7.2746e-06 0.0196609 0.00496094 1.8357e+06 0.00858835 0.227788 0.00497738 7.14985e-09 1.55632e-07 9.87462e-07 7.46255e-05 3.85434e-05 0.758532 0.000770849 0.000425119 0.000384943 1.11491e-08 1.3845e-07 1.14238e-06 2.43601e-05 8.32629e-06 0.000514929 3.19047e+06 inf 
375 24212.2 655557 16814.8 0.0380525 0.589809 4.14092 259.842 126.161 2.18776e+06 205.094 148976 98.495 1.55448e-09 2.11784e-07 1.33114e-05 0.0258185 0.00574635 1.65918e+06 0.00839323 0.22725 0.00582889 1.3191e-08 2.04459e-07 1.43546e-06 9.00748e-05 4.37339e-05 0.758392 0.000806117 0.000457036 0.000409351 1.91014e-08 1.77798e-07 1.59809e-06 2.89235e-05 8.90694e-06 0.000523498 2.88474e+06 inf 
385 21720.1 599534 17689.5 0.0599943 0.698022 5.35077 280.487 128.59 2.00533e+06 180.245 135911 118.815 3.84526e-09 3.17577e-07 2.32705e-05 0.0326932 0.00648803 1.52054e+06 0.00821275 0.226694 0.00668868 2.26849e-08 2.63934e-07 2.02322e-06 0.000106057 4.86222e-05 0.758248 0.000839303 0.000489 0.000433184 3.06489e-08 2.24544e-07 2.16923e-06 3.33738e-05 9.4399e-06 0.000529141 2.64469e+06 inf 
395 19748.7 555190 18546.5 0.0907768 0.827433 6.84343 300.742 130.53 1.86135e+06 160.707 125541 140.608 8.73546e-09 4.71738e-07 3.93865e-05 0.0403082 0.00718078 1.41109e+06 0.00804337 0.226122 0.00755375 3.69722e-08 3.37003e-07 2.78724e-06 0.000122488 5.3163e-05 0.758102 0.000870544 0.000520573 0.000456909 4.6807e-08 2.80289e-07 2.87627e-06 3.75988e-05 9.91622e-06 0.000532368 2.45527e+06 inf 
405 18152.7 519329 19396.5 0.132127 0.97802 8.63067 320.144 132.11 1.7453e+06 144.971 117128 163.919 1.84023e-08 6.91417e-07 6.44506e-05 0.0484785 0.00782621 1.32286e+06 0.00788344 0.225537 0.0084236 5.73809e-08 4.24739e-07 3.74817e-06 0.000139034 5.73733e-05 0.757956 0.00090007 0.000551493 0.000480265 6.85512e-08 3.4622e-07 3.73378e-06 4.15098e-05 1.03492e-05 0.000534088 2.30264e+06 inf 
415 16813.4 489167 20216.2 0.186528 1.15542 10.7677 338.483 133.109 1.64798e+06 131.872 110034 188.488 3.64348e-08 1.00502e-06 0.000102508 0.0570917 0.00839817 1.24886e+06 0.00773153 0.22494 0.00929627 8.57734e-08 5.31313e-07 4.95146e-06 0.000155649 6.12089e-05 0.75781 0.000929402 0.000582024 0.000503753 9.69391e-08 4.24096e-07 4.75609e-06 4.50175e-05 1.07378e-05 0.000534046 2.17466e+06 inf 
425 15679.4 463687 21025.3 0.25562 1.35998 13.2522 355.469 133.75 1.56607e+06 120.833 104021 214.443 6.81362e-08 1.44229e-06 0.000158109 0.0659034 0.00890937 1.18656e+06 0.00758571 0.224332 0.010172 1.23669e-07 6.57962e-07 6.41144e-06 0.000171976 6.47083e-05 0.757666 0.000957129 0.000612073 0.000526618 1.3293e-07 5.14652e-07 5.94868e-06 4.80456e-05 1.10994e-05 0.000533227 2.06696e+06 inf 
435 14759.5 443515 21906.3 0.343875 1.60517 16.2114 372.63 134.466 1.50179e+06 111.808 99222 242.661 1.22305e-07 2.06205e-06 0.000238991 0.0751154 0.00937778 1.13764e+06 0.00744495 0.223716 0.0110499 1.73456e-07 8.09672e-07 8.17726e-06 0.00018796 6.78269e-05 0.757525 0.000985154 0.000642589 0.000549747 1.77779e-07 6.2013e-07 7.32686e-06 5.05997e-05 1.13931e-05 0.000531809 1.98249e+06 inf 
445 13903.5 424383 22695.5 0.449723 1.87752 19.484 386.523 134.361 1.44078e+06 103.574 94676.3 271.393 2.08793e-07 2.89761e-06 0.000349511 0.0838071 0.0097503 1.09122e+06 0.00730879 0.22309 0.0119305 2.3641e-07 9.86973e-07 1.02423e-05 0.000203187 7.06309e-05 0.757386 0.00101402 0.000672946 0.00057277 2.32096e-07 7.41012e-07 8.87836e-06 5.26369e-05 1.16967e-05 0.000529873 1.9023e+06 inf 
455 13182.6 408359 23517.8 0.580903 2.20147 23.3058 399.934 134.153 1.39008e+06 96.6437 90842.3 301.943 3.46859e-07 4.06952e-06 0.000503843 0.0925199 0.0100669 1.05263e+06 0.00718123 0.222455 0.0128114 3.16448e-07 1.19926e-06 1.26959e-05 0.000217865 7.308e-05 0.757248 0.00103771 0.000700261 0.0005945 2.98015e-07 8.82421e-07 1.06435e-05 5.41772e-05 1.19689e-05 0.000525146 1.8357e+06 inf 
465 12552.3 394473 24356.3 0.73625 2.57036 27.5491 411.85 133.767 1.34647e+06 90.5841 87499.1 334.248 5.54719e-07 5.64281e-06 0.000707433 0.100764 0.0103276 1.01943e+06 0.00705809 0.22181 0.0136955 4.1399e-07 1.4453e-06 1.54907e-05 0.000231581 7.52166e-05 0.757112 0.00105756 0.000727257 0.00061733 3.74871e-07 1.04117e-06 1.25628e-05 5.50357e-05 1.22311e-05 0.000518597 1.77842e+06 inf 
475 11979.2 381765 25168.1 0.920522 2.99561 32.2899 421.88 132.949 1.3067e+06 85.1316 84431.7 367.655 8.6412e-07 7.78021e-06 0.000975553 0.108402 0.0105073 989144 0.0069396 0.221159 0.01458 5.33264e-07 1.73538e-06 1.87057e-05 0.000244398 7.70184e-05 0.756979 0.00107666 0.000752928 0.000638553 4.64994e-07 1.22295e-06 1.46711e-05 5.53855e-05 1.24542e-05 0.000511855 1.7262e+06 inf 
485 11492.3 371413 26051.2 1.1369 3.48491 37.5505 431.175 132.329 1.27484e+06 80.4323 81898.1 403.646 1.31298e-06 1.06454e-05 0.00132125 0.115528 0.0106657 964861 0.00682278 0.220502 0.0154661 6.74959e-07 2.06893e-06 2.22931e-05 0.000255982 7.85616e-05 0.75685 0.00109592 0.00078033 0.000660693 5.69146e-07 1.42812e-06 1.69534e-05 5.53216e-05 1.26533e-05 0.000505217 1.6844e+06 inf 
495 11029.9 361197 26869.5 1.38506 4.03471 43.2226 437.95 131.198 1.24332e+06 76.0768 79404.7 440.178 1.944e-06 1.44239e-05 0.00175409 0.121663 0.010746 940850 0.00671312 0.219835 0.0163536 8.4299e-07 2.45564e-06 2.63066e-05 0.000266549 7.98511e-05 0.756722 0.00111199 0.000804919 0.00068206 6.87419e-07 1.6579e-06 1.93792e-05 5.47682e-05 1.28117e-05 0.000497777 1.64304e+06 inf 
505 10618.8 352422 27727.1 1.67065 4.66318 49.3987 443.601 130.059 1.21664e+06 72.1713 77239.2 478.888 2.8207e-06 1.94323e-05 0.00229264 0.127065 0.0107882 920507 0.00660361 0.219163 0.0172429 1.03894e-06 2.89992e-06 3.07199e-05 0.000275865 8.08806e-05 0.756599 0.00112873 0.000832378 0.000702292 8.21425e-07 1.91701e-06 2.19552e-05 5.40094e-05 1.29328e-05 0.000491079 1.60804e+06 inf 
515 10267.9 345334 28660.8 1.99765 5.38432 56.1183 448.919 129.069 1.19568e+06 68.7705 75451.7 520.533 4.01362e-06 2.60079e-05 0.00295076 0.131921 0.010808 904504 0.00649631 0.218486 0.0181331 1.26387e-06 3.40655e-06 3.55049e-05 0.000284022 8.16596e-05 0.756479 0.00114354 0.000857965 0.00072275 9.70548e-07 2.2023e-06 2.46229e-05 5.28694e-05 1.30262e-05 0.000485026 1.58058e+06 inf 
525 9941.06 338706 29586.3 2.37083 6.20352 63.3683 452.661 127.81 1.17623e+06 65.6356 73771.9 563.741 5.63336e-06 3.4665e-05 0.00375544 0.135922 0.0107703 889657 0.00639248 0.217801 0.0190251 1.52453e-06 3.9891e-06 4.07482e-05 0.000291078 8.2187e-05 0.756362 0.0011586 0.000884076 0.000743129 1.13942e-06 2.52547e-06 2.74677e-05 5.17333e-05 1.30763e-05 0.000479141 1.55512e+06 inf 
535 9646.6 332988 30551.2 2.7863 7.12165 70.9888 455.387 126.542 1.15988e+06 62.7879 72296.5 609.459 7.75055e-06 4.57788e-05 0.00469907 0.139108 0.0107054 877154 0.00628966 0.217111 0.0199196 1.81669e-06 4.64337e-06 4.62853e-05 0.000296916 8.25066e-05 0.756248 0.00117406 0.000909303 0.000762225 1.32403e-06 2.87876e-06 3.03563e-05 5.04053e-05 1.31407e-05 0.000474547 1.53372e+06 inf 
545 9364.65 327480 31497.8 3.25046 8.15651 79.0431 456.598 124.986 1.1442e+06 60.0891 70872.5 656.558 1.05128e-05 6.01403e-05 0.00580899 0.141399 0.0105853 865170 0.0061886 0.216414 0.0208152 2.14806e-06 5.3902e-06 5.22354e-05 0.000301741 8.25967e-05 0.756138 0.00118785 0.000935413 0.000781135 1.52748e-06 3.26945e-06 3.33215e-05 4.89413e-05 1.31558e-05 0.000471086 1.51321e+06 inf 
555 9132.87 323677 32586.3 3.77082 9.33023 87.6036 458.074 123.89 1.13443e+06 57.7721 69822 708.629 1.40816e-05 7.85961e-05 0.00710108 0.143242 0.0104914 857665 0.00608652 0.215711 0.0217168 2.51303e-06 6.21804e-06 5.83826e-05 0.000305279 8.25652e-05 0.756031 0.00120664 0.000962747 0.000799309 1.75193e-06 3.70345e-06 3.63857e-05 4.76159e-05 1.32247e-05 0.000468235 1.50051e+06 inf 
565 8893.2 319255 33587 4.33943 10.6336 96.4033 457.31 122.214 1.12248e+06 55.4708 68641.6 760.689 1.85948e-05 0.000102056 0.00857051 0.143985 0.0103187 848510 0.00598907 0.215001 0.022619 2.92236e-06 7.16113e-06 6.49223e-05 0.000307973 8.23042e-05 0.755926 0.00121961 0.00098723 0.000814948 1.99558e-06 4.17701e-06 3.9457e-05 4.60264e-05 1.32327e-05 0.000466054 1.4849e+06 inf 
575 8681.29 315707 34659.6 4.97266 12.1122 105.717 456.266 120.609 1.11357e+06 53.3968 67652.2 816.379 2.43072e-05 0.000132069 0.0102542 0.144224 0.0101309 841663 0.00589235 0.214283 0.0235249 3.37515e-06 8.22105e-06 7.17548e-05 0.000309686 8.18625e-05 0.755825 0.00123405 0.00101172 0.000831229 2.25979e-06 4.69627e-06 4.25578e-05 4.45573e-05 1.32217e-05 0.00046591 1.47332e+06 inf 
585 8491.34 312594 35764.3 5.67312 13.7797 115.483 454.694 118.918 1.10619e+06 51.5261 66758.2 874.885 3.14635e-05 0.000170274 0.0121604 0.143951 0.00991446 835978 0.00580108 0.213557 0.0244333 3.87574e-06 9.41394e-06 7.88951e-05 0.000310636 8.12419e-05 0.755725 0.00124454 0.0010347 0.000845806 2.54435e-06 5.26351e-06 4.56423e-05 4.29978e-05 1.31561e-05 0.000465611 1.46375e+06 inf 
595 8303.43 309664 36875.9 6.4214 15.6068 125.271 451.983 117.153 1.09944e+06 49.6829 65906.4 935.665 4.01578e-05 0.000217737 0.0142387 0.142911 0.00968129 830772 0.00570682 0.212827 0.0253442 4.41333e-06 1.07263e-05 8.60969e-05 0.000310641 8.05174e-05 0.75563 0.00125637 0.00106173 0.000859307 2.84997e-06 5.88157e-06 4.87174e-05 4.15062e-05 1.30671e-05 0.00046788 1.455e+06 inf 
605 8134.14 307316 38046.9 7.2497 17.6735 135.571 449.074 115.419 1.09476e+06 48.0017 65180.8 1000.13 5.09653e-05 0.000278059 0.016582 0.141517 0.00943816 827134 0.00561368 0.212091 0.0262576 5.0033e-06 1.21971e-05 9.35629e-05 0.000309923 7.96551e-05 0.755537 0.00127058 0.00108983 0.000873991 3.18436e-06 6.56728e-06 5.18639e-05 4.01751e-05 1.29885e-05 0.000471155 1.44898e+06 inf 
615 7991.15 305892 39330.6 8.1505 19.9926 146.246 446.574 113.886 1.09338e+06 46.4924 64651.5 1069.93 6.39652e-05 0.000353214 0.01913 0.139963 0.00920078 825996 0.00552129 0.211348 0.0271745 5.63139e-06 1.38134e-05 0.000101045 0.00030855 7.8687e-05 0.755448 0.0012799 0.00111837 0.00088687 3.53308e-06 7.29617e-06 5.48381e-05 3.8747e-05 1.28614e-05 0.000476218 1.44733e+06 inf 
625 7842.23 303958 40548.3 9.12295 22.564 157.097 442.667 111.911 1.09022e+06 45.0028 64014.7 1140.32 7.97248e-05 0.000447339 0.021925 0.13778 0.00891034 823511 0.00543349 0.210597 0.0280939 6.32084e-06 1.56335e-05 0.000108844 0.000306702 7.75376e-05 0.75536 0.00128739 0.00114492 0.000898434 3.90952e-06 8.09526e-06 5.78242e-05 3.73509e-05 1.27062e-05 0.000481459 1.44331e+06 inf 
635 7717.22 302958 41890.4 10.1841 25.4515 168.401 439.281 110.211 1.09043e+06 43.6743 63575.1 1216.64 9.86303e-05 0.000564664 0.0249695 0.135542 0.0086409 823576 0.00534526 0.209841 0.029015 7.05391e-06 1.76287e-05 0.000116642 0.000304264 7.63368e-05 0.755277 0.00129569 0.00117592 0.000909658 4.30787e-06 8.9631e-06 6.07427e-05 3.61244e-05 1.25596e-05 0.000489158 1.44375e+06 inf 
645 7587.57 302030 43257.1 11.3046 28.624 179.626 435.131 108.426 1.09093e+06 42.3171 63150.4 1296.54 0.000120855 0.000709023 0.0281911 0.132847 0.00836181 823869 0.00525247 0.209079 0.0299446 7.82558e-06 1.98149e-05 0.000124346 0.000301218 7.50577e-05 0.755195 0.00130591 0.00120744 0.00092111 4.73516e-06 9.90902e-06 6.36656e-05 3.50758e-05 1.2441e-05 0.000497561 1.44457e+06 inf 
655 7463.52 300888 44592.3 12.5125 32.1346 191.082 430.361 106.407 1.09071e+06 41.0546 62679.9 1377.9 0.000147233 0.000887652 0.0316649 0.129889 0.00805619 823614 0.00516712 0.208309 0.030872 8.66264e-06 2.22473e-05 0.000132289 0.000297946 7.36676e-05 0.755117 0.00131287 0.00124052 0.000930528 5.18563e-06 1.09359e-05 6.64962e-05 3.3946e-05 1.22686e-05 0.0005077 1.44443e+06 inf 
665 7373.28 301154 46156.4 13.8573 36.1829 203.537 427.078 104.726 1.09566e+06 39.9856 62500.9 1469.39 0.000178765 0.00111242 0.0354909 0.127259 0.00776888 827268 0.00508107 0.207531 0.0318072 9.54932e-06 2.49343e-05 0.000140261 0.000294308 7.21686e-05 0.75504 0.00131817 0.00127496 0.000938995 5.65691e-06 1.20361e-05 6.91678e-05 3.28606e-05 1.20571e-05 0.000517971 1.45113e+06 inf 
675 7270.91 301172 47698 15.247 40.5475 215.58 422.772 102.899 1.09976e+06 38.8508 62269.6 1563.13 0.000214846 0.00138372 0.0394243 0.12419 0.00747295 830283 0.00499137 0.20675 0.032744 1.04669e-05 2.78353e-05 0.000147993 0.000290227 7.06388e-05 0.754968 0.00132542 0.00130843 0.000947738 6.159e-06 1.32325e-05 7.185e-05 3.1982e-05 1.18414e-05 0.000530569 1.4567e+06 inf 
685 7171.52 301286 49283.1 16.7322 45.3779 227.794 418.139 100.993 1.1043e+06 37.765 62055.2 1661.68 0.000256922 0.00171727 0.0436011 0.120965 0.00717018 833631 0.00490243 0.205959 0.0336898 1.14381e-05 3.10202e-05 0.000155719 0.000285839 6.90386e-05 0.754896 0.001335 0.00134337 0.000957208 6.69333e-06 1.45486e-05 7.4546e-05 3.14254e-05 1.16273e-05 0.000543631 1.46285e+06 inf 
695 7079.36 301530 50908.1 18.3288 50.7574 240.377 413.473 99.0173 1.1094e+06 36.7439 61864.3 1764.69 0.00030599 0.00212765 0.0480666 0.117703 0.00686196 837404 0.00481675 0.205159 0.0346376 1.24708e-05 3.4535e-05 0.000163551 0.000281325 6.73708e-05 0.754827 0.00134135 0.00137907 0.000962365 7.25757e-06 1.59678e-05 7.71701e-05 3.06754e-05 1.14022e-05 0.000558784 1.46974e+06 inf 
705 6993.61 302300 52649.7 20.0119 56.6959 253.098 409.038 97.1297 1.11651e+06 35.7586 61779.4 1875.25 0.000361622 0.00262478 0.0526857 0.114447 0.00656145 842700 0.00472768 0.204355 0.0355912 1.3528e-05 3.83264e-05 0.000171094 0.00027651 6.56597e-05 0.754761 0.00134976 0.00141499 0.00096733 7.8389e-06 1.74767e-05 7.96381e-05 3.01382e-05 1.11511e-05 0.000573673 1.47929e+06 inf 
715 6918.98 303513 54503.6 21.8448 63.3853 266.52 404.9 95.2718 1.12538e+06 34.8508 61780 1993.56 0.000426863 0.00324142 0.0577197 0.111261 0.00626425 849326 0.00463996 0.20354 0.0365509 1.46494e-05 4.2507e-05 0.000178732 0.000271531 6.38905e-05 0.754698 0.00135726 0.00145295 0.000971808 8.46487e-06 1.91545e-05 8.22344e-05 2.9735e-05 1.09038e-05 0.000590637 1.49117e+06 inf 
725 6836.22 304201 56289.2 23.7388 70.6235 279.679 400.023 93.1527 1.13242e+06 33.918 61670.2 2112.87 0.000499983 0.00397984 0.0628449 0.107893 0.0059518 854567 0.00455562 0.202718 0.0375108 1.58194e-05 4.70631e-05 0.000186376 0.000266573 6.20764e-05 0.754638 0.0013598 0.0014915 0.00097069 9.10667e-06 2.09096e-05 8.45185e-05 2.89559e-05 1.06191e-05 0.000607837 1.50061e+06 inf 
735 6763.08 305455 58217.4 25.7647 78.6503 293.281 395.461 91.1347 1.14168e+06 33.0529 61671.1 2241.55 0.000583688 0.00487739 0.0682786 0.104605 0.00565099 861487 0.00446999 0.201887 0.0384782 1.70289e-05 5.19831e-05 0.000193841 0.000261376 6.02346e-05 0.75458 0.0013657 0.00153148 0.000975951 9.78764e-06 2.28346e-05 8.69113e-05 2.86428e-05 1.03327e-05 0.000625337 1.513e+06 inf 
745 6685.77 306460 60134 27.901 87.5086 307.138 390.479 88.9228 1.15013e+06 32.1767 61616.7 2373.73 0.000678537 0.00596786 0.0740086 0.101237 0.00534047 867805 0.00438608 0.201047 0.0394499 1.8304e-05 5.74085e-05 0.000201492 0.000256167 5.83363e-05 0.754525 0.00136794 0.00157068 0.000975676 1.04932e-05 2.48872e-05 8.9179e-05 2.81655e-05 1.00201e-05 0.000644371 1.52432e+06 inf 
755 6619.59 307932 62173.7 30.1676 97.289 321.505 386.013 86.7772 1.16046e+06 31.3656 61652.5 2514.66 0.000785311 0.00728 0.0800057 0.0980367 0.00503933 875536 0.00430372 0.200202 0.0404222 1.96135e-05 6.32524e-05 0.000209026 0.000250966 5.64182e-05 0.754473 0.0013676 0.00161601 0.000973191 1.12197e-05 2.70597e-05 9.12346e-05 2.74691e-05 9.65968e-06 0.000663728 1.53811e+06 inf 
765 6543.84 309021 64182.6 32.5322 107.936 335.861 380.779 84.4243 1.1695e+06 30.5349 61606 2658.84 0.000905475 0.00885656 0.0862796 0.0946747 0.00473118 882296 0.00422133 0.199345 0.0414032 2.0986e-05 6.96276e-05 0.000216659 0.000245635 5.44608e-05 0.754423 0.00137037 0.00166133 0.000974041 1.19873e-05 2.94148e-05 9.33624e-05 2.71425e-05 9.27528e-06 0.000684097 1.55018e+06 inf 
775 6496.45 311469 66519.8 35.1478 120.073 351.93 377.094 82.3839 1.18383e+06 29.8353 61824.5 2821.17 0.00104333 0.0107872 0.0932073 0.0917409 0.00444907 893057 0.00413975 0.198478 0.0423886 2.23973e-05 7.65146e-05 0.000224261 0.000240296 5.24977e-05 0.754377 0.00136914 0.00170492 0.000974444 1.27752e-05 3.19295e-05 9.5402e-05 2.67945e-05 8.89303e-06 0.000704026 1.56928e+06 inf 
785 6416 312602 68626.2 37.7004 132.72 366.578 371.557 79.9629 1.19331e+06 28.9938 61776.9 2978.58 0.00119107 0.0130328 0.0999664 0.0883849 0.00415647 900154 0.00405577 0.197606 0.0433809 2.38317e-05 8.38968e-05 0.000231726 0.000234874 5.05472e-05 0.754332 0.00137066 0.00175351 0.000977997 1.36002e-05 3.46378e-05 9.74432e-05 2.65572e-05 8.51019e-06 0.000726269 1.58194e+06 inf 
795 6367.02 315346 71135.1 40.5872 147.258 383.525 367.759 77.9155 1.20911e+06 28.3139 62042.1 3158.29 0.00136409 0.0157963 0.107699 0.0854861 0.00389359 912019 0.00397201 0.196726 0.044377 2.53199e-05 9.18654e-05 0.000239258 0.000229423 4.86069e-05 0.754291 0.00137351 0.00180507 0.000977512 1.44872e-05 3.76185e-05 9.97117e-05 2.63584e-05 8.1458e-06 0.000747345 1.60297e+06 inf 
805 6300.66 317438 73554.4 43.4696 162.75 399.957 363.057 75.6221 1.22258e+06 27.5431 62172.2 3339.34 0.00154856 0.019035 0.115469 0.0824291 0.00362562 922130 0.0038871 0.195839 0.0453784 2.6818e-05 0.000100406 0.000246748 0.000223983 4.6654e-05 0.754251 0.00137214 0.00185797 0.000979989 1.53675e-05 4.07664e-05 0.000101748 2.61768e-05 7.75736e-06 0.000769878 1.62091e+06 inf 
815 6236.47 319264 75963.8 46.5165 179.653 417.017 358.147 73.2208 1.23524e+06 26.8152 62242.5 3524.94 0.00175538 0.0228858 0.123787 0.0794107 0.00336199 931640 0.00380788 0.194937 0.0463821 2.84021e-05 0.000109693 0.000254623 0.000218679 4.47074e-05 0.754217 0.00136856 0.00191142 0.00098102 1.62827e-05 4.40576e-05 0.000103677 2.58164e-05 7.35007e-06 0.000792776 1.63778e+06 inf 
825 6201.64 322935 78874.8 49.9343 198.994 436.722 355.025 71.2184 1.25522e+06 26.223 62665.8 3739.54 0.00199425 0.0275766 0.133247 0.0768219 0.00312807 946669 0.00372618 0.194031 0.0473909 3.00024e-05 0.000119563 0.000262399 0.000213313 4.27907e-05 0.754184 0.00136798 0.00197163 0.000977509 1.72649e-05 4.76831e-05 0.000105861 2.55975e-05 6.95833e-06 0.000813519 1.66434e+06 inf 
835 6136.54 325359 81553.3 53.2535 219.208 455.333 350.365 68.881 1.27058e+06 25.4898 62839.2 3949.28 0.00224453 0.0329895 0.142682 0.0739464 0.00288843 958217 0.00364234 0.193117 0.0484059 3.16086e-05 0.000130111 0.000270262 0.000207959 4.08843e-05 0.754154 0.00136486 0.00203056 0.000979709 1.8252e-05 5.14982e-05 0.000107921 2.5376e-05 6.55002e-06 0.00083764 1.68478e+06 inf 
845 6086.01 328719 84536 56.8633 241.75 475.912 346.514 66.7292 1.28982e+06 24.8317 63185.3 4179.94 0.00252743 0.0394743 0.153211 0.0712987 0.00266814 972693 0.00355834 0.192194 0.0494261 3.32465e-05 0.000141345 0.000278253 0.000202598 3.90149e-05 0.754127 0.0013626 0.00209433 0.000984549 1.92975e-05 5.56875e-05 0.000110245 2.53121e-05 6.15091e-06 0.00086158 1.71035e+06 inf 
855 6033.44 331785 87519.2 60.6219 266.32 497.51 342.451 64.4374 1.30817e+06 24.1729 63465.1 4417.12 0.0028356 0.0471109 0.164501 0.0686892 0.00245032 986496 0.00347801 0.191259 0.0504509 3.49458e-05 0.000153521 0.000286792 0.000197408 3.71453e-05 0.754102 0.00135574 0.00215769 0.000990126 2.03318e-05 5.99038e-05 0.00011215 2.50299e-05 5.72082e-06 0.000884884 1.73474e+06 inf 
865 5981.97 334939 90604.6 64.5554 292.901 519.952 338.341 62.1748 1.32717e+06 23.5448 63750.6 4666.12 0.0031767 0.0560717 0.17664 0.0661242 0.00224637 1.0008e+06 0.0033989 0.190309 0.0514807 3.66798e-05 0.000166424 0.000295432 0.000192242 3.53272e-05 0.754085 0.00135109 0.00222265 0.000992022 2.14374e-05 6.45183e-05 0.000114392 2.47833e-05 5.32534e-06 0.000908366 1.75997e+06 inf 
875 5928.12 338565 93899.2 68.6443 321.866 543.867 334.387 59.9854 1.34825e+06 22.9001 64119.3 4933.12 0.00354694 0.0665837 0.189837 0.0636347 0.00205571 1.01667e+06 0.00331556 0.189358 0.0525173 3.83923e-05 0.000180018 0.000304182 0.000187021 3.35495e-05 0.754066 0.0013472 0.0022911 0.00100041 2.25789e-05 6.95226e-05 0.000116824 2.47759e-05 4.91756e-06 0.000932639 1.78797e+06 inf 
885 5883.04 342719 97428.7 72.996 353.739 569.897 330.955 57.8735 1.37174e+06 22.2959 64576.5 5219.86 0.00395508 0.0789526 0.204394 0.0613086 0.00187831 1.03437e+06 0.00323394 0.188395 0.0535571 4.01263e-05 0.000194452 0.000313276 0.000181928 3.18134e-05 0.754053 0.00134082 0.00236244 0.00100904 2.37489e-05 7.47593e-05 0.000119225 2.45739e-05 4.51954e-06 0.000956687 1.81916e+06 inf 
895 5831.85 347104 101115 77.5019 388.275 597.544 327.439 55.7919 1.39643e+06 21.667 65068.3 5522.79 0.0043977 0.093395 0.220328 0.0590088 0.0017125 1.05297e+06 0.00314907 0.187429 0.0545998 4.18494e-05 0.00020966 0.000322661 0.00017681 3.01264e-05 0.754041 0.00133531 0.0024398 0.00102268 2.49659e-05 8.046e-05 0.000121912 2.45292e-05 4.13696e-06 0.000982421 1.85193e+06 inf 
905 5783.17 352304 105155 82.1822 425.706 626.946 324.265 53.8654 1.42472e+06 21.0582 65701.2 5854.18 0.00487743 0.110136 0.237612 0.0568032 0.00156267 1.07429e+06 0.00306072 0.186456 0.0556527 4.34947e-05 0.000225304 0.000331809 0.000171616 2.85081e-05 0.75403 0.00133303 0.00252088 0.00103988 2.62598e-05 8.67608e-05 0.000125133 2.47158e-05 3.78477e-06 0.00100963 1.88948e+06 inf 
915 5728.38 355936 108820 87.0364 465.744 657.703 320.233 51.6264 1.44713e+06 20.4474 66025.5 6172.31 0.00539727 0.129542 0.25659 0.0545726 0.0014109 1.09118e+06 0.00298479 0.185462 0.0567008 4.53505e-05 0.000242677 0.000342698 0.000166858 2.69001e-05 0.754028 0.00132106 0.00260069 0.00105934 2.74879e-05 9.27686e-05 0.000127495 2.43618e-05 3.39722e-06 0.00103362 1.91919e+06 inf 
925 5691.17 362319 113452 92.3549 510.781 692.995 317.798 49.8556 1.48099e+06 19.8961 66851 6555.56 0.00597926 0.152466 0.278313 0.0526069 0.00128405 1.1167e+06 0.00289757 0.184469 0.0577623 4.70211e-05 0.000260056 0.000352828 0.000161802 2.53832e-05 0.754024 0.00131676 0.00268967 0.00108649 2.88663e-05 9.99817e-05 0.000131192 2.4579e-05 3.07338e-06 0.00106294 1.96412e+06 inf 
935 5644.79 368132 118030 97.7611 558.847 729.968 314.849 47.9826 1.51296e+06 19.321 67555.8 6945.43 0.00659775 0.178747 0.301932 0.0506213 0.00116262 1.14081e+06 0.00281322 0.183468 0.0588234 4.87217e-05 0.000278516 0.000363798 0.000156913 2.39134e-05 0.754024 0.00130953 0.00277893 0.00111441 3.02382e-05 0.000107294 0.000134634 2.46315e-05 2.75152e-06 0.00109121 2.00652e+06 inf 
945 5595.84 374525 122937 103.356 610.543 769.458 311.973 46.1845 1.54774e+06 18.7431 68352.7 7365.67 0.00726485 0.208988 0.328006 0.0486836 0.00105149 1.16704e+06 0.00272616 0.18246 0.0598921 5.03524e-05 0.000297442 0.000374862 0.000151986 2.25e-05 0.754025 0.00130356 0.00287372 0.00114924 3.16843e-05 0.000115507 0.000138836 2.48553e-05 2.45196e-06 0.00112075 2.05264e+06 inf 
955 5539.42 381145 128045 108.991 665.976 811.681 309.114 44.4143 1.58386e+06 18.1291 69177.9 7808.4 0.00795923 0.243343 0.356452 0.0467918 0.000949003 1.19428e+06 0.00263716 0.181452 0.0609585 5.18872e-05 0.000317052 0.000386418 0.00014716 2.11443e-05 0.754029 0.00129465 0.00296897 0.00118745 3.3119e-05 0.000123802 0.000142751 2.49026e-05 2.17016e-06 0.00115313 2.10053e+06 inf 
965 5494.4 388720 133651 115.148 726.932 858.515 306.707 42.8044 1.62455e+06 17.5801 70155.2 8294.16 0.00874105 0.283464 0.389062 0.0450217 0.000858625 1.22498e+06 0.00255023 0.180425 0.0620342 5.3446e-05 0.000337407 0.000398481 0.000142358 1.98677e-05 0.754039 0.0012869 0.00306896 0.00122894 3.46512e-05 0.000133143 0.000147636 2.51194e-05 1.95057e-06 0.00117942 2.15447e+06 inf 
975 5453.33 395766 139239 121.728 793.191 909.71 304.153 41.1441 1.66369e+06 17.0652 71013.9 8790.84 0.00959942 0.329863 0.426062 0.0433208 0.000774027 1.25452e+06 0.00247168 0.179378 0.0631091 5.51726e-05 0.000359509 0.00041232 0.000137855 1.86483e-05 0.754058 0.00127495 0.00316668 0.00127779 3.61505e-05 0.000142344 0.000151993 2.51153e-05 1.75045e-06 0.00120519 2.20632e+06 inf 
985 5392.06 401882 144655 128.107 861.833 962.054 300.728 39.4497 1.69944e+06 16.4857 71689.2 9288.88 0.0104765 0.381559 0.465819 0.0415424 0.000696303 1.28152e+06 0.00239258 0.178324 0.0641865 5.68438e-05 0.000382414 0.000426884 0.000133439 1.75047e-05 0.75408 0.00126121 0.00326884 0.00133246 3.7649e-05 0.000151874 0.000156408 2.50433e-05 1.59728e-06 0.00123244 2.25366e+06 inf 
995 5341.84 409011 150594 134.996 937.31 1020.65 298.023 37.9113 1.74002e+06 15.9477 72527.8 9833.09 0.0114362 0.441148 0.511257 0.0399209 0.000627964 1.31216e+06 0.00231509 0.177261 0.0652657 5.85058e-05 0.00040622 0.000442337 0.00012916 1.64304e-05 0.754106 0.00124575 0.00337239 0.00139123 3.91588e-05 0.000161784 0.000160969 2.48796e-05 1.48195e-06 0.00125751 2.3074e+06 inf 
1005 5285.76 417348 157159 142.025 1017.63 1083.4 295.313 36.5369 1.78628e+06 15.3978 73564.1 10432.4 0.0124539 0.508457 0.561759 0.0383198 0.000568266 1.3471e+06 0.00223156 0.176197 0.0663496 5.99605e-05 0.000429625 0.000457394 0.000124676 1.54253e-05 0.754135 0.00123322 0.00347915 0.00145506 4.07745e-05 0.000173447 0.0001672 2.5176e-05 1.40482e-06 0.00128658 2.36864e+06 inf 
1015 5229.1 424922 163631 149.349 1103.37 1150.95 292.402 35.1757 1.82999e+06 14.865 74442.5 11040.1 0.0135457 0.584675 0.618398 0.0367691 0.000514449 1.38013e+06 0.00215499 0.175117 0.0674348 6.15491e-05 0.000454716 0.000474325 0.000120503 1.44964e-05 0.754168 0.00121741 0.00359251 0.00152606 4.23569e-05 0.000184897 0.000172821 2.51402e-05 1.36572e-06 0.00131431 2.42651e+06 inf 
1025 5175.51 433486 170680 157.077 1196.11 1225.21 289.835 33.9678 1.87863e+06 14.3491 75473.5 11701.8 0.0147263 0.671316 0.682618 0.0353054 0.000467742 1.41688e+06 0.00207779 0.174029 0.0685221 6.3061e-05 0.000480197 0.000491877 0.000116359 1.36369e-05 0.754206 0.00120144 0.00370689 0.00160035 4.39932e-05 0.000197283 0.000179176 2.519e-05 1.34813e-06 0.00134305 2.49088e+06 inf 
1035 5118.66 443480 178500 164.956 1294.54 1305.04 287.362 32.9098 1.93408e+06 13.8299 76735.9 12432.7 0.0159632 0.768236 0.754011 0.0338816 0.000427263 1.45877e+06 0.00199615 0.172946 0.0696105 6.43287e-05 0.000504839 0.000508934 0.000112064 1.2834e-05 0.754244 0.00118688 0.00382577 0.00167827 4.56846e-05 0.000211497 0.000187169 2.55858e-05 1.382e-06 0.00137192 2.56426e+06 inf 
1045 5058.86 453836 186690 173.086 1399.55 1391.7 284.924 31.958 1.99188e+06 13.3115 78037 13206.4 0.0172779 0.876963 0.834291 0.0325076 0.000392186 1.50245e+06 0.00191569 0.171859 0.0706961 6.55445e-05 0.000529981 0.00052701 0.000107895 1.21019e-05 0.754287 0.00117086 0.00394705 0.00175827 4.73995e-05 0.000226294 0.000195422 2.58574e-05 1.43441e-06 0.00140143 2.64075e+06 inf 
1055 5001.77 465376 195604 181.622 1512.56 1486.88 282.82 31.1492 2.05566e+06 12.8103 79518.4 14049.3 0.0186811 0.999316 0.92513 0.0312102 0.000362121 1.55065e+06 0.00183542 0.170772 0.0717778 6.66469e-05 0.000555042 0.000545617 0.000103782 1.14303e-05 0.754332 0.00115413 0.00407834 0.0018476 4.91252e-05 0.000242141 0.000204409 2.61141e-05 1.49313e-06 0.00142651 2.72513e+06 inf 
1065 4937.51 477312 204938 190.187 1631.59 1589.04 280.649 30.4451 2.12206e+06 12.2933 81041.4 14941.3 0.0201248 1.13445 1.02619 0.0299416 0.000336253 1.60085e+06 0.00175527 0.169683 0.0728547 6.76109e-05 0.000580024 0.000564897 9.97699e-05 1.08231e-05 0.754384 0.00113546 0.00421097 0.00194186 5.08238e-05 0.00025858 0.000213774 2.62699e-05 1.54807e-06 0.00145542 2.81297e+06 inf 
1075 4886.92 489806 214817 199.713 1762.89 1704.08 279.102 29.9009 2.19209e+06 11.8315 82623.6 15894.1 0.0217414 1.28903 1.14345 0.0287991 0.000315044 1.65382e+06 0.00168191 0.168574 0.0739324 6.87344e-05 0.000606727 0.000586485 9.60572e-05 1.02909e-05 0.754443 0.00111497 0.00434729 0.00204456 5.25188e-05 0.000274813 0.000222645 2.61666e-05 1.58917e-06 0.00148188 2.90558e+06 inf 
1085 4820.95 505727 226412 208.914 1899.48 1827.62 277.569 29.5427 2.2779e+06 11.3285 84774.9 16993.2 0.0233583 1.45676 1.27246 0.0276448 0.00029746 1.71867e+06 0.00159681 0.167509 0.074993 6.91973e-05 0.000629154 0.000605351 9.19375e-05 9.78527e-06 0.754496 0.00109656 0.00449211 0.00214784 5.43008e-05 0.000294415 0.000234562 2.65354e-05 1.66567e-06 0.00150562 3.0191e+06 inf 
1095 4771.83 521459 238341 219.258 2050.4 1966.22 276.614 29.3242 2.36453e+06 10.8839 86841.4 18144 0.0251583 1.64865 1.42253 0.0266201 0.000283604 1.78419e+06 0.00152278 0.166407 0.0760589 6.99689e-05 0.000654319 0.000627455 8.82723e-05 9.35785e-06 0.754562 0.00107443 0.00463191 0.00225863 5.59715e-05 0.000313016 0.000245467 2.65129e-05 1.71282e-06 0.0015277 3.13364e+06 inf 
1105 4696.37 536542 250270 228.706 2200.78 2108.07 274.653 29.1497 2.44922e+06 10.3808 88772.4 19316.9 0.0268908 1.85116 1.58373 0.0255163 0.000271809 1.84827e+06 0.00144701 0.165315 0.0771113 7.0467e-05 0.000678089 0.000649523 8.46241e-05 8.98138e-06 0.754635 0.001051 0.00477437 0.00237302 5.76177e-05 0.000332509 0.000257074 2.64702e-05 1.75569e-06 0.001549 3.24557e+06 inf 
1115 4643.96 559041 265961 239.64 2372.44 2276.16 274.508 29.3407 2.56858e+06 9.94313 91910 20804.8 0.0288603 2.08405 1.77397 0.0245795 0.000264333 1.93853e+06 0.0013645 0.164259 0.0781454 7.04115e-05 0.000697076 0.000668787 8.06566e-05 8.62094e-06 0.754706 0.0010294 0.00492491 0.0024923 5.93465e-05 0.000355562 0.00027195 2.67677e-05 1.82925e-06 0.00156698 3.40342e+06 inf 
1125 4576.34 578834 280890 250.258 2545.71 2449.63 273.189 29.5081 2.67738e+06 9.48963 94545 22266.7 0.0308496 2.33412 1.98254 0.0236001 0.000258135 2.02085e+06 0.00129011 0.163179 0.0791857 7.05502e-05 0.000717661 0.000690576 7.70147e-05 8.31864e-06 0.754781 0.0010054 0.00507259 0.0026119 6.09875e-05 0.00037812 0.00028636 2.68669e-05 1.88976e-06 0.00158788 3.54723e+06 inf 
1135 4518.66 605116 299333 261.787 2738.07 2649.88 273.146 29.9947 2.81714e+06 9.05971 98215.3 24036 0.0329754 2.61424 2.22368 0.0227317 0.000255471 2.12653e+06 0.00121077 0.16214 0.0802056 7.01454e-05 0.000733661 0.00071003 7.3189e-05 8.03704e-06 0.754849 0.000980601 0.00522552 0.00272979 6.25727e-05 0.000402767 0.000302802 2.70977e-05 1.96446e-06 0.00161195 3.73206e+06 inf 
1145 4447.43 634319 319663 272.851 2935.43 2864.25 272.864 30.628 2.97197e+06 8.61106 102319 25988.3 0.035084 2.91187 2.48878 0.0218467 0.000254662 2.24363e+06 0.00112971 0.161127 0.0811991 6.93081e-05 0.000745642 0.000727561 6.93114e-05 7.77997e-06 0.754925 0.000954507 0.00537463 0.002852 6.40957e-05 0.000428574 0.00032069 2.73005e-05 2.03962e-06 0.00163654 3.93678e+06 inf 
1155 4384.25 667938 342817 284.885 3150.93 3106.75 273.238 31.4869 3.14926e+06 8.19497 107084 28211.5 0.0373605 3.24319 2.79391 0.0210382 0.000256404 2.37768e+06 0.00105106 0.160129 0.0821856 6.82973e-05 0.000755391 0.000744801 6.5505e-05 7.54855e-06 0.754993 0.000927305 0.00553147 0.00297192 6.55145e-05 0.000454857 0.000339225 2.74356e-05 2.11868e-06 0.00166236 4.17125e+06 inf 
1165 4323.45 708572 370121 297.471 3384.29 3381.14 274.403 32.6324 3.36129e+06 7.79039 112927 30815.1 0.039729 3.6061 3.14158 0.0202897 0.000260771 2.53799e+06 0.000971197 0.15917 0.0831419 6.68223e-05 0.000760229 0.00075952 6.16405e-05 7.33038e-06 0.755062 0.000898203 0.00568495 0.00309068 6.67779e-05 0.000481776 0.000358939 2.7536e-05 2.20084e-06 0.00168949 4.45167e+06 inf 
1175 4255.18 751110 399200 310.025 3624.86 3676 275.16 33.893 3.58511e+06 7.38776 118993 33615.6 0.0421528 3.99474 3.52833 0.0195368 0.0002666 2.70728e+06 0.000896282 0.158209 0.0840847 6.53015e-05 0.000763516 0.000774287 5.79578e-05 7.13898e-06 0.755142 0.000867633 0.00582872 0.00321238 6.793e-05 0.000508398 0.000379028 2.74953e-05 2.2781e-06 0.00171621 4.74759e+06 inf 
1185 4186 799375 432097 322.841 3880.04 4003.26 276.297 35.3752 3.83874e+06 6.99219 125896 36788.5 0.0446081 4.41379 3.96409 0.0188207 0.000274439 2.89913e+06 0.000823543 0.157267 0.0850096 6.35148e-05 0.000763348 0.000787591 5.4358e-05 6.95963e-06 0.755224 0.000835106 0.00596036 0.00332372 6.88618e-05 0.000534469 0.000399481 2.73484e-05 2.35713e-06 0.00172334 5.08292e+06 inf 
1195 4114.67 851705 468158 335.981 4144.78 4357.47 277.025 36.9653 4.11492e+06 6.61018 133351 40293.4 0.04715 4.86538 4.45205 0.0181201 0.000283594 3.10802e+06 0.000755256 0.156332 0.0859313 6.16699e-05 0.000760781 0.000799821 5.08484e-05 6.78504e-06 0.755302 0.00080181 0.00608789 0.00342534 6.96512e-05 0.000560589 0.000421271 2.72108e-05 2.45303e-06 0.0017312 5.44805e+06 inf 
1205 4054.4 931033 519483 350.337 4442.07 4785.25 279.703 39.1228 4.5221e+06 6.25504 145024 45152.1 0.049874 5.36327 5.01866 0.0175057 0.000295968 3.41589e+06 0.000677249 0.15552 0.0867749 5.85205e-05 0.000742007 0.000799332 4.67218e-05 6.5351e-06 0.755374 0.000765624 0.0061926 0.0035152 7.00453e-05 0.000587631 0.000446529 2.72258e-05 2.59444e-06 0.00172525 5.98656e+06 inf 
1215 3977.91 1.01656e+06 575644 363.774 4739.66 5242.04 281.53 41.3465 4.96383e+06 5.88708 157533 50515.8 0.0524722 5.87758 5.63821 0.0168559 0.000308952 3.74995e+06 0.000605403 0.154712 0.087608 5.53633e-05 0.000721335 0.000797792 4.28464e-05 6.29258e-06 0.755451 0.000727633 0.00627725 0.00359236 7.01478e-05 0.000611713 0.000470758 2.70094e-05 2.72457e-06 0.00172033 6.57068e+06 inf 
1225 3907.18 1.1123e+06 639159 377.911 5060.23 5757.43 284.168 43.8621 5.46084e+06 5.53928 171467 56618.5 0.0551487 6.43155 6.34122 0.016261 0.000324017 4.12591e+06 0.000540581 0.153894 0.0884314 5.22862e-05 0.000700113 0.000796575 3.93164e-05 6.06858e-06 0.75554 0.000688595 0.00633685 0.00365943 6.99736e-05 0.000632206 0.000492761 2.65337e-05 2.82879e-06 0.00171205 7.22774e+06 inf 
1235 3839.96 1.2254e+06 714275 392.751 5403.48 6344.22 287.5 46.7117 6.0485e+06 5.2103 187920 63848.2 0.0579536 7.02796 7.13915 0.0157009 0.000340901 4.5705e+06 0.000479726 0.153089 0.0892343 4.90664e-05 0.000675056 0.000792583 3.59173e-05 5.83568e-06 0.755638 0.00064868 0.00636726 0.00371295 6.95171e-05 0.000649847 0.000513522 2.59124e-05 2.92122e-06 0.00169275 8.00449e+06 inf 
1245 3770.34 1.35019e+06 798271 407.647 5762.35 6993.59 291.002 49.7677 6.70081e+06 4.88956 205966 71994.9 0.0607273 7.65606 8.03158 0.015158 0.000359122 5.0641e+06 0.000425232 0.152279 0.0900319 4.59759e-05 0.000649898 0.000788762 3.28202e-05 5.61298e-06 0.755741 0.000608802 0.00638252 0.00375628 6.88132e-05 0.000664161 0.000532621 2.51477e-05 2.99959e-06 0.00167651 8.86654e+06 inf 
1255 3697.76 1.49512e+06 896315 422.519 6138.99 7717.33 294.745 53.0398 7.46014e+06 4.57479 226884 81538.2 0.0634316 8.31543 9.03007 0.0146358 0.000378595 5.63875e+06 0.00037465 0.151483 0.0908131 4.28088e-05 0.000621992 0.000781906 2.9863e-05 5.37389e-06 0.755848 0.00056846 0.00636992 0.00377977 6.77804e-05 0.000675004 0.000550939 2.43119e-05 3.07893e-06 0.00165737 9.86989e+06 inf 
1265 3632.24 1.65824e+06 1.00799e+06 438.473 6543.62 8534.47 299.197 56.6091 8.31961e+06 4.2859 250300 92482 0.0663351 9.02592 10.1639 0.0141532 0.000399719 6.28933e+06 0.000330043 0.150676 0.0915913 3.98418e-05 0.000594585 0.000775483 2.71865e-05 5.14378e-06 0.755961 0.000529632 0.00634506 0.00379524 6.66345e-05 0.000683087 0.000567597 2.33864e-05 3.14038e-06 0.00163916 1.10054e+07 inf 
1275 3561.42 1.86035e+06 1.14599e+06 453.716 6970.38 9485.72 304.782 60.7208 9.38309e+06 3.99565 279364 106001 0.0689735 9.75011 11.4322 0.0136766 0.000422354 7.09434e+06 0.000286973 0.149904 0.0923423 3.65598e-05 0.000561662 0.000764344 2.45588e-05 4.89279e-06 0.756074 0.000489499 0.00627688 0.00378167 6.49705e-05 0.0006857 0.00058049 2.23362e-05 3.177e-06 0.00161336 1.24103e+07 inf 
1285 3495.25 2.10682e+06 1.31491e+06 469.735 7418.5 10553.5 310.414 65.0173 1.06818e+07 3.72785 314763 122598 0.07175 10.5201 12.8545 0.0132253 0.000445556 8.0775e+06 0.000247437 0.149146 0.0930856 3.32536e-05 0.000525172 0.000747103 2.19749e-05 4.60272e-06 0.756189 0.000450197 0.00617913 0.00374487 6.30361e-05 0.000684789 0.000593156 2.12921e-05 3.2182e-06 0.00158015 1.41258e+07 inf 
1295 3428.01 2.42614e+06 1.53331e+06 485.773 7887.51 11787 316.455 69.6873 1.23621e+07 3.47073 360703 144054 0.0744587 11.3213 14.445 0.0127847 0.000469276 9.34949e+06 0.000209721 0.148428 0.093806 2.9719e-05 0.000482548 0.000721116 1.93603e-05 4.26338e-06 0.756299 0.000410307 0.0060324 0.00367339 6.05976e-05 0.000678065 0.000603088 2.01824e-05 3.2455e-06 0.00153786 1.63455e+07 inf 
1305 3359.14 2.797e+06 1.79047e+06 501.429 8372 13162.2 322.464 74.4677 1.43264e+07 3.22122 413712 169507 0.0769383 12.1408 16.204 0.0123568 0.000493044 1.08368e+07 0.00017736 0.14768 0.0945357 2.64751e-05 0.000442036 0.000694957 1.70259e-05 3.93184e-06 0.756423 0.000372319 0.00586138 0.00358735 5.79772e-05 0.000667557 0.000610407 1.90407e-05 3.25161e-06 0.00149883 1.89396e+07 inf 
1315 3300.83 3.37197e+06 2.18361e+06 518.344 8917.37 14930.8 331.292 80.4167 1.73525e+07 2.99263 496448 208160 0.0795465 13.0142 18.2412 0.0119726 0.000518917 1.31282e+07 0.000143914 0.147015 0.095204 2.25994e-05 0.000388791 0.000650973 1.44441e-05 3.50611e-06 0.756556 0.000331309 0.00558784 0.00343906 5.43823e-05 0.000645175 0.000609539 1.77021e-05 3.21428e-06 0.00142834 2.29362e+07 inf 
1325 3240.91 4.23453e+06 2.77187e+06 534.62 9494.54 17150.9 341.604 87.2694 2.18835e+07 2.77225 620801 265967 0.081916 13.8948 20.5265 0.0115876 0.000544559 1.65587e+07 0.000112061 0.146418 0.0958437 1.84857e-05 0.000328295 0.000593031 1.18117e-05 3.01753e-06 0.756672 0.000288615 0.00522612 0.00322557 4.9907e-05 0.000610465 0.000598383 1.61602e-05 3.1183e-06 0.00133527 2.89208e+07 inf 
1335 3186.59 5.25138e+06 3.47872e+06 551.119 10114 19730.2 353.188 94.5319 2.72743e+07 2.56434 766072 336125 0.084132 14.8 23.1 0.0112283 0.000570675 2.06415e+07 8.8422e-05 0.145716 0.0965282 1.52926e-05 0.000280645 0.000547476 9.80032e-06 2.62309e-06 0.756811 0.000251669 0.00488649 0.00302795 4.58328e-05 0.000576117 0.000584168 1.46805e-05 2.99242e-06 0.00125533 3.60384e+07 inf 
1345 3135.09 6.52038e+06 4.37382e+06 567.769 10753.9 22694.4 364.415 101.778 3.40465e+07 2.37158 946175 425682 0.0862736 15.7312 25.9474 0.0108792 0.000595585 2.57716e+07 6.97022e-05 0.144967 0.0972429 1.26232e-05 0.000239092 0.000504564 8.10201e-06 2.26283e-06 0.756953 0.00021879 0.00455268 0.00282809 4.19377e-05 0.000540913 0.000567718 1.32753e-05 2.84977e-06 0.00117245 4.49783e+07 inf 
1355 3088.7 8.31442e+06 5.64932e+06 584.023 11456.6 26541.1 378.822 110.469 4.36555e+07 2.18913 1.19989e+06 553877 0.0881642 16.6633 29.1951 0.0105379 0.000620243 3.30517e+07 5.35662e-05 0.144194 0.0979741 1.01285e-05 0.000198688 0.000460292 6.56977e-06 1.91583e-06 0.757101 0.000187339 0.00417291 0.00259954 3.77679e-05 0.000499508 0.000542634 1.1815e-05 2.662e-06 0.00108719 5.76614e+07 inf 
1365 3054.8 1.11378e+07 7.66503e+06 600.884 12279.2 31883.6 398.953 121.585 5.87997e+07 2.01886 1.59862e+06 757048 0.089845 17.6174 33.0355 0.0102317 0.000646519 4.45251e+07 3.93402e-05 0.143434 0.0987115 7.73827e-06 0.000158134 0.000410602 5.13778e-06 1.5658e-06 0.757232 0.00015637 0.00373175 0.00232756 3.31234e-05 0.000449303 0.000506796 1.02649e-05 2.42369e-06 0.000990049 7.76509e+07 inf 
1375 3035.96 1.57594e+07 1.09874e+07 618.051 13243.3 39679.3 426.374 136.059 8.36754e+07 1.86268 2.24918e+06 1.09317e+06 0.0913877 18.58 37.6043 0.00993886 0.000672426 6.33745e+07 2.74799e-05 0.142646 0.099452 5.59426e-06 0.000119871 0.000359156 3.85931e-06 1.23153e-06 0.757385 0.000126905 0.00324142 0.00203057 2.82116e-05 0.000392183 0.000459762 8.66412e-06 2.1377e-06 0.000884745 1.10479e+08 inf 
1385 3023.81 2.13716e+07 1.51087e+07 634.383 14280.6 49141.3 456.167 151.369 1.14208e+08 1.71607 3.03093e+06 1.51468e+06 0.0925909 19.5177 42.7743 0.00964339 0.000695976 8.65208e+07 2.00576e-05 0.141763 0.10022 4.208e-06 9.47265e-05 0.000325965 3.02585e-06 1.00407e-06 0.757569 0.000104789 0.00286151 0.00180551 2.44227e-05 0.00034712 0.000421282 7.40344e-06 1.89958e-06 0.000808798 1.50756e+08 inf 
1395 3012.76 2.71967e+07 1.95154e+07 649.868 15305.2 59240.9 482.583 164.835 1.46357e+08 1.5804 3.8308e+06 1.97234e+06 0.0934931 20.4367 48.3281 0.00934554 0.000715761 1.10902e+08 1.55982e-05 0.140807 0.101039 3.3646e-06 7.92405e-05 0.000306712 2.49851e-06 8.53411e-07 0.757746 8.9101e-05 0.0025955 0.00165055 2.17423e-05 0.000315482 0.000395145 6.49174e-06 1.72553e-06 0.000758374 1.93148e+08 inf 
1405 2996.32 3.17009e+07 2.31188e+07 664.28 16212 68045.2 499.672 173.554 1.71881e+08 1.45596 4.43255e+06 2.35726e+06 0.0941296 21.3335 53.9328 0.00904375 0.000731142 1.30267e+08 1.32119e-05 0.139781 0.101939 2.92906e-06 7.14851e-05 0.000300037 2.20324e-06 7.65267e-07 0.757889 7.90275e-05 0.00244636 0.00155596 2.01612e-05 0.000298257 0.000384432 5.91803e-06 1.62427e-06 0.000724257 2.26789e+08 inf 
1415 3001.31 3.87741e+07 2.87353e+07 678.463 17323 80837.1 526.801 186.357 2.11818e+08 1.34133 5.38177e+06 2.95558e+06 0.0944004 22.1946 60.6795 0.0087574 0.00074589 1.60566e+08 1.07408e-05 0.138762 0.102835 2.42803e-06 6.19942e-05 0.000289293 1.88527e-06 6.66918e-07 0.758036 6.84461e-05 0.00225043 0.00143132 1.82191e-05 0.000274927 0.000365328 5.27124e-06 1.49149e-06 0.000673926 2.7943e+08 inf 
1425 3000.38 4.24576e+07 3.1977e+07 691.826 18297.7 90554.9 543.555 193.896 2.33769e+08 1.23724 5.84819e+06 3.31707e+06 0.0944034 23.0256 67.4189 0.00847771 0.000757682 1.77247e+08 9.73147e-06 0.137707 0.103715 2.24388e-06 5.93471e-05 0.000293707 1.76297e-06 6.28884e-07 0.758211 6.25953e-05 0.00218132 0.00138691 1.73538e-05 0.000266757 0.000363873 4.93849e-06 1.43596e-06 0.000654128 3.08317e+08 inf 
1435 2952.42 3.65593e+07 2.80226e+07 702.336 18645.5 87872.2 525.378 185.824 2.03086e+08 1.14207 4.99288e+06 2.93311e+06 0.0940228 23.7969 72.2054 0.00818188 0.000762916 1.54022e+08 1.10256e-05 0.136528 0.104648 2.62283e-06 6.96303e-05 0.000328153 1.96199e-06 6.93948e-07 0.758409 6.43694e-05 0.00235908 0.00149832 1.85538e-05 0.000289861 0.000402445 5.16771e-06 1.53867e-06 0.000692497 2.67778e+08 inf 
1445 2895.68 2.94004e+07 2.29556e+07 711.623 18832.3 82290.6 500.19 175.051 1.64858e+08 1.05548 3.97899e+06 2.42542e+06 0.0932719 24.5227 76.607 0.00789489 0.000765641 1.25061e+08 1.33246e-05 0.135287 0.105631 3.27455e-06 8.66574e-05 0.000378662 2.30163e-06 8.05501e-07 0.758597 6.84052e-05 0.00262284 0.00166174 2.04565e-05 0.000324549 0.000457301 5.57055e-06 1.69537e-06 0.000751405 2.17319e+08 inf 
1455 2826.69 2.14739e+07 1.71007e+07 719.648 18806.3 73742.2 466.9 161.421 1.2162e+08 0.97893 2.87831e+06 1.82497e+06 0.0923361 25.2109 80.3183 0.0076084 0.000764658 9.22789e+07 1.76346e-05 0.133968 0.106685 4.48961e-06 0.000117325 0.00046005 2.91281e-06 1.00705e-06 0.758744 7.61327e-05 0.00304938 0.00191609 2.35774e-05 0.000378835 0.000537987 6.24351e-06 1.93811e-06 0.000843211 1.60292e+08 inf 
1465 2784.16 1.75906e+07 1.42862e+07 727.275 19044.8 70586.6 448.495 154.317 1.00629e+08 0.908392 2.33506e+06 1.53976e+06 0.0908616 25.8273 85.3455 0.00734486 0.000763489 7.63668e+07 2.09967e-05 0.13266 0.107739 5.48475e-06 0.000143626 0.000532329 3.38233e-06 1.16378e-06 0.758894 8.00611e-05 0.00334127 0.0020849 2.55959e-05 0.000417311 0.000600216 6.62957e-06 2.09844e-06 0.000901731 1.326e+08 inf 
1475 2745.11 1.50331e+07 1.24483e+07 732.162 19268.7 68812.7 432.771 148.616 8.68624e+07 0.84555 1.97633e+06 1.35468e+06 0.0890982 26.3156 90.5568 0.00706046 0.000757144 6.59328e+07 2.39882e-05 0.131367 0.108779 6.398e-06 0.00016838 0.00060132 3.78178e-06 1.29869e-06 0.759048 8.25434e-05 0.00358185 0.00222422 2.71597e-05 0.000449007 0.000655549 6.88448e-06 2.2203e-06 0.000954851 1.14436e+08 inf 
1485 2699.33 1.22868e+07 1.03856e+07 734.329 19363.9 65919.7 413.934 141.851 7.17678e+07 0.788247 1.59846e+06 1.14158e+06 0.0868761 26.6849 95.3814 0.00676816 0.000746371 5.4487e+07 2.85554e-05 0.129979 0.109866 7.76825e-06 0.000204845 0.000697345 4.37889e-06 1.5006e-06 0.759211 8.67365e-05 0.00389478 0.00240549 2.93034e-05 0.000490235 0.000722996 7.24043e-06 2.37568e-06 0.00101928 9.45295e+07 inf 
1495 2653.32 1.00595e+07 8.68444e+06 734.727 19395.2 63111.6 394.76 135.106 5.94261e+07 0.73729 1.29449e+06 964272 0.0843521 26.9601 100.065 0.00647931 0.000732461 4.51269e+07 3.39054e-05 0.128545 0.110974 9.3887e-06 0.000247842 0.000806471 5.04444e-06 1.72644e-06 0.759376 9.09498e-05 0.00421163 0.00258917 3.14602e-05 0.000532056 0.000792643 7.57294e-06 2.52569e-06 0.00107883 7.82565e+07 inf 
1505 2589.65 7.74556e+06 6.84744e+06 729.346 19205.3 59164.2 371.527 127.078 4.63506e+07 0.689619 984394 768811 0.081292 27.0061 103.754 0.00615096 0.000710992 3.52045e+07 4.24354e-05 0.126923 0.112206 1.19514e-05 0.000314709 0.000969495 6.08803e-06 2.08237e-06 0.759525 9.74664e-05 0.00462673 0.00283195 3.44856e-05 0.000586085 0.000871918 7.98303e-06 2.70452e-06 0.00117555 6.10257e+07 inf 
1515 2528.86 6.39164e+06 5.78246e+06 720.157 19001.9 56922 351.829 120.499 3.87336e+07 0.64651 802465 656241 0.077984 26.8763 107.428 0.00580127 0.000684095 2.94248e+07 4.95979e-05 0.125358 0.11341 1.41242e-05 0.000372678 0.00111639 6.90032e-06 2.36332e-06 0.759671 0.000101093 0.00489991 0.00298568 3.6469e-05 0.00062308 0.000927695 8.13414e-06 2.79851e-06 0.00123198 5.09873e+07 inf 
1525 2471.3 5.46384e+06 5.05576e+06 708.536 18780.9 55351.5 334.088 114.611 3.35207e+07 0.607357 677820 579791 0.0743888 26.6072 111.046 0.00545656 0.000654643 2.54689e+07 5.60157e-05 0.123846 0.114596 1.606e-05 0.000425697 0.00125462 7.57259e-06 2.59782e-06 0.759795 0.000103097 0.00509638 0.00308438 3.77917e-05 0.000649518 0.000971054 8.14475e-06 2.84425e-06 0.00126511 4.4118e+07 inf 
1535 2401.97 4.67813e+06 4.42665e+06 691.531 18412.9 53525.5 314.99 108.221 2.90569e+07 0.569222 573409 512851 0.0701661 26.1003 113.782 0.00509683 0.000620316 2.20808e+07 6.28179e-05 0.122345 0.115768 1.80853e-05 0.000481545 0.00139983 8.23781e-06 2.83027e-06 0.759913 0.000104597 0.00527106 0.00317454 3.88323e-05 0.000671346 0.00100805 8.08911e-06 2.86573e-06 0.00129556 3.82371e+07 inf 
1545 2334.59 4.03861e+06 3.90899e+06 672.827 18011.4 51887.5 296.917 102.138 2.54006e+07 0.534979 488998 457547 0.0658906 25.4923 116.253 0.0047475 0.000584554 1.93047e+07 6.98531e-05 0.120839 0.116961 2.01316e-05 0.000538917 0.00155252 8.88401e-06 3.05607e-06 0.760007 0.000105487 0.00540454 0.00323011 3.95755e-05 0.000687255 0.00103347 7.94505e-06 2.85496e-06 0.00131966 3.34215e+07 inf 
1555 2271.73 3.46952e+06 3.43849e+06 653.71 17606 50233 279.895 96.3448 2.2115e+07 0.503979 414621 406687 0.0615211 24.8193 118.591 0.00442585 0.000549431 1.68101e+07 7.8082e-05 0.119251 0.118185 2.24688e-05 0.000605137 0.00172657 9.62033e-06 3.31148e-06 0.760118 0.000105951 0.00548449 0.00325904 4.01211e-05 0.000697766 0.00104647 7.71822e-06 2.81401e-06 0.00133178 2.90942e+07 inf 
1565 2208.49 3.11987e+06 3.16007e+06 632.213 17163.7 49107.1 264.02 90.9094 2.01334e+07 0.47521 368332 377351 0.0571127 24.0229 120.587 0.00410639 0.000512648 1.53064e+07 8.33931e-05 0.117807 0.119325 2.38726e-05 0.000648105 0.0018543 9.96946e-06 3.43277e-06 0.760245 0.000104832 0.00545567 0.00322646 3.98333e-05 0.000697905 0.00105591 7.46113e-06 2.75206e-06 0.00131467 2.64828e+07 inf 
1575 2139.43 2.88066e+06 2.97732e+06 606.78 16643.9 48209 248.637 85.5699 1.88007e+07 0.447225 336313 358743 0.0526271 23.0433 121.902 0.00377929 0.000473333 1.4295e+07 8.65235e-05 0.1165 0.120409 2.45396e-05 0.000673116 0.00194968 1.00554e-05 3.46064e-06 0.760343 0.000102959 0.00537743 0.00315532 3.90662e-05 0.000691981 0.00106242 7.19245e-06 2.67706e-06 0.00129528 2.47266e+07 inf 
1585 2066.87 2.70862e+06 2.85257e+06 578.194 16076.5 47478.1 234.032 80.3995 1.7861e+07 0.41923 312998 346648 0.0479835 21.9008 122.653 0.00345676 0.000432948 1.35817e+07 8.79945e-05 0.115316 0.121445 2.46159e-05 0.000684435 0.00202132 9.96361e-06 3.4229e-06 0.760408 0.000100524 0.0052668 0.00304646 3.79064e-05 0.000681138 0.00106587 6.92052e-06 2.59151e-06 0.00126796 2.34887e+07 inf 
1595 1994.81 2.50322e+06 2.68743e+06 549.152 15493.6 46471 219.886 75.309 1.66893e+07 0.392383 286120 329304 0.0433724 20.6995 123.019 0.00315859 0.000394063 1.26925e+07 9.09014e-05 0.114069 0.122463 2.50243e-05 0.00070603 0.00211764 1.002e-05 3.43176e-06 0.760514 9.80686e-05 0.005135 0.00295876 3.67454e-05 0.000666916 0.001059 6.59802e-06 2.48598e-06 0.00123736 2.19447e+07 inf 
1605 1921.16 2.3048e+06 2.52277e+06 519.405 14879.2 45317.7 206 70.2699 1.55378e+07 0.366435 260542 311712 0.0388466 19.449 122.87 0.00287754 0.000356444 1.18181e+07 9.40442e-05 0.112824 0.123494 2.54258e-05 0.000728363 0.00221838 1.00841e-05 3.43983e-06 0.760603 9.5359e-05 0.00498074 0.00285163 3.54279e-05 0.000649269 0.00104569 6.25876e-06 2.36983e-06 0.00122013 2.04283e+07 inf 
1615 1839.1 2.15079e+06 2.39752e+06 486.934 14185.3 44127 191.992 65.1595 1.46498e+07 0.340123 240641 298605 0.0344214 18.0871 121.772 0.00259738 0.000318668 1.11437e+07 9.54931e-05 0.111677 0.124488 2.52834e-05 0.000736552 0.00229124 9.96891e-06 3.38332e-06 0.760673 9.24201e-05 0.00481263 0.00271989 3.38827e-05 0.000629794 0.0010359 5.95702e-06 2.25822e-06 0.00119134 1.9259e+07 inf 
1625 1722.37 1.9597e+06 2.22444e+06 446.971 13204.6 41910.7 174.547 58.9198 1.34902e+07 0.310939 216968 279177 0.0300195 16.4789 117.769 0.00228975 0.000277974 1.02632e+07 9.71343e-05 0.110519 0.125449 2.52073e-05 0.000744685 0.00236359 9.84374e-06 3.32283e-06 0.760788 9.00032e-05 0.00465634 0.00261872 3.25202e-05 0.000612196 0.00102719 5.67743e-06 2.15299e-06 0.00114643 1.77318e+07 inf 
1635 1553.99 1.63852e+06 1.89906e+06 399.064 11795.1 37520.6 150.952 50.7713 1.14209e+07 0.279514 179180 240369 0.0258213 14.6722 109.296 0.00195469 0.000235115 8.69003e+06 0.000103531 0.109162 0.12652 2.65867e-05 0.000785822 0.00249972 1.00568e-05 3.38252e-06 0.760888 8.89004e-05 0.00458119 0.00257128 3.18344e-05 0.000599983 0.00101636 5.39328e-06 2.05488e-06 0.00110947 1.50099e+07 inf 
1645 1379.21 1.33609e+06 1.58235e+06 350.434 10351.8 32954.6 128.26 42.973 9.43505e+06 0.247822 144230 202020 0.0218749 12.8428 99.6199 0.00163998 0.000195205 7.17981e+06 0.000111238 0.107761 0.127622 2.82638e-05 0.000834915 0.00265791 1.03447e-05 3.46593e-06 0.760971 8.72572e-05 0.0045102 0.00250947 3.10716e-05 0.000582012 0.000985008 5.02576e-06 1.93166e-06 0.00106493 1.23987e+07 inf 
1655 1226.11 1.14611e+06 1.38289e+06 305.051 9111.13 29555.4 110.292 36.6897 8.1833e+06 0.216902 122369 177915 0.0182054 11.0796 90.9984 0.00136656 0.000160258 6.22791e+06 0.000114029 0.106589 0.128609 2.83698e-05 0.000847339 0.00274866 1.02572e-05 3.41216e-06 0.76105 8.46725e-05 0.00439078 0.00240718 2.98037e-05 0.000558952 0.000952757 4.67761e-06 1.8059e-06 0.00100094 1.07526e+07 inf 
1665 1064.12 983471 1.20664e+06 258.831 7826.83 26043.6 92.7635 30.6025 7.09176e+06 0.185474 103981 156318 0.0148296 9.31714 81.0664 0.00110781 0.000127886 5.39789e+06 0.000114211 0.105555 0.129507 2.778e-05 0.000840043 0.00279522 9.95618e-06 3.28452e-06 0.761148 8.28411e-05 0.00428885 0.00232227 2.8634e-05 0.000542516 0.000942072 4.44677e-06 1.71398e-06 0.000960036 9.31718e+06 inf 
1675 874.968 782678 977899 209.348 6355.74 21510.7 73.3845 24.0377 5.70575e+06 0.152288 81862.8 127622 0.0116443 7.4965 68.2682 0.000853196 9.71004e-05 4.34343e+06 0.000116734 0.104421 0.130467 2.79303e-05 0.000847954 0.00286987 9.79064e-06 3.207e-06 0.761236 8.17965e-05 0.00423497 0.00225872 2.78106e-05 0.000530211 0.000933755 4.23946e-06 1.63398e-06 0.000932182 7.49538e+06 inf 
1685 677.22 560791 715627 161.693 4843.9 16352 53.8884 17.6105 4.14236e+06 0.120733 57899.6 94152.3 0.00887316 5.80841 53.9579 0.000625217 7.05178e-05 3.15375e+06 0.000124469 0.10307 0.131528 2.97181e-05 0.000890277 0.0030054 9.90434e-06 3.2367e-06 0.76134 8.18387e-05 0.00426656 0.00224816 2.73434e-05 0.000524362 0.000940579 4.10059e-06 1.57622e-06 0.000900676 5.44089e+06 inf 
1695 497.899 336139 444071 121.095 3487.67 11266.3 36.6743 12.0565 2.54179e+06 0.0939597 33906.8 59102 0.00666824 4.40268 40.333 0.000442742 4.97501e-05 1.93584e+06 0.000149186 0.100718 0.133058 3.62839e-05 0.00104502 0.00337574 1.09888e-05 3.61252e-06 0.761603 7.67903e-05 0.00393205 0.00210958 2.61054e-05 0.000476574 0.000830338 3.45047e-06 1.3625e-06 0.00083201 3.33743e+06 inf 
1705 357.88 219201 297377 86.5591 2465.43 7935.04 25.027 8.20361 1.6869e+06 0.0688854 21726.1 39944.3 0.00469542 3.14326 29.5543 0.000300491 3.33401e-05 1.28508e+06 0.000161618 0.0989909 0.134295 3.909e-05 0.00111339 0.00358346 1.13022e-05 3.70475e-06 0.761801 7.06269e-05 0.00350817 0.00188603 2.43397e-05 0.000424108 0.000710993 2.82184e-06 1.15379e-06 0.000796923 2.21435e+06 inf 
1715 245.57 137468 190906 59.2949 1663.61 5327.51 16.2709 5.32254 1.07423e+06 0.0486164 13419.1 25853.4 0.00320152 2.15802 20.6509 0.000195086 2.14129e-05 818469 0.000174172 0.0975 0.135401 4.20553e-05 0.00117993 0.00377858 1.15402e-05 3.77505e-06 0.761909 6.43861e-05 0.00336861 0.00179107 2.24065e-05 0.000371959 0.000607614 2.27794e-06 9.67605e-07 0.000804242 1.40992e+06 inf 
1725 156.703 84743.7 119965 37.3568 1045.39 3398.21 9.95017 3.23294 670190 0.0314041 8174.64 16365.1 0.00199541 1.35508 13.4378 0.000116572 1.26071e-05 510665 0.000178163 0.0963489 0.136394 4.24727e-05 0.00118855 0.00386358 1.13128e-05 3.67568e-06 0.76197 6.29503e-05 0.00331888 0.00172806 2.15578e-05 0.000357779 0.000592234 2.13458e-06 9.07162e-07 0.000718887 879550 inf 
1735 100.882 54077.1 77968.5 23.4955 664.07 2214.99 6.19844 1.99241 432686 0.0199652 5156.02 10708.8 0.00119977 0.842495 8.83102 7.00159e-05 7.39939e-06 329757 0.00017769 0.0952493 0.137331 4.13841e-05 0.00116967 0.0039014 1.09177e-05 3.50936e-06 0.762116 5.99348e-05 0.00302876 0.00152015 2.00148e-05 0.000340318 0.00057766 2.03163e-06 8.46995e-07 0.000597655 567743 inf 
1745 50.5131 28084 40985.8 11.2972 330.302 1148.58 3.06535 0.967856 226407 0.00943891 2657.36 5656.06 0.000518161 0.395141 4.52727 3.26535e-05 3.32076e-06 172581 0.000170065 0.094552 0.137989 3.80349e-05 0.00111205 0.00386699 1.03203e-05 3.25853e-06 0.762258 5.34449e-05 0.00256775 0.00126195 1.72587e-05 0.000306096 0.000537225 1.85147e-06 7.49763e-07 0.0004733 297022 inf 
1755 19.567 11544.1 17053.1 4.16675 127.021 465.742 1.17622 0.363558 93747.8 0.00341026 1084.35 2365.12 0.000169636 0.141243 1.79757 1.16352e-05 1.13334e-06 71473.9 0.000159129 0.0938828 0.138684 3.38862e-05 0.001033 0.00378766 9.56565e-06 2.95665e-06 0.762407 4.9111e-05 0.00211868 0.000996959 1.52084e-05 0.000285594 0.000521957 1.76698e-06 6.89344e-07 0.000318802 122963 inf 
1765 1.93839 1443.73 2124.56 0.361043 12.7448 52.931 0.124627 0.036834 11668.6 0.000254876 136.204 294.925 9.36643e-06 0.0109335 0.184185 1.02752e-06 9.04976e-08 8896.14 0.000126651 0.0943309 0.138815 2.35899e-05 0.000832719 0.00345841 8.1429e-06 2.40666e-06 0.762402 2.47528e-05 0.00100948 0.000470265 7.45001e-06 0.00014475 0.000271362 9.10846e-07 3.47729e-07 0.000126335 15305 inf 
1775 0 0 0 0 0 0 0 0 0 0 0 0 0 0 0 0 0 0 0.0 0.0 0.0 0.0 0.0 0.0 0.0 0.0 0.0 0.0 0.0 0.0 0.0 0.0 0.0 0.0 0.0 0.0 0 -nan 
1785 0 0 0 0 0 0 0 0 0 0 0 0 0 0 0 0 0 0 0.0 0.0 0.0 0.0 0.0 0.0 0.0 0.0 0.0 0.0 0.0 0.0 0.0 0.0 0.0 0.0 0.0 0.0 0 -nan 
1795 0 0 0 0 0 0 0 0 0 0 0 0 0 0 0 0 0 0 0.0 0.0 0.0 0.0 0.0 0.0 0.0 0.0 0.0 0.0 0.0 0.0 0.0 0.0 0.0 0.0 0.0 0.0 0 -nan 
1805 0 0 0 0 0 0 0 0 0 0 0 0 0 0 0 0 0 0 0.0 0.0 0.0 0.0 0.0 0.0 0.0 0.0 0.0 0.0 0.0 0.0 0.0 0.0 0.0 0.0 0.0 0.0 0 -nan 
1815 0 0 0 0 0 0 0 0 0 0 0 0 0 0 0 0 0 0 0.0 0.0 0.0 0.0 0.0 0.0 0.0 0.0 0.0 0.0 0.0 0.0 0.0 0.0 0.0 0.0 0.0 0.0 0 -nan 
1825 0 0 0 0 0 0 0 0 0 0 0 0 0 0 0 0 0 0 0.0 0.0 0.0 0.0 0.0 0.0 0.0 0.0 0.0 0.0 0.0 0.0 0.0 0.0 0.0 0.0 0.0 0.0 0 -nan 
1835 0 0 0 0 0 0 0 0 0 0 0 0 0 0 0 0 0 0 0.0 0.0 0.0 0.0 0.0 0.0 0.0 0.0 0.0 0.0 0.0 0.0 0.0 0.0 0.0 0.0 0.0 0.0 0 -nan 
1845 0 0 0 0 0 0 0 0 0 0 0 0 0 0 0 0 0 0 0.0 0.0 0.0 0.0 0.0 0.0 0.0 0.0 0.0 0.0 0.0 0.0 0.0 0.0 0.0 0.0 0.0 0.0 0 -nan 
1855 0 0 0 0 0 0 0 0 0 0 0 0 0 0 0 0 0 0 0.0 0.0 0.0 0.0 0.0 0.0 0.0 0.0 0.0 0.0 0.0 0.0 0.0 0.0 0.0 0.0 0.0 0.0 0 -nan 
1865 0 0 0 0 0 0 0 0 0 0 0 0 0 0 0 0 0 0 0.0 0.0 0.0 0.0 0.0 0.0 0.0 0.0 0.0 0.0 0.0 0.0 0.0 0.0 0.0 0.0 0.0 0.0 0 -nan 
1875 0 0 0 0 0 0 0 0 0 0 0 0 0 0 0 0 0 0 0.0 0.0 0.0 0.0 0.0 0.0 0.0 0.0 0.0 0.0 0.0 0.0 0.0 0.0 0.0 0.0 0.0 0.0 0 -nan 
1885 0 0 0 0 0 0 0 0 0 0 0 0 0 0 0 0 0 0 0.0 0.0 0.0 0.0 0.0 0.0 0.0 0.0 0.0 0.0 0.0 0.0 0.0 0.0 0.0 0.0 0.0 0.0 0 -nan 
1895 0 0 0 0 0 0 0 0 0 0 0 0 0 0 0 0 0 0 0.0 0.0 0.0 0.0 0.0 0.0 0.0 0.0 0.0 0.0 0.0 0.0 0.0 0.0 0.0 0.0 0.0 0.0 0 -nan 
