255 0 0 0 0 0 0 0 0 0 0 0.0 0.0 0.0 0.0 0.0 0.0 0.0 0.0 0.0 0.0 0 -nan 
265 0 0 0 0 0 0 0 0 0 0 0.0 0.0 0.0 0.0 0.0 0.0 0.0 0.0 0.0 0.0 0 -nan 
275 0 0 0 0 0 0 0 0 0 0 0.0 0.0 0.0 0.0 0.0 0.0 0.0 0.0 0.0 0.0 0 -nan 
285 0 0 0 0 0 0 0 0 0 0 0.0 0.0 0.0 0.0 0.0 0.0 0.0 0.0 0.0 0.0 0 -nan 
295 6.4343 888.787 1722.33 0.00245719 6535.36 3.11735e-05 0.173805 1.88437 9.48074e-13 6.49082 7.50353e-09 1.03648e-06 2.00854e-06 2.86552e-12 7.62139e-06 1.90519e-07 1.4199e-05 4.68346e-05 3.31272e-11 8.66681e-05 8.57503e+08 inf 
305 1242.46 56697.7 228227 0.421994 647338 1.28906 687.825 22791.1 2.37274e-08 45814.8 5.09409e-05 0.0023246 0.00935732 1.73018e-08 0.0265408 0.00022418 0.00477463 0.0291011 2.59513e-08 0.0342636 2.43903e+07 inf 
315 10672.1 190388 1.05124e+06 2.90239 2.35058e+06 146.494 11443.2 589000 1.56636e-06 862949 0.00110794 0.0197655 0.109137 3.01317e-07 0.24403 0.00373913 0.028237 0.221895 2.67998e-07 0.173315 9.63233e+06 inf 
325 50760.8 384350 2.59906e+06 10.8504 4.61129e+06 4017.94 63313.4 4.48242e+06 2.95025e-05 4.63137e+06 0.00783157 0.0592989 0.400993 1.67404e-06 0.711447 0.0236341 0.0790687 0.728538 1.32263e-06 0.456495 6.48156e+06 inf 
335 174973 647072 5.10141e+06 31.3943 7.20216e+06 50383.8 220801 2.01497e+07 0.000308327 1.43737e+07 0.0348143 0.128747 1.01502 6.24649e-06 1.43301 0.0938765 0.165399 1.72595 4.72536e-06 0.898002 5.0259e+06 inf 
345 485602 995324 8.90332e+06 78.2169 1.00007e+07 384944 606342 6.83959e+07 0.00226351 3.31622e+07 0.116313 0.238404 2.13256 1.87348e-05 2.3954 0.28049 0.297316 3.44015 1.38265e-05 1.485 4.17495e+06 inf 
355 1.14494e+06 1.44237e+06 1.43625e+07 175.201 1.28777e+07 2.09532e+06 1.42399e+06 1.92483e+08 0.0129582 6.3247e+07 0.317983 0.400586 3.98889 4.86584e-05 3.5765 0.693411 0.484782 6.12755 3.5089e-05 2.18499 3.60064e+06 inf 
365 2.38163e+06 2.00603e+06 2.18866e+07 361.992 1.57566e+07 8.73526e+06 2.9963e+06 4.71115e+08 0.0613326 1.05677e+08 0.746482 0.628757 6.85999 0.00011346 4.93866 1.47672 0.737432 10.0301 7.96897e-05 2.95505 3.19047e+06 inf 
375 4.52588e+06 2.71484e+06 3.2057e+07 701.625 1.85847e+07 3.05131e+07 5.86635e+06 1.0507e+09 0.250148 1.60631e+08 1.56891 0.941106 11.1126 0.00024322 6.44243 2.84885 1.0714 15.5157 0.000166007 3.76538 2.88474e+06 inf 
385 7.92563e+06 3.57348e+06 4.51146e+07 1283.86 2.12287e+07 9.05328e+07 1.07187e+07 2.13756e+09 0.895712 2.2553e+08 2.99681 1.35119 17.0586 0.00048545 8.02692 5.02504 1.49238 22.7431 0.00032097 4.56565 2.64469e+06 inf 
395 1.3062e+07 4.62156e+06 6.17065e+07 2242.52 2.37022e+07 2.37541e+08 1.86453e+07 4.05795e+09 2.88225 2.98267e+08 5.32 1.8823 25.1323 0.000913352 9.6536 8.27314 2.01269 31.9549 0.000582831 5.31866 2.45527e+06 inf 
405 2.03931e+07 5.86563e+06 8.20117e+07 3751.48 2.59146e+07 5.6184e+08 3.10212e+07 7.23968e+09 8.41577 3.7441e+08 8.8564 2.54735 35.6165 0.00162921 11.2543 12.8671 2.64254 43.3076 0.00100026 5.99507 2.30264e+06 inf 
415 3.05024e+07 7.34395e+06 1.06538e+08 6043.66 2.78427e+07 1.22098e+09 4.98614e+07 1.22651e+10 22.614 4.50383e+08 14.0263 3.37706 48.9908 0.00277913 12.8033 19.0977 3.39468 56.9203 0.00163563 6.57129 2.17466e+06 inf 
425 4.3764e+07 9.04757e+06 1.34976e+08 9389.54 2.94138e+07 2.45137e+09 7.72071e+07 1.97112e+10 56.1928 5.20529e+08 21.1731 4.37722 65.3016 0.00454267 14.2304 27.1602 4.2653 72.6085 0.00255936 7.02334 2.06696e+06 inf 
435 6.11211e+07 1.1072e+07 1.68565e+08 14203.3 3.07809e+07 4.65086e+09 1.1691e+08 3.05572e+10 131.22 5.85195e+08 30.8305 5.5849 85.0266 0.00716436 15.5264 37.3557 5.27069 90.4653 0.00385502 7.35614 1.98249e+06 inf 
445 8.21888e+07 1.32938e+07 2.04947e+08 20731.1 3.162e+07 8.24692e+09 1.7066e+08 4.506e+10 285.339 6.34137e+08 43.2049 6.98829 107.737 0.0108979 16.622 49.6847 6.39346 109.909 0.00558861 7.554 1.9023e+06 inf 
455 1.08456e+08 1.58907e+07 2.46489e+08 29580.6 3.22267e+07 1.40538e+10 2.45624e+08 6.47176e+10 590.051 6.72837e+08 59.0819 8.6565 134.275 0.0161141 17.5556 64.538 7.67262 131.245 0.00785919 7.63752 1.8357e+06 inf 
465 1.39377e+08 1.8763e+07 2.90886e+08 41134.5 3.24862e+07 2.27386e+10 3.43653e+08 8.93488e+10 1154.81 6.95796e+08 78.3709 10.5503 163.564 0.0231297 18.2669 81.5095 9.05122 153.256 0.010694 7.58714 1.77842e+06 inf 
475 1.75661e+08 2.19773e+07 3.38524e+08 55882.2 3.24215e+07 3.54751e+10 4.72468e+08 1.1996e+11 2155.35 7.04296e+08 101.762 12.7316 196.109 0.0323729 18.782 100.973 10.5646 176.168 0.0141634 7.43232 1.7262e+06 inf 
485 2.17427e+08 2.55391e+07 3.88791e+08 74407.9 3.21217e+07 5.34449e+10 6.37596e+08 1.56709e+11 3850.65 6.99846e+08 129.083 15.1621 230.819 0.0441747 19.0701 122.748 12.1918 199.395 0.0182938 7.19847 1.6844e+06 inf 
495 2.64274e+08 2.93935e+07 4.40109e+08 96982.7 3.15043e+07 7.7825e+10 8.44358e+08 1.99151e+11 6600.2 6.82059e+08 160.845 17.8898 267.863 0.0590266 19.1744 146.613 13.9233 222.392 0.0230856 6.88925 1.64304e+06 inf 
505 3.16481e+08 3.36041e+07 4.92532e+08 124095 3.06992e+07 1.10209e+11 1.10248e+09 2.4741e+11 10888.6 6.54982e+08 196.812 20.8976 306.294 0.0771721 19.0911 172.631 15.7765 245.036 0.0285625 6.54574 1.60804e+06 inf 
515 3.74385e+08 3.82339e+07 5.46119e+08 156568 2.97938e+07 1.5209e+11 1.42027e+09 3.01026e+11 17405.9 6.21699e+08 236.865 24.1898 345.518 0.0990574 18.8499 200.298 17.7039 266.59 0.0346405 6.16582 1.58058e+06 inf 
525 4.38188e+08 4.327e+07 6.00287e+08 194390 2.87446e+07 2.05984e+11 1.81257e+09 3.60614e+11 26970.8 5.83526e+08 281.771 27.8243 386.008 0.125 18.4839 230.349 19.7828 287.9 0.0414522 5.79443 1.55512e+06 inf 
535 5.0645e+08 4.86457e+07 6.52906e+08 238078 2.75959e+07 2.72236e+11 2.28007e+09 4.22895e+11 40622.2 5.4151e+08 330.21 31.7174 425.7 0.155229 17.9927 261.651 21.9234 307.426 0.0488881 5.41574 1.53372e+06 inf 
545 5.7911e+08 5.43906e+07 7.03955e+08 287370 2.63611e+07 3.52427e+11 2.83631e+09 4.87537e+11 59460.7 4.97696e+08 382.703 35.9439 465.206 0.189908 17.4207 294.004 24.133 325.224 0.0568288 5.042 1.51321e+06 inf 
555 6.56828e+08 6.05769e+07 7.53777e+08 343405 2.51359e+07 4.48724e+11 3.49468e+09 5.53786e+11 85006.1 4.54071e+08 437.737 40.3709 502.347 0.228859 16.7516 327.772 26.4421 341.632 0.0653835 4.69006 1.50051e+06 inf 
565 7.37331e+08 6.70698e+07 7.9982e+08 404716 2.38146e+07 5.60847e+11 4.25965e+09 6.18778e+11 118483 4.09812e+08 496.552 45.1677 538.634 0.272554 16.0378 362.126 28.7839 355.789 0.0742046 4.33288 1.4849e+06 inf 
575 8.2238e+08 7.40536e+07 8.44099e+08 472275 2.25124e+07 6.9152e+11 5.15632e+09 6.83186e+11 161656 3.67536e+08 558.183 50.2632 572.925 0.320552 15.2801 397.234 31.1996 368.054 0.0834787 3.99754 1.47332e+06 inf 
585 9.1112e+08 8.14949e+07 8.85835e+08 545803 2.1233e+07 8.40525e+11 6.1929e+09 7.45212e+11 216087 3.27763e+08 622.455 55.6754 605.181 0.372879 14.5059 432.175 33.6317 377.978 0.0926615 3.67416 1.46375e+06 inf 
595 9.99634e+08 8.91168e+07 9.21604e+08 624126 1.99427e+07 1.00443e+12 7.35486e+09 8.00453e+11 282894 2.89878e+08 687.032 61.2486 633.404 0.428952 13.7063 467.24 36.1039 385.924 0.102124 3.37149 1.455e+06 inf 
605 1.09241e+09 9.73011e+07 9.55517e+08 707922 1.87058e+07 1.19102e+12 8.70494e+09 8.53672e+11 364027 2.55382e+08 753.914 67.1512 659.439 0.488564 12.9096 503.567 38.7082 392.8 0.111955 3.09695 1.44898e+06 inf 
615 1.18701e+09 1.05977e+08 9.86208e+08 798361 1.75419e+07 1.39277e+12 1.02219e+10 8.99833e+11 461746 2.24232e+08 820.134 73.2226 681.397 0.551609 12.1201 538.222 41.2438 396.758 0.121492 2.83372 1.44733e+06 inf 
625 1.2827e+09 1.15041e+08 1.01279e+09 891614 1.63931e+07 1.6147e+12 1.19475e+10 9.41093e+11 575560 1.9589e+08 888.72 79.7063 701.71 0.617755 11.358 573.515 43.8714 399.55 0.130981 2.59202 1.44331e+06 inf 
635 1.38076e+09 1.24671e+08 1.03699e+09 990702 1.53261e+07 1.8539e+12 1.38908e+10 9.76459e+11 708374 1.7083e+08 956.368 86.3526 718.259 0.686201 10.6155 607.823 46.5251 400.55 0.14063 2.37399 1.44375e+06 inf 
645 1.47651e+09 1.3458e+08 1.05555e+09 1.09245e+06 1.42894e+07 2.10552e+12 1.60443e+10 1.00306e+12 858962 1.48201e+08 1022.11 93.1624 730.703 0.756243 9.8918 642.52 49.2683 400.549 0.150699 2.17803 1.44457e+06 inf 
655 1.57289e+09 1.44898e+08 1.07105e+09 1.19624e+06 1.33061e+07 2.37271e+12 1.84443e+10 1.02413e+12 1.02774e+06 1.28324e+08 1088.94 100.315 741.508 0.828176 9.21201 675.931 52.0214 398.986 0.160143 1.99491 1.44443e+06 inf 
665 1.67542e+09 1.56379e+08 1.08745e+09 1.30805e+06 1.24251e+07 2.66282e+12 2.12121e+10 1.0422e+12 1.22077e+06 1.11218e+08 1154.57 107.764 749.385 0.901398 8.56234 708.504 54.8143 395.755 0.169524 1.82451 1.45113e+06 inf 
675 1.77136e+09 1.67806e+08 1.09726e+09 1.41907e+06 1.15714e+07 2.95268e+12 2.41688e+10 1.05022e+12 1.42922e+06 9.60046e+07 1216.01 115.197 753.249 0.974169 7.94356 740.466 57.6305 391.888 0.179258 1.67498 1.4567e+06 inf 
685 1.86716e+09 1.79782e+08 1.10413e+09 1.53159e+06 1.07621e+07 3.2557e+12 2.74679e+10 1.05305e+12 1.65641e+06 8.2665e+07 1276.39 122.899 754.784 1.04699 7.35693 772.289 60.6046 387.513 0.190073 1.54442 1.46285e+06 inf 
695 1.96334e+09 1.92395e+08 1.10912e+09 1.64555e+06 1.00086e+07 3.57174e+12 3.11357e+10 1.05178e+12 1.90123e+06 7.11147e+07 1335.85 130.904 754.638 1.11962 6.80981 803.559 63.6289 382.289 0.200076 1.41861 1.46974e+06 inf 
705 2.05669e+09 2.05518e+08 1.11122e+09 1.7612e+06 9.30896e+06 3.88464e+12 3.51147e+10 1.04376e+12 2.16274e+06 6.11128e+07 1390.33 138.93 751.184 1.19057 6.29285 832.474 66.6022 375.903 0.211066 1.30852 1.47929e+06 inf 
715 2.15284e+09 2.19621e+08 1.11319e+09 1.87877e+06 8.66465e+06 4.21585e+12 3.96098e+10 1.03493e+12 2.44097e+06 5.25332e+07 1443.72 147.281 746.52 1.25993 5.81063 861.902 69.7949 369.795 0.222542 1.21081 1.49117e+06 inf 
725 2.24237e+09 2.33789e+08 1.11094e+09 1.99294e+06 8.0522e+06 4.53685e+12 4.43914e+10 1.0193e+12 2.72748e+06 4.50606e+07 1494.3 155.796 740.323 1.32808 5.36594 889.043 72.8691 362.187 0.231889 1.11122 1.50061e+06 inf 
735 2.33231e+09 2.48762e+08 1.10772e+09 2.10836e+06 7.48366e+06 4.8643e+12 4.96612e+10 1.00144e+12 3.02778e+06 3.86182e+07 1541.52 164.417 732.137 1.3935 4.94625 915.826 76.0936 354.775 0.24358 1.02904 1.513e+06 inf 
745 2.41932e+09 2.64308e+08 1.1028e+09 2.21995e+06 6.95032e+06 5.18979e+12 5.54233e+10 9.81199e+11 3.33173e+06 3.30652e+07 1587.15 173.395 723.471 1.45636 4.55963 941.076 79.333 346.826 0.254462 0.949519 1.52432e+06 inf 
755 2.50492e+09 2.80563e+08 1.09716e+09 2.33306e+06 6.46266e+06 5.50931e+12 6.16485e+10 9.5846e+11 3.64563e+06 2.83268e+07 1628.57 182.408 713.321 1.51684 4.2017 964.168 82.5107 338.107 0.263442 0.87313 1.53811e+06 inf 
765 2.58596e+09 2.97093e+08 1.08923e+09 2.43886e+06 5.99715e+06 5.82355e+12 6.83465e+10 9.3383e+11 3.95411e+06 2.42129e+07 1668.16 191.65 702.648 1.57327 3.86867 986.876 85.7876 329.674 0.274881 0.807946 1.55018e+06 inf 
775 2.67394e+09 3.15425e+08 1.08451e+09 2.55227e+06 5.58738e+06 6.14882e+12 7.58514e+10 9.11145e+11 4.27915e+06 2.07711e+07 1703.93 200.999 691.088 1.62639 3.56046 1007.41 89.075 320.949 0.285786 0.747776 1.56928e+06 inf 
785 2.74419e+09 3.32613e+08 1.0732e+09 2.64924e+06 5.1802e+06 6.42947e+12 8.34567e+10 8.82414e+11 4.5768e+06 1.77244e+07 1734.69 210.256 678.405 1.67468 3.27458 1027.19 92.4566 312.361 0.297675 0.693759 1.58194e+06 inf 
795 2.82632e+09 3.52062e+08 1.06655e+09 2.75498e+06 4.82301e+06 6.74313e+12 9.21237e+10 8.58295e+11 4.88915e+06 1.51778e+07 1763.17 219.631 665.359 1.71867 3.00879 1047.79 96.0881 304.527 0.310222 0.644766 1.60297e+06 inf 
805 2.89506e+09 3.71115e+08 1.05638e+09 2.85004e+06 4.48045e+06 7.00658e+12 1.01059e+11 8.30554e+11 5.17962e+06 1.29661e+07 1786.07 228.954 651.721 1.75829 2.76415 1064.22 99.6338 296.071 0.322337 0.598941 1.62091e+06 inf 
815 2.9625e+09 3.90704e+08 1.04608e+09 2.93964e+06 4.1602e+06 7.26769e+12 1.10602e+11 8.03527e+11 5.45743e+06 1.1071e+07 1808.85 238.557 638.717 1.79489 2.54015 1079.62 103.065 287.507 0.33252 0.554437 1.63778e+06 inf 
825 3.04042e+09 4.12596e+08 1.04034e+09 3.03852e+06 3.88214e+06 7.5528e+12 1.21256e+11 7.80603e+11 5.74456e+06 9.49745e+06 1826.8 247.903 625.076 1.82566 2.33254 1095.82 106.766 279.814 0.344275 0.515461 1.66434e+06 inf 
835 3.09941e+09 4.33288e+08 1.0298e+09 3.11964e+06 3.60594e+06 7.7735e+12 1.31965e+11 7.54006e+11 5.98944e+06 8.10434e+06 1839.66 257.178 611.238 1.85166 2.1403 1108.88 110.395 271.897 0.355495 0.47899 1.68478e+06 inf 
845 3.16297e+09 4.55452e+08 1.0219e+09 3.20233e+06 3.35736e+06 8.00243e+12 1.43615e+11 7.30466e+11 6.22768e+06 6.9322e+06 1849.31 266.291 597.478 1.87232 1.96296 1122 114.267 264.773 0.368203 0.447046 1.71035e+06 inf 
855 3.22225e+09 4.78193e+08 1.01409e+09 3.27867e+06 3.12474e+06 8.2063e+12 1.55873e+11 7.07336e+11 6.44429e+06 5.92692e+06 1857.48 275.657 584.58 1.89001 1.80127 1131.52 117.758 256.932 0.37779 0.414764 1.73474e+06 inf 
865 3.27844e+09 5.0118e+08 1.00602e+09 3.34856e+06 2.90707e+06 8.40082e+12 1.68683e+11 6.84987e+11 6.63583e+06 5.06371e+06 1862.78 284.766 571.611 1.90262 1.65177 1141.63 121.46 249.928 0.387882 0.385754 1.75997e+06 inf 
875 3.3303e+09 5.24723e+08 9.98664e+08 3.41342e+06 2.70529e+06 8.56993e+12 1.82104e+11 6.63796e+11 6.80296e+06 4.32566e+06 1862.62 293.475 558.547 1.90911 1.51305 1150.55 125.388 243.481 0.400207 0.360534 1.78797e+06 inf 
885 3.3827e+09 5.49379e+08 9.93061e+08 3.478e+06 2.52158e+06 8.72934e+12 1.96271e+11 6.44423e+11 6.95502e+06 3.7003e+06 1859.49 301.997 545.891 1.91188 1.38613 1157.96 129.187 237.161 0.40981 0.335755 1.81916e+06 inf 
895 3.42984e+09 5.74314e+08 9.87925e+08 3.53509e+06 2.34948e+06 8.86389e+12 2.10965e+11 6.26215e+11 7.07637e+06 3.16351e+06 1852.04 310.117 533.458 1.90887 1.26867 1164.58 133.207 231.44 0.42105 0.314179 1.85193e+06 inf 
905 3.47281e+09 5.99519e+08 9.832e+08 3.58832e+06 2.19048e+06 8.97673e+12 2.26014e+11 6.08745e+11 7.17254e+06 2.70456e+06 1837.97 317.293 520.355 1.8991 1.1593 1171.65 137.629 226.73 0.43525 0.29563 1.88948e+06 inf 
915 3.51197e+09 6.24733e+08 9.78662e+08 3.6297e+06 2.03851e+06 9.06936e+12 2.41553e+11 5.92558e+11 7.2379e+06 2.3097e+06 1829.92 325.519 509.934 1.89126 1.06217 1173.46 141.066 220.728 0.440968 0.274349 1.91919e+06 inf 
925 3.55759e+09 6.52206e+08 9.77922e+08 3.67935e+06 1.90463e+06 9.17141e+12 2.58234e+11 5.79213e+11 7.2981e+06 1.97821e+06 1811.29 332.061 497.894 1.87328 0.969714 1178.43 145.643 216.792 0.454443 0.258511 1.96412e+06 inf 
935 3.59459e+09 6.79197e+08 9.76783e+08 3.71797e+06 1.77708e+06 9.23631e+12 2.74935e+11 5.66178e+11 7.32278e+06 1.69187e+06 1791.46 338.495 486.805 1.85294 0.885653 1180.6 149.807 212.581 0.464864 0.242498 2.00652e+06 inf 
945 3.62711e+09 7.06113e+08 9.76177e+08 3.75013e+06 1.65794e+06 9.28047e+12 2.91868e+11 5.54213e+11 7.31949e+06 1.44665e+06 1767.04 344.001 475.571 1.82697 0.80771 1182.7 154.448 209.362 0.477547 0.228867 2.05264e+06 inf 
955 3.64966e+09 7.32663e+08 9.75837e+08 3.776e+06 1.54658e+06 9.27712e+12 3.08463e+11 5.42424e+11 7.286e+06 1.23571e+06 1737.5 348.799 464.567 1.79765 0.736283 1182.23 158.711 205.935 0.486952 0.214875 2.10053e+06 inf 
965 3.67934e+09 7.60728e+08 9.78179e+08 3.80113e+06 1.44458e+06 9.29573e+12 3.26166e+11 5.33347e+11 7.24171e+06 1.05727e+06 1707.77 353.093 454.023 1.7643 0.670506 1182.43 163.45 203.512 0.498487 0.202866 2.15447e+06 inf 
975 3.71168e+09 7.89782e+08 9.82527e+08 3.82169e+06 1.34974e+06 9.31383e+12 3.44584e+11 5.26194e+11 7.18344e+06 905516 1682.29 357.964 445.324 1.73216 0.611761 1179.54 167.459 200.451 0.505449 0.190179 2.20632e+06 inf 
985 3.72671e+09 8.16255e+08 9.84672e+08 3.82525e+06 1.25729e+06 9.27177e+12 3.6173e+11 5.18107e+11 7.08068e+06 772883 1653.62 362.19 436.92 1.69734 0.557888 1174.57 171.248 197.475 0.510755 0.178062 2.25366e+06 inf 
995 3.74651e+09 8.44374e+08 9.8998e+08 3.83273e+06 1.17425e+06 9.23183e+12 3.79506e+11 5.12159e+11 6.97607e+06 661487 1623.7 365.942 429.046 1.66106 0.508906 1168.15 174.813 194.636 0.514033 0.16642 2.3074e+06 inf 
1005 3.7599e+09 8.71663e+08 9.95396e+08 3.8319e+06 1.09564e+06 9.16871e+12 3.96897e+11 5.06784e+11 6.84619e+06 565322 1587.36 368.001 420.238 1.61776 0.46256 1162.39 179.271 193.274 0.522682 0.157186 2.36864e+06 inf 
1015 3.77152e+09 8.9876e+08 1.00183e+09 3.82555e+06 1.02239e+06 9.09473e+12 4.14118e+11 5.02436e+11 6.70251e+06 483425 1554.3 370.393 412.871 1.57657 0.421343 1154.22 182.958 191.309 0.525974 0.1473 2.42651e+06 inf 
1025 3.78359e+09 9.26431e+08 1.01017e+09 3.81791e+06 954841 9.01712e+12 4.31457e+11 4.99468e+11 6.55009e+06 413629 1518.98 371.93 405.548 1.53276 0.383335 1145.76 186.77 189.867 0.529424 0.138245 2.49088e+06 inf 
1035 3.78959e+09 9.53135e+08 1.01879e+09 3.8046e+06 891606 8.91282e+12 4.47976e+11 4.96815e+11 6.38234e+06 353821 1477.85 371.699 397.302 1.4837 0.347704 1136.55 191.153 189.465 0.53627 0.130703 2.56426e+06 inf 
1045 3.79225e+09 9.79408e+08 1.02844e+09 3.78693e+06 832660 8.79742e+12 4.63943e+11 4.9498e+11 6.20261e+06 302645 1436.05 370.883 389.451 1.43404 0.315312 1126.57 195.274 189.122 0.540692 0.123224 2.64075e+06 inf 
1055 3.7946e+09 1.0059e+09 1.03979e+09 3.76846e+06 778346 8.67246e+12 4.79622e+11 4.9416e+11 6.01891e+06 259077 1392.45 369.12 381.556 1.38286 0.285618 1115.12 199.373 189.074 0.544405 0.116154 2.72513e+06 inf 
1065 3.78858e+09 1.03091e+09 1.05126e+09 3.74408e+06 727256 8.51778e+12 4.93821e+11 4.93353e+11 5.82197e+06 221609 1346.83 366.484 373.718 1.33101 0.258537 1101.86 203.08 188.998 0.545995 0.109269 2.81297e+06 inf 
1075 3.79333e+09 1.05849e+09 1.06676e+09 3.72616e+06 681465 8.3903e+12 5.09014e+11 4.94844e+11 5.63654e+06 190154 1305.53 364.294 367.141 1.28242 0.234537 1087.77 206.094 188.457 0.543423 0.102162 2.90558e+06 inf 
1085 3.78256e+09 1.08282e+09 1.08092e+09 3.69816e+06 637542 8.21831e+12 5.21658e+11 4.95391e+11 5.43022e+06 162747 1252.88 358.655 358.028 1.22492 0.211169 1073.5 210.124 189.477 0.546065 0.0965055 3.0191e+06 inf 
1095 3.78438e+09 1.11038e+09 1.0996e+09 3.6786e+06 598344 8.0686e+12 5.3548e+11 4.98365e+11 5.24116e+06 139807 1207.66 354.34 350.9 1.1739 0.190942 1056.59 212.894 189.489 0.542673 0.0903097 3.13364e+06 inf 
1105 3.76229e+09 1.13166e+09 1.11395e+09 3.63989e+06 559284 7.86123e+12 5.45177e+11 4.99046e+11 5.0233e+06 119550 1159.21 348.679 343.223 1.1215 0.172322 1038.45 215.404 189.631 0.538505 0.0844983 3.24557e+06 inf 
1115 3.75721e+09 1.15767e+09 1.13484e+09 3.61665e+06 525482 7.69106e+12 5.56637e+11 5.02707e+11 4.82873e+06 102738 1103.95 340.149 333.441 1.06265 0.154398 1020.34 218.748 191.111 0.538105 0.0796743 3.40342e+06 inf 
1125 3.73974e+09 1.17948e+09 1.15303e+09 3.57882e+06 492144 7.49391e+12 5.65519e+11 5.05387e+11 4.62115e+06 88058.2 1054.27 332.508 325.05 1.0089 0.13874 1000.56 221.052 191.875 0.533722 0.0746701 3.54723e+06 inf 
1135 3.72772e+09 1.20368e+09 1.17569e+09 3.55038e+06 462564 7.30035e+12 5.74398e+11 5.09557e+11 4.42574e+06 75684.1 998.836 322.525 315.024 0.951319 0.123943 979.002 223.353 193.119 0.529964 0.0701247 3.73206e+06 inf 
1145 3.7015e+09 1.22364e+09 1.19635e+09 3.51203e+06 433937 7.07991e+12 5.80092e+11 5.1233e+11 4.21891e+06 64877.7 940.236 310.824 303.89 0.892109 0.110226 956.221 225.257 194.397 0.525175 0.0658032 3.93678e+06 inf 
1155 3.6819e+09 1.24525e+09 1.22055e+09 3.47862e+06 407979 6.87118e+12 5.8591e+11 5.16545e+11 4.02438e+06 55750.1 882.686 298.532 292.609 0.833952 0.0978074 931.739 226.588 195.485 0.518955 0.0616362 4.17125e+06 inf 
1165 3.66171e+09 1.26716e+09 1.24734e+09 3.4483e+06 384211 6.65859e+12 5.90652e+11 5.21224e+11 3.83551e+06 47946.6 822.547 284.648 280.196 0.774607 0.0863071 905.078 227.28 196.406 0.511442 0.0576329 4.45167e+06 inf 
1175 3.63503e+09 1.28608e+09 1.27303e+09 3.41056e+06 361354 6.43904e+12 5.93412e+11 5.25399e+11 3.64528e+06 41196.7 765.659 270.891 268.143 0.718378 0.0761132 877.52 227.179 196.891 0.501747 0.0537045 4.74759e+06 inf 
1185 3.60491e+09 1.30399e+09 1.29996e+09 3.37279e+06 340104 6.20954e+12 5.94546e+11 5.29494e+11 3.45983e+06 35412 709.22 256.544 255.75 0.663554 0.0669112 847.736 226.173 196.884 0.49028 0.0498976 5.08292e+06 inf 
1195 3.5734e+09 1.32037e+09 1.32679e+09 3.33114e+06 319951 5.98077e+12 5.9451e+11 5.33719e+11 3.27975e+06 30450.4 655.905 242.357 243.535 0.611437 0.0587275 817.05 224.47 196.611 0.47765 0.0462633 5.44805e+06 inf 
1205 3.54789e+09 1.33914e+09 1.35909e+09 3.29941e+06 302083 5.76449e+12 5.94419e+11 5.39115e+11 3.11175e+06 26246.4 592.642 223.691 227.023 0.551136 0.0504602 782.1 221.934 196.252 0.464799 0.0428718 5.98656e+06 inf 
1215 3.50755e+09 1.3521e+09 1.3876e+09 3.25535e+06 284353 5.52655e+12 5.90811e+11 5.42539e+11 2.93845e+06 22555.7 533.819 205.778 211.18 0.495436 0.043276 745.741 218.109 194.865 0.449165 0.0394965 6.57068e+06 inf 
1225 3.46867e+09 1.36547e+09 1.41896e+09 3.2159e+06 268203 5.29202e+12 5.86347e+11 5.46301e+11 2.77481e+06 19413.1 479.911 188.921 196.321 0.444939 0.0371075 708.427 213.151 192.463 0.431208 0.0361795 7.22774e+06 inf 
1235 3.43177e+09 1.37857e+09 1.45238e+09 3.17794e+06 253242 5.06779e+12 5.81369e+11 5.50474e+11 2.61956e+06 16729.6 428.731 172.225 181.446 0.397019 0.0316375 670.304 207.29 189.336 0.41187 0.0330014 8.00449e+06 inf 
1245 3.39028e+09 1.38962e+09 1.48605e+09 3.13807e+06 239108 4.83812e+12 5.74627e+11 5.54041e+11 2.4688e+06 14412.8 382.368 156.726 167.602 0.353923 0.0269675 632.025 200.613 185.462 0.39138 0.0299714 8.86654e+06 inf 
1255 3.34379e+09 1.3989e+09 1.52028e+09 3.09767e+06 225857 4.60405e+12 5.66075e+11 5.56913e+11 2.32262e+06 12413.8 338.787 141.734 154.032 0.313851 0.0228834 593.041 193.042 180.83 0.369894 0.0270942 9.86989e+06 inf 
1265 3.30253e+09 1.40882e+09 1.55738e+09 3.06055e+06 213681 4.38751e+12 5.57668e+11 5.60528e+11 2.18648e+06 10713.7 300.084 128.012 141.511 0.278096 0.0194161 555.536 185.163 175.804 0.348334 0.0244236 1.10054e+07 inf 
1275 3.25041e+09 1.4148e+09 1.59428e+09 3.02012e+06 202040 4.15548e+12 5.46519e+11 5.62363e+11 2.05166e+06 9228.39 261.913 114.002 128.465 0.243356 0.0162801 515.988 176.185 169.738 0.325726 0.0218762 1.24103e+07 inf 
1285 3.20184e+09 1.42063e+09 1.63227e+09 2.98061e+06 191200 3.93916e+12 5.35285e+11 5.64564e+11 1.92589e+06 7963.8 226.666 100.57 115.552 0.211004 0.0135355 476.953 166.673 163.139 0.30301 0.0195081 1.41258e+07 inf 
1295 3.15042e+09 1.42453e+09 1.67019e+09 2.93895e+06 180890 3.72466e+12 5.2298e+11 5.6623e+11 1.80562e+06 6872.53 192.739 87.1512 102.18 0.179802 0.0110666 436.717 156.205 155.565 0.279529 0.0172622 1.63455e+07 inf 
1305 3.09342e+09 1.4261e+09 1.70743e+09 2.89597e+06 171135 3.50617e+12 5.08994e+11 5.66819e+11 1.69015e+06 5929.17 163.331 75.2969 90.1513 0.152905 0.00903582 398.053 145.619 147.65 0.25663 0.0152122 1.89396e+07 inf 
1315 3.04124e+09 1.42898e+09 1.75005e+09 2.85891e+06 162305 3.30302e+12 4.95316e+11 5.67996e+11 1.5834e+06 5125.81 132.596 62.3026 76.3009 0.124646 0.00707636 355.567 133.093 137.631 0.231297 0.0131684 2.29362e+07 inf 
1325 2.98269e+09 1.42841e+09 1.79153e+09 2.81757e+06 153767 3.09947e+12 4.80084e+11 5.67778e+11 1.48007e+06 4426.96 103.133 49.3903 61.9463 0.0974236 0.00531683 310.7 118.998 125.678 0.20417 0.0111715 2.89208e+07 inf 
1335 2.92269e+09 1.42697e+09 1.83525e+09 2.77847e+06 145851 2.90029e+12 4.64179e+11 5.67008e+11 1.38255e+06 3825.23 81.0992 39.5959 50.9248 0.0770975 0.00404709 271.847 106.359 114.63 0.180053 0.0094744 3.60384e+07 inf 
1345 2.86303e+09 1.42431e+09 1.87792e+09 2.73798e+06 138327 2.71048e+12 4.48054e+11 5.6595e+11 1.29122e+06 3308.77 63.6537 31.6666 41.7516 0.0608733 0.00307542 237.087 94.6509 104.113 0.15812 0.00800659 4.49783e+07 inf 
1355 2.7992e+09 1.41899e+09 1.92144e+09 2.69534e+06 131132 2.52415e+12 4.31007e+11 5.63699e+11 1.20384e+06 2860.21 48.5455 24.609 33.3228 0.0467443 0.00227416 203.516 82.8806 93.0893 0.136721 0.00666571 5.76614e+07 inf 
1365 2.73505e+09 1.41404e+09 1.97177e+09 2.65762e+06 124579 2.34418e+12 4.13648e+11 5.61088e+11 1.12213e+06 2474.8 35.2224 18.2103 25.3927 0.0342253 0.00160435 170.141 70.6782 81.1233 0.115237 0.00541266 7.76509e+07 inf 
1375 2.6706e+09 1.40768e+09 2.02581e+09 2.61872e+06 118344 2.17345e+12 3.96171e+11 5.57876e+11 1.04533e+06 2142.34 24.1728 12.7415 18.3365 0.0237032 0.00107118 138.161 58.5114 68.6539 0.0943395 0.00427128 1.10479e+08 inf 
1385 2.60147e+09 1.39797e+09 2.07838e+09 2.57505e+06 112245 2.00731e+12 3.77933e+11 5.53194e+11 971750 1852.59 17.2561 9.27307 13.7864 0.0170809 0.000744545 114.093 49.2029 58.9864 0.0784479 0.00342554 1.50756e+08 inf 
1395 2.53033e+09 1.38575e+09 2.12532e+09 2.52703e+06 106305 1.84788e+12 3.59464e+11 5.47591e+11 902407 1602.09 13.1004 7.17454 11.0036 0.0130834 0.000550381 96.9305 42.5394 52.0961 0.0670889 0.00282696 1.93148e+08 inf 
1405 2.45783e+09 1.37105e+09 2.1632e+09 2.47522e+06 100540 1.69625e+12 3.40942e+11 5.4115e+11 837194 1385.5 10.8375 6.04547 9.53837 0.0109142 0.000443318 85.8018 38.2987 47.9078 0.0597695 0.0024316 2.26789e+08 inf 
1415 2.38293e+09 1.35459e+09 2.20633e+09 2.42235e+06 95051.1 1.55109e+12 3.22259e+11 5.33573e+11 775478 1197.53 8.52782 4.84771 7.89583 0.00866892 0.000340161 74.0147 33.6121 42.9786 0.0519622 0.00204203 2.7943e+08 inf 
1425 2.30746e+09 1.33661e+09 2.24364e+09 2.3694e+06 89860.3 1.41473e+12 3.03753e+11 5.25229e+11 717536 1034.98 7.48404 4.33519 7.27704 0.00768493 0.000291454 67.3241 31.087 40.6273 0.0476257 0.00180884 3.08317e+08 inf 
1435 2.22977e+09 1.31518e+09 2.25705e+09 2.31475e+06 84888.8 1.28491e+12 2.85285e+11 5.15764e+11 662825 893.84 8.32691 4.91147 8.4288 0.00864429 0.000317012 68.7683 32.2685 43.0702 0.0489954 0.0017993 2.67778e+08 inf 
1445 2.15149e+09 1.2926e+09 2.26429e+09 2.26149e+06 80234.6 1.16243e+12 2.67094e+11 5.05598e+11 611655 771.907 9.90014 5.94792 10.4192 0.0104063 0.000369201 72.4635 34.5494 47.0952 0.0520217 0.00184814 2.17319e+08 inf 
1455 2.07464e+09 1.26872e+09 2.2611e+09 2.20768e+06 75808.7 1.04952e+12 2.49494e+11 4.95039e+11 564087 666.78 12.9429 7.91507 14.1062 0.0137729 0.000472942 79.8752 38.6504 53.7529 0.0577012 0.00198396 1.60292e+08 inf 
1465 1.99544e+09 1.24424e+09 2.26614e+09 2.1552e+06 71661 9.41447e+11 2.31924e+11 4.83375e+11 519115 575.283 15.0487 9.38344 17.0901 0.0162535 0.000540432 82.9064 40.7555 57.9077 0.0604213 0.00201157 1.326e+08 inf 
1475 1.91286e+09 1.2145e+09 2.26194e+09 2.09303e+06 67418.7 8.42096e+11 2.14683e+11 4.69902e+11 475865 494.855 16.7155 10.6129 19.766 0.0182899 0.000589139 84.1383 41.9926 60.9553 0.0618371 0.00199429 1.14436e+08 inf 
1485 1.82754e+09 1.18141e+09 2.24773e+09 2.02662e+06 63265.2 7.48741e+11 1.97718e+11 4.55052e+11 434788 424.625 19.333 12.4978 23.7781 0.021439 0.000669264 86.8731 43.9933 65.1803 0.0643418 0.00201099 9.45295e+07 inf 
1495 1.74219e+09 1.14669e+09 2.22734e+09 1.95883e+06 59288.4 6.62763e+11 1.81349e+11 4.39423e+11 396296 363.802 22.2626 14.653 28.462 0.0250309 0.000757616 89.2944 45.8547 69.3187 0.0666147 0.00201863 7.82565e+07 inf 
1505 1.64979e+09 1.10389e+09 2.18572e+09 1.87693e+06 55103.9 5.82313e+11 1.65075e+11 4.21144e+11 358664 309.752 27.0343 18.0889 35.8163 0.0307563 0.000902961 93.8681 48.7627 74.9552 0.0702232 0.00206408 6.10257e+07 inf 
1515 1.55485e+09 1.05591e+09 2.13289e+09 1.7843e+06 50833.4 5.09468e+11 1.49495e+11 4.01272e+11 322853 262.532 30.4948 20.7093 41.8319 0.0349951 0.000996981 95.1952 50.0314 78.2313 0.0714659 0.00203838 5.09873e+07 inf 
1525 1.45936e+09 1.00605e+09 2.07566e+09 1.68999e+06 46738.2 4.43073e+11 1.34618e+11 3.80474e+11 289210 221.6 33.0786 22.8036 47.0478 0.0383061 0.00105939 94.5976 50.3122 80.0656 0.0713303 0.00197499 4.4118e+07 inf 
1535 1.3589e+09 9.51241e+08 2.00406e+09 1.58863e+06 42667.1 3.80586e+11 1.20017e+11 3.57795e+11 257099 185.776 35.5387 24.8774 52.4114 0.0415469 0.00111585 93.2219 50.1983 81.3039 0.0706942 0.00190089 3.82371e+07 inf 
1545 1.2613e+09 8.96379e+08 1.9291e+09 1.48795e+06 38823.7 3.25285e+11 1.06492e+11 3.35127e+11 227622 155.224 37.7392 26.8205 57.7204 0.0445207 0.00116164 91.1513 49.669 81.827 0.0694879 0.00181522 3.34215e+07 inf 
1555 1.16762e+09 8.43861e+08 1.85673e+09 1.39408e+06 35350.7 2.76049e+11 9.39503e+10 3.12865e+11 200714 129.269 40.1323 29.0045 63.8179 0.047916 0.00121504 88.7554 48.8663 81.7361 0.0678442 0.00172244 2.90942e+07 inf 
1565 1.07573e+09 7.90276e+08 1.77859e+09 1.29822e+06 32005.5 2.32719e+11 8.23616e+10 2.9041e+11 175887 107.066 40.62 29.8411 67.16 0.0490212 0.00120854 84.4842 47.1117 80.3462 0.0651035 0.00160695 2.64828e+07 inf 
1575 9.83222e+08 7.33697e+08 1.69121e+09 1.19745e+06 28711.6 1.9471e+11 7.15805e+10 2.67096e+11 152590 87.854 39.7637 29.6724 68.3963 0.0484276 0.00116116 79.3308 44.8824 78.2555 0.0618534 0.00148483 2.47266e+07 inf 
1585 8.908e+08 6.7593e+08 1.59902e+09 1.09598e+06 25566.7 1.60982e+11 6.15233e+10 2.43275e+11 130944 71.3577 37.9247 28.7769 68.0762 0.04666 0.00108847 73.5888 42.3222 75.6488 0.058289 0.00136132 2.34887e+07 inf 
1595 8.02605e+08 6.20766e+08 1.50961e+09 1.00131e+06 22733.1 1.31712e+11 5.23798e+10 2.20124e+11 111382 57.4911 36.5739 28.2877 68.7913 0.0456289 0.00103593 68.296 39.8334 72.7915 0.0547136 0.00124365 2.19447e+07 inf 
1605 7.18986e+08 5.67698e+08 1.42027e+09 911086 20137.9 1.06464e+11 4.4164e+10 1.97861e+11 93912.4 45.9427 35.1956 27.7898 69.5246 0.0445992 0.000985785 63.0305 37.2778 69.6563 0.0510694 0.00113013 2.04283e+07 inf 
1615 6.37746e+08 5.14133e+08 1.32454e+09 819883 17649.1 8.50033e+10 3.67953e+10 1.75893e+11 78132.2 36.2529 33.1141 26.6957 68.7752 0.0425714 0.000916404 57.5946 34.6105 66.355 0.0473771 0.00102107 1.9259e+07 inf 
1625 5.54922e+08 4.55462e+08 1.20596e+09 719713 15094.4 6.68465e+10 3.01063e+10 1.53163e+11 63570.7 27.9965 31.2953 25.6862 68.0113 0.0405888 0.00085126 52.8249 32.2194 63.3422 0.0440189 0.000924251 1.77318e+07 inf 
1635 4.73215e+08 3.92644e+08 1.0591e+09 612758 12524.3 5.1933e+10 2.4237e+10 1.30592e+11 50634.1 21.1772 31.5268 26.1589 70.5599 0.0408235 0.0008344 49.6586 30.5031 61.0056 0.0413136 0.000845373 1.50099e+07 inf 
1645 3.97065e+08 3.32712e+08 9.13965e+08 512230 10206.5 3.97147e+10 1.91907e+10 1.09433e+11 39553.1 15.7219 32.0248 26.8344 73.7146 0.0413133 0.000823195 46.6642 28.77 58.2434 0.0385139 0.000768361 1.23987e+07 inf 
1655 3.27864e+08 2.78728e+08 7.86429e+08 423242 8223.59 2.98013e+10 1.48871e+10 9.00585e+10 30171.9 11.4036 30.4915 25.9218 73.1382 0.0393617 0.000764797 42.9162 26.6938 55.0116 0.0354493 0.000689653 1.07526e+07 inf 
1665 2.64085e+08 2.27342e+08 6.58923e+08 339219 6429.77 2.19167e+10 1.12964e+10 7.22138e+10 22393.9 8.05422 28.3438 24.4003 70.7212 0.0364078 0.000690098 39.3563 24.8405 52.432 0.0328325 0.000623067 9.31718e+06 inf 
1675 2.03976e+08 1.76808e+08 5.23173e+08 258328 4777.75 1.55621e+10 8.25405e+09 5.55133e+10 15937.2 5.45718 27.2136 23.5889 69.7995 0.034465 0.000637426 36.5465 23.3406 50.3425 0.0306338 0.00056724 7.49538e+06 inf 
1685 1.52306e+08 1.31717e+08 3.92595e+08 187975 3393.83 1.06998e+10 5.86247e+09 4.13205e+10 11018.6 3.59443 27.9928 24.2087 72.1563 0.0345486 0.000623764 34.3943 22.1681 48.8661 0.0288366 0.000521106 5.44089e+06 inf 
1695 1.11744e+08 9.55345e+07 2.82104e+08 133567 2354.29 7.24525e+09 4.10442e+09 3.02409e+10 7495.73 2.33078 33.4821 28.6252 84.5274 0.0400211 0.00070542 32.4015 20.2587 43.7753 0.0253825 0.000448062 3.33743e+06 inf 
1705 7.6945e+07 6.57587e+07 1.96366e+08 89905.3 1547.66 4.61654e+09 2.67774e+09 2.06847e+10 4714.7 1.39826 34.7483 29.6966 88.6787 0.0406012 0.00069892 29.6207 18.0936 38.4352 0.0219249 0.000378105 2.21435e+06 inf 
1715 5.10298e+07 4.34117e+07 1.30526e+08 57877.3 973.485 2.85496e+09 1.69156e+09 1.36285e+10 2858.74 0.809323 36.1933 30.7901 92.5768 0.0410499 0.000690452 26.7386 15.8657 33.1005 0.0185063 0.000311922 1.40992e+06 inf 
1725 3.08697e+07 2.62477e+07 8.0222e+07 33998.3 558.743 1.61853e+09 9.74037e+08 8.17565e+09 1567.55 0.423661 35.0972 29.8422 91.2081 0.0386542 0.00063526 24.665 14.7265 31.2467 0.0169725 0.000279506 879550 inf 
1735 1.84107e+07 1.58386e+07 4.96805e+07 19949.1 320.442 8.6564e+08 5.42853e+08 4.83216e+09 835.378 0.215732 32.4279 27.8975 87.5053 0.0351376 0.000564413 21.7517 13.3375 29.2232 0.0153866 0.00024783 567743 inf 
1745 8.22122e+06 7.33008e+06 2.39868e+07 8998.62 141.46 3.20494e+08 2.19128e+08 2.13673e+09 324.385 0.0802369 27.6788 24.6786 80.7577 0.0302961 0.000476263 17.6892 11.3454 25.924 0.0132012 0.000208115 297022 inf 
1755 2.78517e+06 2.58519e+06 8.89776e+06 3058.45 47.0104 8.90041e+07 6.63886e+07 7.13741e+08 92.7398 0.0219321 22.6505 21.0242 72.3613 0.024873 0.000382313 14.5184 9.89406 23.8404 0.0116424 0.000179442 122963 inf 
1765 193776 211472 836553 239.584 3.62122 3.15094e+06 3.27252e+06 4.79127e+07 4.24267 0.000970374 12.661 13.8172 54.6588 0.015654 0.000236604 6.75099 4.78604 11.9559 0.00567104 8.61452e-05 15305 inf 
1775 0 0 0 0 0 0 0 0 0 0 0.0 0.0 0.0 0.0 0.0 0.0 0.0 0.0 0.0 0.0 0 -nan 
1785 0 0 0 0 0 0 0 0 0 0 0.0 0.0 0.0 0.0 0.0 0.0 0.0 0.0 0.0 0.0 0 -nan 
1795 0 0 0 0 0 0 0 0 0 0 0.0 0.0 0.0 0.0 0.0 0.0 0.0 0.0 0.0 0.0 0 -nan 
1805 0 0 0 0 0 0 0 0 0 0 0.0 0.0 0.0 0.0 0.0 0.0 0.0 0.0 0.0 0.0 0 -nan 
1815 0 0 0 0 0 0 0 0 0 0 0.0 0.0 0.0 0.0 0.0 0.0 0.0 0.0 0.0 0.0 0 -nan 
1825 0 0 0 0 0 0 0 0 0 0 0.0 0.0 0.0 0.0 0.0 0.0 0.0 0.0 0.0 0.0 0 -nan 
1835 0 0 0 0 0 0 0 0 0 0 0.0 0.0 0.0 0.0 0.0 0.0 0.0 0.0 0.0 0.0 0 -nan 
1845 0 0 0 0 0 0 0 0 0 0 0.0 0.0 0.0 0.0 0.0 0.0 0.0 0.0 0.0 0.0 0 -nan 
1855 0 0 0 0 0 0 0 0 0 0 0.0 0.0 0.0 0.0 0.0 0.0 0.0 0.0 0.0 0.0 0 -nan 
1865 0 0 0 0 0 0 0 0 0 0 0.0 0.0 0.0 0.0 0.0 0.0 0.0 0.0 0.0 0.0 0 -nan 
1875 0 0 0 0 0 0 0 0 0 0 0.0 0.0 0.0 0.0 0.0 0.0 0.0 0.0 0.0 0.0 0 -nan 
1885 0 0 0 0 0 0 0 0 0 0 0.0 0.0 0.0 0.0 0.0 0.0 0.0 0.0 0.0 0.0 0 -nan 
1895 0 0 0 0 0 0 0 0 0 0 0.0 0.0 0.0 0.0 0.0 0.0 0.0 0.0 0.0 0.0 0 -nan 
