310.5 4.66862e-06 101.324 0.0850232 1175.17 486.301 1.97585e-13 0.30358 1.37202 0.0226674 1.37641 1.7371e-17 0.0106195 2.62259e-07 0.177761 0.0304374 9.64234e-33 7.15967e-08 2.36666e-06 6.08628e-10 7.50992e-08 3.73252e-15 8.10074e-08 6.79753e-11 9.39541e-07 3.88794e-07 1.57968e-22 2.4271e-10 1.09692e-09 1.81224e-11 1.10043e-09 1.17788e-13 2.91267e-06 1.448e-08 1.18843e-05 4.91766e-06 2.77201e-21 7.56188e-09 4.34848e-08 6.97327e-10 7.67009e-09 1.25079e+09 1.04589 
335.5 0.000157645 467.482 0.176586 1126.97 466.604 1.06463e-12 2.49581 10.3948 0.180353 2.86434 2.25107e-14 0.198423 2.1067e-06 0.81059 0.138848 2.39551e-29 6.40582e-06 2.67155e-05 8.17756e-09 1.43326e-06 2.57304e-12 7.63011e-06 2.88219e-09 1.83941e-05 7.61578e-06 1.73766e-20 4.0736e-08 1.69661e-07 2.94368e-09 4.67509e-08 1.89945e-11 5.6395e-05 1.8541e-07 0.000113542 4.69919e-05 6.25049e-19 3.20772e-07 6.38168e-07 1.11717e-08 1.45628e-07 6.1268e+07 0.051231 
360.5 0.00205739 967.52 0.274006 2416.51 1000.74 1.9913e-11 8.74256 35.7715 0.654014 6.18904 5.01194e-12 0.93787 7.46883e-06 6.52053 1.11723 1.04063e-26 8.61026e-05 0.000352658 1.19961e-07 1.05566e-05 6.29734e-11 2.96143e-05 8.3869e-09 7.39655e-05 3.06311e-05 6.09506e-19 2.67596e-07 1.09491e-06 2.00183e-08 1.89437e-07 3.86577e-10 0.000166822 4.78057e-07 0.000440582 0.000182369 1.78368e-17 1.6012e-06 3.09766e-06 5.71932e-08 5.35943e-07 3.26708e+07 0.0273186 
385.5 0.0168438 1623.43 0.286346 4992.26 2067.44 2.17316e-10 21.6317 91.8842 1.76964 11.7934 3.86099e-10 2.74734 3.82356e-06 30.2896 5.19068 1.27543e-24 0.000541943 0.00237853 8.9803e-07 4.91343e-05 7.1602e-10 6.90113e-05 1.21724e-08 0.000212218 8.78857e-05 9.23797e-18 9.19551e-07 3.90595e-06 7.52267e-08 5.01333e-07 3.98751e-09 0.000334702 4.02976e-07 0.0011147 0.000461443 2.32664e-16 4.71085e-06 9.26573e-06 1.80321e-07 1.35548e-06 2.35242e+07 0.0196704 
410.5 0.100971 2486.01 0.286414 9356.39 3875.2 1.60876e-09 44.8648 201.393 4.08197 20.6836 1.35031e-08 6.46764 1.48873e-06 105.116 18.0199 7.20991e-23 0.00232438 0.0117874 4.93107e-06 0.000175949 5.36689e-09 0.000132139 1.52237e-08 0.000497318 0.000205978 8.55099e-17 2.38469e-06 1.07046e-05 2.16968e-07 1.09939e-06 2.62474e-08 0.000571238 2.80889e-07 0.00231081 0.000956756 1.95575e-15 1.08564e-05 2.26262e-05 4.63708e-07 2.85369e-06 1.88137e+07 0.0157316 
435.5 0.484982 3638.29 0.277148 16306 6752.01 9.29929e-09 84.0422 401.331 8.55091 34.6351 2.86943e-07 13.5613 1.01813e-06 307.781 52.7492 2.30242e-21 0.00797324 0.0482073 2.22884e-05 0.000533962 3.05955e-08 0.000229525 1.74841e-08 0.00102868 0.000425957 5.86655e-16 5.30188e-06 2.53184e-05 5.39442e-07 2.18499e-06 1.31019e-07 0.000896017 2.52832e-07 0.00428468 0.00177378 1.20377e-14 2.1792e-05 4.89917e-05 1.05598e-06 5.37693e-06 1.58514e+07 0.0132546 
460.5 1.95449 5192.95 0.261826 27062.7 11207.4 4.4828e-08 147.701 748.876 16.7493 55.9903 3.97707e-06 26.6782 1.84257e-06 812.43 139.282 4.66466e-20 0.02384 0.16965 8.63535e-05 0.00144355 1.39495e-07 0.000370628 1.86869e-08 0.0019315 0.000799889 3.19944e-15 1.05416e-05 5.34484e-05 1.19543e-06 3.99611e-06 5.14189e-07 0.00132917 3.62158e-07 0.00736571 0.00304974 5.76108e-14 3.98795e-05 9.61844e-05 2.17581e-06 9.33056e-06 1.40112e+07 0.0117159 
485.5 6.86032 7281.05 0.204646 43374 17960 1.9046e-07 248.2 1327.27 31.1222 87.7343 4.30636e-05 50.0159 3.22525e-06 1987.27 340.649 7.28741e-19 0.064566 0.531742 0.000297374 0.00357821 5.41874e-07 0.000575106 1.61643e-08 0.00342597 0.0014186 1.50438e-14 1.96045e-05 0.000104836 2.45824e-06 6.92984e-06 1.7629e-06 0.00190259 5.04471e-07 0.0120512 0.00498942 2.39446e-13 6.86697e-05 0.000176096 4.17679e-06 1.53169e-05 1.26604e+07 0.0105863 
510.5 21.4937 10138.3 0.109271 68113 28201.9 7.26831e-07 405.867 2268.36 55.6871 134.724 0.000362966 91.449 7.61938e-06 4615.37 791.129 8.61117e-18 0.163378 1.53457 0.000939744 0.0083384 1.84304e-06 0.000869331 9.36968e-09 0.00584052 0.00241824 6.2324e-14 3.48021e-05 0.000194506 4.77503e-06 1.15523e-05 5.26561e-06 0.00266191 8.08242e-07 0.019017 0.00787334 8.57031e-13 0.000113129 0.000306191 7.6013e-06 2.41152e-05 1.16621e+07 0.00975163 
535.5 60.9841 13960.9 -0.0324972 104600 43310.3 2.52655e-06 646.194 3742.87 96.0808 202.41 0.00255431 162.511 1.90436e-05 10155.2 1740.88 8.18705e-17 0.387817 4.11566 0.00275293 0.0184143 5.68879e-06 0.00130232 -3.03144e-09 0.00975745 0.00404012 2.35685e-13 6.0279e-05 0.000349146 8.96272e-06 1.88815e-05 1.43496e-05 0.00366927 1.33283e-06 0.0291908 0.012086 2.75347e-12 0.000180397 0.000511878 1.32843e-05 3.68949e-05 1.072e+07 0.00896387 
560.5 159.546 19170.2 -0.165924 158381 65570.1 8.18913e-06 1011.05 6022.1 161.443 300.438 0.0155425 285.089 3.26285e-05 21521.5 3688.62 6.80493e-16 0.879375 10.4379 0.00760825 0.0392715 1.60942e-05 0.00193379 -1.67376e-08 0.0159766 0.00661437 8.26077e-13 0.00010199 0.000607478 1.62856e-05 3.03066e-05 3.61777e-05 0.00500187 1.81414e-06 0.0437689 0.0181201 8.24392e-12 0.00027983 0.000826977 2.24112e-05 5.51636e-05 9.91328e+06 0.00828926 
585.5 387.595 26150.3 -0.201916 235489 97492.8 2.46061e-05 1549.9 9464.06 264.646 440.574 0.0816087 491.51 3.99367e-05 43680.2 7486.96 4.8251e-15 1.8982 25.082 0.0198693 0.0809871 4.17251e-05 0.00281511 -2.17365e-08 0.0253507 0.0104952 2.64888e-12 0.000166849 0.00101882 2.84895e-05 4.74283e-05 8.39304e-05 0.00670722 2.07334e-06 0.0637148 0.0263786 2.26365e-11 0.000420125 0.00128923 3.64321e-05 8.04296e-05 9.28925e+06 0.00776747 
610.5 883.088 35495.8 -0.110969 344481 142614 6.92979e-05 2333.43 14575.9 424.646 640.664 0.381102 833.581 3.84913e-05 85106.2 14587.6 2.99531e-14 3.91852 57.651 0.0495242 0.162906 0.000100485 0.00403901 -1.2627e-08 0.0391979 0.0162279 7.88529e-12 0.000265517 0.00165857 4.83198e-05 7.29001e-05 0.000182394 0.00886218 2.09277e-06 0.0902642 0.0373706 5.78458e-11 0.000612685 0.00195171 5.74498e-05 0.000114989 8.78824e+06 0.00734854 
635.5 1901.52 48028.4 0.0962329 496674 205604 0.000185166 3457 22057.7 668.808 926.43 1.60734 1401.5 4.00154e-05 160604 27523.4 1.71685e-13 7.8041 127.613 0.118655 0.32243 0.000226885 0.00573063 1.14823e-08 0.059262 0.0245322 2.20935e-11 0.00041248 0.00263188 7.98005e-05 0.000110539 0.000374576 0.0115924 2.18504e-06 0.125103 0.0517899 1.4141e-10 0.000872368 0.00288092 8.82581e-05 0.000162027 8.381e+06 0.007008 
660.5 3872.94 64463.3 0.544366 702334 290719 0.000466592 5016.82 32719.5 1031.4 1328.32 6.09791 2321.32 4.62248e-05 292032 50040 8.81271e-13 14.9367 271.44 0.272561 0.626235 0.00048313 0.00804147 6.79069e-08 0.0876126 0.0362658 5.8205e-11 0.000625822 0.0040816 0.000128662 0.000165701 0.000726133 0.0149969 2.40035e-06 0.169569 0.0701928 3.26414e-10 0.0012131 0.00414744 0.000132086 0.000225084 8.01636e+06 0.0067031 
685.5 7522.32 86149.8 1.37631 977928 404825 0.00111692 7163.81 47758.9 1563.58 1895.75 21.1506 3799.07 4.62369e-05 513526 88009.2 4.02366e-12 27.6126 559.006 0.604994 1.20141 0.000980691 0.0112314 1.7943e-07 0.127493 0.0527773 1.45614e-10 0.000933952 0.00622637 0.000203845 0.000247151 0.00134002 0.0192131 2.44862e-06 0.225154 0.0932115 7.09482e-10 0.00165155 0.00584041 0.000193186 0.000309105 7.67043e+06 0.00641384 
710.5 13987.8 114616 2.7377 1.34173e+06 555381 0.00257492 10069.6 68654.2 2332.2 2692.99 68.0051 6188.61 4.9214e-05 881923 151118 1.75126e-11 49.7532 1119.11 1.3033 2.28823 0.00189836 0.0155551 3.71549e-07 0.182093 0.0753738 3.49457e-10 0.0013666 0.00931744 0.000316516 0.000365481 0.00237183 0.0244526 2.55755e-06 0.294164 0.12177 1.50154e-09 0.00221013 0.00806637 0.000276939 0.000420681 7.36836e+06 0.00616126 
735.5 24909 151263 4.84318 1.80825e+06 748442 0.00565344 13894.1 97035.4 3417.24 3796.35 201.753 9936.87 6.11927e-05 1.46562e+06 251100 6.87743e-11 86.628 2173.46 2.71852 4.30113 0.00351402 0.0213394 6.8325e-07 0.255098 0.105586 7.97558e-10 0.00196011 0.0136892 0.000482086 0.000535569 0.0040142 0.0307647 2.85761e-06 0.376413 0.155806 3.01102e-09 0.00289465 0.010919 0.000388726 0.000565638 7.08845e+06 0.0059272 
760.5 42701.5 198337 8.00738 2.39996e+06 993373 0.0119906 18870.7 135165 4930.44 5313.1 560.642 15853.2 9.32317e-05 2.38071e+06 407899 2.58383e-10 147.356 4118.1 5.5234 8.01214 0.00624488 0.0290058 1.17104e-06 0.350982 0.145276 1.75357e-09 0.00275974 0.0197673 0.000721053 0.000777015 0.00655687 0.0384333 3.50191e-06 0.474319 0.196337 5.89171e-09 0.00373281 0.0145433 0.000536518 0.000753647 6.83784e+06 0.00571765 
785.5 70801.4 258924 12.6907 3.14862e+06 1.30324e+06 0.0246882 25322.1 186006 7021.87 7388.03 1467.78 25160.2 0.000159873 3.7961e+06 650377 9.14472e-10 245.844 7640.28 10.9714 14.8007 0.0106905 0.0390957 1.91621e-06 0.475418 0.19678 3.72773e-09 0.00382345 0.0280855 0.00106025 0.00111554 0.0103604 0.0476502 4.52413e-06 0.589203 0.243885 1.11437e-08 0.00474361 0.0191005 0.00072971 0.000995172 6.62284e+06 0.00553787 
810.5 113736 335956 19.4778 4.08256e+06 1.68974e+06 0.0494776 33563.5 252970 9875.76 10185.3 3631.43 39704.6 0.000295663 5.95721e+06 1.02053e+06 3.12568e-09 403.225 13893.6 21.3285 27.024 0.017695 0.0522682 3.03037e-06 0.635168 0.262891 7.69775e-09 0.00522183 0.0393572 0.00153648 0.00158464 0.0158703 0.0586967 6.06765e-06 0.723455 0.299439 2.06649e-08 0.00595538 0.0247506 0.000978542 0.00130128 6.42753e+06 0.00537456 
835.5 177785 433891 29.2061 5.24787e+06 2.17194e+06 0.0971175 44091 340653 13742 13919.5 8561.66 62418.4 0.000560271 9.24422e+06 1.58342e+06 1.02641e-08 653.718 24864 40.7439 48.7718 0.0284605 0.0694591 4.67544e-06 0.840101 0.347693 1.5547e-08 0.00705827 0.0545332 0.00219988 0.00222829 0.0236767 0.0718862 8.23595e-06 0.87982 0.364129 3.74354e-08 0.00740478 0.0317247 0.0012973 0.00168591 6.24671e+06 0.00522336 
860.5 271604 558934 43.1389 6.7101e+06 2.77729e+06 0.188196 57612.1 455309 18966 18871.5 19395.4 98168.3 0.00107086 1.4279e+07 2.44613e+06 3.33669e-08 1055.13 43975.6 76.8201 87.0915 0.0445896 0.0917608 7.08217e-06 1.10161 0.455952 3.08964e-08 0.00945826 0.0747487 0.00311368 0.00309815 0.0345823 0.0877289 1.12093e-05 1.06333 0.440104 6.72555e-08 0.00915227 0.0404001 0.00170782 0.0021678 6.0912e+06 0.00509333 
885.5 405457 715864 62.7102 8.51886e+06 3.52582e+06 0.359241 74726.5 603198 25926.3 25294.5 42220.1 153792 0.00202792 2.19205e+07 3.75488e+06 1.05884e-07 1691.77 76728.2 142.677 152.996 0.0682319 0.120468 1.05531e-05 1.43359 0.593339 6.04545e-08 0.0125753 0.101508 0.00436299 0.00425666 0.0494912 0.106621 1.51624e-05 1.27816 0.528994 1.19012e-07 0.0112499 0.0510701 0.00223039 0.00276181 5.94234e+06 0.00496885 
910.5 597282 918169 90.8822 1.0824e+07 4.47971e+06 0.684726 97021.9 797054 35326.7 33706.6 89777.5 242539 0.00386144 3.38429e+07 5.79657e+06 3.36801e-07 2729.81 133353 263.638 266.502 0.102768 0.15798 1.56371e-05 1.86237 0.770776 1.17814e-07 0.0166936 0.137141 0.00607829 0.00579954 0.0698983 0.129513 2.04909e-05 1.53446 0.635026 2.09928e-07 0.0138208 0.0643206 0.00290101 0.00349565 5.81194e+06 0.00485982 
935.5 866489 1.1739e+06 130.578 1.37073e+07 5.67305e+06 1.29427 125584 1.04793e+06 47862 44479.4 185741 382024 0.00730823 5.2189e+07 8.93889e+06 1.06794e-06 4402.12 229887 482.558 456.959 0.1522 0.206196 2.29362e-05 2.4077 0.996477 2.27339e-07 0.0220589 0.18407 0.00840701 0.00781286 0.0972671 0.1568 2.75251e-05 1.83577 0.759711 3.68648e-07 0.0169305 0.0806121 0.00375286 0.00438458 5.6931e+06 0.00476045 
960.5 1.24346e+06 1.50018e+06 187.243 1.73539e+07 7.18245e+06 2.4441 162586 1.37295e+06 64576.1 58224.4 377647 604670 0.0139198 8.09335e+07 1.38624e+07 3.40488e-06 7146.03 394672 878.516 774.344 0.222862 0.268872 3.35591e-05 3.11029 1.28729 4.38049e-07 0.0291398 0.24607 0.0115738 0.0104354 0.134227 0.18995 3.69944e-05 2.19808 0.909614 6.46808e-07 0.0207757 0.100922 0.0048478 0.00546682 5.57951e+06 0.00466547 
985.5 1.77317e+06 1.92105e+06 268.418 2.2023e+07 9.11454e+06 4.61614 211069 1.79848e+06 87060.5 75850.2 758059 962241 0.0266508 1.26308e+08 2.16325e+07 1.09424e-05 11684 676830 1595.68 1299.95 0.323517 0.350496 4.8973e-05 4.01812 1.66295 8.42218e-07 0.0385096 0.328134 0.0158843 0.0138389 0.183427 0.229595 4.96396e-05 2.62672 1.08695 1.13451e-06 0.0254708 0.125763 0.0062308 0.00675729 5.48093e+06 0.00458303 
1010.5 2.5059e+06 2.45437e+06 383.545 2.78897e+07 1.15424e+07 8.68637 273598 2.34581e+06 116798 97961.5 1.50082e+06 1.53336e+06 0.0512007 1.97518e+08 3.38275e+07 3.52996e-05 19166.2 1.15422e+06 2878.53 2153.93 0.465494 0.455921 7.1247e-05 5.18076 2.14411 1.61357e-06 0.0508232 0.435755 0.0216962 0.0181972 0.249211 0.277436 6.65947e-05 3.13856 1.29867 1.98837e-06 0.0312618 0.156602 0.00799925 0.008305 5.38332e+06 0.00450141 
1035.5 3.53019e+06 3.14267e+06 549.034 3.53989e+07 1.46507e+07 16.3572 355691 3.05971e+06 156603 126068 2.95082e+06 2.45719e+06 0.0992816 3.10721e+08 5.32169e+07 0.000114769 31669.2 1.96563e+06 5179.64 3542.16 0.665889 0.592793 0.000103563 6.6772 2.76352 3.08541e-06 0.0670931 0.577143 0.0295395 0.0237799 0.336448 0.334799 8.94537e-05 3.74504 1.54955 3.48263e-06 0.0383692 0.194106 0.0102195 0.0101323 5.30146e+06 0.00443297 
1060.5 4.94389e+06 4.01693e+06 784.088 4.48539e+07 1.85636e+07 30.6501 461866 3.97716e+06 209132 161211 5.74362e+06 3.93696e+06 0.192882 4.88853e+08 8.3722e+07 0.000372976 52385.4 3.32765e+06 9254.19 5762.4 0.945871 0.768524 0.000150013 8.58149 3.55161 5.86401e-06 0.0883647 0.760915 0.0400113 0.0308431 0.451891 0.403231 0.000119994 4.45936 1.84496 6.08043e-06 0.0470543 0.240124 0.0130238 0.0122953 5.22681e+06 0.00437055 
1085.5 6.90866e+06 5.14073e+06 1121.37 5.68884e+07 2.35438e+07 57.2947 600779 5.16403e+06 278817 205589 1.11212e+07 6.32655e+06 0.377297 7.70975e+08 1.32035e+08 0.00121241 87005.4 5.6117e+06 16451.4 9315.24 1.33586 0.994016 0.000216829 11 4.55244 1.10785e-05 0.116167 0.998522 0.0539123 0.0397528 0.60487 0.485014 0.000161059 5.29876 2.19218 1.05687e-05 0.0576943 0.296712 0.0165684 0.0148633 5.17168e+06 0.00432444 
1110.5 9.60547e+06 6.56199e+06 1598.96 7.1917e+07 2.97646e+07 106.318 779740 6.67436e+06 369830 260770 2.13475e+07 1.01447e+07 0.738388 1.2118e+09 2.07533e+08 0.0039197 144297 9.38267e+06 28965.8 14920.6 1.87602 1.28161 0.000312288 14.0459 5.81325 2.07646e-05 0.152289 1.30355 0.0722306 0.0509304 0.806145 0.582078 0.000216076 6.27578 2.59594 1.8286e-05 0.0706423 0.365041 0.0209756 0.0178942 5.12013e+06 0.00428134 
1135.5 1.33329e+07 8.37976e+06 2280.77 9.08926e+07 3.76175e+07 196.148 1.0127e+06 8.60865e+06 489274 330238 4.07545e+07 1.62628e+07 1.44783 1.90163e+09 3.25666e+08 0.0125547 239361 1.55837e+07 50605.7 23777.6 2.62098 1.6473 0.000448354 17.8677 7.39485 3.85589e-05 0.199076 1.69229 0.0961817 0.0649183 1.06864 0.695245 0.000289126 7.38706 3.05545 3.13244e-05 0.086153 0.44677 0.0264039 0.0214433 5.08698e+06 0.00425362 
1160.5 1.84304e+07 1.0671e+07 3243.67 1.14447e+08 4.73658e+07 358.459 1.31178e+06 1.10484e+07 643780 416627 7.71695e+07 2.59563e+07 2.83376 2.96583e+09 5.07911e+08 0.0397335 395423 2.56111e+07 87397.9 37613 3.64074 2.10795 0.000640753 22.6078 9.35662 7.08098e-05 0.259128 2.1825 0.127172 0.0823004 1.41033 0.827017 0.000386285 8.64616 3.57578 5.32438e-05 0.104711 0.543972 0.0330426 0.0256265 5.06227e+06 0.00423296 
1185.5 2.53823e+07 1.35515e+07 4600.09 1.43556e+08 5.94145e+07 648.055 1.69472e+06 1.41035e+07 842123 524078 1.44913e+08 4.12021e+07 5.52506 4.59105e+09 7.86246e+08 0.123383 649763 4.15883e+07 148989 59115.5 5.02813 2.68449 0.000911259 28.4379 11.7698 0.000128377 0.335716 2.79384 0.166821 0.103818 1.85054 0.977479 0.000513907 10.0376 4.15029 8.92242e-05 0.12653 0.65796 0.0410467 0.0305353 5.04806e+06 0.00422108 
1210.5 3.48121e+07 1.71483e+07 6497.08 1.79219e+08 7.41741e+07 1156.93 2.18168e+06 1.78859e+07 1.09387e+06 657239 2.69563e+08 6.49214e+07 10.7 7.03841e+09 1.20536e+09 0.374648 1.05975e+06 6.65477e+07 250037 92268.5 6.89926 3.39856 0.00128763 35.5187 14.7003 0.000229287 0.432379 3.54473 0.216791 0.130256 2.41325 1.14731 0.000680146 11.5471 4.7737 0.000147233 0.151907 0.789742 0.0505531 0.0363294 5.04576e+06 0.00421916 
1235.5 4.75943e+07 2.16287e+07 9138.45 2.22707e+08 9.21733e+07 2037.42 2.79936e+06 2.25421e+07 1.41145e+06 822665 4.96874e+08 1.01427e+08 20.5439 1.06709e+10 1.82744e+09 1.10864 1.71356e+06 1.04823e+08 412683 143106 9.39938 4.27144 0.00180475 43.9824 18.2033 0.000402368 0.552845 4.45182 0.278747 0.162468 3.12716 1.33628 0.000894478 13.1508 5.43526 0.000238842 0.18103 0.939555 0.0616478 0.0431987 5.06356e+06 0.00423404 
1260.5 6.47755e+07 2.71441e+07 12774.6 2.74963e+08 1.13802e+08 3528.53 3.57383e+06 2.81725e+07 1.80517e+06 1.02647e+06 9.05411e+08 1.56645e+08 38.9343 1.59469e+10 2.73102e+09 3.17248 2.73818e+06 1.61947e+08 667446 220125 12.7097 5.32597 0.00250652 53.9508 22.3293 0.000692337 0.701224 5.52775 0.354195 0.201405 4.01447 1.53929 0.00116477 14.7741 6.10412 0.000378343 0.213417 1.10444 0.0742038 0.0512531 5.09655e+06 0.00426163 
1285.5 8.79192e+07 3.39395e+07 17765.6 3.37662e+08 1.39753e+08 6012.66 4.54528e+06 3.49343e+07 2.28979e+06 1.27877e+06 1.63381e+09 2.3926e+08 72.8286 2.34937e+10 4.02349e+09 8.77367 4.32611e+06 2.45185e+08 1.05695e+06 336178 17.0554 6.58392 0.00344634 65.5029 27.1107 0.00116639 0.881736 6.7769 0.444195 0.248069 5.10434 1.751 0.00150025 16.3374 6.74721 0.000584401 0.248518 1.2795 0.0879137 0.0606373 5.15492e+06 0.00431043 
1310.5 1.18693e+08 4.21428e+07 24488.8 4.11066e+08 1.70136e+08 10030.4 5.73985e+06 4.28385e+07 2.87107e+06 1.58678e+06 2.90787e+09 3.59554e+08 133.603 3.39388e+10 5.81233e+09 23.2284 6.7215e+06 3.6187e+08 1.63026e+06 507991 22.6816 8.05323 0.00467966 78.5523 32.512 0.00191674 1.09685 8.18617 0.548645 0.303224 6.42043 1.96319 0.00190565 17.7494 7.32624 0.00087458 0.285233 1.46215 0.102575 0.071617 5.23303e+06 0.00437574 
1335.5 1.59673e+08 5.20209e+07 33491.9 4.96532e+08 2.05508e+08 16377.9 7.20473e+06 5.19532e+07 3.55897e+06 1.96522e+06 5.11233e+09 5.31499e+08 240.268 4.80469e+10 8.22845e+09 58.7377 1.02686e+07 5.19602e+08 2.44441e+06 760909 29.8833 9.73589 0.00626812 92.9276 38.4616 0.00306517 1.34839 9.7232 0.666072 0.367796 7.98596 2.16431 0.00238278 18.8837 7.79022 0.00126398 0.32196 1.64455 0.117586 0.0844532 5.34322e+06 0.00446788 
1360.5 2.14006e+08 6.37942e+07 45375 5.94585e+08 2.46092e+08 26111.9 8.98224e+06 6.22277e+07 4.35553e+06 2.42774e+06 8.86401e+09 7.70924e+08 421.669 6.64712e+10 1.13838e+10 140.988 1.5385e+07 7.23023e+08 3.54914e+06 1.12687e+06 38.9617 11.6143 0.00826091 108.249 44.8032 0.0047539 1.6353 11.3291 0.792962 0.441991 9.78569 2.33707 0.00291991 19.5888 8.07447 0.0017517 0.356066 1.81221 0.131773 0.098998 5.49273e+06 0.0045929 
1385.5 2.85131e+08 7.75284e+07 60721.5 7.03897e+08 2.91335e+08 40477.5 1.10948e+07 7.33042e+07 5.24056e+06 2.98115e+06 1.51045e+10 1.09279e+09 718.658 8.94508e+10 1.53192e+10 318.836 2.2513e+07 9.67654e+08 4.95282e+06 1.63978e+06 50.2045 13.6508 0.0106915 123.939 51.2967 0.00712708 1.95351 12.907 0.922731 0.524906 11.7913 2.46341 0.00349695 19.7291 8.12293 0.00231166 0.38439 1.94631 0.143653 0.114884 5.6794e+06 0.00474899 
1410.5 3.78596e+08 9.34871e+07 80284.8 8.24714e+08 3.4134e+08 60884.7 1.35933e+07 8.49875e+07 6.20373e+06 3.64455e+06 2.5309e+10 1.51067e+09 1184.32 1.16819e+11 2.00064e+10 673.526 3.21031e+07 1.2418e+09 6.62299e+06 2.34095e+06 63.8204 15.7593 0.0135337 139.023 57.5403 0.0102634 2.29144 14.3265 1.04577 0.614368 13.9043 2.51034 0.00405959 19.102 7.85084 0.00286348 0.401206 2.0212 0.151019 0.131034 5.9322e+06 0.00496037 
1435.5 4.99832e+08 1.11426e+08 104398 9.52474e+08 3.94215e+08 88185 1.64558e+07 9.64959e+07 7.18975e+06 4.41975e+06 4.15016e+10 2.02088e+09 1869.58 1.4686e+11 2.51511e+10 1309.74 4.42639e+07 1.51274e+09 8.40132e+06 3.25323e+06 79.843 17.7991 0.0166765 152.148 62.9718 0.0140866 2.62865 15.4142 1.14849 0.706009 15.9546 2.45058 0.00453225 17.6176 7.22335 0.00328398 0.401117 2.01155 0.151648 0.145675 6.26019e+06 0.00523463 
1460.5 6.57231e+08 1.31299e+08 133360 1.08407e+09 4.48682e+08 122469 1.96866e+07 1.07062e+08 8.14008e+06 5.31076e+06 6.64973e+10 2.60493e+09 2807.07 1.76826e+11 3.02831e+10 2315.74 5.87524e+07 1.73313e+09 1.00177e+07 4.36784e+06 97.9852 19.5751 0.0198824 161.622 66.8931 0.0182587 2.93504 15.9616 1.21359 0.791771 17.6874 2.27618 0.00481576 15.52 6.33658 0.00344507 0.380584 1.90156 0.143941 0.155856 6.70745e+06 0.00560862 
1485.5 8.57342e+08 1.52039e+08 166053 1.20808e+09 5.00004e+08 160892 2.31333e+07 1.1512e+08 8.92927e+06 6.27297e+06 1.03166e+11 3.19395e+09 3941.25 2.01133e+11 3.44457e+10 3627.27 7.40986e+07 1.83627e+09 1.10404e+07 5.56661e+06 117.355 20.8116 0.0227299 165.365 68.442 0.0220234 3.16656 15.758 1.22226 0.858662 18.691 2.01848 0.00477933 13.6382 5.543 0.00338836 0.340219 1.74304 0.131573 0.157077 7.30552e+06 0.00610871 
1510.5 1.11093e+09 1.72651e+08 200557 1.31477e+09 5.44156e+08 197633 2.66402e+07 1.19252e+08 9.43398e+06 7.23543e+06 1.54021e+11 3.68091e+09 5081.87 2.13436e+11 3.65523e+10 4897.99 8.77096e+07 1.76472e+09 1.10317e+07 6.58455e+06 136.152 21.1595 0.0245796 161.133 66.69 0.0242212 3.26493 14.6151 1.1562 0.88675 18.4081 1.84245 0.00431945 13.9286 5.67231 0.00368957 0.299364 1.63576 0.123364 0.14372 8.15949e+06 0.00682278 
1535.5 1.42145e+09 1.89946e+08 231189 1.37979e+09 5.71063e+08 221053 2.96978e+07 1.16811e+08 9.42296e+06 7.98628e+06 2.17492e+11 3.88163e+09 5805.15 2.05635e+11 3.52157e+10 5442.04 9.48177e+07 1.48232e+09 9.63045e+06 6.91359e+06 151.244 20.2104 0.0245987 146.811 60.7616 0.0235202 3.15987 12.4288 1.00261 0.849746 16.3271 2.13316 0.00354631 18.0607 7.41683 0.00508305 0.322305 1.80128 0.139501 0.116371 9.39843e+06 0.00785876 
1560.5 1.78459e+09 1.98869e+08 248067 1.37093e+09 5.67383e+08 216880 3.14667e+07 1.05306e+08 8.66032e+06 8.15961e+06 2.83935e+11 3.60506e+09 5576.54 1.73228e+11 2.96651e+10 4693.81 9.00309e+07 1.03792e+09 7.00488e+06 6.03217e+06 157.973 17.604 0.021959 121.355 50.2251 0.0191984 2.78545 9.32172 0.766617 0.722293 13.3669 3.03647 0.00338228 24.6408 10.1692 0.00684992 0.45921 2.23214 0.179929 0.110741 1.12968e+07 0.00944614 
1585.5 2.16753e+09 1.90623e+08 236136 1.24184e+09 5.1394e+08 176126 3.0467e+07 8.33152e+07 6.98348e+06 7.26214e+06 3.32147e+11 2.77509e+09 4179.18 1.20507e+11 2.06357e+10 2927.98 7.06128e+07 5.70998e+08 4.0007e+06 4.0105e+06 151.932 13.3616 0.0165519 87.0462 36.0244 0.0123455 2.13558 5.83995 0.489504 0.509037 14.0855 3.99818 0.00435591 29.4931 12.1939 0.0072681 0.62361 2.43289 0.202022 0.14831 1.42664e+07 0.0119293 
1610.5 2.51124e+09 1.57537e+08 186361 9.6962e+08 4.0126e+08 110372 2.53773e+07 5.43554e+07 4.64185e+06 5.20058e+06 3.42238e+11 1.64308e+09 2243.77 6.47332e+10 1.10844e+10 1239.5 4.24652e+07 2.32287e+08 1.68827e+06 1.86254e+06 134.234 8.42086 0.00996161 51.8294 21.4487 0.00589976 1.3565 2.90548 0.248123 0.277989 16.58 4.11304 0.00455011 27.8193 11.5088 0.00560786 0.655593 1.99367 0.169348 0.14927 1.87079e+07 0.0156431 
1635.5 2.78607e+09 1.04618e+08 113408 6.11994e+08 2.53248e+08 50136.8 1.69563e+07 2.74136e+07 2.38413e+06 2.76935e+06 3.21225e+11 6.98152e+08 800.591 2.53244e+10 4.3362e+09 347.714 1.8298e+07 6.69284e+07 504214 564738 113.436 4.25958 0.00461746 24.9177 10.3111 0.00204135 0.690384 1.11616 0.097071 0.112755 14.526 3.20649 0.00335791 20.2535 8.38042 0.00316074 0.518056 1.21623 0.105388 0.10139 2.45607e+07 0.0205371 
1660.5 3.06809e+09 5.32568e+07 50948.6 2.99674e+08 1.24003e+08 16185.3 8.6793e+06 1.03312e+07 914646 1.05333e+06 3.02537e+11 2.07495e+08 184.645 7.10645e+09 1.2168e+09 67.74 5.52089e+06 1.38425e+07 108020 111348 97.6251 1.69461 0.00162116 9.53548 3.94572 0.000515009 0.276172 0.328735 0.0291037 0.0335165 9.79362 1.93151 0.00180199 11.6275 4.81137 0.00137485 0.31528 0.576538 0.0508933 0.0491903 3.14272e+07 0.0262787 
1685.5 3.45793e+09 2.07964e+07 16973.7 1.14352e+08 4.73179e+07 3863.94 3.41051e+06 2.9672e+06 267324 292380 3.05028e+11 4.47589e+07 28.3609 1.49419e+09 2.55842e+08 10.3107 1.21381e+06 2.21763e+06 17913.9 15282.4 87.6375 0.527063 0.00043018 2.89812 1.19922 9.79273e-05 0.0864356 0.0752006 0.00677505 0.00741005 7.09006 0.925511 0.000730563 5.42859 2.24631 0.000501721 0.152616 0.22483 0.0202017 0.018232 3.94572e+07 0.0329932 
1710.5 3.97417e+09 6.42177e+06 4310.17 3.50933e+07 1.45214e+07 735.294 1.06198e+06 684030 62694.1 62643.7 3.17846e+11 7.5594e+06 3.08713 2.53791e+08 4.34553e+07 1.25145 210150 297060 2482.96 1636.12 79.4557 0.128391 8.61734e-05 0.701622 0.290326 1.47008e-05 0.0212322 0.0136758 0.00125345 0.00125244 6.44163 0.366948 0.000233013 2.14051 0.885727 0.000157493 0.0612431 0.0758426 0.0069333 0.00558053 5.00174e+07 0.0418235 
1735.5 4.53809e+09 1.62571e+06 853.731 8.97015e+06 3.71179e+06 116.681 271938 133469 12441.8 11006.9 3.17426e+11 1.05747e+06 0.252964 3.61913e+07 6.19684e+06 0.090609 30248.2 30928 267.439 142.227 69.283 0.0248197 1.30339e-05 0.136947 0.0566679 1.78137e-06 0.00415169 0.00203768 0.00018995 0.000168042 6.78319 0.124613 6.07629e-05 0.730601 0.302318 3.71504e-05 0.0210847 0.0216339 0.00201169 0.00146395 6.55007e+07 0.0547702 
1760.5 5.13893e+09 345026 131.713 1.94567e+06 805104 13.9978 58565.8 22108.6 2095.65 1615.17 2.91474e+11 112632 0.0144219 3.90996e+06 669481 0.00259903 3311.7 1941.1 17.3587 7.9344 55.4043 0.00371982 1.42004e-06 0.0209768 0.00868007 1.50914e-07 0.000631415 0.000238359 2.25938e-05 1.74136e-05 8.53413 0.034648 1.23883e-05 0.204241 0.0845135 5.29133e-06 0.00594186 0.00456846 0.000432017 0.000291959 9.27532e+07 0.0775582 
1785.5 5.82859e+09 59281.7 14.46 344669 142621 0.991956 10237.5 2803.73 270.163 180 2.35527e+11 7104.98 0.000410048 251177 43007.7 1.92745e-05 214.482 53.5469 0.494909 0.19256 37.3483 0.000379864 9.26567e-08 0.00220856 0.000913887 6.35624e-09 6.55997e-05 1.79657e-05 1.73115e-06 1.1534e-06 10.6916 0.00673668 1.61831e-06 0.0400576 0.0165755 3.51378e-07 0.00117049 0.000585486 5.62874e-05 3.51077e-05 1.5606e+08 0.130494 
1810.5 7.00062e+09 6944.53 0.776253 41973 17368.1 0.0266774 1222.02 206.449 20.2131 11.3854 1.56876e+11 168.238 2.69678e-06 6198.8 1061.39 1.7186e-08 5.22914 0.388667 0.00370982 0.00114717 16.7922 1.66577e-05 1.86198e-09 0.000100679 4.16605e-05 6.39902e-11 2.93122e-06 4.95204e-07 4.84845e-08 2.73098e-08 9.71166 0.000635036 8.04066e-08 0.00385471 0.00159505 6.42024e-09 0.000111957 3.05293e-05 2.98266e-06 1.65859e-06 4.16897e+08 0.3486 
1835.5 7.32956e+09 292.436 -0.0100975 1827.77 756.32 7.57732e-05 51.5608 4.70183 0.467392 0.169278 5.35048e+10 0.408624 3.28384e-10 16.4052 2.80897 1.63236e-13 0.0132124 0.000156283 1.53944e-06 3.18191e-07 0.0 0.0 0.0 0.0 0.0 0.0 0.0 0.0 0.0 0.0 0.0 0.0 0.0 0.0 0.0 0.0 0.0 0.0 0.0 0.0 -1.47677e+09 -1.23484 
1860.5 1.06159e+08 0.0371464 6.20931e-06 -0.135614 -0.0561161 5.83216e-10 -0.00556581 -0.00124761 -0.000113568 -1.38411e-05 5.41808e+08 7.42241e-08 1.18003e-13 4.49368e-05 7.69429e-06 8.05203e-22 5.68724e-08 2.22066e-08 2.21509e-10 7.78009e-12 2.3462 8.20971e-10 1.37232e-13 -2.99719e-09 -1.24022e-09 1.28896e-17 -1.2301e-10 -2.75734e-11 -2.50996e-12 -3.059e-13 2.54358 4.04938e-08 5.10682e-11 9.96562e-07 4.12371e-07 4.21848e-15 3.5453e-08 2.21537e-08 2.21259e-09 4.14665e-10 4.52469e+07 0.0378345 
1885.5 0 0 0 0 0 0 0 0 0 0 0 0 0 0 0 0 0 0 0 0 0.0 0.0 0.0 0.0 0.0 0.0 0.0 0.0 0.0 0.0 0.0 0.0 0.0 0.0 0.0 0.0 0.0 0.0 0.0 0.0 0 0 
