310.5 4.75392e-10 1.48735e-08 1.72784e-10 0.046506 0.33764 2.03245 7.56299 5.10605e-05 0.00525638 6.98244e-09 1.40573e-23 1.52447e-20 2.21665e-24 1.42495e-08 1.64816e-07 6.05738e-06 8.25892e-05 1.65091e-15 1.58723e-11 3.24838e-21 3.80072e-19 1.18913e-17 1.38139e-19 3.71812e-11 2.6994e-10 1.62493e-09 6.04655e-09 4.08225e-14 4.20244e-12 5.58241e-18 1.06012e-16 3.49111e-15 4.20972e-17 3.37505e-09 1.14759e-08 6.95715e-08 2.56891e-07 1.14814e-12 1.1257e-10 1.61153e-15 1.25079e+09 1.04589 
335.5 3.46377e-08 1.628e-06 2.02794e-08 0.651579 5.35549 33.6168 119.506 0.00120184 0.0905613 2.97159e-08 2.37182e-19 5.02479e-16 8.08797e-20 3.20895e-06 5.22308e-05 0.00209428 0.0259675 1.29913e-12 6.29264e-09 3.00844e-20 5.65347e-16 2.65718e-14 3.30995e-16 1.06349e-08 8.74108e-08 5.48684e-07 1.95055e-06 1.96161e-11 1.47812e-09 4.85014e-16 6.22165e-14 2.86367e-12 3.63316e-14 2.2861e-07 9.19161e-07 5.82075e-06 2.04946e-05 1.44289e-10 1.00261e-08 2.21539e-14 6.1268e+07 0.051231 
360.5 6.16296e-07 3.63943e-05 4.73323e-07 3.32137 32.8886 214.835 731.255 0.0115346 0.642156 6.98343e-08 4.25255e-17 1.42595e-13 2.41871e-17 9.70973e-05 0.00261491 0.113597 1.29066 1.72163e-10 4.27135e-07 3.11964e-19 1.88639e-14 1.11397e-12 1.44877e-14 1.01662e-07 1.00667e-06 6.57577e-06 2.23826e-05 3.53055e-10 1.96554e-08 2.13752e-15 1.14074e-12 6.60558e-11 8.60303e-13 1.72095e-06 8.88959e-06 5.85985e-05 0.000197495 2.26825e-09 1.12639e-07 9.76942e-14 3.26708e+07 0.0273186 
385.5 5.64028e-06 0.000385175 5.18802e-06 11.5753 139.275 942.381 3086.8 0.0746572 3.15603 1.64512e-07 2.08447e-15 9.54474e-12 1.72674e-15 0.00113886 0.0510393 2.3776 25.0332 8.46657e-09 1.17463e-05 1.52259e-17 2.39766e-13 1.63736e-11 2.2054e-13 4.92059e-07 5.9205e-06 4.00601e-05 0.000131218 3.17364e-09 1.34161e-07 6.99333e-15 9.41021e-12 6.36768e-10 8.56471e-12 6.94048e-06 4.62018e-05 0.000315382 0.0010232 1.87039e-08 6.93778e-07 8.04485e-13 2.35242e+07 0.0196704 
410.5 3.39549e-05 0.00256134 3.54264e-05 32.204 470.993 3286.56 10409.7 0.374708 12.3671 3.27028e-07 4.63513e-14 2.66114e-10 5.10298e-14 0.00763351 0.550155 27.221 268.361 2.06119e-07 0.000177092 4.68257e-16 1.8048e-12 1.36143e-10 1.88301e-12 1.71173e-06 2.50346e-05 0.00017469 0.000553303 1.99168e-08 6.57346e-07 1.73825e-14 4.96028e-11 3.75848e-09 5.20464e-11 2.00702e-05 0.000169161 0.00119011 0.00373604 1.02758e-07 2.9968e-06 4.98887e-12 1.88137e+07 0.0157316 
435.5 0.000152995 0.0124014 0.000174705 76.7434 1354.8 9713.92 29869.7 1.55921 41.1091 7.41076e-07 5.53496e-13 3.74481e-09 7.47298e-13 0.0344237 3.89196 202.966 1889.42 3.09684e-06 0.00174813 5.33675e-15 9.65184e-12 7.82351e-10 1.10214e-11 4.84143e-06 8.54691e-05 0.000612812 0.00188436 9.83641e-08 2.59341e-06 4.67515e-14 1.86614e-10 1.53503e-08 2.16847e-10 4.63488e-05 0.000488081 0.00352545 0.0107538 4.3092e-07 1.01763e-05 1.83486e-11 1.58514e+07 0.0132546 
460.5 0.000567202 0.0484654 0.00069125 163.648 3430.17 25193.2 75460.7 5.55943 119.458 1.93829e-06 4.99015e-12 3.76344e-08 7.69926e-12 0.126292 20.8227 1136.71 10066.8 3.24792e-05 0.0126796 5.44832e-14 4.04821e-11 3.45905e-09 4.93356e-11 1.16798e-05 0.000244816 0.00179808 0.00538575 3.96785e-07 8.52589e-06 1.38338e-13 5.95412e-10 5.17113e-08 7.39644e-10 9.42192e-05 0.00119424 0.00882585 0.0262579 1.46991e-06 2.88491e-05 6.23581e-11 1.40112e+07 0.0117159 
485.5 0.00178969 0.159329 0.00229142 318.238 7806.71 58592.4 171404 17.4228 309.839 8.77957e-06 3.33814e-11 2.73059e-07 5.69742e-11 0.384069 89.0824 5068.75 42905.4 0.000264214 0.072732 4.46478e-13 1.41362e-10 1.25848e-08 1.80992e-10 2.51366e-05 0.000616627 0.00462802 0.0135386 1.37617e-06 2.44731e-05 6.93469e-13 1.61762e-09 1.4632e-07 2.11363e-09 0.00017235 0.00257994 0.0194665 0.0566186 4.35609e-06 7.17351e-05 1.87791e-10 1.26604e+07 0.0105863 
510.5 0.0049958 0.459691 0.00664651 579.154 16340 125054 358125 49.0978 732.847 3.36449e-05 1.81438e-10 1.58389e-06 3.35265e-10 1.02649 321.175 18967.3 154168 0.00172662 0.344046 3.3016e-12 4.28377e-10 3.94174e-08 5.69922e-10 4.9661e-05 0.00140111 0.010723 0.0307083 4.21001e-06 6.28398e-05 2.88497e-12 3.92102e-09 3.66416e-07 5.33135e-09 0.000292493 0.00505736 0.0388769 0.110799 1.14162e-05 0.000159851 5.32067e-10 1.16621e+07 0.00975163 
535.5 0.01256 1.1864 0.0171782 991.86 31699 246948 693633 125.862 1594.87 0.000137734 8.09498e-10 7.41881e-06 1.57764e-09 2.43798 1002.87 61276.8 479900 0.00950942 1.39293 1.71357e-11 1.17164e-09 1.10671e-07 1.60244e-09 9.25239e-05 0.00295698 0.0230361 0.0647042 1.17408e-05 0.000148775 1.28482e-11 8.61045e-09 8.24501e-07 1.2025e-08 0.000467827 0.00920905 0.07201 0.201445 2.73719e-05 0.000328334 1.26424e-09 1.072e+07 0.00896387 
560.5 0.0291603 2.8152 0.0407736 1627.97 57975.2 459033 1.26674e+06 298.553 3245.2 0.000600074 3.20665e-09 3.06789e-05 6.57321e-09 5.40939 2807.53 176990 1.33968e+06 0.0453821 4.96384 7.64412e-11 2.94154e-09 2.83983e-07 4.11303e-09 0.000164221 0.00584824 0.0463048 0.127782 3.01165e-05 0.000327359 6.05323e-11 1.77431e-08 1.73611e-06 2.54196e-08 0.00072021 0.01578 0.125338 0.34469 6.0588e-05 0.000627346 2.77621e-09 9.91328e+06 0.00828926 
585.5 0.0629701 6.18541 0.0894094 2565.72 100351 806452 2.18969e+06 659.746 6208.72 0.00220522 1.12533e-08 0.000111113 2.37979e-08 11.1582 7115.16 461615 3.38632e+06 0.190518 15.8056 3.21288e-10 6.77881e-09 6.65867e-07 9.62504e-09 0.000276203 0.0108029 0.0868156 0.235723 7.10225e-05 0.000668377 2.37395e-10 3.41391e-08 3.39383e-06 4.96914e-08 0.00106062 0.0254804 0.205321 0.555856 0.00012436 0.00112016 5.87628e-09 9.28925e+06 0.00776747 
610.5 0.12802 12.7534 0.183579 3911.04 165790 1.3507e+06 3.6131e+06 1371.92 11270 0.00693188 3.53913e-08 0.000359637 7.6619e-08 21.5557 16580.9 1.10473e+06 7.87232e+06 0.71969 45.8898 1.30511e-09 1.45672e-08 1.45119e-06 2.08892e-08 0.000445031 0.018865 0.153693 0.411128 0.000156109 0.0012824 7.88767e-10 6.1765e-08 6.2303e-06 9.10055e-08 0.00150158 0.0391258 0.319505 0.852498 0.000239838 0.00189134 1.21608e-08 8.78824e+06 0.00734854 
635.5 0.247843 24.9796 0.357796 5809.72 263042 2.17027e+06 5.72594e+06 2702.25 19519.2 0.0192251 1.03291e-07 0.00107474 2.27955e-07 39.9828 36085.9 2.46431e+06 1.70946e+07 2.47741 122.94 5.43423e-09 2.95721e-08 2.9805e-06 4.26913e-08 0.000693201 0.0313855 0.258951 0.683205 0.000322426 0.00232898 2.29389e-09 1.07004e-07 1.09248e-05 1.593e-07 0.00207126 0.0576249 0.476424 1.25416 0.000437767 0.00304052 2.53602e-08 8.381e+06 0.007008 
660.5 0.45715 46.4982 0.662007 8391.87 400650 3.34453e+06 8.71216e+06 5050.42 32296.6 0.0488701 2.8026e-07 0.00297589 6.26732e-07 71.1434 73484.2 5.13437e+06 3.47388e+07 7.80948 305.459 2.32189e-08 5.70271e-08 5.80042e-06 8.2582e-08 0.00104684 0.049979 0.417213 1.0868 0.000630015 0.00402884 6.0963e-09 1.7807e-07 1.83734e-05 2.67136e-07 0.00278907 0.0816632 0.682949 1.77549 0.000759786 0.00467684 5.34722e-08 8.01636e+06 0.0067031 
685.5 0.809831 82.968 1.17251 11862.1 589728 4.97667e+06 1.28111e+07 9018.07 51368.1 0.115972 7.08449e-07 0.00763392 1.58973e-06 121.387 141349 1.00885e+07 6.66919e+07 22.8188 711.535 8.89276e-08 1.05578e-07 1.08166e-05 1.52862e-07 0.00154648 0.0768833 0.648813 1.67019 0.00117569 0.0066969 1.51194e-08 2.84981e-07 2.96351e-05 4.28822e-07 0.00366521 0.111878 0.945671 2.43005 0.001262 0.00692206 1.06607e-07 7.67043e+06 0.00641384 
710.5 1.38511 142.771 2.00181 16458.6 840586 7.16578e+06 1.82439e+07 15424.6 78698.5 0.263413 1.71343e-06 0.0187231 3.85169e-06 202.845 259145 1.88682e+07 1.2205e+08 62.1376 1560.49 3.38083e-07 1.8798e-07 1.93762e-05 2.71676e-07 0.00223369 0.114081 0.972508 2.47598 0.00209336 0.0106806 3.57492e-08 4.44074e-07 4.65358e-05 6.7002e-07 0.00474761 0.148848 1.2708 3.23012 0.00201268 0.0098847 2.11199e-07 7.36836e+06 0.00616126 
735.5 2.27939 236.084 3.28244 22336.7 1.15921e+06 9.97567e+06 2.51376e+07 25292.6 116185 0.565424 3.88897e-06 0.0429572 8.71678e-06 326.815 451057 3.34569e+07 2.12078e+08 157.844 3225.2 1.17165e-06 3.21565e-07 3.33055e-05 4.63069e-07 0.00315114 0.163535 1.40731 3.54628 0.00356814 0.0163908 7.9767e-08 6.67256e-07 7.03627e-05 1.00761e-06 0.00601462 0.192065 1.65511 4.16446 0.00308807 0.0136505 3.98657e-07 7.08845e+06 0.0059272 
760.5 3.62974 377.386 5.20042 29770.4 1.55208e+06 1.34751e+07 3.36303e+07 39911.5 165839 1.17064 8.48879e-06 0.0944562 1.88613e-05 516.069 751859 5.67502e+07 3.5295e+08 376.662 6315.87 3.97998e-06 5.30832e-07 5.51909e-05 7.60535e-07 0.00435377 0.226985 1.97067 4.91826 0.00583686 0.0242531 1.712e-07 9.79623e-07 0.000103768 1.47647e-06 0.0075178 0.24173 2.1014 5.23717 0.00458432 0.0183153 7.43467e-07 6.83784e+06 0.00571765 
785.5 5.60684 585.043 7.98887 39081.2 2.02558e+06 1.77322e+07 4.3857e+07 60837.5 229692 2.33935 1.76606e-05 0.19785 3.88293e-05 795.638 1.20399e+06 9.23775e+07 5.6436e+08 847.069 11758.1 1.25217e-05 8.46591e-07 8.83372e-05 1.20626e-06 0.00590097 0.305848 2.67743 6.62209 0.00918601 0.0346818 3.53224e-07 1.39639e-06 0.000148561 2.09949e-06 0.00923656 0.297071 2.60379 6.43134 0.00659684 0.0239282 1.32888e-06 6.62284e+06 0.00553787 
810.5 8.4065 879.794 11.9071 50503.3 2.57827e+06 2.27466e+07 5.57841e+07 89767.6 309194 4.53767 3.53514e-05 0.398058 7.67835e-05 1207 1.8544e+06 1.44487e+08 8.6802e+08 1801.02 20856.9 3.85818e-05 1.30789e-06 0.000136879 1.85251e-06 0.00785733 0.401128 3.53893 8.67893 0.0139661 0.0481047 7.05974e-07 1.94664e-06 0.000207832 2.91792e-06 0.0112271 0.357218 3.15522 7.72808 0.00922776 0.0305101 2.3461e-06 6.42753e+06 0.00537456 
835.5 12.2745 1288.05 17.274 64430.9 3.21173e+06 2.85434e+07 6.94437e+07 128638 405742 8.57196 6.80636e-05 0.769353 0.000145666 1800.72 2.76012e+06 2.18201e+08 1.29027e+09 3639.1 35411.8 0.000113428 1.96496e-06 0.000206196 2.76529e-06 0.0103144 0.514147 4.56935 11.1168 0.020593 0.0649529 1.37224e-06 2.65233e-06 0.00028398 3.95879e-06 0.0134863 0.421313 3.74854 9.10869 0.0125894 0.0380788 4.03423e-06 6.24671e+06 0.00522336 
860.5 17.5262 1843.71 24.5003 81449.6 3.92996e+06 3.51684e+07 8.49202e+07 179638 520691 15.8902 0.000127048 1.44027 0.000267316 2661.81 3.99361e+06 3.20071e+08 1.86458e+09 7022.37 57811 0.000327229 2.8773e-06 0.000302685 4.02225e-06 0.0133717 0.645187 5.77365 13.9415 0.0294914 0.0854826 2.60871e-06 3.54667e-06 0.000380569 5.26375e-06 0.0160683 0.489255 4.38309 10.571 0.0168263 0.0467294 6.84955e-06 6.0912e+06 0.00509333 
885.5 24.4184 2574.91 33.9213 101789 4.72027e+06 4.25167e+07 1.01937e+08 244339 653052 28.8325 0.000228897 2.60105 0.000473506 3886.85 5.61203e+06 4.55639e+08 2.61713e+09 12930.1 90646.4 0.000912679 4.10923e-06 0.000433316 5.7084e-06 0.0171295 0.794344 7.15488 17.1544 0.0411183 0.109898 4.85205e-06 4.65122e-06 0.000499952 6.86276e-06 0.0189914 0.559849 5.0482 12.0891 0.0220274 0.0563627 1.14038e-05 5.94234e+06 0.00496885 
910.5 33.5464 3545.51 46.2988 126946 5.61314e+06 5.08722e+07 1.21151e+08 326077 805987 51.9692 0.000404635 4.60507 0.000820924 5686.51 7.75912e+06 6.37746e+08 3.61437e+09 22976.6 137949 0.00253297 5.77199e-06 0.000610039 7.96616e-06 0.0218423 0.965794 8.75305 20.8453 0.0561047 0.138678 8.9418e-06 6.0254e-06 0.000648227 8.81976e-06 0.0223904 0.634249 5.75451 13.688 0.0283832 0.0671111 1.88644e-05 5.81194e+06 0.00485982 
935.5 45.2504 4793.2 62.075 157333 6.59654e+06 6.0135e+07 1.42301e+08 426372 977659 92.3697 0.000695493 7.92884 0.00138528 8273.85 1.05164e+07 8.74483e+08 4.8936e+09 39285.5 203214 0.00694285 7.94829e-06 0.000841932 1.09035e-05 0.0276357 1.15869 10.5628 24.9954 0.0748927 0.171727 1.62248e-05 7.68042e-06 0.000826959 1.11552e-05 0.0262598 0.710388 6.48318 15.3231 0.0359392 0.0787699 3.09237e-05 5.6931e+06 0.00476045 
960.5 60.3061 6401.78 82.2258 194770 7.69011e+06 7.04939e+07 1.65809e+08 547535 1.16783e+06 163.384 0.00117746 13.439 0.00229974 12098.4 1.4091e+07 1.18475e+09 6.55042e+09 65027.7 291326 0.0189778 1.08085e-05 0.00114737 1.47371e-05 0.0349081 1.37828 12.6344 29.7174 0.0981331 0.209307 2.92829e-05 9.70611e-06 0.00104507 1.3964e-05 0.0308184 0.791103 7.26018 17.0555 0.0449959 0.0916749 5.04366e-05 5.57951e+06 0.00466547 
985.5 79.6714 8476.82 108.029 241572 8.93214e+06 8.23118e+07 1.92496e+08 693267 1.37905e+06 287.971 0.00196558 22.4664 0.00376549 17798.5 1.87428e+07 1.59251e+09 8.7046e+09 104562 407826 0.0520061 1.45361e-05 0.0015466 1.971e-05 0.0440749 1.62968 15.0178 35.1211 0.126487 0.251609 5.25405e-05 1.21377e-05 0.00130653 1.72782e-05 0.0361214 0.873957 8.06337 18.8326 0.055484 0.105361 8.20246e-05 5.48093e+06 0.00458303 
1010.5 104.141 11105.1 140.46 299315 1.03097e+07 9.54829e+07 2.22083e+08 863111 1.60539e+06 504.7 0.00323746 37.0501 0.00608098 26314.3 2.47235e+07 2.12175e+09 1.14718e+10 163047 556425 0.142495 1.93452e-05 0.00206288 2.60917e-05 0.0556004 1.91511 17.7368 41.2538 0.160331 0.298215 9.37526e-05 1.50715e-05 0.00162078 2.11854e-05 0.0423876 0.961748 8.91854 20.7149 0.0676877 0.120118 0.000132967 5.38332e+06 0.00450141 
1035.5 135.514 14485.3 181.891 372522 1.18932e+07 1.10675e+08 2.56083e+08 1.06215e+06 1.85181e+06 884.923 0.00530036 60.7592 0.00976999 39353.7 3.2564e+07 2.82136e+09 1.50967e+10 247965 744011 0.394036 2.55617e-05 0.00273232 3.43096e-05 0.0702679 2.24338 20.8764 48.3042 0.20035 0.349302 0.00016692 1.86116e-05 0.00199881 2.58019e-05 0.0498558 1.05343 9.81638 22.6796 0.0814413 0.135384 0.000215554 5.30146e+06 0.00443297 
1060.5 175.092 18762.5 234.031 464126 1.36784e+07 1.27868e+08 2.944e+08 1.28851e+06 2.11083e+06 1544.95 0.00859192 98.6976 0.0155593 59223.9 4.27109e+07 3.73421e+09 1.97846e+10 366704 972044 1.09132 3.34988e-05 0.00358966 4.47752e-05 0.0887971 2.61697 24.4638 56.325 0.246519 0.403846 0.000295581 2.28396e-05 0.00244893 3.11769e-05 0.0587014 1.15021 10.7682 24.7528 0.0968835 0.151265 0.000348459 5.22681e+06 0.00437055 
1085.5 225.776 24258.6 300.626 581351 1.57461e+07 1.47837e+08 3.38771e+08 1.54596e+06 2.3853e+06 2698.42 0.0139003 160.067 0.0247406 90239 5.60862e+07 4.94622e+09 2.59599e+10 529418 1.24557e+06 3.04754 4.36561e-05 0.00469066 5.81293e-05 0.112411 3.04468 28.5858 65.505 0.298928 0.461223 0.000521768 2.79628e-05 0.00299137 3.74814e-05 0.0693726 1.2549 11.8007 26.9949 0.114066 0.167685 0.000563056 5.17168e+06 0.00432444 
1110.5 289.713 31220 384.621 729479 1.80901e+07 1.70548e+08 3.89055e+08 1.82853e+06 2.66351e+06 4696.13 0.0223603 258.355 0.0391992 138578 7.34732e+07 6.53334e+09 3.39821e+10 742690 1.55822e+06 8.54602 5.65831e-05 0.00609751 7.51193e-05 0.142473 3.53314 33.3094 75.9853 0.357126 0.520204 0.000917189 3.41393e-05 0.00364405 4.48663e-05 0.0822606 1.36632 12.9034 29.3802 0.13234 0.183631 0.000909872 5.12013e+06 0.00428134 
1135.5 371.661 40183.1 492.346 920644 2.08218e+07 1.97079e+08 4.47643e+08 2.13872e+06 2.94817e+06 8168.5 0.0359408 417.015 0.0621653 215222 9.64274e+07 8.64238e+09 4.45667e+10 1.0157e+06 1.90943e+06 24.041 7.30612e-05 0.00789921 9.67854e-05 0.18098 4.09315 38.7419 87.9977 0.420429 0.579551 0.00160577 4.1561e-05 0.00442486 5.34139e-05 0.0977468 1.48386 14.0708 31.8958 0.151347 0.198685 0.00146544 5.08698e+06 0.00425362 
1160.5 475.613 51610.7 629.244 1.16525e+06 2.39466e+07 2.27515e+08 5.14647e+08 2.46607e+06 3.22479e+06 14161.6 0.0576218 672.077 0.0985595 337043 1.26384e+08 1.14132e+10 5.83723e+10 1.34834e+06 2.28222e+06 67.8579 9.39524e-05 0.0101952 0.000124301 0.230184 4.73042 44.9433 101.663 0.487148 0.637025 0.00279748 5.05523e-05 0.00536848 6.33934e-05 0.116598 1.60908 15.3183 34.5752 0.170404 0.212197 0.00236194 5.06227e+06 0.00423296 
1185.5 607.964 66247.8 804.138 1.48051e+06 2.75357e+07 2.62564e+08 5.91587e+08 2.80198e+06 3.4847e+06 24469.9 0.0922522 1083.01 0.156448 532414 1.65506e+08 1.50544e+10 7.63907e+10 1.73459e+06 2.65691e+06 191.228 0.000120435 0.0131234 0.000159296 0.293283 5.45471 52.0129 117.191 0.55506 0.690304 0.00484738 6.14017e-05 0.00650501 7.4942e-05 0.139477 1.74128 16.6393 37.4032 0.188476 0.223168 0.00379268 5.04806e+06 0.00422108 
1210.5 776.203 84988.2 1027.77 1.88754e+06 3.16433e+07 3.02781e+08 6.79622e+08 3.13196e+06 3.71476e+06 42093.6 0.147437 1744.77 0.248682 847488 2.16288e+08 1.98101e+10 9.97673e+10 2.15473e+06 3.00339e+06 536.823 0.000153833 0.0168435 0.000203689 0.374084 6.27127 60.0069 134.692 0.62071 0.736213 0.00834236 7.45345e-05 0.00787946 8.82959e-05 0.167395 1.88055 18.0349 40.3815 0.204345 0.230693 0.00606595 5.04576e+06 0.00421916 
1235.5 990.99 109107 1315.31 2.41694e+06 3.63715e+07 3.49182e+08 7.80936e+08 3.44399e+06 3.90782e+06 72077.4 0.23535 2812.7 0.396272 1.35967e+06 2.82038e+08 2.60041e+10 1.30017e+11 2.5795e+06 3.29203e+06 1498.73 0.00019571 0.0215474 0.000259761 0.47732 7.18299 68.9598 154.227 0.680152 0.771754 0.0142345 9.04255e-05 0.00954928 0.000103846 0.201706 2.02586 19.4954 43.4882 0.216376 0.23353 0.00966237 5.06356e+06 0.00423404 
1260.5 1264.2 140073 1684.48 3.10528e+06 4.17566e+07 4.02163e+08 8.96299e+08 3.71412e+06 4.04614e+06 122565 0.374762 4531.56 0.632281 2.19457e+06 3.66182e+08 3.39775e+10 1.6871e+11 2.9604e+06 3.48403e+06 4132.68 0.00024805 0.0274838 0.000330514 0.609291 8.1931 78.9088 175.864 0.728752 0.793898 0.0240487 0.000109562 0.0115665 0.000121742 0.243646 2.17303 20.9802 46.6335 0.223123 0.230938 0.0152492 5.09655e+06 0.00426163 
1285.5 1614.89 180267 2163.93 4.01216e+06 4.79517e+07 4.63247e+08 1.02899e+09 3.92538e+06 4.12304e+06 207295 0.596565 7317.14 1.01305 3.57251e+06 4.73744e+08 4.42271e+10 2.18146e+11 3.24551e+06 3.55196e+06 11271.7 0.000313272 0.0349699 0.00041978 0.778318 9.30214 89.8651 199.614 0.761483 0.799827 0.0402131 0.000132619 0.0140198 0.000142499 0.295385 2.31768 22.4468 49.7235 0.22302 0.222078 0.0238644 5.15492e+06 0.00431043 
1310.5 2060.72 232041 2782.95 5.2011e+06 5.49263e+07 5.32191e+08 1.17834e+09 4.04576e+06 4.11888e+06 347310 0.945928 11800.9 1.62532 5.84469e+06 6.08163e+08 5.71096e+10 2.79893e+11 3.37175e+06 3.46746e+06 30160.4 0.000393791 0.0443416 0.000531805 0.993899 10.4961 101.699 225.174 0.77312 0.787094 0.0663688 0.000160281 0.0169972 0.000166648 0.359236 2.45938 23.8895 52.7494 0.215886 0.207591 0.0368599 5.23303e+06 0.00437574 
1335.5 2633.54 299586 3592.26 6.78333e+06 6.28463e+07 6.10657e+08 1.3479e+09 4.0602e+06 4.03378e+06 577284 1.49837 19075.5 2.61851 9.64147e+06 7.75148e+08 7.32014e+10 3.56561e+11 3.3025e+06 3.23396e+06 79223.9 0.000492876 0.0560685 0.000672303 1.26952 11.7619 114.286 252.265 0.75988 0.754934 0.108041 0.000193641 0.0206488 0.00019512 0.43903 2.59408 25.2682 55.6245 0.201632 0.187937 0.0561627 5.34322e+06 0.00446788 
1360.5 3370.84 388157 4658.11 8.90615e+06 7.17901e+07 6.99465e+08 1.53935e+09 3.95331e+06 3.86713e+06 950554 2.36793 30891.3 4.23736 1.60334e+07 9.78658e+08 9.2922e+10 4.49952e+11 3.02581e+06 2.871e+06 203283 0.000613691 0.0706674 0.000848051 1.62144 13.07 127.344 280.251 0.719735 0.704045 0.173057 0.000233422 0.0251029 0.000228604 0.538468 2.7107 26.4731 58.1115 0.181264 0.164349 0.0840289 5.49273e+06 0.0045929 
1385.5 4316.46 504315 6063.51 1.17635e+07 8.16579e+07 7.97701e+08 1.75052e+09 3.7122e+06 3.6191e+06 1.54679e+06 3.72909 50096 6.88495 2.6869e+07 1.21868e+09 1.16316e+11 5.60038e+11 2.56656e+06 2.41582e+06 507433 0.00076002 0.0887971 0.00106763 2.07126 14.3779 140.455 308.222 0.653626 0.637233 0.27235 0.000281014 0.0305894 0.000269125 0.663953 2.80248 27.4357 60.0659 0.157101 0.138925 0.123173 5.6794e+06 0.00474899 
1410.5 5548.03 659653 7955.9 1.56962e+07 9.26779e+07 9.07647e+08 1.9863e+09 3.35776e+06 3.31755e+06 2.48875e+06 5.86337 81619.4 11.2728 4.55466e+07 1.49617e+09 1.43521e+11 6.87247e+11 2.00288e+06 1.93156e+06 1.22718e+06 0.000935239 0.111199 0.00134114 2.64593 15.6229 153.003 334.833 0.566023 0.559245 0.419532 0.000337231 0.0373303 0.000318775 0.822744 2.85279 27.9907 61.1318 0.131329 0.113363 0.175672 5.9322e+06 0.00496037 
1435.5 7153.77 868809 10524.9 2.11655e+07 1.04667e+08 1.02757e+09 2.24276e+09 2.91164e+06 2.98253e+06 3.94361e+06 9.19331 133637 18.6053 7.81486e+07 1.80068e+09 1.73568e+11 8.26754e+11 1.42521e+06 1.47132e+06 2.85226e+06 0.00114274 0.138783 0.00168124 3.38096 16.7195 164.143 358.257 0.465104 0.476428 0.629951 0.000403336 0.0456769 0.00038135 1.02592 2.84575 27.9782 60.9697 0.106492 0.0896855 0.242446 6.26019e+06 0.00523463 
1460.5 9289.11 1.15804e+06 14115.8 2.90001e+07 1.17724e+08 1.15847e+09 2.52198e+09 2.42633e+06 2.65293e+06 6.1557e+06 14.4154 221093 31.1485 1.36561e+08 2.1176e+09 2.05072e+11 9.71849e+11 924794 1.08129e+06 6.34221e+06 0.0013849 0.17265 0.0021045 4.32357 17.5512 172.714 375.997 0.361737 0.39552 0.917741 0.000480858 0.0561644 0.000463652 1.29088 2.76861 27.2687 59.3073 0.083798 0.0690749 0.321401 6.70745e+06 0.00560862 
1485.5 12148.5 1.56464e+06 19221.3 4.04477e+07 1.31313e+08 1.29514e+09 2.81252e+09 1.96398e+06 2.36174e+06 9.40029e+06 22.5815 370415 52.9944 2.43649e+08 2.40971e+09 2.34415e+11 1.10546e+12 557568 783342 1.32862e+07 0.00166293 0.214172 0.00263107 5.5366 17.9745 177.282 384.986 0.268836 0.323281 1.28674 0.000570694 0.0695247 0.000575782 1.64239 2.60108 25.6578 55.7109 0.0636306 0.052107 0.403677 7.30552e+06 0.00610871 
1510.5 16108.9 2.16274e+06 26841.7 5.79863e+07 1.45327e+08 1.43651e+09 3.11205e+09 1.61789e+06 2.15714e+06 1.40054e+07 35.5043 635028 92.7037 4.48849e+08 2.63253e+09 2.57208e+11 1.20719e+12 339241 582666 2.58403e+07 0.00197425 0.265058 0.00328963 7.10661 17.8108 176.053 381.403 0.198284 0.264372 1.71646 0.000673514 0.0870138 0.000734708 2.12263 2.32612 22.9727 49.8164 0.0475379 0.0389472 0.469745 8.15949e+06 0.00682278 
1535.5 21722.3 3.08001e+06 38738.3 8.60729e+07 1.58531e+08 1.57035e+09 3.39415e+09 1.49704e+06 2.07865e+06 2.00803e+07 56.0365 1.12487e+06 168.561 8.62268e+08 2.71005e+09 2.65899e+11 1.24227e+12 256214 468506 4.5109e+07 0.00231127 0.327715 0.00412178 9.15822 16.8678 167.086 361.141 0.159286 0.22117 2.13656 0.00078764 0.110859 0.000972617 2.80587 1.95669 19.3376 41.902 0.043467 0.0305469 0.484518 9.39843e+06 0.00785876 
1560.5 29960.1 4.57586e+06 58601.7 1.3392e+08 1.69339e+08 1.68085e+09 3.62488e+09 1.76795e+06 2.1889e+06 2.70587e+07 88.6579 2.09049e+06 324.61 1.75188e+09 2.56801e+09 2.52989e+11 1.17672e+12 315749 433495 6.68335e+07 0.00265209 0.405058 0.00518746 11.8547 14.99 148.79 320.877 0.1565 0.193763 2.39526 0.000902487 0.144842 0.00135093 3.81366 1.61927 16.0101 34.6747 0.0588048 0.0287957 0.422954 1.12968e+07 0.00944614 
1585.5 41952.1 7.09909e+06 93373.1 2.18386e+08 1.74732e+08 1.73781e+09 3.73966e+09 2.67047e+06 2.57396e+06 3.25423e+07 137.049 4.04552e+06 664.757 3.72376e+09 2.17238e+09 2.14856e+11 9.95089e+11 600573 481207 7.68634e+07 0.00294062 0.497608 0.00654495 15.3077 12.2477 121.811 262.13 0.187186 0.180421 2.28104 0.000979365 0.189619 0.00193893 5.1663 1.50504 14.9099 32.2221 0.0840144 0.034328 0.429632 1.42664e+07 0.0119293 
1610.5 57175.5 1.09778e+07 150573 3.56576e+08 1.71927e+08 1.71319e+09 3.67903e+09 4.3648e+06 3.27916e+06 3.22545e+07 191.696 7.33963e+06 1332.73 7.50194e+09 1.61565e+09 1.60402e+11 7.39824e+11 1.19715e+06 604192 6.18131e+07 0.00305622 0.586799 0.00804865 19.0602 9.1901 91.5758 196.657 0.233313 0.175282 1.72411 0.000952003 0.219077 0.00254126 6.14109 1.3798 13.7066 29.5331 0.0977585 0.0396517 0.57582 1.87079e+07 0.0156431 
1635.5 71275.2 1.56272e+07 226040 5.40327e+08 1.6188e+08 1.6161e+09 3.4635e+09 6.56923e+06 4.15502e+06 2.41402e+07 224.199 1.10335e+07 2273.54 1.27923e+10 1.09286e+09 1.08907e+11 5.0028e+11 1.95854e+06 738837 3.15227e+07 0.00290201 0.63627 0.00920334 21.9997 6.59103 65.8003 141.018 0.26747 0.169174 0.982882 0.000840669 0.210703 0.00280478 6.07124 1.02702 10.2232 21.9778 0.0905689 0.0382416 0.563388 2.45607e+07 0.0205371 
1660.5 78620.1 1.95034e+07 297331 7.26558e+08 1.50535e+08 1.50565e+09 3.2203e+09 8.55996e+06 4.88728e+06 1.28667e+07 212.659 1.30895e+07 3040.48 1.76491e+10 7.36106e+08 7.36315e+10 3.36869e+11 2.49257e+06 792147 9.69947e+06 0.00250166 0.620591 0.00946094 23.1188 4.78996 47.909 102.469 0.272374 0.155511 0.409412 0.000713053 0.177112 0.00269028 5.20676 0.691996 6.90273 14.806 0.0715881 0.0319704 0.375519 3.14272e+07 0.0262787 
1685.5 76932.2 2.12345e+07 338457 8.68042e+08 1.41252e+08 1.4154e+09 3.02127e+09 9.72654e+06 5.23775e+06 4.86338e+06 163.699 1.2188e+07 3124.57 1.97717e+10 5.17173e+08 5.19246e+10 2.36608e+11 2.50529e+06 719429 1.83376e+06 0.00194976 0.538166 0.00857783 21.9996 3.57987 35.8719 76.5707 0.246508 0.132745 0.123257 0.000589223 0.138807 0.00236847 4.13658 0.540117 5.40212 11.554 0.0522245 0.0247359 0.176869 3.94572e+07 0.0329932 
1710.5 67326.5 2.05157e+07 338056 9.45482e+08 1.31634e+08 1.32138e+09 2.81514e+09 9.95548e+06 5.18514e+06 1.33998e+06 101.544 9.00971e+06 2488.05 1.84469e+10 3.57232e+08 3.59945e+10 1.63387e+11 2.05864e+06 556308 225150 0.00134606 0.410171 0.00675877 18.903 2.63176 26.4184 56.2832 0.19904 0.103667 0.0267904 0.000467214 0.109047 0.00201562 3.38871 0.464766 4.6588 9.94019 0.0392621 0.0193782 0.0615119 5.00174e+07 0.0418235 
1735.5 51397.3 1.755e+07 295327 9.48218e+08 1.1704e+08 1.17687e+09 2.5027e+09 9.29958e+06 4.76043e+06 277467 47.9382 5.19281e+06 1506.56 1.43426e+10 2.19922e+08 2.22336e+10 1.00559e+11 1.38997e+06 363193 19497 0.000784683 0.267936 0.00450877 14.4765 1.78685 17.9673 38.2088 0.141977 0.0726775 0.00423609 0.000340802 0.0865396 0.00163453 3.06613 0.405852 4.07639 8.67873 0.0326084 0.0162125 0.0167247 6.55007e+07 0.0547702 
1760.5 33376.5 1.32819e+07 225778 8.88114e+08 9.73419e+07 9.8034e+08 2.08124e+09 8.03661e+06 4.09623e+06 44018.2 16.3088 2.28561e+06 681.508 9.26388e+09 1.13186e+08 1.14786e+10 5.17414e+10 768286 198481 1218.99 0.000359842 0.143196 0.00243418 9.57502 1.04947 10.5693 22.4385 0.0866451 0.0441627 0.000474573 0.000215277 0.0643175 0.00119261 2.8628 0.344819 3.4704 7.37244 0.0278523 0.0137673 0.00359403 9.27532e+07 0.0775582 
1785.5 17467.1 8.64963e+06 147295 7.76824e+08 7.37931e+07 7.44211e+08 1.57764e+09 6.38687e+06 3.28944e+06 5116.41 3.67789 721824 217.595 4.76905e+09 4.50398e+07 4.58055e+09 2.05857e+10 331573 86665.2 42.9364 0.000111925 0.0554249 0.000943832 4.97772 0.47285 4.76874 10.1091 0.0409256 0.021078 3.27849e-05 0.000105071 0.0394127 0.000709564 2.40444 0.254985 2.57105 5.45103 0.0212071 0.0105379 0.0005235 1.5606e+08 0.130494 
1810.5 6643.57 4.56757e+06 77397 6.39653e+08 4.93525e+07 4.98149e+08 1.05517e+09 4.60985e+06 2.45716e+06 352.864 0.467326 142941 42.9219 1.77816e+09 1.21793e+07 1.24135e+09 5.56637e+09 100139 27272.1 0.456459 1.59358e-05 0.0109561 0.00018565 1.53432 0.11838 1.1949 2.531 0.0110575 0.00589393 8.46406e-07 2.94451e-05 0.0149276 0.000261705 1.38242 0.12329 1.24491 2.63552 0.0108597 0.00553882 3.30784e-05 4.16897e+08 0.3486 
1835.5 1059.18 1.24829e+06 20989.9 3.73226e+08 1.99085e+07 2.0045e+08 4.25883e+08 2.12168e+06 1.23533e+06 6.47235 0.0160796 9200.62 2.73166 2.77109e+08 1.21966e+06 1.24338e+08 5.5759e+08 11759.7 3500.8 0.000278308 0.0 0.0 0.0 0.0 0.0 0.0 0.0 0.0 0.0 0.0 0.0 0.0 0.0 0.0 0.0 0.0 0.0 0.0 0.0 0.0 -1.47677e+09 -1.23484 
1860.5 8.7332 12621.4 217.813 4.86832e+06 219209 2.20229e+06 4.69093e+06 24648.6 14853.7 0.00358137 5.26101e-05 44.6216 0.0139795 2.15804e+06 6872.99 700306 3.14299e+06 73.8311 23.1186 7.22581e-09 1.93012e-07 0.000278945 4.81388e-06 0.107594 0.00484472 0.0486728 0.103674 0.000544756 0.00032828 7.91516e-11 1.06089e-06 0.000953084 1.69052e-05 0.190048 0.0113326 0.114492 0.242311 0.00115541 0.000634961 1.26369e-08 4.52469e+07 0.0378345 
1885.5 0 0 0 0 0 0 0 0 0 0 0 0 0 0 0 0 0 0 0 0 0.0 0.0 0.0 0.0 0.0 0.0 0.0 0.0 0.0 0.0 0.0 0.0 0.0 0.0 0.0 0.0 0.0 0.0 0.0 0.0 0 0 
