310.5 0.0147054 1.44259e-09 702.295 914.301 391.843 8.18058 11.8737 7.16237 0.000645837 456.741 4.98426e-11 1.00734e-23 0.168265 0.274021 0.0503305 5.59516e-05 0.000114893 4.12665e-05 1.73307e-12 0.0656844 1.17568e-11 1.15334e-18 5.61479e-07 7.30976e-07 3.13276e-07 6.54031e-09 9.49295e-09 5.72626e-09 5.16341e-13 3.6516e-07 1.99275e-10 8.97346e-17 1.1585e-05 1.47832e-05 6.33567e-06 2.114e-07 3.02929e-07 1.81547e-07 3.72197e-11 7.23746e-06 1.25079e+09 1.04589 
335.5 0.07614 3.86874e-08 2257.25 2700.55 1157.38 48.5406 108.465 63.9696 0.00766199 1240.76 4.73516e-09 9.38916e-21 4.44283 6.22117 1.14266 0.00245354 0.0125424 0.00434154 1.9001e-10 1.2851 1.24274e-09 6.31444e-16 3.68422e-05 4.40776e-05 1.88904e-05 7.92266e-07 1.77034e-06 1.04409e-06 1.25057e-10 2.02513e-05 8.70297e-09 1.23632e-14 0.000266753 0.000315591 0.000135253 6.2784e-06 1.41979e-05 8.35292e-06 1.7566e-09 0.000143405 6.1268e+07 0.051231 
360.5 0.35617 3.20607e-07 5619.24 6271.18 2687.65 139.636 411.768 241.638 0.0312136 2692.21 1.63178e-07 5.68333e-19 32.9456 40.3471 7.41069 0.0222768 0.195475 0.0675021 3.19529e-09 7.31769 1.09018e-08 9.81327e-15 0.000171996 0.000191951 8.22647e-05 4.27403e-06 1.26036e-05 7.39615e-06 9.554e-10 8.24043e-05 6.98267e-08 1.31527e-13 0.000989359 0.00109458 0.000469108 2.57602e-05 7.63173e-05 4.4849e-05 9.84326e-09 0.000466039 3.26708e+07 0.0273186 
385.5 1.30638 1.51796e-06 11382.5 11931.9 5113.67 305.993 1076.93 638.624 0.0883315 4820.49 2.28684e-06 1.14938e-17 142.927 154.758 28.4249 0.10936 1.3619 0.483103 2.5482e-08 24.9162 5.55336e-08 6.45278e-14 0.000483863 0.000507219 0.00021738 1.30076e-05 4.57799e-05 2.71476e-05 3.75493e-09 0.000204917 3.06803e-07 6.9601e-13 0.00241695 0.00251424 0.00107753 6.693e-05 0.000236215 0.000140711 3.26975e-08 0.00100856 2.35242e+07 0.0196704 
410.5 3.86494 5.34155e-06 20627.6 20433.3 8757.15 583.82 2311.97 1402.59 0.209542 7815.72 1.9133e-05 1.32513e-16 474.107 458.911 84.2898 0.394508 6.21371 2.31728 1.40023e-07 66.3092 2.05432e-07 2.83918e-13 0.00109641 0.00108609 0.000465467 3.10316e-05 0.000122888 7.45516e-05 1.11377e-08 0.000415427 9.87305e-07 2.63872e-12 0.00489877 0.00481797 0.00206484 0.000141443 0.000561404 0.000342946 8.55485e-08 0.00183083 1.88137e+07 0.0157316 
435.5 9.79441 1.57651e-05 34977.2 32905.9 14102.5 1028.54 4407.3 2762.1 0.449716 11975.7 0.000115515 1.06548e-15 1342.48 1173.04 215.456 1.19012 21.9478 8.76661 6.12042e-07 153.589 6.17889e-07 9.94559e-13 0.00220657 0.0020759 0.000889671 6.48863e-05 0.000278038 0.00017425 2.83708e-08 0.000755499 2.62785e-06 8.13803e-12 0.00893434 0.00834823 0.00357781 0.000266214 0.00114337 0.000722971 1.94438e-07 0.00301969 1.58514e+07 0.0132546 
460.5 22.2198 4.15384e-05 56857.9 51021.5 21866.4 1723.65 7774.2 5071.21 0.905975 17742 0.000555637 6.80963e-15 3452.01 2747.3 504.606 3.224 65.8145 28.5404 2.33558e-06 328.764 1.58586e-06 2.96466e-12 0.00405804 0.00364148 0.00156063 0.000123019 0.000554857 0.00036194 6.46608e-08 0.00126627 6.0944e-06 2.18455e-11 0.0151627 0.013521 0.00579473 0.000463647 0.00209509 0.00138057 4.03129e-07 0.00467557 1.40112e+07 0.0117159 
485.5 46.4085 0.00010101 89604.9 76964.3 32984.7 2787.79 12965.7 8857.17 1.74288 25657.3 0.00226935 3.67808e-14 8252.11 6022.08 1106.1 8.062 174.947 83.3485 8.01361e-06 662.934 3.66566e-06 7.97848e-12 0.0070776 0.00607916 0.00260535 0.000220198 0.00102412 0.000699599 1.37664e-07 0.00202659 1.28768e-05 5.33061e-11 0.0245299 0.0209454 0.00897658 0.000767009 0.00357347 0.0024686 7.83592e-07 0.00694665 1.26604e+07 0.0105863 
510.5 91.3689 0.000232445 138722 114412 49033.6 4414.19 20849.7 14984.4 3.25559 36672.8 0.00816011 1.75742e-13 18781.3 12650.2 2323.51 19.0658 427.053 225.295 2.55753e-05 1288.89 7.83466e-06 1.99316e-11 0.0118951 0.00981052 0.00420451 0.000378506 0.00178781 0.00128487 2.79159e-07 0.0031446 2.52651e-05 1.21129e-10 0.038327 0.0314401 0.0134743 0.0012213 0.00578122 0.00420328 1.45434e-06 0.0100315 1.16621e+07 0.00975163 
535.5 170.619 0.000508766 210474 167121 71623.4 6837.76 32395.5 24587.6 5.89544 51626.9 0.0262264 7.43035e-13 40593.1 25369.9 4659.78 42.7394 963.819 567.023 7.53796e-05 2403.77 1.59159e-05 4.74593e-11 0.0196337 0.0155896 0.00668126 0.000637848 0.00302196 0.00229361 5.49945e-07 0.00481592 4.68313e-05 2.5896e-10 0.0583195 0.046082 0.0197494 0.00189209 0.00898754 0.00690167 2.59407e-06 0.0141788 1.072e+07 0.00896387 
560.5 306.234 0.00107621 315351 241627 103554 10441.7 49150.8 39514.2 10.4616 72084.4 0.077462 2.93413e-12 84613 49286.9 9052.7 92.0475 2052.58 1354.4 0.00021194 4360.11 3.08913e-05 1.08563e-10 0.031811 0.0243741 0.010446 0.00105331 0.00495808 0.00398598 1.05531e-06 0.0072715 8.28232e-05 5.33099e-10 0.0867374 0.0661643 0.0283561 0.00285934 0.0135082 0.010988 4.50174e-06 0.0196711 9.91328e+06 0.00828926 
585.5 528.735 0.0021937 464595 344222 147524 15666.5 72665.7 62030.1 18.1112 99338.3 0.210603 1.062e-11 169114 92205.1 16935.6 189.948 4119.12 3061.4 0.000562061 7642.8 5.6919e-05 2.36155e-10 0.0500142 0.037056 0.0158811 0.00168652 0.00782255 0.00667762 1.94969e-06 0.0106939 0.000139399 1.04282e-09 0.125315 0.0924816 0.039635 0.00419568 0.0195509 0.0168811 7.53029e-06 0.0266157 9.28925e+06 0.00776747 
610.5 882.705 0.00433438 673925 483688 207295 23130.3 105009 95382.8 30.661 135210 0.531961 3.58459e-11 324655 166237 30533.3 376.19 7832.36 6584.96 0.00141158 12942.3 0.000100442 4.93202e-10 0.0766849 0.0550381 0.0235878 0.00263195 0.0119488 0.0108535 3.48887e-06 0.0153853 0.000224594 1.95847e-09 0.176242 0.126042 0.0540181 0.0059899 0.0273579 0.0251296 1.2184e-05 0.0351564 8.78824e+06 0.00734854 
635.5 1431.25 0.00835983 964012 671288 287695 33644.1 148693 143991 50.9808 181969 1.26582 1.15506e-10 603870 291268 53498.3 720.484 14248.6 13603.6 0.00341374 21347.1 0.000170773 9.97475e-10 0.115024 0.0800965 0.0343271 0.00401433 0.0177417 0.0171806 6.0829e-06 0.0217121 0.000349101 3.57588e-09 0.242532 0.168339 0.0721453 0.00835772 0.0372202 0.0364414 1.92436e-05 0.0455596 8.381e+06 0.007008 
660.5 2247.37 0.0156642 1.35292e+06 915363 392299 47990.8 205465 212471 82.7984 240832 2.83186 3.52627e-10 1.08274e+06 493344 90614.2 1329.46 24730.4 26895.7 0.00790771 34098.1 0.000280348 1.95403e-09 0.168769 0.114187 0.0489373 0.00598661 0.0256307 0.0265047 1.03287e-05 0.0300426 0.000524085 6.338e-09 0.32647 0.220235 0.0943865 0.0114019 0.0492753 0.0515034 2.96608e-05 0.0578879 8.01636e+06 0.0067031 
685.5 3436.19 0.0286875 1.87036e+06 1.23117e+06 527643 67390 278401 307893 131.995 314605 5.99807 1.01905e-09 1.87889e+06 810826 148927 2373.48 41181.2 51166.7 0.0175314 52918.6 0.000447979 3.74001e-09 0.24384 0.160508 0.0687892 0.00878568 0.0362953 0.0401403 1.72084e-05 0.0410153 0.000762423 1.09026e-08 0.430691 0.282746 0.121177 0.0152396 0.0636513 0.0711295 4.46032e-05 0.0722273 7.67043e+06 0.00641384 
710.5 5123.56 0.0516564 2.5478e+06 1.63353e+06 700083 93138.1 370103 438433 207.162 405612 12.1587 2.8851e-09 3.18305e+06 1.3037e+06 239455 4127.29 66380.9 94565.8 0.0380175 80410.1 0.000695347 7.01058e-09 0.345777 0.221695 0.0950121 0.0126403 0.0502287 0.0595022 2.8115e-05 0.0550479 0.0010801 1.85042e-08 0.558952 0.357468 0.153201 0.020009 0.0805357 0.096403 6.60992e-05 0.0887841 7.36836e+06 0.00616126 
735.5 7437 0.0909295 3.4092e+06 2.13133e+06 913426 126290 481526 611835 318.493 514409 23.436 7.78929e-09 5.21809e+06 2.0329e+06 373389 6933.37 102819 168334 0.0790795 118578 0.00104917 1.28279e-08 0.480952 0.300676 0.128861 0.0178164 0.0679311 0.0863144 4.49313e-05 0.07257 0.00148508 3.05666e-08 0.71051 0.443152 0.189922 0.0257041 0.0994509 0.127662 9.55891e-05 0.107061 7.08845e+06 0.0059272 
760.5 10543.4 0.157574 4.49296e+06 2.74155e+06 1.17495e+06 168368 614891 839169 481.936 643257 43.4649 2.06101e-08 8.36342e+06 3.10503e+06 570311 11362.9 154659 291894 0.16089 171302 0.00154192 2.30444e-08 0.657074 0.400938 0.17183 0.024623 0.0899248 0.122724 7.04807e-05 0.0940732 0.00199475 4.98305e-08 0.889586 0.541612 0.23212 0.0324881 0.120547 0.166213 0.000136242 0.127288 6.83784e+06 0.00571765 
785.5 14658.2 0.26991 5.85228e+06 3.48863e+06 1.49513e+06 221271 773706 1.13551e+06 720.267 795743 77.925 5.34552e-08 1.31519e+07 4.66105e+06 856111 18179.2 226898 495047 0.320136 243162 0.00221328 4.07544e-08 0.88365 0.526757 0.225753 0.0334103 0.116824 0.171453 0.000108755 0.120151 0.00262059 8.00651e-08 1.09773 0.652925 0.279825 0.0403569 0.143569 0.21296 0.000191077 0.149262 6.62284e+06 0.00553787 
810.5 19999 0.457092 7.53273e+06 4.39056e+06 1.88167e+06 286468 959221 1.51566e+06 1062.71 973420 135.56 1.36979e-07 2.03479e+07 6.89581e+06 1.26658e+06 28454 325653 823203 0.627066 340094 0.00311146 7.11146e-08 1.17195 0.683086 0.292751 0.0445688 0.149236 0.235807 0.000165338 0.151445 0.00337777 1.27491e-07 1.33876 0.77862 0.333694 0.0494015 0.168505 0.269202 0.000264996 0.173137 6.42753e+06 0.00537456 
835.5 26874.2 0.768308 9.61101e+06 5.4818e+06 2.34934e+06 366175 1.17586e+06 2.00249e+06 1553.06 1.18089e+06 230.303 3.47326e-07 3.11174e+07 1.00997e+07 1.85504e+06 43694.8 459754 1.34966e+06 1.21162 470481 0.00430213 1.22994e-07 1.53857 0.877549 0.376093 0.0586189 0.188236 0.320567 0.00024862 0.189042 0.0042848 2.01181e-07 1.61685 0.920167 0.394357 0.0596546 0.195363 0.336595 0.000363524 0.198946 6.24671e+06 0.00522336 
860.5 35708.3 1.28796 1.21985e+07 6.81364e+06 2.92013e+06 463262 1.4306e+06 2.6283e+06 2256.86 1.42547e+06 384.912 8.83455e-07 4.73685e+07 1.47463e+07 2.7085e+06 66159 643244 2.19758e+06 2.33156 648087 0.00586228 2.11445e-07 2.00265 1.1186 0.479402 0.0760543 0.234864 0.431492 0.000370512 0.23402 0.00536891 3.16747e-07 1.94061 1.0815 0.4635 0.071254 0.224591 0.417845 0.000495475 0.227226 6.0912e+06 0.00509333 
885.5 46849.6 2.14709 1.5372e+07 8.41462e+06 3.60627e+06 578257 1.72449e+06 3.42028e+06 3251.85 1.70861e+06 632.457 2.23961e-06 7.16506e+07 2.14254e+07 3.93528e+06 98317.8 890659 3.54614e+06 4.45141 887259 0.00788403 3.61321e-07 2.58686 1.41605 0.606876 0.0973113 0.290203 0.575578 0.000547233 0.287532 0.0066539 4.96324e-07 2.31642 1.26506 0.542167 0.0841179 0.256253 0.515236 0.00067055 0.258141 5.94234e+06 0.00496885 
910.5 61211.6 3.59492 1.93896e+07 1.04085e+07 4.4608e+06 717231 2.07681e+06 4.45034e+06 4688 2.04949e+06 1034.94 5.75253e-06 1.0902e+08 3.13548e+07 5.75905e+06 144943 1.23613e+06 5.74579e+06 8.55293 1.22108e+06 0.010532 6.18541e-07 3.33616 1.79089 0.767524 0.123406 0.357335 0.765724 0.000806615 0.352635 0.00819434 7.79221e-07 2.76187 1.47906 0.633882 0.0985374 0.291547 0.634259 0.000906082 0.292827 5.81194e+06 0.00485982 
935.5 79359.4 6.00808 2.43844e+07 1.2845e+07 5.50499e+06 879373 2.48975e+06 5.76643e+06 6723.55 2.45044e+06 1676.96 1.48521e-05 1.65796e+08 4.5922e+07 8.43465e+06 209890 1.70937e+06 9.28357e+06 16.3979 1.67861e+06 0.0139396 1.05533e-06 4.28315 2.25624 0.966959 0.154463 0.437327 1.01288 0.001181 0.430423 0.0100124 1.22273e-06 3.28281 1.725 0.739288 0.114055 0.330147 0.777652 0.00121883 0.331037 5.6931e+06 0.00476045 
960.5 102444 10.0686 3.0669e+07 1.5863e+07 6.79842e+06 1.06771e+06 2.98109e+06 7.46522e+06 9631.96 2.9285e+06 2710.45 3.88403e-05 2.53723e+08 6.77637e+07 1.24464e+07 300047 2.37266e+06 1.50669e+07 31.6184 2.3193e+06 0.0183607 1.80456e-06 5.49672 2.84307 1.21846 0.191362 0.534292 1.33797 0.00172631 0.524867 0.0121931 1.92478e-06 3.90641 2.01544 0.863762 0.130984 0.373867 0.954061 0.00163913 0.374429 5.57951e+06 0.00466547 
985.5 132079 16.9457 3.86793e+07 1.96547e+07 8.42343e+06 1.28488e+06 3.57478e+06 9.68105e+06 13806.3 3.5069e+06 4377.94 0.00010281 3.91023e+08 1.00814e+08 1.85168e+07 422162 3.30886e+06 2.45789e+07 61.2576 3.22199e+06 0.0240978 3.09175e-06 7.05706 3.58601 1.53686 0.234427 0.652222 1.76631 0.00251897 0.639837 0.0147666 3.03297e-06 4.64116 2.35246 1.0082 0.148553 0.422267 1.16815 0.00219802 0.42245 5.48093e+06 0.00458303 
1010.5 169400 28.5043 4.87044e+07 2.4327e+07 1.04259e+07 1.52355e+06 4.27594e+06 1.25231e+07 19710 4.18907e+06 7041.03 0.000274291 6.04434e+08 1.506e+08 2.76612e+07 580637 4.62027e+06 4.01463e+07 118.741 4.48087e+06 0.0314675 5.29492e-06 9.04727 4.51896 1.9367 0.283012 0.794293 2.32628 0.00366132 0.778157 0.017825 4.78705e-06 5.51598 2.7485 1.17793 0.166621 0.476817 1.43037 0.00294142 0.476271 5.38332e+06 0.00450141 
1035.5 217156 48.1114 6.14996e+07 3.0209e+07 1.29467e+07 1.78325e+06 5.125e+06 1.62312e+07 28140.7 5.01218e+06 11329.1 0.000739822 9.40906e+08 2.26781e+08 4.16537e+07 779902 6.48723e+06 6.5923e+07 231.09 6.2605e+06 0.0409615 9.07511e-06 11.6005 5.69825 2.44211 0.336369 0.966715 3.06164 0.00530811 0.945433 0.0214274 7.56261e-06 6.55048 3.21047 1.37592 0.184301 0.537709 1.74964 0.00392605 0.535777 5.30146e+06 0.00443297 
1060.5 277233 81.0587 7.75581e+07 3.74821e+07 1.60638e+07 2.04547e+06 6.13107e+06 2.09923e+07 39988.8 5.98142e+06 18142.6 0.00200106 1.46612e+09 3.4214e+08 6.28421e+07 1.01095e+06 9.10637e+06 1.08164e+08 448.09 8.7313e+06 0.0530406 1.55082e-05 14.8385 7.17113 3.07334 0.391342 1.173 4.01626 0.0076507 1.14437 0.0256467 1.19306e-05 7.76655 3.74615 1.60549 0.200666 0.60523 2.13628 0.00521496 0.600746 5.22681e+06 0.00437055 
1085.5 353511 136.623 9.79637e+07 4.65993e+07 1.99711e+07 2.29514e+06 7.34376e+06 2.71725e+07 56709.3 7.13826e+06 29001.8 0.00543321 2.29318e+09 5.18597e+08 9.52525e+07 1.25857e+06 1.28242e+07 1.77873e+08 867.541 1.21849e+07 0.0683551 2.64176e-05 18.9423 9.01049 3.86164 0.44379 1.41999 5.2541 0.0109653 1.38026 0.0305839 1.87798e-05 9.19775 4.36891 1.87239 0.215425 0.680664 2.6054 0.00689272 0.67154 5.17168e+06 0.00432444 
1110.5 448496 229.251 1.23447e+08 5.78156e+07 2.47781e+07 2.49004e+06 8.77252e+06 3.50636e+07 79900.4 8.4827e+06 46029.5 0.0147176 3.58111e+09 7.8529e+08 1.44237e+08 1.47642e+06 1.80172e+07 2.91583e+08 1666.92 1.69119e+07 0.0875946 4.47745e-05 24.11 11.2918 4.83935 0.486325 1.71334 6.84818 0.0156052 1.65674 0.0362918 2.94907e-05 10.8685 5.08604 2.17973 0.227692 0.763788 3.17031 0.0090577 0.747154 5.12013e+06 0.00428134 
1135.5 567936 383.704 1.55645e+08 7.17927e+07 3.07683e+07 2.58734e+06 1.04843e+07 4.52396e+07 112116 1.0065e+07 72710.4 0.0397068 5.59305e+09 1.18999e+09 2.1857e+08 1.6048e+06 2.53119e+07 4.77303e+08 3178.05 2.3377e+07 0.111645 7.54287e-05 30.5967 14.113 6.04844 0.50862 2.061 8.89322 0.0220398 1.97858 0.0427646 4.60009e-05 12.7799 5.89499 2.52642 0.238279 0.853285 3.83916 0.0117894 0.825019 5.08698e+06 0.00425362 
1160.5 715497 638.118 1.95693e+08 8.8918e+07 3.81077e+07 2.50494e+06 1.24939e+07 5.81682e+07 156083 1.18794e+07 113814 0.106211 8.69807e+09 1.79627e+09 3.29927e+08 1.55845e+06 3.53989e+07 7.76878e+08 5982.73 3.20134e+07 0.141339 0.000126054 38.6571 17.5648 7.52779 0.494826 2.46804 11.4905 0.0308326 2.34666 0.0500599 7.13535e-05 14.9614 6.80522 2.91652 0.251006 0.949457 4.62948 0.0152045 0.903936 5.06227e+06 0.00423296 
1185.5 896988 1053.5 2.45363e+08 1.09839e+08 4.70737e+07 2.1413e+06 1.48487e+07 7.45377e+07 215453 1.39423e+07 176430 0.280465 1.34536e+10 2.69755e+09 4.95469e+08 1.28667e+06 4.92468e+07 1.25589e+09 11086.3 4.33556e+07 0.17769 0.000208694 48.6053 21.7586 9.3251 0.424183 2.94147 14.7656 0.0426804 2.7619 0.0581083 0.00010957 17.3964 7.80634 3.34557 0.273776 1.0504 5.54643 0.0193531 0.98003 5.04806e+06 0.00422108 
1210.5 1.11784e+06 1723.34 3.06521e+08 1.35197e+08 5.79416e+07 1.35509e+06 1.75853e+07 9.51075e+07 294456 1.62518e+07 270190 0.728158 2.06547e+10 4.02145e+09 7.38634e+08 878550 6.80139e+07 2.01234e+09 20157.9 5.79085e+07 0.22154 0.000341541 60.7482 26.7942 11.4832 0.26856 3.48516 18.849 0.058357 3.22087 0.0668412 0.000166314 20.0779 8.89202 3.81086 0.319362 1.15459 6.59795 0.0242792 1.05006 5.04576e+06 0.00421916 
1235.5 1.38539e+06 2791.08 3.8162e+08 1.6584e+08 7.10744e+07 -32862.1 2.07598e+07 1.20875e+08 398168 1.88073e+07 408393 1.853 3.14358e+10 5.94282e+09 1.09154e+09 809054 9.31503e+07 3.19249e+09 35855.6 7.60959e+07 0.2736 0.000551208 75.366 32.7517 14.0364 -0.00648993 4.09985 23.8715 0.078634 3.71424 0.0761331 0.000249232 22.9827 10.0484 4.30648 0.399672 1.25993 7.78698 0.0299635 1.11021 5.06356e+06 0.00423404 
1260.5 1.70429e+06 4463.15 4.7269e+08 2.02367e+08 8.67289e+07 -2.25193e+06 2.43895e+07 1.52755e+08 531365 2.15594e+07 607303 4.59403 4.72877e+10 8.67791e+09 1.5939e+09 2.3854e+06 1.26157e+08 4.99938e+09 62078 9.79872e+07 0.334401 0.00087572 92.747 39.7067 17.0172 -0.441854 4.78549 29.9723 0.10426 4.2302 0.085646 0.000366762 26.0069 11.2285 4.81223 0.522309 1.36108 9.08827 0.0361984 1.15395 5.09655e+06 0.00426163 
1285.5 2.08329e+06 7047.69 5.83225e+08 2.45931e+08 1.05399e+08 -5.59113e+06 2.85517e+07 1.92206e+08 700090 2.44927e+07 888358 11.077 7.03347e+10 1.25238e+10 2.30029e+09 8.50106e+06 1.69026e+08 7.73225e+09 104475 1.23508e+08 0.404137 0.00136718 113.14 47.7081 20.4463 -1.08462 5.53873 37.2859 0.13581 4.75132 0.0948966 0.000528806 29.0453 12.3865 5.30852 0.687542 1.4532 10.4755 0.0426922 1.17649 5.15492e+06 0.00431043 
1310.5 2.5221e+06 10942.4 7.14539e+08 2.96663e+08 1.27141e+08 -1.03719e+07 3.31982e+07 2.40012e+08 906510 2.74641e+07 1.2716e+06 25.7735 1.02912e+11 1.77667e+10 3.26327e+09 2.47103e+07 2.22883e+08 1.17494e+10 169557 1.51356e+08 0.481959 0.00209102 136.544 56.6905 24.2959 -1.98202 6.34398 45.8649 0.173229 5.24822 0.103492 0.000743494 31.961 13.4648 5.77061 0.890844 1.53149 11.9014 0.0489197 1.17448 5.23303e+06 0.00437574 
1335.5 3.02607e+06 16698.9 8.70138e+08 3.55539e+08 1.52374e+08 -1.69765e+07 3.83822e+07 2.97775e+08 1.15303e+06 3.03932e+07 1.77937e+06 57.7056 1.48085e+11 2.47639e+10 4.54848e+09 6.06754e+07 2.89218e+08 1.75404e+10 264514 1.79888e+08 0.566339 0.00312526 162.849 66.5403 28.5173 -3.17721 7.18335 55.7296 0.215793 5.68819 0.11079 0.00101616 34.5649 14.3886 6.16653 1.12291 1.58987 13.3023 0.0542025 1.14501 5.34322e+06 0.00446788 
1360.5 3.5943e+06 24998.2 1.05258e+09 4.22999e+08 1.81285e+08 -2.58251e+07 4.40914e+07 3.6681e+08 1.43745e+06 3.31287e+07 2.4259e+06 123.668 2.09066e+11 3.38211e+10 6.21204e+09 1.31695e+08 3.68355e+08 2.56629e+10 394498 2.06318e+08 0.654373 0.00455115 191.632 77.0107 33.0046 -4.70168 8.02723 66.7809 0.261699 6.03137 0.115981 0.00134233 36.5995 15.0593 6.45396 1.36767 1.62044 14.5761 0.0577516 1.0884 5.49273e+06 0.0045929 
1385.5 4.21321e+06 36539.8 1.26174e+09 4.98278e+08 2.13548e+08 -3.72791e+07 5.02014e+07 4.47554e+08 1.74914e+06 3.54139e+07 3.20508e+06 251.583 2.88433e+11 4.5061e+10 8.27651e+09 2.59349e+08 4.58602e+08 3.66527e+10 558409 2.26637e+08 0.741841 0.00643375 222.16 87.7342 37.6004 -6.56392 8.83921 78.803 0.307979 6.23551 0.118348 0.00170419 37.8219 15.389 6.5953 1.60621 1.61761 15.611 0.0589123 1.01172 5.6794e+06 0.00474899 
1410.5 4.87681e+06 52078.8 1.50066e+09 5.81778e+08 2.49333e+08 -5.17641e+07 5.67216e+07 5.41561e+08 2.07376e+06 3.7091e+07 4.08971e+06 482.164 3.8809e+11 5.84301e+10 1.07321e+10 4.71031e+08 5.56945e+08 5.0996e+10 744317 2.37012e+08 0.822091 0.00877901 252.968 98.0712 42.0305 -8.72596 9.56164 91.2918 0.349577 6.25248 0.116517 0.00205139 37.7904 15.2215 6.52351 1.80556 1.56847 16.1954 0.0571534 0.927312 5.9322e+06 0.00496037 
1435.5 5.54769e+06 71855.1 1.76414e+09 6.70575e+08 2.87389e+08 -6.93807e+07 6.33563e+07 6.47445e+08 2.37686e+06 3.78002e+07 4.99151e+06 858.087 5.05342e+11 7.31404e+10 1.3434e+10 7.9234e+08 6.54678e+08 6.8592e+10 920301 2.32848e+08 0.886186 0.0114781 281.803 107.117 45.9075 -11.0829 10.1205 103.423 0.37968 6.03818 0.109623 0.00230729 36.1971 14.4669 6.2001 1.93353 1.46745 16.1437 0.0534048 0.857526 6.26019e+06 0.00523463 
1460.5 6.19314e+06 95565 2.05048e+09 7.62972e+08 3.26988e+08 -9.02647e+07 6.99575e+07 7.64933e+08 2.62207e+06 3.73272e+07 5.78249e+06 1399.2 6.34189e+11 8.79545e+10 1.61549e+10 1.24063e+09 7.41323e+08 8.8814e+10 1.04252e+06 2.12321e+08 0.923323 0.0142476 305.701 113.75 48.75 -13.4574 10.4298 114.042 0.39092 5.56504 0.0978554 0.00236859 33.1156 13.1873 5.65171 1.96517 1.31952 15.344 0.0510751 0.827576 6.70745e+06 0.00560862 
1485.5 6.72894e+06 120935 2.34242e+09 8.51591e+08 3.64967e+08 -1.1367e+08 7.59135e+07 8.87892e+08 2.74907e+06 3.52897e+07 6.24806e+06 2035.88 7.57327e+11 1.00266e+11 1.84161e+10 1.79522e+09 7.98397e+08 1.09307e+11 1.05642e+06 1.75645e+08 0.921077 0.0165539 320.637 116.568 49.9578 -15.5595 10.3913 121.537 0.376301 4.83056 0.0828842 0.0021554 29.2752 11.6834 5.00718 1.90672 1.14396 13.8173 0.0548034 0.841729 7.30552e+06 0.00610871 
1510.5 7.07697e+06 143799 2.6249e+09 9.30125e+08 3.98625e+08 -1.38716e+08 8.07616e+07 1.01039e+09 2.70861e+06 3.16067e+07 6.18044e+06 2561.8 8.50532e+11 1.06992e+11 1.96517e+10 2.38584e+09 8.07553e+08 1.26321e+11 933435 1.28618e+08 0.86733 0.0176236 321.699 113.993 48.8541 -17.0005 9.89788 123.829 0.331958 3.87362 0.0720659 0.00183739 27.3577 10.8733 4.65998 1.83943 1.00152 12.1568 0.0648281 0.870687 8.15949e+06 0.00682278 
1535.5 7.08042e+06 156226 2.85089e+09 9.81736e+08 4.20744e+08 -1.625e+08 8.32008e+07 1.11361e+09 2.44513e+06 2.61622e+07 5.39366e+06 2647.8 8.74659e+11 1.03975e+11 1.90974e+10 2.84743e+09 7.46382e+08 1.33403e+11 688605 7.98585e+07 0.753363 0.0166226 303.337 104.457 44.7675 -17.2901 8.85263 118.489 0.260164 2.78368 0.079587 0.0023279 32.4252 12.3147 5.27774 2.00504 1.02302 12.4324 0.0747176 0.864946 9.39843e+06 0.00785876 
1560.5 6.56084e+06 148812 2.94841e+09 9.8326e+08 4.21397e+08 -1.79979e+08 8.14919e+07 1.16742e+09 1.95407e+06 1.93427e+07 3.935e+06 2113.39 7.92868e+11 8.85489e+10 1.62641e+10 2.94676e+09 6.06203e+08 1.23802e+11 402638 3.9881e+07 0.580769 0.013173 260.995 87.0388 37.3023 -15.9319 7.21371 103.34 0.172975 1.71222 0.10505 0.0036812 45.4625 16.2064 6.9456 2.65041 1.27432 16.7281 0.0756395 0.77368 1.12968e+07 0.00944614 
1585.5 5.34543e+06 116864 2.79321e+09 8.9911e+08 3.85333e+08 -1.81548e+08 7.29584e+07 1.11892e+09 1.30935e+06 1.20846e+07 2.21158e+06 1222.04 5.95919e+11 6.22567e+10 1.14349e+10 2.48769e+09 4.06935e+08 9.48671e+10 174908 1.49679e+07 0.374686 0.00819154 195.789 63.0228 27.0098 -12.7255 5.11399 78.4304 0.0917785 0.847064 0.120957 0.00430784 58.6302 19.7986 8.48512 3.52631 1.53981 22.3238 0.0619421 0.575891 1.42664e+07 0.0119293 
1610.5 3.54422e+06 70558 2.28136e+09 7.0794e+08 3.03403e+08 -1.5667e+08 5.62146e+07 9.22207e+08 688180 5.95247e+06 864222 484.96 3.44104e+11 3.36442e+10 6.17955e+09 1.58043e+09 2.09683e+08 5.56173e+10 53283 3.96425e+06 0.189451 0.00377156 121.946 37.8418 16.2179 -8.37455 3.00486 49.2951 0.0367855 0.318179 0.101509 0.00342024 59.3521 19.1415 8.20349 3.78764 1.47617 23.3007 0.038665 0.332663 1.87079e+07 0.0156431 
1635.5 1.73453e+06 30828.4 1.49548e+09 4.48599e+08 1.92257e+08 -1.07153e+08 3.47602e+07 6.08511e+08 266794 2.16445e+06 208955 130.237 1.4208e+11 1.31045e+10 2.40695e+09 6.96878e+08 7.749e+07 2.32433e+10 11154.2 720518 0.0706222 0.00125519 60.8894 18.2649 7.82783 -4.36279 1.41528 24.7758 0.0108627 0.0881268 0.0593314 0.00193059 45.5777 14.1403 6.06014 3.05612 1.07333 18.2352 0.0183344 0.146867 2.45607e+07 0.0205371 
1660.5 561360 9611.65 7.49416e+08 2.18859e+08 9.37965e+07 -5.49756e+07 1.64703e+07 3.06433e+08 74693.9 566428 27173.5 25.1861 4.07557e+10 3.60506e+09 6.62155e+08 2.04751e+08 2.00667e+07 6.74447e+09 1685.08 93692.4 0.0178622 0.000305838 23.8461 6.96399 2.98457 -1.7493 0.524077 9.75055 0.00237673 0.0180235 0.0233579 0.000841353 26.985 8.13723 3.48738 1.85877 0.603206 10.9331 0.00692603 0.0515403 3.14272e+07 0.0262787 
1685.5 92977.1 2246.32 2.86923e+08 8.24376e+07 3.53304e+07 -2.10333e+07 5.99202e+06 1.17844e+08 15681.6 110465 1345.54 3.95664 8.40389e+09 7.30081e+08 1.34096e+08 4.10068e+07 3.79006e+06 1.41028e+09 203.035 9615.56 0.0023564 5.69306e-05 7.27174 2.08929 0.89541 -0.533067 0.151861 2.98663 0.000397433 0.00279961 0.00534309 0.000311505 12.6534 3.76005 1.61145 0.868972 0.270173 5.17901 0.00223333 0.0153577 3.94572e+07 0.0329932 
1710.5 -11734.7 427.403 8.64479e+07 2.47427e+07 1.0604e+07 -6.15654e+06 1.72797e+06 3.56921e+07 2652.45 17234.4 112.43 0.497519 1.34218e+09 1.17591e+08 2.15983e+07 5.9731e+06 564392 2.2935e+08 19.054 771.016 -0.000234612 8.54507e-06 1.72836 0.494682 0.212007 -0.123088 0.0345473 0.713593 5.30305e-05 0.000344567 0.0014808 9.93675e-05 4.88334 1.4513 0.621987 0.322908 0.100451 2.01896 0.000614927 0.00391104 5.00174e+07 0.0418235 
1735.5 -14418.9 68.7358 2.12403e+07 6.1363e+06 2.62984e+06 -1.42313e+06 409969 8.83041e+06 375.536 2242.94 133.767 0.0361618 1.76292e+08 1.58318e+07 2.90789e+06 677119 69925.5 3.07468e+07 1.04301 36.4437 -0.000220134 1.04939e-06 0.324275 0.093683 0.0401498 -0.0217269 0.006259 0.134814 5.73331e-06 3.4243e-05 0.001412 2.3473e-05 1.6082 0.482627 0.20684 0.0993254 0.0320683 0.671741 0.000126059 0.000745127 6.55007e+07 0.0547702 
1760.5 -6005.21 8.23885 4.35287e+06 1.28469e+06 550583 -265033 81840.5 1.82551e+06 40.3558 221.633 47.7133 0.000998153 1.76122e+07 1.62514e+06 298494 56925.4 6590.64 3.12995e+06 0.0230154 0.694876 -6.4744e-05 8.88255e-08 0.0469296 0.0138507 0.00593601 -0.0028574 0.000882347 0.0196814 4.35088e-07 2.38949e-06 0.000714296 3.27925e-06 0.433221 0.131641 0.0564174 0.0246082 0.00838315 0.182641 1.57463e-05 8.65214e-05 9.27532e+07 0.0775582 
1785.5 -1671.81 0.56287 718726 219025 93867.7 -38207.3 13264.7 304406 2.59852 13.0675 6.90331 6.72614e-06 1.03912e+06 99292.4 18237.4 2741.67 367.462 187640 0.000136898 0.0035181 -1.07126e-05 3.60675e-09 0.00460544 0.00140346 0.000601484 -0.000244824 8.49976e-05 0.00195057 1.66508e-08 8.37334e-08 0.000210048 2.07573e-07 0.0814692 0.0251848 0.0107935 0.00418426 0.00153212 0.0346201 9.36449e-07 4.74723e-06 1.5606e+08 0.130494 
1810.5 -288.941 0.0139517 80432.6 25593.4 10968.6 -3517.08 1468.4 34405.1 0.0651911 0.295907 0.311022 5.03187e-09 22792.4 2307.55 423.835 44.7192 7.71483 4176.48 1.03857e-07 2.194e-06 -6.93075e-07 3.34656e-11 0.000192931 6.13902e-05 2.63101e-05 -8.43632e-06 3.5222e-06 8.25265e-05 1.56372e-10 7.09784e-10 2.7305e-05 3.474e-09 0.0073915 0.00235187 0.00100794 0.000327407 0.000135989 0.00316405 1.57827e-08 7.25409e-08 4.16897e+08 0.3486 
1835.5 -18.1233 3.40022e-05 3148.4 1063.08 455.605 -98.2654 57.4952 1359.29 0.000181084 0.000717089 0.00132856 3.47789e-14 50.2929 5.62732 1.03359 0.0569121 0.0167519 9.36309 9.28538e-13 1.49726e-11 0.0 0.0 0.0 0.0 0.0 0.0 0.0 0.0 0.0 0.0 0.0 0.0 0.0 0.0 0.0 0.0 0.0 0.0 0.0 0.0 -1.47677e+09 -1.23484 
1860.5 -0.00864567 6.0581e-11 -0.437766 -0.112312 -0.0481337 -0.0118112 -0.00595306 -0.187006 7.77621e-11 -1.74182e-09 1.75056e-08 7.92543e-24 0.000309229 2.345e-05 4.30715e-06 3.17785e-08 6.32057e-08 5.70851e-05 5.70391e-22 1.32511e-20 -1.91078e-10 1.3389e-18 -9.67505e-09 -2.4822e-09 -1.0638e-09 -2.61039e-10 -1.31568e-10 -4.13302e-09 1.71861e-18 -3.84959e-17 1.96686e-08 4.18518e-16 2.61422e-06 7.19904e-07 3.0853e-07 2.65003e-08 3.7375e-08 1.12322e-06 3.55052e-15 1.71132e-14 4.52469e+07 0.0378345 
1885.5 0 0 0 0 0 0 0 0 0 0 0 0 0 0 0 0 0 0 0 0 0.0 0.0 0.0 0.0 0.0 0.0 0.0 0.0 0.0 0.0 0.0 0.0 0.0 0.0 0.0 0.0 0.0 0.0 0.0 0.0 0 0 
