310.5 1.44735e-05 268.037 40.8333 3.71429 0.00233389 0.00233389 128.076 1.12042e-05 48.0946 0.397669 1.08921e-15 0.0710607 6.78651e-05 9.71025e-07 1.04776e-11 1.04776e-11 0.000919389 2.9132e-16 0.00361628 1.13074e-08 1.15714e-14 2.14294e-07 3.26459e-08 2.96955e-09 1.86593e-12 1.86593e-12 1.02396e-07 8.95771e-15 3.84512e-08 3.17933e-10 9.33104e-13 7.53436e-06 2.30634e-07 2.77039e-08 9.15058e-11 9.15058e-11 8.51211e-07 4.82522e-13 1.69991e-06 2.98984e-09 1.25079e+09 1.04589 
335.5 0.000143886 1069.68 71.5705 9.79358 0.0256076 0.0256076 377.652 0.000126738 331.211 1.45266 1.13248e-13 1.29182 0.00138909 2.13318e-05 1.13921e-09 1.13921e-09 0.0291157 3.42722e-14 0.143844 5.55496e-07 2.34847e-12 1.7459e-05 1.16815e-06 1.59848e-07 4.1796e-10 4.1796e-10 6.16392e-06 2.06858e-12 5.40594e-06 2.37098e-08 4.29288e-11 0.000144152 4.61602e-06 5.67996e-07 4.29176e-09 4.29176e-09 2.09099e-05 2.35606e-11 4.81515e-05 9.22198e-08 6.1268e+07 0.051231 
360.5 0.000564228 2277.18 199.065 21.512 0.0980955 0.0980955 984.781 0.000490353 890.348 4.51548 1.87734e-12 6.92203 0.0159783 0.000148353 1.76502e-08 1.76502e-08 0.294239 5.60402e-13 1.10427 8.04923e-06 1.72701e-11 6.9701e-05 6.09306e-06 6.58448e-07 3.00255e-09 3.00255e-09 3.01426e-05 1.50089e-11 2.72521e-05 1.38212e-07 2.3909e-10 0.000454988 2.1259e-05 2.02664e-06 2.30484e-08 2.30484e-08 8.99868e-05 1.30107e-10 0.000181817 4.7673e-07 3.26708e+07 0.0273186 
385.5 0.00156293 4119.75 512.175 40.6396 0.260823 0.260823 2165.01 0.00130917 1765.44 11.6169 1.47772e-11 24.0711 0.128398 0.000640014 1.28233e-07 1.28233e-07 1.74886 4.21722e-12 4.42293 6.5644e-05 6.64392e-11 0.000175128 2.17723e-05 1.72757e-06 1.10874e-08 1.10874e-08 9.20335e-05 5.56522e-11 7.50481e-05 4.93829e-07 7.89784e-10 0.000996283 7.05983e-05 4.92161e-06 7.29946e-08 7.29946e-08 0.000256657 4.19732e-10 0.000427065 1.59582e-06 2.35242e+07 0.0196704 
410.5 0.00365832 6891.23 1211.83 70.1494 0.579281 0.579281 4270.28 0.0029245 3013.24 26.4743 8.10116e-11 68.1111 0.795064 0.00212673 6.36252e-07 6.36252e-07 7.66303 2.16851e-11 12.7247 0.00038258 1.9445e-10 0.000366288 6.4412e-05 3.72863e-06 3.07904e-08 3.07904e-08 0.000226977 1.55445e-10 0.000160162 1.40718e-06 2.06596e-09 0.00186712 0.00019522 9.95685e-06 1.81302e-07 1.81302e-07 0.000596483 1.06229e-09 0.000806662 4.28428e-06 1.88137e+07 0.0157316 
435.5 0.00779242 11055 2684.61 114.942 1.16378 1.16378 7881.97 0.00594292 4723.93 55.8483 3.47682e-10 171.142 4.06307 0.00601041 2.50206e-06 2.50206e-06 27.6151 8.86469e-11 30.1501 0.00179199 4.91592e-10 0.000697414 0.000169361 7.25125e-06 7.34182e-08 7.34182e-08 0.000497242 3.74915e-10 0.000298013 3.52325e-06 4.65749e-09 0.00321096 0.000477115 1.80718e-05 3.90454e-07 3.90454e-07 0.00122265 2.33491e-09 0.00134656 1.00317e-05 1.58514e+07 0.0132546 
460.5 0.0157012 17293.1 5615.53 181.496 2.1981 2.1981 13838.8 0.0114518 7019.01 111.059 1.33178e-09 401.725 17.7712 0.0152075 8.58911e-06 8.58911e-06 86.5484 3.23245e-10 63.4419 0.00716248 1.12062e-09 0.00123423 0.000400789 1.29536e-05 1.56881e-07 1.56881e-07 0.000987693 8.17332e-10 0.000500957 7.92642e-06 9.6848e-09 0.00521041 0.00105249 3.02917e-05 7.67076e-07 7.67076e-07 0.00228069 4.73312e-09 0.00206809 2.11747e-05 1.40112e+07 0.0117159 
485.5 0.030343 26527.2 11158 277.813 3.97344 3.97344 23299.2 0.0213236 10018.2 210.322 4.59437e-09 894.116 68.917 0.0354488 2.66475e-05 2.66475e-05 244.341 1.08324e-09 121.766 0.0254446 2.39669e-09 0.0020953 0.000881333 2.19435e-05 3.13849e-07 3.13849e-07 0.00184033 1.68428e-09 0.000791307 1.66126e-05 1.88984e-08 0.00813837 0.00216027 4.81505e-05 1.41644e-06 1.41644e-06 0.0039891 9.09531e-09 0.00299862 4.1639e-05 1.26604e+07 0.0105863 
510.5 0.0572348 40340.1 21294.9 416.96 7.00253 7.00253 38101.1 0.0391102 13961.5 384.566 1.48568e-08 1930.39 241.602 0.0780218 7.74141e-05 7.74141e-05 638.159 3.45668e-09 220.396 0.0824613 4.90774e-09 0.00345907 0.00182599 3.57532e-05 6.00449e-07 6.00449e-07 0.00326708 3.35361e-09 0.00119716 3.29756e-05 3.53532e-08 0.012392 0.00416924 7.35655e-05 2.5055e-06 2.5055e-06 0.00663677 1.68865e-08 0.00417914 7.73528e-05 1.16621e+07 0.00975163 
535.5 0.105072 60599.4 39064.5 612.846 12.048 12.048 60525.7 0.0706555 18973.2 679.477 4.424e-08 4034.58 777.719 0.16339 0.000212068 0.000212068 1560.97 1.04813e-08 377.287 0.247499 9.80141e-09 0.0056529 0.00364406 5.71682e-05 1.12388e-06 1.12388e-06 0.00564603 6.59097e-09 0.00176988 6.33837e-05 6.34884e-08 0.0185581 0.00769863 0.000109423 4.3034e-06 4.3034e-06 0.0106646 3.05661e-08 0.00566234 0.000138094 1.072e+07 0.00896387 
560.5 0.189953 90749.2 69600.7 890.363 20.4936 20.4936 94371.7 0.127165 25419.8 1172.98 1.27751e-07 8319.23 2343.55 0.33121 0.000563129 0.000563129 3643.53 3.11926e-08 622.49 0.702193 1.91615e-08 0.0091543 0.00702096 8.98152e-05 2.06729e-06 2.06729e-06 0.00951972 1.28277e-08 0.00256421 0.000118324 1.11891e-07 0.0274845 0.0136789 0.000159198 7.24789e-06 7.24789e-06 0.0166408 5.46077e-08 0.00749789 0.000238397 9.91328e+06 0.00828926 
585.5 0.336598 135054 120636 1279.1 34.4112 34.4112 144582 0.227057 33487.4 1980.43 3.49748e-07 16856.2 6631.92 0.651523 0.00144625 0.00144625 8144.26 9.00357e-08 989.207 1.89006 3.62352e-08 0.0145388 0.0129866 0.000137697 3.70441e-06 3.70441e-06 0.0155645 2.4443e-08 0.00360496 0.000213196 1.90625e-07 0.0400402 0.0233513 0.000226223 1.1915e-05 1.1915e-05 0.025189 9.53677e-08 0.00966921 0.000397511 9.28925e+06 0.00776747 
610.5 0.585733 200308 204380 1823.1 57.3163 57.3163 218587 0.403019 43514.4 3285.75 9.09129e-07 33661.7 17841.1 1.2527 0.00361595 0.00361595 17615.6 2.52199e-07 1518.23 4.87846 6.66497e-08 0.0227927 0.0232561 0.000207448 6.52192e-06 6.52192e-06 0.0248726 4.58589e-08 0.00495143 0.00037388 3.14652e-07 0.0575396 0.0385909 0.000315449 1.92072e-05 1.92072e-05 0.0372264 1.63078e-07 0.0121754 0.000644457 8.78824e+06 0.00734854 
635.5 1.00711 297035 339867 2585.01 95.1101 95.1101 327102 0.71307 55928.3 5375.41 2.30103e-06 66975.8 46122.8 2.37383 0.0089295 0.0089295 37174.5 6.96697e-07 2276.3 12.1952 1.20166e-07 0.0354415 0.0405521 0.000308437 1.13483e-05 1.13483e-05 0.039029 8.50818e-08 0.00667322 0.000641381 5.10013e-07 0.0820688 0.0621192 0.000433712 3.06049e-05 3.06049e-05 0.0539658 2.7548e-07 0.0150689 0.00102163 8.381e+06 0.007008 
660.5 1.70153 438365 553601 3636.26 156.614 156.614 483389 1.25001 70824.9 8651.74 5.65961e-06 132005 114325 4.4234 0.0216932 0.0216932 76424.7 1.88609e-06 3323.89 29.4721 2.12258e-07 0.0546839 0.0690589 0.000453606 1.95367e-05 1.95367e-05 0.0603004 1.55933e-07 0.00883505 0.00107926 8.12991e-07 0.116089 0.0974286 0.00058825 4.82124e-05 4.82124e-05 0.0767949 4.59309e-07 0.0183461 0.00158483 8.01636e+06 0.0067031 
685.5 2.83673 646591 887623 5093.34 257.177 257.177 708322 2.17786 88774.1 13762.3 1.33292e-05 258320 274090 8.15682 0.0519406 0.0519406 154235 4.97263e-06 4742.5 69.3953 3.69827e-07 0.0842965 0.11572 0.000664023 3.35284e-05 3.35284e-05 0.0923445 2.83929e-07 0.0115736 0.0017942 1.26529e-06 0.163008 0.149473 0.000788977 7.51491e-05 7.51491e-05 0.107611 7.53439e-07 0.0220077 0.00241412 7.67043e+06 0.00641384 
710.5 4.69104 953682 1.40206e+06 7101.05 421.801 421.801 1.029e+06 3.77705 110046 21640.5 3.12711e-05 507718 640476 14.9374 0.124687 0.124687 306760 1.30902e-05 6641.87 160.235 6.36646e-07 0.129429 0.190282 0.000963722 5.72449e-05 5.72449e-05 0.139651 5.12604e-07 0.0149349 0.00293695 1.95925e-06 0.228371 0.225201 0.00104808 0.000116812 0.000116812 0.148761 1.23036e-06 0.0260452 0.00362224 7.36836e+06 0.00616126 
735.5 7.63383 1.40003e+06 2.1762e+06 9825.54 687.282 687.282 1.47785e+06 6.47393 134268 33544.4 7.0665e-05 987895 1.44895e+06 27.0369 0.29451 0.29451 598412 3.34884e-05 9020.61 360.329 1.07694e-06 0.197508 0.307007 0.00138613 9.6958e-05 9.6958e-05 0.208488 9.13307e-07 0.0189419 0.00473226 2.96804e-06 0.316792 0.3319 0.00137581 0.000179296 0.000179296 0.20237 1.97237e-06 0.0302289 0.00533282 7.08845e+06 0.0059272 
760.5 12.3017 2.04777e+06 3.32289e+06 13494.5 1114.84 1114.84 2.0988e+06 10.9968 161381 51293.3 0.000158534 1.92141e+06 3.1944e+06 48.5198 0.695299 0.695299 1.14875e+06 8.51243e-05 11962.7 794.277 1.79906e-06 0.299476 0.485956 0.00197351 0.00016304 0.00016304 0.30694 1.60823e-06 0.0236012 0.00750139 4.46634e-06 0.437391 0.480637 0.00178915 0.000274048 0.000274048 0.271638 3.14048e-06 0.034532 0.00773875 6.83784e+06 0.00571765 
785.5 19.6624 2.98596e+06 4.99707e+06 18405.1 1800.82 1800.82 2.9491e+06 18.5173 191458 77443.2 0.000348768 3.72913e+06 6.86881e+06 86.2974 1.63288 1.63288 2.17034e+06 0.000213101 15491.2 1715.89 2.96888e-06 0.450857 0.754521 0.00277903 0.00027191 0.00027191 0.445292 2.79598e-06 0.0289087 0.0116934 6.62172e-06 0.599832 0.683986 0.00230375 0.000415472 0.000415472 0.35975 4.93551e-06 0.038773 0.0110613 6.62284e+06 0.00553787 
810.5 31.1387 4.32646e+06 7.38881e+06 24875.9 2886.51 2886.51 4.09108e+06 30.8184 223750 115196 0.000764321 7.20176e+06 1.43679e+07 151.661 3.81012 3.81012 4.02132e+06 0.000527527 19610.5 3621.72 4.84459e-06 0.673113 1.14956 0.00387022 0.000449085 0.000449085 0.636493 4.79475e-06 0.0348112 0.0179223 9.76952e-06 0.816929 0.955979 0.00293546 0.000625383 0.000625383 0.469592 7.68657e-06 0.0428859 0.0155647 6.42753e+06 0.00537456 
835.5 48.9622 6.2273e+06 1.07448e+07 33307.4 4591.25 4591.25 5.60137e+06 50.7337 258114 168858 0.00165896 1.38216e+07 2.92597e+07 263.267 8.81961 8.81961 7.30567e+06 0.00128786 24312 7473.78 7.83807e-06 0.996893 1.72008 0.00533199 0.000734987 0.000734987 0.896691 8.12166e-06 0.04132 0.0270315 1.42877e-05 1.104 1.31353 0.00370335 0.000933635 0.000933635 0.60454 1.18408e-05 0.04674 0.0215808 6.24671e+06 0.00522336 
860.5 76.6981 8.90759e+06 1.53811e+07 44198.4 7250.28 7250.28 7.57169e+06 82.7386 294754 244067 0.00360716 2.63999e+07 5.80933e+07 451.463 20.3053 20.3053 1.30134e+07 0.00311906 29690.1 15092.3 1.25916e-05 1.46237 2.52513 0.00725611 0.00119029 0.00119029 1.24305 1.35833e-05 0.0483902 0.0400688 2.08241e-05 1.48175 1.77791 0.00463314 0.00138447 0.00138447 0.768919 1.80985e-05 0.0503255 0.0295333 6.0912e+06 0.00509333 
885.5 119.185 1.25988e+07 2.16025e+07 57928.3 11304.1 11304.1 1.007e+07 133.002 332488 346567 0.00779773 4.97791e+07 1.11807e+08 760.43 46.0389 46.0389 2.25902e+07 0.00742175 35659.2 29626.3 2.0057e-05 2.12017 3.63536 0.00974839 0.0019023 0.0019023 1.69461 2.23821e-05 0.0559524 0.0583217 3.01654e-05 1.97026 2.36633 0.00573907 0.00203197 0.00203197 0.96429 2.73496e-05 0.0535743 0.0398021 5.94234e+06 0.00496885 
910.5 185.498 1.7728e+07 2.99465e+07 75386.4 17533.3 17533.3 1.3249e+07 212.604 373667 486434 0.0170346 9.34635e+07 2.10441e+08 1267.35 104.051 104.051 3.85214e+07 0.0176103 42672 57067.4 3.19167e-05 3.05026 5.15258 0.0129709 0.00301677 0.00301677 2.27962 3.65806e-05 0.0642929 0.0836956 4.37297e-05 2.6033 3.10795 0.00705791 0.00296683 0.00296683 1.19638 4.11324e-05 0.0566439 0.0530475 5.81194e+06 0.00485982 
935.5 287.053 2.46679e+07 4.08162e+07 97046.1 26870.6 26870.6 1.71852e+07 335.655 417167 672076 0.0371966 1.72861e+08 3.84454e+08 2074.82 231.502 231.502 6.40902e+07 0.0411551 50677.5 106980 5.04212e-05 4.33295 7.16941 0.0170463 0.00471985 0.00471985 3.0186 5.89581e-05 0.0732759 0.118051 6.3177e-05 3.40423 4.01613 0.00859474 0.00428797 0.00428797 1.46477 6.12608e-05 0.0594324 0.0696785 5.6931e+06 0.00476045 
960.5 443.952 3.4023e+07 5.48071e+07 123775 40822.4 40822.4 2.20045e+07 525.809 464705 916071 0.0819144 3.16507e+08 6.85019e+08 3349.88 510.432 510.432 1.04402e+08 0.0955528 60324.1 196228 7.95682e-05 6.09784 9.82292 0.0221838 0.00731647 0.00731647 3.9438 9.42392e-05 0.0832878 0.164185 9.13794e-05 4.42073 5.12681 0.0104051 0.00616055 0.00616055 1.77709 9.08e-05 0.0622484 0.0906245 5.57951e+06 0.00466547 
985.5 686.996 4.66116e+07 7.27408e+07 156898 61583.6 61583.6 2.7902e+07 818.76 518468 1.23545e+06 0.181713 5.7348e+08 1.19318e+09 5345.36 1113.82 1113.82 1.66882e+08 0.220193 72191.8 352650 0.000125343 8.50431 13.2716 0.0286262 0.011236 0.011236 5.09074 0.000149383 0.0945948 0.225408 0.000132072 5.68406 6.44681 0.0124822 0.00877329 0.00877329 2.1289 0.000133638 0.0649867 0.116329 5.48093e+06 0.00458303 
1010.5 1059.47 6.31597e+07 9.50897e+07 196975 91880.2 91880.2 3.49157e+07 1262.84 577666 1.64262e+06 0.40457 1.02393e+09 2.02514e+09 8401.69 2396.39 2396.39 2.60875e+08 0.502153 86792.8 618855 0.000196806 11.7325 17.6638 0.0365898 0.0170676 0.0170676 6.4859 0.000234584 0.107307 0.305131 0.00019084 7.24932 8.01121 0.0148954 0.0124036 0.0124036 2.52844 0.000195576 0.0678811 0.147828 5.38332e+06 0.00450141 
1035.5 1635.96 8.50609e+07 1.23091e+08 246181 136246 136246 4.3348e+07 1939.45 646225 2.1644e+06 0.908394 1.81007e+09 3.36944e+09 13082.3 5107.47 5107.47 4.01185e+08 1.13945 105469 1.06646e+06 0.000308587 16.0448 23.2183 0.0464365 0.0256998 0.0256998 8.1766 0.000365833 0.121895 0.408265 0.000275902 9.16478 9.82235 0.0176445 0.0174049 0.0174049 2.96945 0.000284775 0.0709628 0.185695 5.30146e+06 0.00443297 
1060.5 2517.63 1.13473e+08 1.57385e+08 305554 200062 200062 5.32674e+07 2954.93 723551 2.81903e+06 2.04113 3.15265e+09 5.47958e+09 20124.7 10724.2 10724.2 6.05411e+08 2.55804 128983 1.79909e+06 0.000481677 21.7098 30.1111 0.0584589 0.0382761 0.0382761 10.1912 0.000565341 0.138431 0.53934 0.000398118 11.4828 11.9031 0.0208047 0.0242219 0.0242219 3.45945 0.000412064 0.0742573 0.230901 5.22681e+06 0.00437055 
1085.5 3876.02 1.50499e+08 1.99534e+08 378063 292160 292160 6.50395e+07 4487.77 813910 3.64364e+06 4.60973 5.43377e+09 8.75321e+09 30737.5 22314 22314 9.01e+08 5.71992 159518 2.98665e+06 0.00074947 29.1006 38.582 0.0731025 0.0564922 0.0564922 12.5761 0.000867758 0.157378 0.704538 0.000574139 14.2771 14.2814 0.0244836 0.0335154 0.0335154 4.00749 0.000594142 0.0779532 0.284828 5.17168e+06 0.00432444 
1110.5 5946.42 1.97878e+08 2.50284e+08 465285 423143 423143 7.8741e+07 6774.73 916388 4.66234e+06 10.4126 9.23617e+09 1.37064e+10 46505.7 45855.6 45855.6 1.31964e+09 12.6961 198444 4.86606e+06 0.00116138 38.6471 48.8824 0.0908738 0.0826431 0.0826431 15.3787 0.00132316 0.178977 0.910591 0.000827555 17.6153 16.9553 0.0287206 0.0461092 0.0461092 4.60781 0.000853763 0.0820041 0.348141 5.12013e+06 0.00428134 
1135.5 9120.23 2.58913e+08 3.11862e+08 571991 610203 610203 9.49138e+07 10204.9 1.03646e+06 5.93011e+06 23.5416 1.55362e+10 2.11337e+10 70061.2 93380.6 93380.6 1.91172e+09 28.0503 249087 7.81694e+06 0.00179286 50.8971 61.306 0.112442 0.119954 0.119954 18.6582 0.00200608 0.203747 1.16574 0.0011889 21.5313 19.9007 0.0336068 0.0629909 0.0629909 5.26102 0.00122056 0.0863289 0.421543 5.08698e+06 0.00425362 
1160.5 13943.6 3.36366e+08 3.85353e+08 701200 874282 874282 1.13734e+08 15303.3 1.17359e+06 7.48334e+06 53.1433 2.58029e+10 3.20436e+10 104947 188107 188107 2.73602e+09 61.584 313985 1.23603e+07 0.00275442 66.4456 76.1225 0.138515 0.172706 0.172706 22.467 0.00302301 0.23183 1.47826 0.00170619 26.1165 23.1355 0.0393036 0.085624 0.085624 5.97538 0.00173974 0.0909908 0.506365 5.06227e+06 0.00423296 
1185.5 21260.3 4.34302e+08 4.72756e+08 858550 1.24615e+06 1.24615e+06 1.35663e+08 22870.2 1.3308e+06 9.37953e+06 119.573 4.23402e+10 4.78516e+10 156695 375203 375203 3.87613e+09 134.368 397255 1.92641e+07 0.00421158 86.0334 93.651 0.170075 0.246857 0.246857 26.8744 0.00453049 0.263625 1.85805 0.00243918 31.3956 26.6211 0.0459908 0.115705 0.115705 6.75386 0.00246829 0.0958973 0.603164 5.04806e+06 0.00422108 
1210.5 32309.2 5.57317e+08 5.76115e+08 1.05042e+06 1.76733e+06 1.76733e+06 1.61189e+08 34057.3 1.50981e+06 1.16803e+07 267.778 6.86243e+10 7.04258e+10 233348 741114 741114 5.44103e+09 291.213 503249 2.96022e+07 0.00640323 110.452 114.178 0.208178 0.35026 0.35026 31.9453 0.00674968 0.299224 2.31488 0.00347398 37.4253 30.3444 0.0539291 0.155552 0.155552 7.60463 0.00348656 0.101004 0.712802 5.04576e+06 0.00421916 
1235.5 48966.3 7.11621e+08 6.98512e+08 1.28707e+06 2.49796e+06 2.49796e+06 1.91159e+08 50591.4 1.71411e+06 1.44743e+07 596.667 1.09928e+11 1.0231e+11 347549 1.45201e+06 1.45201e+06 7.58554e+09 627.367 637400 4.49117e+07 0.00967033 140.538 137.949 0.254182 0.493321 0.493321 37.7519 0.00999127 0.338518 2.85853 0.00493156 44.2569 34.2828 0.0634719 0.208305 0.208305 8.53582 0.00490642 0.106233 0.835711 5.06356e+06 0.00423404 
1260.5 73904.4 9.03296e+08 8.42101e+08 1.5789e+06 3.51688e+06 3.51688e+06 2.26198e+08 74885.9 1.94387e+06 1.78344e+07 1318.12 1.73779e+11 1.46628e+11 517823 2.819e+06 2.819e+06 1.05034e+10 1340.07 804535 6.72073e+07 0.0145009 177.237 165.23 0.309797 0.69005 0.69005 44.3825 0.0146934 0.381409 3.49931 0.00695379 51.8124 38.331 0.0750219 0.277396 0.277396 9.54324 0.00685849 0.111293 0.970399 5.09655e+06 0.00426163 
1285.5 111312 1.14218e+09 1.01179e+09 1.94478e+06 4.94593e+06 4.94593e+06 2.67768e+08 110709 2.2041e+06 2.18976e+07 2893.54 2.71653e+11 2.07857e+11 774608 5.44336e+06 5.44336e+06 1.4491e+10 2846.22 1.01169e+06 9.94348e+07 0.0215933 221.571 196.276 0.377267 0.959459 0.959459 51.9443 0.0214764 0.427573 4.24791 0.00974919 60.036 42.4002 0.0890829 0.367959 0.367959 10.6255 0.00953427 0.115924 1.11561 5.15492e+06 0.00431043 
1310.5 166790 1.43512e+09 1.20925e+09 2.40246e+06 6.93492e+06 6.93492e+06 3.16636e+08 163004 2.49011e+06 2.67309e+07 6276.63 4.1835e+11 2.90731e+11 1.16243e+06 1.04252e+07 1.04252e+07 1.98891e+10 5981.62 1.26015e+06 1.44984e+08 0.0318726 274.242 231.081 0.459095 1.32522 1.32522 60.5073 0.0311491 0.475845 5.10812 0.0135484 68.8147 46.4628 0.106603 0.485789 0.485789 11.8133 0.0131448 0.119913 1.2699 5.23303e+06 0.00437574 
1335.5 249133 1.79504e+09 1.44089e+09 2.98604e+06 9.72345e+06 9.72345e+06 3.75013e+08 239572 2.80507e+06 3.25103e+07 13478.9 6.35522e+11 4.02141e+11 1.75729e+06 1.98795e+07 1.98795e+07 2.72399e+10 12470.7 1.55332e+06 2.08745e+08 0.0466261 335.947 269.666 0.558847 1.81978 1.81978 70.1849 0.0448366 0.524978 6.08441 0.0186713 77.9706 50.418 0.128736 0.639472 0.639472 13.1188 0.0179889 0.122911 1.43082 5.34322e+06 0.00446788 
1360.5 370861 2.23509e+09 1.71228e+09 3.73943e+06 1.36424e+07 1.36424e+07 4.45225e+08 351364 3.14658e+06 3.93889e+07 28595 9.51185e+11 5.49804e+11 2.68075e+06 3.77368e+07 3.77368e+07 3.72465e+10 25733.4 1.88746e+06 2.96345e+08 0.0675185 406.917 311.736 0.680796 2.48372 2.48372 81.0571 0.0639689 0.572862 7.17109 0.0254405 87.1211 54.0121 0.156754 0.837529 0.837529 14.5189 0.0243509 0.124331 1.58985 5.49273e+06 0.0045929 
1385.5 549239 2.76551e+09 2.02557e+09 4.71709e+06 1.91334e+07 1.91334e+07 5.29165e+08 513259 3.50321e+06 4.74352e+07 59767.1 1.39879e+12 7.40904e+11 4.12883e+06 7.12303e+07 7.12303e+07 5.07582e+10 52408.5 2.24788e+06 4.13351e+08 0.0967072 486.936 356.653 0.830562 3.36892 3.36892 93.1726 0.090372 0.616827 8.35215 0.0342229 95.8425 57.0396 0.192746 1.0919 1.0919 16.0033 0.0325688 0.12377 1.73847 5.6794e+06 0.00474899 
1410.5 810640 3.40682e+09 2.39198e+09 6.02322e+06 2.69156e+07 2.69156e+07 6.31767e+08 748325 3.87284e+06 5.69099e+07 122887 2.01949e+12 9.85255e+11 6.45507e+06 1.33966e+08 1.33966e+08 6.90982e+10 105282 2.61421e+06 5.66488e+08 0.136651 574.293 403.22 1.01534 4.5372 4.5372 106.498 0.126146 0.652851 9.59339 0.0451858 103.03 59.1561 0.23921 1.41304 1.41304 17.4981 0.0428335 0.120279 1.86029 5.9322e+06 0.00496037 
1435.5 1.18878e+06 4.16552e+09 2.81369e+09 7.79132e+06 3.79216e+07 3.79216e+07 7.56467e+08 1.08601e+06 4.23075e+06 6.78277e+07 246996 2.84396e+12 1.28707e+12 1.02596e+07 2.50198e+08 2.50198e+08 9.36397e+10 207418 2.93956e+06 7.58301e+08 0.189896 665.399 449.458 1.24458 6.05759 6.05759 120.838 0.17348 0.675819 10.8348 0.0582639 107.41 59.8605 0.299794 1.80892 1.80892 18.8739 0.0551147 0.113283 1.93344 6.26019e+06 0.00523463 
1460.5 1.73422e+06 5.05932e+09 3.30126e+09 1.02648e+07 5.36242e+07 5.36242e+07 9.10125e+08 1.57034e+06 4.55948e+06 8.0335e+07 483977 3.89382e+12 1.64796e+12 1.66762e+07 4.63543e+08 4.63543e+08 1.26161e+11 399467 3.17032e+06 9.87213e+08 0.258551 754.283 492.178 1.53036 7.99472 7.99472 135.689 0.234119 0.679764 11.977 0.0728467 107.605 58.7617 0.379775 2.27884 2.27884 19.9391 0.0688766 0.102842 1.93217 6.70745e+06 0.00560862 
1485.5 2.50255e+06 6.07035e+09 3.84466e+09 1.37927e+07 7.578e+07 7.578e+07 1.09565e+09 2.24967e+06 4.80949e+06 9.40056e+07 912584 5.11961e+12 2.04573e+12 2.77656e+07 8.43039e+08 8.43039e+08 1.67327e+11 742375 3.22506e+06 1.23392e+09 0.342556 830.927 526.268 1.88798 10.373 10.373 149.976 0.307941 0.658337 12.8678 0.0870185 101.72 55.385 0.485956 2.79263 2.79263 20.2834 0.0824066 0.0897156 1.82308 7.30552e+06 0.00610871 
1510.5 3.56568e+06 7.18132e+09 4.44073e+09 1.9062e+07 1.06952e+08 1.06952e+08 1.31887e+09 3.187e+06 4.94077e+06 1.0839e+08 1.63447e+06 6.38485e+12 2.43713e+12 4.77576e+07 1.48846e+09 1.48846e+09 2.16204e+11 1.31385e+06 3.03994e+06 1.46034e+09 0.436998 880.118 544.241 2.33618 13.1077 13.1077 161.636 0.390588 0.605525 13.2839 0.0966859 88.8736 49.8814 0.628728 3.25713 3.25713 19.2615 0.091988 0.0768443 1.58511 8.15949e+06 0.00682278 
1535.5 4.95179e+06 8.27245e+09 5.0299e+09 2.72174e+07 1.48942e+08 1.48942e+08 1.56913e+09 4.40661e+06 4.86836e+06 1.21487e+08 2.69304e+06 7.33658e+12 2.71224e+12 8.51701e+07 2.47136e+09 2.47136e+09 2.6448e+11 2.14316e+06 2.5691e+06 1.58647e+09 0.526875 880.195 535.186 2.89596 15.8476 15.8476 166.956 0.468867 0.517998 12.9263 0.094578 76.6444 46.4788 0.821955 3.43646 3.43646 16.3249 0.0905393 0.0709377 1.30873 9.39843e+06 0.00785876 
1560.5 6.55026e+06 9.09408e+09 5.48165e+09 4.03993e+07 1.99756e+08 1.99756e+08 1.80679e+09 5.80655e+06 4.50772e+06 1.29517e+08 3.86474e+06 7.425e+12 2.69863e+12 1.57503e+08 3.63041e+09 3.63041e+09 2.91486e+11 3.04397e+06 1.86474e+06 1.50885e+09 0.579833 805.014 485.239 3.57617 17.6825 17.6825 159.938 0.513999 0.399026 11.465 0.076835 96.0164 58.5486 1.07392 2.9489 2.9489 14.9063 0.0725183 0.0764565 1.45563 1.12968e+07 0.00944614 
1585.5 7.83267e+06 9.12342e+09 5.4946e+09 6.15556e+07 2.43389e+08 2.43389e+08 1.91541e+09 6.91013e+06 3.77547e+06 1.25435e+08 4.41176e+06 6.14888e+12 2.22496e+12 2.90113e+08 4.24265e+09 4.24265e+09 2.65613e+11 3.43e+06 1.09513e+06 1.167e+09 0.549028 639.503 385.142 4.31471 17.0603 17.0603 134.26 0.484363 0.26464 8.79234 0.0883685 148.457 87.3148 1.31096 2.51676 2.51676 24.3376 0.0762695 0.0820273 2.12021 1.42664e+07 0.0119293 
1610.5 7.80917e+06 7.79046e+09 4.70967e+09 9.07137e+07 2.45947e+08 2.45947e+08 1.72674e+09 6.84113e+06 2.70963e+06 1.03041e+08 3.60381e+06 3.80728e+12 1.38027e+12 4.70778e+08 3.49238e+09 3.49238e+09 1.8004e+11 2.75526e+06 487355 6.7338e+08 0.417427 416.426 251.748 4.84895 13.1467 13.1467 92.3 0.365681 0.144839 5.50786 0.135613 173.497 101.995 1.28542 3.7208 3.7208 33.2336 0.116427 0.0712215 2.37863 1.87079e+07 0.0156431 
1635.5 5.95026e+06 5.23087e+09 3.17408e+09 1.19544e+08 1.87366e+08 1.87366e+08 1.2117e+09 5.16116e+06 1.56551e+06 6.65703e+07 1.91885e+06 1.62185e+12 5.88279e+11 6.05204e+08 1.82242e+09 1.82242e+09 8.23901e+10 1.43574e+06 154894 2.68547e+08 0.242268 212.978 129.234 4.86731 7.62869 7.62869 49.3351 0.210139 0.0637407 2.71045 0.139403 143.787 85.1502 0.974928 4.00047 4.00047 30.3414 0.119576 0.047368 1.89407 2.45607e+07 0.0205371 
1660.5 3.28027e+06 2.62268e+09 1.59056e+09 1.35793e+08 1.01543e+08 1.01543e+08 6.25262e+08 2.80884e+06 696505 3.22787e+07 641257 4.59631e+11 1.65497e+11 5.99434e+08 5.7585e+08 5.7585e+08 2.44318e+10 467031 34346.8 7.21892e+07 0.104377 83.4525 50.6109 4.32088 3.23106 3.23106 19.8956 0.0893761 0.0221625 1.02709 0.0975194 87.5268 52.0054 0.635408 2.80777 2.80777 19.534 0.0829014 0.0245301 1.1145 3.14272e+07 0.0262787 
1685.5 1.31181e+06 9.83035e+08 5.92046e+08 1.3517e+08 3.9471e+07 3.9471e+07 2.37546e+08 1.10611e+06 237731 1.18091e+07 139473 8.97655e+10 3.17184e+10 4.71343e+08 1.14043e+08 1.14043e+08 4.86031e+09 98311.7 5473.17 1.36507e+07 0.0332464 24.914 15.0048 3.42572 1.00035 1.00035 6.02035 0.0280331 0.00602503 0.299289 0.0492896 40.6732 24.0567 0.458339 1.37463 1.37463 9.32388 0.0413007 0.0101198 0.506348 3.94572e+07 0.0329932 
1710.5 394616 2.84697e+08 1.6912e+08 1.23021e+08 1.16624e+07 1.16624e+07 6.88581e+07 326875 63680.8 3.37705e+06 21366.9 1.30671e+10 4.46967e+09 3.1086e+08 1.52837e+07 1.52837e+07 7.0233e+08 14482.6 667.437 1.97294e+06 0.00788958 5.69195 3.38122 2.45957 0.233166 0.233167 1.37668 0.00653522 0.00127317 0.0675174 0.0191035 15.1279 8.82778 0.406886 0.501199 0.501199 3.48518 0.0157112 0.0034239 0.186779 5.00174e+07 0.0418235 
1735.5 93030.8 6.61937e+07 3.85267e+07 1.0513e+08 2.91218e+06 2.91221e+06 1.58658e+07 75503.5 13773.6 784978 2541.94 1.53381e+09 5.022e+08 1.77559e+08 1.53569e+06 1.5357e+06 8.07263e+07 1648.03 66.0315 234128 0.0014203 1.01058 0.588187 1.60502 0.0444603 0.0444608 0.242223 0.00115271 0.000210282 0.0119843 0.00606553 4.73239 2.70576 0.367001 0.146522 0.146522 1.08341 0.00488177 0.000981777 0.0585731 6.55007e+07 0.0547702 
1760.5 17669 1.26616e+07 7.17431e+06 8.66176e+07 743813 743846 2.98481e+06 14011.6 2448.15 151768 231.189 1.37183e+08 4.28825e+07 8.95488e+07 118357 118358 7.12073e+06 143.341 5.00957 21137.8 0.000190495 0.136508 0.0773484 0.933851 0.00801927 0.00801962 0.0321802 0.000151064 2.63942e-05 0.00163625 0.00156724 1.20846 0.675534 0.305573 0.0348099 0.03481 0.2752 0.00123393 0.000230896 0.0150072 9.27532e+07 0.0775582 
1785.5 2608.11 1.92205e+06 1.05269e+06 6.9677e+07 232338 232371 442406 2015.44 343.482 23499.3 12.1922 7.16194e+06 2.12721e+06 3.903e+07 5571.29 5571.44 365998 7.22933 0.224997 1111.18 1.67122e-05 0.0123161 0.00674543 0.446475 0.00148877 0.00148898 0.00283484 1.29145e-05 2.20096e-06 0.000150578 0.000279008 0.21387 0.116555 0.22529 0.00578646 0.00578649 0.0483445 0.000214842 3.79063e-05 0.00266412 1.5606e+08 0.130494 
1810.5 246.783 192992 101036 5.54601e+07 80226.2 80265.5 42831.9 185.227 31.5394 2430.66 0.215347 132717 36728.6 1.33483e+07 127.276 127.304 6505.5 0.121471 0.00356374 21.1101 5.91952e-07 0.000462924 0.000242351 0.13303 0.000192436 0.000192531 0.00010274 4.44298e-07 7.56527e-08 5.83035e-06 2.272e-05 0.0178362 0.00938302 0.119671 0.00051794 0.00051797 0.00394892 1.70638e-05 2.92276e-06 0.000224949 4.16897e+08 0.3486 
1835.5 7.059 6364.25 3085.51 3.24079e+07 15562.6 15605.3 1296.44 5.12822 0.58732 82.784 0.000296481 220.08 54.1189 2.03783e+06 2.24779 2.25028 9.77061 0.000156798 2.23912e-05 0.0378286 0.0 0.0 0.0 0.0 0.0 0.0 0.0 0.0 0.0 0.0 0.0 0.0 0.0 0.0 0.0 0.0 0.0 0.0 0.0 0.0 -1.47677e+09 -1.23484 
1860.5 -0.000557946 0.538017 0.351616 431132 141.97 142.61 0.0252562 0.000119125 -0.0156763 0.00154957 3.8028e-10 2.01105e-05 7.03405e-06 16942.7 0.00899371 0.0090106 5.39483e-06 2.65592e-12 2.46224e-06 9.36742e-09 -1.23311e-11 1.18907e-08 7.77106e-09 0.00952843 3.13768e-06 3.15182e-06 5.58187e-10 2.63278e-12 -3.46461e-10 3.42469e-11 2.89903e-09 6.66572e-07 3.94206e-07 0.0168422 1.3745e-05 1.37553e-05 3.45298e-07 2.42263e-10 2.33276e-07 1.43885e-08 4.52469e+07 0.0378345 
1885.5 0 0 0 0 0 0 0 0 0 0 0 0 0 0 0 0 0 0 0 0 0.0 0.0 0.0 0.0 0.0 0.0 0.0 0.0 0.0 0.0 0.0 0.0 0.0 0.0 0.0 0.0 0.0 0.0 0.0 0.0 0 0 
