310.5 -0.000665607 -7.60893e-05 0.157172 4.90389e+07 48441.5 93114.7 -0.000133838 3039.06 1.46332e-07 0.716793 3.09211e-14 2.34208e-16 3.03869e-08 1.92265e+06 11.1373 42.793 1.10276e-15 0.0457193 6.41012e-21 1.18625e-07 -5.32148e-13 -6.08328e-14 1.25658e-10 0.0392062 3.87286e-05 7.44445e-05 -1.07002e-13 2.42971e-06 1.16991e-16 5.7307e-10 4.94348e-12 4.28424e-13 4.9273e-09 0.000134701 8.6048e-05 0.000169324 9.32845e-13 5.53613e-06 2.26079e-15 9.72168e-09 1.25079e+09 1.04589 
335.5 -0.000340051 -3.65399e-05 1.04735 2.34318e+06 39422.5 73513.2 6.23952e-05 2521.55 9.83516e-07 2.91128 3.74115e-14 3.90881e-16 1.63048e-07 89617.1 26.5547 96.9892 1.04146e-15 0.111743 2.46971e-19 1.79493e-06 -5.55022e-12 -5.96394e-13 1.70945e-08 0.0382447 0.000643444 0.00119986 1.0184e-12 4.11561e-05 1.60527e-14 4.75171e-08 2.40793e-11 2.45442e-12 4.86724e-08 0.000216721 0.000139279 0.000378633 3.99516e-12 1.14025e-05 6.14272e-14 1.64434e-07 6.1268e+07 0.051231 
360.5 -0.000274055 -3.45979e-05 1.56677 1.22521e+06 35783.9 65299.1 0.000182639 2318.71 2.67048e-06 5.72597 3.6486e-14 5.22426e-16 4.45752e-07 45949.5 40.0324 139.889 8.39695e-15 0.172093 2.10305e-18 7.64634e-06 -8.38838e-12 -1.05899e-12 4.79562e-08 0.0375018 0.00109529 0.0019987 5.59029e-12 7.09721e-05 8.17391e-14 1.75263e-07 3.23483e-11 3.85606e-12 1.06508e-07 0.000230121 0.000160225 0.000535689 1.50255e-11 1.51812e-05 2.40187e-13 4.50916e-07 3.26708e+07 0.0273186 
385.5 -0.000228634 -3.50392e-05 2.21179 865241 36170.3 65772.9 0.000382691 2380.7 5.53594e-06 9.0956 3.46772e-14 6.71439e-16 9.98966e-07 31825.7 56.4326 194.998 3.98476e-14 0.249118 1.00131e-17 2.04056e-05 -9.71912e-12 -1.4895e-12 9.40222e-08 0.0367809 0.00153758 0.00279597 1.6268e-11 0.000101202 2.3533e-13 3.86649e-07 3.71436e-11 5.13069e-12 1.83372e-07 0.000242251 0.000186466 0.00068688 3.78055e-11 1.86545e-05 6.08498e-13 8.47309e-07 2.35242e+07 0.0196704 
410.5 -0.000182254 -3.50055e-05 3.03492 678527 37310.5 68200 0.000697118 2493.34 1.00611e-05 12.9467 3.29123e-14 8.35359e-16 2.01912e-06 24472.7 74.8545 260.929 1.40379e-13 0.339389 3.54942e-17 4.27608e-05 -9.68728e-12 -1.86064e-12 1.61315e-07 0.0360656 0.00198316 0.00362502 3.70538e-11 0.000132528 5.34776e-13 6.88155e-07 4.06883e-11 6.39841e-12 2.85131e-07 0.00025367 0.000214038 0.000853434 7.80292e-11 2.18129e-05 1.26516e-12 1.34138e-06 1.88137e+07 0.0157316 
435.5 -0.000129965 -3.39605e-05 4.10417 560312 38534.2 70626.2 0.00117717 2608.28 1.70612e-05 17.292 3.20944e-14 1.00508e-15 3.8347e-06 19806.9 94.6029 330.675 4.14519e-13 0.438814 1.06641e-16 7.73729e-05 -8.19895e-12 -2.14243e-12 2.58915e-07 0.0353478 0.00243096 0.00445552 7.42629e-11 0.000164546 1.07632e-12 1.09088e-06 4.42434e-11 7.6692e-12 4.18185e-07 0.000263901 0.000241929 0.00100463 1.4365e-10 2.46524e-05 2.35989e-12 1.92123e-06 1.58514e+07 0.0132546 
460.5 -6.67017e-05 -3.1433e-05 5.49466 485198 40423.5 74352.1 0.00189569 2771.29 2.7802e-05 22.1452 3.50404e-14 1.18173e-15 6.9793e-06 16803.1 117.641 412.961 1.09303e-12 0.558512 2.91325e-16 0.000126783 -4.7606e-12 -2.24342e-12 3.92162e-07 0.0346293 0.00288509 0.00530662 1.35298e-10 0.000197791 1.98427e-12 1.58054e-06 4.97818e-11 8.90557e-12 5.86798e-07 0.000271907 0.00026918 0.00114604 2.44348e-10 2.72105e-05 4.10548e-12 2.55942e-06 1.40112e+07 0.0117159 
485.5 1.51991e-05 -2.68259e-05 7.27496 429275 42328.4 78077.3 0.00294594 2932.97 4.41189e-05 27.4266 4.75665e-14 1.42136e-15 1.2257e-05 14556.4 142.63 502.133 2.64916e-12 0.690363 7.45273e-16 0.000192525 1.20053e-12 -2.11889e-12 5.74625e-07 0.033907 0.00334338 0.00616706 2.3269e-10 0.000231666 3.4848e-12 2.16634e-06 6.12836e-11 1.03817e-11 7.98715e-07 0.000279378 0.000296101 0.00127639 3.93832e-10 2.93332e-05 6.83541e-12 3.24252e-06 1.26604e+07 0.0105863 
510.5 0.000131292 -1.84887e-05 9.56901 386991 44413 82258.5 0.00448029 3107.71 6.92885e-05 33.1951 8.26647e-14 1.7948e-15 2.10317e-05 12842.6 170.36 603.475 6.08241e-12 0.839683 1.84897e-15 0.000277052 1.1258e-11 -1.58536e-12 8.20519e-07 0.0331835 0.0038083 0.00705346 3.84174e-10 0.000266479 5.94131e-12 2.84639e-06 8.34359e-11 1.23039e-11 1.06309e-06 0.000285454 0.00032364 0.00141249 6.11525e-10 3.14624e-05 1.11016e-11 3.95658e-06 1.16621e+07 0.00975163 
535.5 0.000301823 -3.91659e-06 12.4262 347936 45855.7 85210.4 0.00666156 3234.99 0.000107611 39.1571 1.65888e-13 2.43595e-15 3.5144e-05 11293.7 197.471 703.089 1.32942e-11 0.988158 4.45187e-15 0.000378598 2.8155e-11 -3.65352e-13 1.15915e-06 0.0324566 0.00427757 0.0079487 6.21412e-10 0.00030177 1.00383e-11 3.6527e-06 1.21169e-10 1.50698e-11 1.39094e-06 0.000291229 0.000350862 0.00155066 9.24105e-10 3.33638e-05 1.77346e-11 4.68771e-06 1.072e+07 0.00896387 
560.5 0.000552516 1.82817e-05 16.0293 314489 47096.6 87741.4 0.00977904 3345.03 0.000166825 45.3577 3.56087e-13 3.78049e-15 5.77398e-05 9977.74 225.172 804.766 2.81562e-11 1.14093 1.05604e-14 0.000497788 5.57349e-11 1.84416e-12 1.61696e-06 0.031724 0.00475086 0.00885089 9.86459e-10 0.000337429 1.68284e-11 4.57545e-06 1.81146e-10 1.94411e-11 1.79163e-06 0.000296686 0.000378825 0.00168592 1.36644e-09 3.51116e-05 2.79658e-11 5.41105e-06 9.91328e+06 0.00828926 
585.5 0.000921362 5.12309e-05 20.5321 287850 48587.6 90715.8 0.0141806 3470.23 0.000257655 51.5877 7.69251e-13 6.6774e-15 9.31052e-05 8920.56 255.681 916.551 5.78227e-11 1.30902 2.45773e-14 0.000629047 9.91858e-11 5.51507e-12 2.21031e-06 0.0309874 0.00523052 0.00976567 1.52656e-09 0.000373575 2.77369e-11 5.55348e-06 2.70135e-10 2.62377e-11 2.26659e-06 0.000301155 0.000407475 0.00181645 1.9734e-09 3.68691e-05 4.3318e-11 6.0726e-06 9.28925e+06 0.00776747 
610.5 0.00146353 0.000100312 26.1224 265822 50233.8 94067.3 0.0203717 3603.6 0.000396746 57.6485 1.6263e-12 1.27618e-14 0.0001478 8041.27 288.805 1040.1 1.16004e-10 1.49067 5.6188e-14 0.000766793 1.66532e-10 1.14143e-11 2.97243e-06 0.0302475 0.00571602 0.0107038 2.31806e-09 0.000410048 4.51451e-11 6.55973e-06 3.96638e-10 3.63574e-11 2.82535e-06 0.00030471 0.000435597 0.00194429 2.7976e-09 3.84949e-05 6.5996e-11 6.64997e-06 8.78824e+06 0.00734854 
635.5 0.00225256 0.000172141 33.0429 247275 52030 97798.8 0.0290375 3743.74 0.000607623 63.3196 3.35607e-12 2.53122e-14 0.000231596 7296.46 324.814 1177.39 2.28284e-10 1.68577 1.26128e-13 0.00090313 2.6877e-10 2.05394e-11 3.9426e-06 0.0295043 0.0062081 0.0116691 3.46469e-09 0.000446694 7.25002e-11 7.55514e-06 5.72888e-10 5.09738e-11 3.47698e-06 0.00030833 0.00046429 0.00207743 3.90311e-09 4.0085e-05 9.89594e-11 7.11892e-06 8.381e+06 0.007008 
660.5 0.00337102 0.000273694 41.4114 230528 53761.7 101400 0.0409648 3875.35 0.000921275 68.1479 6.7073e-12 5.01146e-14 0.000357061 6630.1 362.501 1321.53 4.39989e-10 1.88737 2.7676e-13 0.00102504 4.20518e-10 3.41419e-11 5.16586e-06 0.0287572 0.00670649 0.0126492 5.11015e-09 0.000483431 1.14924e-10 8.50111e-06 8.12321e-10 7.13153e-11 4.22557e-06 0.000312438 0.000493085 0.00220289 5.36403e-09 4.16539e-05 1.46003e-10 7.4565e-06 8.01636e+06 0.0067031 
685.5 0.00494485 0.000415498 51.5699 214820 55299.7 104582 0.0573988 3988.63 0.00138529 72.0781 1.29843e-11 9.73742e-14 0.00054417 6017.09 400.779 1467.18 8.35538e-10 2.0885 5.94798e-13 0.00112688 6.44664e-10 5.41687e-11 6.72321e-06 0.0280063 0.00720947 0.0136345 7.48313e-09 0.00052 1.80601e-10 9.39688e-06 1.13012e-09 9.87953e-11 5.07368e-06 0.000315831 0.000522945 0.00231912 7.27548e-09 4.33414e-05 2.11961e-10 7.65577e-06 7.67043e+06 0.00641384 
710.5 0.00712501 0.000610397 63.8076 200803 56863.5 107831 0.0798388 4098.14 0.00206028 74.8921 2.45406e-11 1.85492e-13 0.000819842 5473.07 441.091 1622 1.56505e-09 2.29428 1.25182e-12 0.0011983 9.66974e-10 8.28404e-11 8.65968e-06 0.0272521 0.00771726 0.0146344 1.08354e-08 0.000556182 2.79612e-10 1.0164e-05 1.54774e-09 1.35321e-10 6.02289e-06 0.00031902 0.000553968 0.00244252 9.74661e-09 4.50753e-05 3.02834e-10 7.70197e-06 7.36836e+06 0.00616126 
735.5 0.0100734 0.000872752 78.2751 187809 58351.6 111006 0.109983 4195.34 0.00301974 76.2525 4.48828e-11 3.4183e-13 0.00121869 4976.75 482.776 1785.38 2.88391e-09 2.49861 2.56616e-12 0.00122894 1.42111e-09 1.23123e-10 1.10426e-05 0.0264951 0.00823193 0.0156601 1.55158e-08 0.000591856 4.26008e-10 1.07573e-05 2.0766e-09 1.81836e-10 7.07008e-06 0.000322978 0.000585484 0.00257537 1.28883e-08 4.68771e-05 4.24896e-10 7.59299e-06 7.08845e+06 0.0059272 
760.5 0.0140111 0.00122227 95.3115 175967 59843.6 114195 0.15013 4284.24 0.00435938 76.2185 8.01193e-11 6.14841e-13 0.00178943 4529.14 526.346 1957.34 5.23709e-09 2.70052 5.12873e-12 0.00121766 2.04906e-09 1.78751e-10 1.39388e-05 0.0257344 0.00875183 0.0167004 2.19557e-08 0.00062655 6.37538e-10 1.11466e-05 2.74197e-09 2.4076e-10 8.21e-06 0.000327315 0.000617163 0.00271056 1.68477e-08 4.87197e-05 5.86172e-10 7.33696e-06 6.83784e+06 0.00571765 
785.5 0.0192588 0.00168635 115.386 165377 61434.7 117617 0.203397 4371.02 0.00621243 75.0135 1.40253e-10 1.08158e-12 0.00260119 4130.3 572.676 2142.27 9.39366e-09 2.90183 1.00325e-11 0.00117105 2.90794e-09 2.54627e-10 1.74225e-05 0.0249707 0.00927619 0.0177593 3.07115e-08 0.000659992 9.3803e-10 1.13265e-05 3.56666e-09 3.13809e-10 9.44553e-06 0.000331299 0.00064982 0.00284169 2.17985e-08 5.0639e-05 7.96822e-10 6.96641e-06 6.62284e+06 0.00553787 
810.5 0.0261564 0.00229414 138.741 155570 63024.6 121062 0.273063 4447.05 0.00872636 72.7219 2.41664e-10 1.86863e-12 0.00373812 3766.11 620.976 2336.97 1.66033e-08 3.09458 1.9174e-11 0.00109413 4.06943e-09 3.56923e-10 2.15854e-05 0.0242037 0.00980541 0.018835 4.24833e-08 0.000691874 1.35765e-09 1.13141e-05 4.58671e-09 4.04139e-10 1.0754e-05 0.000335579 0.000682548 0.00297179 2.78983e-08 5.26047e-05 1.06765e-09 6.49739e-06 6.42753e+06 0.00537456 
835.5 0.0352177 0.00308958 165.733 146376 64585.4 124434 0.363492 4509.74 0.0120995 69.6364 4.1157e-10 3.18373e-12 0.00531534 3430.69 670.953 2538.59 2.8955e-08 3.27433 3.5882e-11 0.000998709 5.6378e-09 4.94593e-10 2.65313e-05 0.0234325 0.0103391 0.0199199 5.81893e-08 0.000721938 1.93694e-09 1.11477e-05 5.83961e-09 5.14822e-10 1.2124e-05 0.00033998 0.000715566 0.0030962 3.53446e-08 5.45358e-05 1.41153e-09 5.96713e-06 6.24671e+06 0.00522336 
860.5 0.0471779 0.00413486 196.888 138018 66260.8 128064 0.480226 4567.37 0.0165963 66.096 6.97772e-10 5.38776e-12 0.00748709 3128.01 724.219 2755.72 4.98913e-08 3.44418 6.60152e-11 0.000896214 7.74525e-09 6.78826e-10 3.23233e-05 0.0226586 0.0108781 0.0210244 7.88393e-08 0.000749831 2.72463e-09 1.08511e-05 7.38682e-09 6.50931e-10 1.35782e-05 0.000344519 0.000749929 0.00322227 4.44421e-08 5.64651e-05 1.84775e-09 5.42098e-06 6.0912e+06 0.00509333 
885.5 0.0627714 0.00549085 232.062 130030 67880.5 131611 0.628033 4607.27 0.0224782 62.1947 1.17635e-09 9.04874e-12 0.0104139 2846.02 779.07 2981.52 8.46091e-08 3.5924 1.19108e-10 0.000792154 1.05634e-08 9.24021e-10 3.90523e-05 0.0218819 0.0114232 0.022148 1.05688e-07 0.000775329 3.78272e-09 1.04664e-05 9.29382e-09 8.17889e-10 1.50798e-05 0.000349479 0.000784557 0.00334808 5.53933e-08 5.8385e-05 2.39478e-09 4.87463e-06 5.94234e+06 0.00496885 
910.5 0.0835774 0.00729196 272.449 122647 69583.2 135375 0.817364 4637.9 0.0302657 58.4311 1.99339e-09 1.52585e-11 0.0143763 2588.9 836.993 3223.3 1.42307e-07 3.72204 2.12921e-10 0.000697483 1.43803e-08 1.25465e-09 4.68774e-05 0.0211026 0.0119725 0.0232925 1.40635e-07 0.000797994 5.2075e-09 1.00536e-05 1.167e-08 1.02529e-09 1.66157e-05 0.000354539 0.000820277 0.00347238 6.86075e-08 6.01504e-05 3.08497e-09 4.35125e-06 5.81194e+06 0.00485982 
935.5 0.110967 0.00965353 317.873 115687 71311 139237 1.05598 4656.54 0.0404193 54.8048 3.37648e-09 2.57024e-11 0.0196241 2351.56 897.41 3478.86 2.36336e-07 3.83033 3.75494e-10 0.000612449 1.94914e-08 1.69565e-09 5.58347e-05 0.0203206 0.0125259 0.0244572 1.85485e-07 0.000817927 7.0997e-09 9.62652e-06 1.46003e-08 1.28039e-09 1.81517e-05 0.000359491 0.000856703 0.0035935 8.43102e-08 6.16313e-05 3.94336e-09 3.86102e-06 5.6931e+06 0.00476045 
960.5 0.14731 0.0127732 368.502 109007 73001.4 143118 1.35474 4656.99 0.0536206 51.4303 5.75378e-09 4.35099e-11 0.0265062 2130.43 959.608 3748.8 3.8821e-07 3.90891 6.55744e-10 0.000539439 2.64019e-08 2.28931e-09 6.60455e-05 0.0195371 0.0130838 0.0256507 2.42806e-07 0.000834658 9.61026e-09 9.2177e-06 1.82804e-08 1.59913e-09 1.97132e-05 0.000364432 0.000895224 0.00373223 1.03069e-07 6.2682e-05 5.01698e-09 3.42288e-06 5.57951e+06 0.00466547 
985.5 0.19609 0.0169423 425.709 102777 74783.8 147250 1.73113 4647.58 0.070907 48.5077 9.87278e-09 7.4121e-11 0.0355225 1927.99 1025.15 4037.79 6.32179e-07 3.96272 1.13728e-09 0.000479383 3.57767e-08 3.09113e-09 7.76709e-05 0.0187517 0.0136444 0.0268659 3.15847e-07 0.000847954 1.2937e-08 8.85026e-06 2.28325e-08 1.99207e-09 2.11741e-05 0.000369232 0.000933672 0.00386282 1.24829e-07 6.30451e-05 6.33485e-09 3.02267e-06 5.48093e+06 0.00458303 
1010.5 0.260576 0.0224314 488.149 96705.7 76495.9 151318 2.19458 4618.73 0.0931405 45.8429 1.69883e-08 1.26597e-10 0.0470153 1737.97 1092.09 4339.35 1.01634e-06 3.98403 1.95306e-09 0.000428889 4.84044e-08 4.16683e-09 9.0678e-05 0.0179639 0.0142098 0.0281086 4.07663e-07 0.00085797 1.73017e-08 8.51572e-06 2.85089e-08 2.48072e-09 2.26057e-05 0.000374069 0.000973258 0.00399725 1.50353e-07 6.29096e-05 7.9655e-09 2.67439e-06 5.38332e+06 0.00450141 
1035.5 0.347219 0.0297767 557.888 91047.5 78337.1 155675 2.77195 4583.4 0.122092 43.621 2.94373e-08 2.17684e-10 0.0617164 1564.41 1162.98 4661.35 1.61987e-06 3.98309 3.33656e-09 0.000388424 6.54948e-08 5.61669e-09 0.000105233 0.017174 0.0147765 0.0293645 5.22866e-07 0.000864554 2.30299e-08 8.2281e-06 3.554e-08 3.08446e-09 2.38208e-05 0.000378919 0.00101193 0.00412092 1.7934e-07 6.21758e-05 9.94943e-09 2.35916e-06 5.30146e+06 0.00443297 
1060.5 0.462198 0.0394681 633.612 85625.5 80218.9 160217 3.47442 4536.28 0.159068 41.6693 5.10912e-08 3.74508e-10 0.080055 1403.48 1236.96 5005.57 2.54452e-06 3.95634 5.63641e-09 0.000354948 8.84283e-08 7.55109e-09 0.000121223 0.016382 0.0153476 0.0306528 6.64729e-07 0.000867887 3.04331e-08 7.97223e-06 4.42183e-08 3.82523e-09 2.49224e-05 0.000383753 0.00105238 0.00425158 2.12028e-07 6.08634e-05 1.23365e-08 2.08628e-06 5.22681e+06 0.00437055 
1085.5 0.616262 0.0523979 717.096 80617 82340.8 165345 4.33774 4488.66 0.206911 40.066 8.90197e-08 6.46918e-10 0.102909 1257.45 1317.19 5385.84 3.96098e-06 3.91379 9.48392e-09 0.000328151 1.19161e-07 1.01317e-08 0.000138658 0.0155882 0.0159215 0.0319713 8.38749e-07 0.000867931 4.00084e-08 7.74719e-06 5.48962e-08 4.73679e-09 2.59316e-05 0.000388655 0.00109524 0.00438691 2.49795e-07 5.88997e-05 1.52691e-08 1.85273e-06 5.17168e+06 0.00432444 
1110.5 0.81884 0.0693816 806.324 75740.3 84463.4 170585 5.38614 4427.82 0.268297 38.6398 1.5451e-07 1.1152e-09 0.130628 1121.19 1399.98 5787.96 6.10453e-06 3.84545 1.58745e-08 0.000305439 1.59926e-07 1.35508e-08 0.000157481 0.0147927 0.0164963 0.0333165 1.05195e-06 0.000864787 5.24004e-08 7.54664e-06 6.78287e-08 5.84677e-09 2.66873e-05 0.000393386 0.00113903 0.00452131 2.92665e-07 5.64676e-05 1.88312e-08 1.644e-06 5.12013e+06 0.00428134 
1135.5 1.08815 0.0919276 903.548 71197.8 86841.3 176464 6.6691 4366.39 0.347709 37.4728 2.68043e-07 1.92343e-09 0.164238 997.297 1489.63 6231.74 9.33254e-06 3.76234 2.64784e-08 0.00028684 2.13908e-07 1.80711e-08 0.00017762 0.0139961 0.0170713 0.0346894 1.31101e-06 0.000858346 6.83527e-08 7.36641e-06 8.32774e-08 7.17934e-09 2.71516e-05 0.000398223 0.00118422 0.00465668 3.40349e-07 5.33398e-05 2.30878e-08 1.45708e-06 5.08698e+06 0.00425362 
1160.5 1.44099 0.121436 1006.5 66815.6 89326.9 182735 8.21317 4296.96 0.449074 36.4187 4.62424e-07 3.30238e-09 0.203887 882.703 1583.89 6712.89 1.41084e-05 3.6598 4.38523e-08 0.000270413 2.84653e-07 2.39885e-08 0.000198823 0.0131987 0.0176456 0.0360975 1.62243e-06 0.000848821 8.871e-08 7.19413e-06 1.01585e-07 8.76958e-09 2.73009e-05 0.000402706 0.00123051 0.00479906 3.9332e-07 4.95887e-05 2.81622e-08 1.2891e-06 5.06227e+06 0.00423296 
1185.5 1.90195 0.159975 1114.78 62598.7 91975.4 189513 10.0684 4221.06 0.578386 35.4496 7.9287e-07 5.64109e-09 0.249891 777.095 1684.04 7237.71 2.11112e-05 3.53989 7.21534e-08 0.000255482 3.76767e-07 3.16903e-08 0.000220833 0.0124005 0.0182199 0.0375416 1.9945e-06 0.000836174 1.14576e-07 7.02241e-06 1.22925e-07 1.06397e-08 2.71148e-05 0.000406984 0.00127837 0.00493809 4.51655e-07 4.52638e-05 3.41417e-08 1.13823e-06 5.04806e+06 0.00422108 
1210.5 2.49952 0.209948 1227.35 58548.3 94804.1 196920 12.2822 4140.4 0.742337 34.5211 1.34792e-06 9.56429e-09 0.302111 680.214 1790.16 7815.15 3.1235e-05 3.40577 1.17737e-07 0.000241242 4.95369e-07 4.16087e-08 0.000243243 0.0116035 0.0187888 0.0390267 2.43415e-06 0.000820569 1.47121e-07 6.8416e-06 1.47472e-07 1.28148e-08 2.65901e-05 0.000410978 0.00132841 0.00507649 5.15024e-07 4.05112e-05 4.1102e-08 1.00158e-06 5.04576e+06 0.00421916 
1235.5 3.27157 0.274561 1344.4 54719.3 97999.7 205323 14.9253 4061.85 0.949989 33.63 2.26916e-06 1.60737e-08 0.36029 592.195 1906.3 8463.52 4.57123e-05 3.26473 1.90418e-07 0.000227251 6.46101e-07 5.4223e-08 0.000265504 0.0108065 0.0193539 0.0405491 2.9476e-06 0.000802173 1.87613e-07 6.64158e-06 1.75182e-07 1.53055e-08 2.57092e-05 0.000414947 0.00137839 0.00521832 5.82566e-07 3.55997e-05 4.90603e-08 8.77003e-07 5.06356e+06 0.00423404 
1260.5 4.25721 0.357184 1462.84 51022.9 101473 214629 18.0481 3980.54 1.21033 32.6951 3.77132e-06 2.66999e-08 0.422922 511.698 2030.78 9185.04 6.60866e-05 3.1137 3.04556e-07 0.0002127 8.35312e-07 7.00834e-08 0.000287026 0.0100113 0.0199101 0.0421126 3.54123e-06 0.000781026 2.3748e-07 6.41513e-06 2.05496e-07 1.80864e-08 2.44591e-05 0.000418761 0.00143123 0.00536038 6.53159e-07 3.06794e-05 5.79702e-08 7.61703e-07 5.09655e+06 0.00426163 
1285.5 5.51397 0.462824 1583.1 47518.5 105443 225358 21.7598 3902.87 1.53745 31.7278 6.18879e-06 4.38509e-08 0.488847 438.95 2168.15 10007.9 9.45591e-05 2.95841 4.82159e-07 0.000197473 1.06965e-06 8.97831e-08 0.000307104 0.00921809 0.0204548 0.043717 4.22117e-06 0.000757115 2.98249e-07 6.15487e-06 2.37495e-07 2.11094e-08 2.27669e-05 0.000422428 0.00148367 0.00550043 7.24743e-07 2.60275e-05 6.76845e-08 6.52171e-07 5.15492e+06 0.00431043 
1310.5 7.08394 0.595296 1699.34 44109.5 109817 237468 26.0983 3822.62 1.94096 30.6196 9.97191e-06 7.08166e-08 0.554137 372.751 2316.92 10942.8 0.000133498 2.79486 7.51838e-07 0.000180774 1.3537e-06 1.13757e-07 0.000324734 0.00842906 0.0209854 0.0453786 4.98722e-06 0.00073048 3.70905e-07 5.85121e-06 2.70318e-07 2.43284e-08 2.09684e-05 0.000425874 0.00153758 0.00564591 7.98921e-07 2.1897e-05 7.8109e-08 5.54998e-07 5.23303e+06 0.00437574 
1335.5 9.03575 0.76086 1810.86 40848.5 114862 251647 31.2021 3745.5 2.43845 29.3791 1.57671e-05 1.12415e-07 0.615681 313.264 2482.69 12030.8 0.000186281 2.62741 1.15499e-06 0.000162717 1.69107e-06 1.42398e-07 0.000338908 0.00764493 0.0214967 0.0470965 5.83957e-06 0.000700983 4.56364e-07 5.49839e-06 3.01894e-07 2.76018e-08 1.91818e-05 0.000428253 0.00159203 0.00578921 8.73292e-07 1.87424e-05 8.88364e-08 4.69714e-07 5.34322e+06 0.00446788 
1360.5 11.4317 0.965492 1914.28 37722.4 120737 268508 37.1926 3671.94 3.04603 27.9719 2.43893e-05 1.74903e-07 0.668874 260.084 2668.85 13319.1 0.000256746 2.45635 1.7433e-06 0.000143314 2.08123e-06 1.75776e-07 0.000348511 0.0068677 0.0219813 0.0488843 6.77125e-06 0.000668509 5.54556e-07 5.09254e-06 3.29772e-07 3.07471e-08 1.77325e-05 0.000430377 0.00164642 0.00593171 9.45038e-07 1.72041e-05 9.92449e-08 3.97148e-07 5.49273e+06 0.0045929 
1385.5 14.3081 1.21335 2002.57 34641.4 127394 288234 44.12 3594.06 3.77307 26.3256 3.6746e-05 2.65606e-07 0.707764 212.352 2873.95 14837.5 0.000348548 2.27618 2.57353e-06 0.00012269 2.51929e-06 2.1364e-07 0.000352602 0.00609948 0.0224308 0.0507508 7.76843e-06 0.000632824 6.64344e-07 4.63528e-06 3.51051e-07 3.3535e-08 1.7071e-05 0.000431414 0.00169947 0.00607164 1.01095e-06 1.76569e-05 1.08541e-07 3.41822e-07 5.6794e+06 0.00474899 
1410.5 17.7368 1.51197 2075.85 31692.2 135463 312657 52.2354 3521.23 4.64174 24.4851 5.38022e-05 3.92834e-07 0.728267 170.417 3111.47 16707.1 0.000466639 2.09249 3.71064e-06 0.000101622 2.98992e-06 2.54876e-07 0.000349929 0.00534241 0.0228353 0.0527051 8.8054e-06 0.000593579 7.82465e-07 4.12749e-06 3.60406e-07 3.54834e-08 1.7738e-05 0.00043143 0.00174817 0.00620633 1.06152e-06 1.99689e-05 1.15134e-07 3.07159e-07 5.9322e+06 0.00496037 
1435.5 21.6847 1.86055 2123.55 28794.1 145116 342815 61.5621 3444.32 5.64923 22.3767 7.58928e-05 5.61097e-07 0.722877 133.602 3384.04 19024.7 0.00061274 1.89855 5.18363e-06 8.05294e-05 3.46391e-06 2.97204e-07 0.000339216 0.00459957 0.0231809 0.0547611 9.8339e-06 0.000550195 9.02406e-07 3.57445e-06 3.52685e-07 3.60416e-08 2.0118e-05 0.000430725 0.00179244 0.00634109 1.08319e-06 2.36488e-05 1.17023e-07 2.95028e-07 6.26019e+06 0.00523463 
1460.5 26.1449 2.26107 2143.73 25985.6 157270 382006 72.307 3366.66 6.8015 20.0457 0.000102636 7.70388e-07 0.68903 101.901 3709.86 22037.1 0.000787114 1.69521 6.98226e-06 6.05157e-05 3.8979e-06 3.37099e-07 0.000319604 0.00387415 0.023447 0.0569525 1.07801e-05 0.000501929 1.01402e-06 2.98858e-06 3.28884e-07 3.49283e-08 2.40691e-05 0.000427971 0.00182562 0.00647104 1.067e-06 2.83265e-05 1.12832e-07 3.0095e-07 6.70745e+06 0.00560862 
1485.5 30.8857 2.69684 2122.54 23163.4 172465 433119 84.2232 3272.04 8.05067 17.4551 0.000131249 1.0032e-06 0.622893 74.7534 4096.28 25996.5 0.000978192 1.47392 8.94744e-06 4.24238e-05 4.22772e-06 3.69151e-07 0.000290539 0.00317067 0.0236074 0.0592866 1.15287e-05 0.000447886 1.102e-06 2.38931e-06 3.03462e-07 3.239e-08 2.91581e-05 0.000423477 0.00184363 0.00660126 9.9322e-07 3.39486e-05 1.0173e-07 3.13522e-07 7.30552e+06 0.00610871 
1510.5 35.6568 3.14946 2056.9 20368.1 192713 504441 97.1527 3158.34 9.34481 14.7029 0.00015671 1.22363e-06 0.528371 52.2542 4579.07 31554.9 0.00116292 1.23596 1.0768e-05 2.73294e-05 4.36997e-06 3.85987e-07 0.000252086 0.00249625 0.0236183 0.0618226 1.19067e-05 0.000387075 1.14527e-06 1.80194e-06 3.30511e-07 3.12664e-08 3.47546e-05 0.00041575 0.00183661 0.00672579 8.67933e-07 4.05882e-05 8.97294e-08 3.20029e-07 8.15949e+06 0.00682278 
1535.5 39.7244 3.557 1928.13 17476.2 220080 607337 109.687 2994.34 10.5049 11.8119 0.000170035 1.3605e-06 0.410508 34.0148 5183.42 39686 0.00128698 0.975752 1.18402e-05 1.57442e-05 4.22671e-06 3.78468e-07 0.000205155 0.00185948 0.0234167 0.0646211 1.16708e-05 0.0003186 1.11773e-06 1.25679e-06 4.76181e-07 3.89906e-08 3.98736e-05 0.000401919 0.00178285 0.00683665 8.53811e-07 4.8111e-05 1.02338e-07 3.09303e-07 9.39843e+06 0.00785876 
1560.5 41.9409 3.8158 1721.62 14420.1 258612 765871 118.909 2743.3 11.2257 8.90994 0.000161501 1.3274e-06 0.283211 20.0071 5950.89 52462.7 0.00127074 0.70078 1.14359e-05 7.87372e-06 3.71263e-06 3.37777e-07 0.000152399 0.00127647 0.0228925 0.0677954 1.05259e-05 0.000242839 9.93705e-07 7.88713e-07 7.1591e-07 5.83829e-08 4.29493e-05 0.000376365 0.00164633 0.00691511 1.30044e-06 5.53416e-05 1.57693e-07 2.73712e-07 1.12968e+07 0.00944614 
1585.5 40.4175 3.74242 1417.35 11074.7 311797 1.02046e+06 118.575 2341.39 10.9623 6.14171 0.000126685 1.06992e-06 0.165227 10.1144 6841.46 73675.9 0.00104298 0.432289 9.11476e-06 3.28698e-06 2.83305e-06 2.62324e-07 9.93487e-05 0.00077628 0.0218553 0.071529 8.31148e-06 0.000164119 7.68395e-07 4.30501e-07 9.23981e-07 7.86265e-08 4.13686e-05 0.000326117 0.00137652 0.00692013 2.00672e-06 5.80175e-05 2.20146e-07 2.12293e-07 1.42664e+07 0.0119293 
1610.5 33.5683 3.16106 1022.76 7509.7 375646 1.42299e+06 101.561 1755.29 9.20162 3.72715 7.64095e-05 6.60323e-07 0.0767388 4.1196 7563.74 109094 0.000649241 0.212555 5.54227e-06 1.10018e-06 1.79434e-06 1.68969e-07 5.46699e-05 0.000401419 0.0200796 0.0760634 5.42875e-06 9.38261e-05 4.91858e-07 1.99229e-07 9.29887e-07 8.21332e-08 3.3364e-05 0.000243042 0.00105759 0.00676758 2.28752e-06 5.05809e-05 2.33085e-07 1.38262e-07 1.87079e+07 0.0156431 
1635.5 22.4687 2.14173 608.13 4208.34 431293 1.99723e+06 68.9191 1075.69 6.17834 1.90373 3.32838e-05 2.91069e-07 0.0268748 1.27081 7598.15 163451 0.000280969 0.0776053 2.394e-06 2.86297e-07 9.14825e-07 8.72015e-08 2.47603e-05 0.000171345 0.0175603 0.0813183 2.80608e-06 4.37974e-05 2.51554e-07 7.75115e-08 7.19904e-07 6.51686e-08 2.19351e-05 0.000149609 0.000999142 0.00650553 1.88831e-06 3.52353e-05 1.84915e-07 7.51579e-08 2.45607e+07 0.0205371 
1660.5 11.6029 1.11044 285.668 1859.77 458944 2.72701e+06 35.1665 513.161 3.1648 0.791779 1.02839e-05 8.94937e-08 0.0069851 0.289959 6742.4 237829 8.16063e-05 0.020487 7.16878e-07 5.77238e-08 3.69199e-07 3.53336e-08 9.08983e-06 5.91771e-05 0.0146034 0.0867723 1.11898e-06 1.63286e-05 1.00702e-07 2.51941e-08 4.36945e-07 3.99898e-08 1.18168e-05 7.56599e-05 0.00113206 0.00618054 1.15955e-06 1.96282e-05 1.1256e-07 3.467e-08 3.14272e+07 0.0262787 
1685.5 4.63748 0.441277 106.131 647.077 458630 3.62452e+06 13.5703 190.599 1.23903 0.267436 2.34953e-06 1.99651e-08 0.00140063 0.0506235 5386.58 334273 1.64743e-05 0.00405689 1.54697e-07 9.32709e-09 1.17532e-07 1.11837e-08 2.68978e-06 1.63995e-05 0.0116235 0.0918595 3.43924e-07 4.83051e-06 3.14019e-08 6.77789e-09 2.13851e-07 1.95172e-08 5.31625e-06 3.18442e-05 0.00118823 0.00579817 5.47027e-07 8.91536e-06 5.41714e-08 1.38002e-08 3.94572e+07 0.0329932 
1710.5 1.48005 0.138682 32.0697 182.174 446003 4.81063e+06 4.17202 56.8304 0.382595 0.0746453 4.2707e-07 3.48426e-09 0.000230672 0.00719633 4042.15 464123 2.49539e-06 0.000646452 2.59412e-08 1.26421e-09 2.95906e-08 2.77268e-09 6.4117e-07 3.6422e-06 0.00891694 0.0961791 8.34113e-08 1.13621e-06 7.64923e-09 1.49239e-09 8.75375e-08 7.8723e-09 2.04957e-06 1.14285e-05 0.00114143 0.0053677 2.07202e-07 3.4108e-06 2.14507e-08 4.80084e-09 5.00174e+07 0.0418235 
1735.5 0.390413 0.035726 8.13925 42.8743 433064 6.521e+06 1.13157 14.093 0.0965583 0.0175998 6.41974e-08 4.99933e-10 3.17458e-05 0.000852611 2935.03 650774 3.0428e-07 8.59516e-05 3.56726e-09 1.44776e-10 5.96044e-09 5.45429e-10 1.24262e-07 6.54563e-07 0.0066116 0.0995561 1.72757e-08 2.15158e-07 1.47416e-09 2.68696e-10 3.0734e-08 2.70832e-09 6.84998e-07 3.54801e-06 0.00104688 0.00489467 6.59317e-08 1.12514e-06 7.23106e-09 1.46222e-09 6.55007e+07 0.0547702 
1760.5 0.0866655 0.00770273 1.76514 8.5873 435516 9.46646e+06 0.331456 2.96495 0.0203326 0.00354338 7.21804e-09 5.39698e-11 3.28882e-06 7.62311e-05 2128.45 967862 2.82081e-08 8.64732e-06 3.69267e-10 1.27288e-11 9.34367e-10 8.30454e-11 1.90305e-08 9.25822e-08 0.00469543 0.102061 3.57353e-09 3.1966e-08 2.19211e-10 3.82022e-11 8.77194e-09 7.58267e-10 1.87338e-07 9.01831e-07 0.000948888 0.00429208 1.7069e-08 3.03657e-07 1.98321e-09 3.68475e-10 9.27532e+07 0.0775582 
1785.5 0.015544 0.00133776 0.315245 1.41023 477410 1.62033e+07 0.132361 0.50995 0.00343751 0.000583843 4.772e-10 3.43152e-12 2.06615e-07 4.12246e-06 1578.05 1.68435e+06 1.6105e-09 5.21234e-07 2.24546e-11 6.89806e-13 9.96028e-11 8.57209e-12 2.02002e-09 9.03642e-09 0.00305914 0.103827 8.48139e-10 3.26765e-09 2.20268e-11 3.74114e-12 1.74581e-09 1.48037e-10 3.63299e-08 1.62278e-07 0.000868009 0.00358716 3.09845e-09 5.76999e-08 3.78681e-10 6.63787e-11 1.5606e+08 0.130494 
1810.5 0.00188363 0.000156628 0.0392416 0.161127 648742 4.39183e+07 0.0693299 0.0607622 0.000391671 5.99973e-05 1.20117e-11 8.23252e-14 5.25905e-09 8.91489e-08 1220.88 4.6292e+06 5.5069e-11 1.23456e-08 5.11063e-13 1.53633e-14 4.51821e-12 3.757e-13 9.41277e-11 3.86491e-10 0.00155612 0.105346 1.663e-10 1.45749e-10 9.39491e-13 1.43914e-13 1.69681e-10 1.40474e-11 3.55048e-09 1.46181e-08 0.000712022 0.00249577 3.23167e-10 5.43984e-09 3.49998e-11 6.06885e-12 4.16897e+08 0.3486 
1835.5 -1.20899e-05 1.27222e-06 -0.00425081 0.000504548 1.12063e+06 3.02953e+08 0.0272642 0.000493938 8.92563e-06 -0.00242279 3.20735e-14 2.05671e-16 1.63108e-11 2.23853e-10 737.217 3.25717e+07 2.40559e-12 3.31535e-11 1.18186e-15 3.95255e-13 0.0 0.0 0.0 0.0 0.0 0.0 0.0 0.0 0.0 0.0 0.0 0.0 0.0 0.0 0.0 0.0 0.0 0.0 0.0 0.0 -1.47677e+09 -1.23484 
1860.5 -1.94399e-06 -9.6391e-08 -0.000176627 -0.000125353 18294.2 4.97256e+06 0.000331015 -3.13667e-05 -1.25518e-07 -1.71031e-05 5.41057e-18 5.22437e-20 2.24112e-15 5.34902e-15 10.3431 546534 1.59396e-14 4.56891e-15 1.30368e-20 4.68903e-15 -4.2964e-14 -2.13033e-15 -3.90361e-12 -2.77043e-12 0.000404319 0.109898 7.31575e-12 -6.93233e-13 -2.77406e-15 -3.77994e-13 3.43122e-13 3.39131e-14 5.85599e-12 1.0514e-11 0.000255182 0.00112608 1.72847e-11 1.00248e-11 1.67461e-14 1.0173e-11 4.52469e+07 0.0378345 
1885.5 0 0 0 0 0 0 0 0 0 0 0 0 0 0 0 0 0 0 0 0 0.0 0.0 0.0 0.0 0.0 0.0 0.0 0.0 0.0 0.0 0.0 0.0 0.0 0.0 0.0 0.0 0.0 0.0 0.0 0.0 0 0 
