310.5 481.863 -2.22975e-05 25.0397 -2.43508e-07 932.43 0.00113123 2129.48 -7.16665e-07 203.254 0.0563052 0.00066644 5.67474e-18 1.78258e-06 6.22632e-21 0.00247709 1.56303e-13 0.0129735 1.88936e-19 0.00011771 9.02575e-12 0.0 0.0 0.0 0.0 0.0 0.0 0.0 0.0 0.0 0.0 0.0 0.0 0.0 0.0 0.0 0.0 0.0 0.0 0.0 0.0 -2.02275e+09 -1.03865 
335.5 477.973 -7.44366e-06 24.5327 8.81941e-09 920.591 0.00180575 2097.07 -4.86664e-08 198.919 0.0544294 0.00198618 9.23939e-19 5.22447e-06 2.19563e-21 0.0073697 3.30795e-12 0.038276 3.17022e-19 0.000345684 2.58716e-11 3.97676e-06 -6.19316e-14 2.04113e-07 7.33779e-17 7.65936e-06 1.50239e-11 1.74477e-05 -4.04906e-16 1.65502e-06 4.52855e-10 8.42911e-07 6.2062e-14 4.2493e-08 4.27345e-15 1.62802e-06 1.65217e-10 3.74629e-06 5.13563e-14 3.70164e-07 1.00874e-10 1.20192e+08 0.0617167 
360.5 440.106 -4.06785e-06 22.4175 6.08602e-08 846.237 0.00485707 1920.38 1.42539e-06 181.911 0.0492674 0.00304517 4.84786e-19 7.89633e-06 6.59508e-21 0.011271 2.08405e-11 0.0580987 2.13712e-18 0.00052444 3.85134e-11 6.78348e-06 -6.26988e-14 3.45526e-07 9.38054e-16 1.30433e-05 7.48633e-11 2.95994e-05 2.19698e-14 2.80384e-06 7.59372e-10 9.59383e-07 5.95063e-14 4.81636e-08 1.00385e-14 1.8962e-06 5.61797e-10 4.40098e-06 1.80159e-13 4.70969e-07 1.30273e-10 6.48792e+07 0.0333145 
385.5 434.3 -2.65606e-06 21.8983 2.04652e-07 826.871 0.0099201 1880.22 4.51936e-06 176.818 0.0479344 0.00423222 3.24682e-19 1.07633e-05 3.14788e-20 0.0153799 7.57037e-11 0.0795367 1.15302e-17 0.000709201 5.21887e-11 9.61645e-06 -5.88114e-14 4.84882e-07 4.53147e-15 1.83089e-05 2.19655e-10 4.16325e-05 1.00069e-13 3.91517e-06 1.06138e-09 1.11149e-06 6.10773e-14 5.67051e-08 2.60092e-14 2.30904e-06 1.27594e-09 5.27905e-06 4.9527e-13 6.12249e-07 1.70444e-10 4.51623e+07 0.0231902 
410.5 453.801 -2.11515e-06 22.716 5.35012e-07 856.926 0.017083 1953.7 9.83233e-06 182.679 0.0497435 0.00571697 2.53071e-19 1.43373e-05 1.68837e-19 0.0204606 2.08303e-10 0.106262 4.65673e-17 0.000938529 6.96735e-11 1.24649e-05 -5.80985e-14 6.23957e-07 1.46956e-14 2.35379e-05 4.69232e-10 5.36637e-05 2.70073e-13 5.01779e-06 1.36635e-09 1.28775e-06 5.97986e-14 6.7015e-08 6.64952e-14 2.82415e-06 2.34552e-09 6.2442e-06 1.09825e-12 7.75295e-07 2.16515e-10 3.64063e+07 0.0186941 
435.5 430.418 -1.40687e-06 21.2328 1.21885e-06 802.824 0.0269112 1834.71 1.83801e-05 170 0.0461129 0.00670369 3.67969e-19 1.63351e-05 7.70745e-19 0.023442 4.88599e-10 0.122169 1.54684e-16 0.00106259 7.82047e-11 1.54214e-05 -5.04068e-14 7.60749e-07 4.36702e-14 2.87644e-05 9.64201e-10 6.57358e-05 6.58542e-13 6.09093e-06 1.65218e-09 1.53802e-06 1.03165e-13 8.08163e-08 1.60337e-13 3.53763e-06 4.07141e-09 7.48197e-06 2.26019e-12 9.85888e-07 2.68879e-10 2.79103e+07 0.0143316 
460.5 426.363 -1.0442e-06 20.7716 2.52991e-06 786.919 0.040105 1803.11 3.15238e-05 165.803 0.0448526 0.00794604 1.05839e-18 1.88955e-05 3.2495e-18 0.0272392 1.04053e-09 0.142529 4.46604e-16 0.00122425 8.96111e-11 1.84615e-05 -4.52139e-14 8.99411e-07 1.09545e-13 3.40736e-05 1.73655e-09 7.80744e-05 1.36498e-12 7.17928e-06 1.94212e-09 1.79896e-06 2.09246e-13 9.6101e-08 3.58752e-13 4.2952e-06 6.48378e-09 8.71151e-06 4.18029e-12 1.21159e-06 3.29149e-10 2.30947e+07 0.0118588 
485.5 413.142 -7.87678e-07 19.8877 4.91886e-06 753.769 0.0577014 1734.24 5.09491e-05 158.209 0.0428006 0.00900592 4.52777e-18 2.09226e-05 1.20921e-17 0.0302067 2.06125e-09 0.15916 1.16442e-15 0.00134971 9.88485e-11 2.15966e-05 -4.11751e-14 1.03961e-06 2.57129e-13 3.94025e-05 3.01628e-09 9.06559e-05 2.66331e-12 8.27024e-06 2.23736e-09 2.08899e-06 4.84757e-13 1.13682e-07 7.52321e-13 5.14453e-06 9.93237e-09 1.00707e-05 7.33319e-12 1.46897e-06 4.01789e-10 1.913e+07 0.00982296 
510.5 405.897 -6.08715e-07 19.281 9.18006e-06 731.214 0.0817482 1689.74 7.99024e-05 152.85 0.0412976 0.0101718 7.34361e-18 2.30228e-05 4.11855e-17 0.0332988 3.92677e-09 0.176772 2.83632e-15 0.00147848 1.07972e-10 2.48297e-05 -3.72365e-14 1.17946e-06 5.61565e-13 4.473e-05 5.00072e-09 0.000103365 4.88781e-12 9.35016e-06 2.52626e-09 2.39221e-06 6.69207e-13 1.3127e-07 1.48461e-12 6.01599e-06 1.46698e-08 1.13637e-05 1.22317e-11 1.73677e-06 4.72071e-10 1.63473e+07 0.0083941 
535.5 406.5 -4.85241e-07 19.0649 1.64244e-05 724.024 0.11348 1679.36 0.000121389 150.727 0.0405976 0.0115699 7.60423e-18 2.55457e-05 1.28646e-16 0.0370662 7.14902e-09 0.197995 6.46674e-15 0.0016353 1.18673e-10 2.82064e-05 -3.36701e-14 1.32288e-06 1.13967e-12 5.02389e-05 7.87417e-09 0.000116528 8.42302e-12 1.04587e-05 2.81701e-09 2.68572e-06 7.25612e-13 1.50194e-07 2.76184e-12 6.9294e-06 2.0834e-08 1.26387e-05 1.94363e-11 2.02135e-06 5.46851e-10 1.44116e+07 0.00740015 
560.5 418.301 -4.06933e-07 19.4208 2.86019e-05 738.556 0.156367 1718.58 0.000181326 153.285 0.0412038 0.0133453 3.56939e-18 2.88897e-05 3.76186e-16 0.0420442 1.26951e-08 0.22578 1.41022e-14 0.00184626 1.33502e-10 3.16267e-05 -3.07672e-14 1.46836e-06 2.16252e-12 5.58404e-05 1.18225e-08 0.000129938 1.37096e-11 1.15895e-05 3.11532e-09 2.95916e-06 5.18581e-13 1.67912e-07 4.87504e-12 7.79152e-06 2.8637e-08 1.36675e-05 2.96358e-11 2.29667e-06 6.23318e-10 1.32262e+07 0.00679146 
585.5 424.243 -3.3585e-07 19.4938 4.86679e-05 742.193 0.214001 1732.84 0.000267343 153.425 0.0411583 0.0150356 2.79011e-18 3.18908e-05 1.04175e-15 0.04653 2.21021e-08 0.251278 2.97247e-14 0.00202996 1.46324e-10 3.51351e-05 -2.78145e-14 1.61445e-06 4.0306e-12 6.14672e-05 1.77232e-08 0.000143511 2.21409e-11 1.27064e-05 3.40866e-09 3.27834e-06 4.79894e-13 1.86297e-07 8.36841e-12 8.67873e-06 3.89404e-08 1.46648e-05 4.4402e-11 2.58151e-06 7.06598e-10 1.20746e+07 0.00620014 
610.5 431.818 -2.73904e-07 19.6625 8.09926e-05 750.128 0.290661 1755.42 0.000389183 154.507 0.0412723 0.0168776 2.48381e-18 3.51566e-05 2.7346e-15 0.0515081 3.76854e-08 0.27921 6.05583e-14 0.00223429 1.59824e-10 3.8744e-05 -2.45755e-14 1.76418e-06 7.2669e-12 6.73038e-05 2.6079e-08 0.000157501 3.49187e-11 1.38628e-05 3.70308e-09 3.63522e-06 4.71435e-13 2.04988e-07 1.38762e-11 9.57432e-06 5.19725e-08 1.56467e-05 6.49165e-11 2.87917e-06 7.9191e-10 1.11454e+07 0.00572301 
635.5 439.867 -2.23547e-07 19.8212 0.000132411 757.995 0.392976 1778.61 0.000561708 155.445 0.0412995 0.0188462 2.24261e-18 3.84405e-05 6.89998e-15 0.056597 6.35096e-08 0.308211 1.20761e-13 0.00243639 1.72504e-10 4.2465e-05 -2.15814e-14 1.91355e-06 1.2783e-11 7.31773e-05 3.79382e-08 0.000171709 5.42277e-11 1.50068e-05 3.98708e-09 4.01788e-06 4.64798e-13 2.22259e-07 2.24215e-11 1.04402e-05 6.84978e-08 1.64634e-05 9.33686e-11 3.16332e-06 8.69967e-10 1.03583e+07 0.00531885 
660.5 444.25 -1.81965e-07 19.8205 0.000211646 759.76 0.525515 1787.97 0.000800166 155.143 0.0409873 0.0207553 1.40897e-18 4.14922e-05 1.66963e-14 0.0613855 1.05212e-07 0.335973 2.35104e-13 0.00262274 1.83897e-10 4.62959e-05 -1.89629e-14 2.06552e-06 2.20559e-11 7.91756e-05 5.47646e-08 0.000186327 8.33864e-11 1.61676e-05 4.27134e-09 4.43105e-06 3.82716e-13 2.39977e-07 3.54045e-11 1.13268e-05 8.92473e-08 1.71575e-05 1.32466e-10 3.45351e-06 9.59072e-10 9.59588e+06 0.00492735 
685.5 451.814 -1.46128e-07 20.0057 0.00033273 768.659 0.698194 1813.8 0.00113162 156.491 0.0410996 0.022891 1.41824e-18 4.5056e-05 3.90643e-14 0.0669748 1.72517e-07 0.368301 4.50258e-13 0.00284608 1.97587e-10 5.01909e-05 -1.6233e-14 2.22239e-06 3.69622e-11 8.53885e-05 7.75607e-08 0.00020149 1.25709e-10 1.73842e-05 4.56565e-09 4.87644e-06 3.96592e-13 2.57212e-07 5.45285e-11 1.22018e-05 1.14668e-07 1.7757e-05 1.84974e-10 3.73528e-06 1.05084e-09 9.00191e+06 0.00462235 
710.5 459.656 -1.04001e-07 20.217 0.000513492 778.35 0.91869 1842.16 0.00158558 158.021 0.0412584 0.0251235 5.5852e-19 4.87641e-05 8.83287e-14 0.072785 2.79102e-07 0.40243 8.4751e-13 0.00307558 2.11496e-10 5.41277e-05 -1.22469e-14 2.38069e-06 6.04673e-11 9.16562e-05 1.08182e-07 0.000216927 1.86713e-10 1.86081e-05 4.85847e-09 5.3535e-06 2.56163e-13 2.73141e-07 8.21281e-11 1.30421e-05 1.45475e-07 1.8209e-05 2.5483e-10 3.98864e-06 1.14037e-09 8.49206e+06 0.00436055 
735.5 470.878 -6.59661e-08 20.6289 0.000781006 796.162 1.20008 1887.92 0.00220909 161.401 0.0418305 0.0276219 1.8921e-19 5.31681e-05 1.94434e-13 0.0797616 4.46971e-07 0.442404 1.57832e-12 0.00336078 2.28107e-10 5.80743e-05 -8.13573e-15 2.54421e-06 9.63231e-11 9.81922e-05 1.48008e-07 0.000232841 2.72452e-10 1.99059e-05 5.15905e-09 5.83452e-06 1.52544e-13 2.90415e-07 1.21251e-10 1.39805e-05 1.82262e-07 1.86466e-05 3.47027e-10 4.27177e-06 1.2317e-09 8.10819e+06 0.00416344 
760.5 480.163 -1.4292e-08 20.9711 0.00117153 811.009 1.55665 1927.83 0.00306086 164.244 0.0422383 0.030096 2.13329e-19 5.7553e-05 4.17379e-13 0.0867043 7.09097e-07 0.482979 2.91033e-12 0.00364593 2.44093e-10 6.20336e-05 -1.84642e-15 2.70932e-06 1.51353e-10 0.000104776 2.01108e-07 0.000249062 3.95441e-10 2.12191e-05 5.45688e-09 6.32654e-06 1.66004e-13 3.08275e-07 1.7611e-10 1.49486e-05 2.26199e-07 1.91156e-05 4.68635e-10 4.55823e-06 1.32573e-09 7.74037e+06 0.00397457 
785.5 484.667 3.97858e-08 21.1085 0.00173445 817.99 2.00437 1949.69 0.0042175 165.496 0.0421377 0.0323445 2.47403e-20 6.14899e-05 8.7602e-13 0.0930371 1.11463e-06 0.520716 5.31759e-12 0.00390367 2.56721e-10 6.60327e-05 5.42056e-15 2.8759e-06 2.36308e-10 0.000111446 2.73082e-07 0.000265632 5.74607e-10 2.25477e-05 5.74099e-09 6.81206e-06 5.78042e-14 3.26808e-07 2.52013e-10 1.59856e-05 2.78005e-07 1.95867e-05 6.27944e-10 4.84267e-06 1.42045e-09 7.3398e+06 0.00376888 
810.5 489.026 1.12027e-07 21.3022 0.00253767 826.725 2.56204 1974.9 0.00578375 167.396 0.042184 0.0345725 1.30789e-20 6.57312e-05 1.80899e-12 0.0997762 1.7411e-06 0.560526 9.68359e-12 0.00419136 2.70618e-10 6.99304e-05 1.60199e-14 3.04621e-06 3.62885e-10 0.000118221 3.6637e-07 0.000282409 8.27073e-10 2.39376e-05 6.03229e-09 7.32054e-06 4.01702e-14 3.46627e-07 3.56369e-10 1.7079e-05 3.38746e-07 2.00031e-05 8.37077e-10 5.1338e-06 1.51976e-09 6.99304e+06 0.00359082 
835.5 494.936 2.1769e-07 21.6396 0.00366969 840.883 3.24838 2011.21 0.00788856 170.794 0.0425846 0.0368855 1.76659e-20 7.06291e-05 3.66895e-12 0.107522 2.69395e-06 0.60508 1.75173e-11 0.00454224 2.87703e-10 7.36985e-05 3.24151e-14 3.22225e-06 5.46437e-10 0.000125212 4.83701e-07 0.00029948 1.17465e-09 2.54322e-05 6.34107e-09 7.80826e-06 3.97468e-14 3.66245e-07 4.97727e-10 1.82353e-05 4.08873e-07 2.02782e-05 1.10843e-09 5.43771e-06 1.62215e-09 6.71568e+06 0.0034484 
860.5 498.585 3.83909e-07 21.9307 0.00525323 852.696 4.08628 2041.14 0.010706 174.026 0.0429149 0.0390075 4.468e-20 7.55826e-05 7.33238e-12 0.115242 4.13095e-06 0.649056 3.15049e-11 0.00491155 3.05065e-10 7.73515e-05 5.95603e-14 3.40238e-06 8.14996e-10 0.000132289 6.33953e-07 0.000316666 1.66095e-09 2.69988e-05 6.6579e-09 8.27349e-06 5.81748e-14 3.87121e-07 6.87997e-10 1.94566e-05 4.88863e-07 2.04496e-05 1.4591e-09 5.74921e-06 1.73224e-09 6.44571e+06 0.00330978 
885.5 500.872 6.53513e-07 22.2008 0.00747269 863.01 5.11208 2066.66 0.0145033 177.223 0.0431993 0.0409781 1.23624e-19 8.06179e-05 1.45207e-11 0.122927 6.29463e-06 0.692291 5.66412e-11 0.00529844 3.22243e-10 8.08762e-05 1.05523e-13 3.58479e-06 1.20662e-09 0.000139351 8.25451e-07 0.000333705 2.34185e-09 2.86164e-05 6.97542e-09 8.70705e-06 9.39493e-14 4.08325e-07 9.42727e-10 2.07456e-05 5.78818e-07 2.06296e-05 1.91354e-09 6.05352e-06 1.83751e-09 6.19307e+06 0.00318005 
910.5 500.321 1.08898e-06 22.3817 0.0105677 868.484 6.35343 2080.94 0.0196057 179.8 0.0433397 0.0426484 3.34776e-19 8.54662e-05 2.85592e-11 0.129929 9.52433e-06 0.731915 1.01797e-10 0.00568299 3.38604e-10 8.4267e-05 1.83413e-13 3.76966e-06 1.77988e-09 0.000146275 1.07008e-06 0.000350484 3.3021e-09 3.02829e-05 7.29951e-09 9.06417e-06 1.50813e-13 4.29392e-07 1.28146e-09 2.20698e-05 6.77547e-07 2.08389e-05 2.49828e-09 6.33288e-06 1.93566e-09 5.93734e+06 0.00304874 
935.5 498.591 1.78317e-06 22.5879 0.0148612 873.682 7.83555 2091.87 0.0264374 182.889 0.0436309 0.0440849 8.79928e-19 9.06112e-05 5.5758e-11 0.136961 1.42643e-05 0.769734 1.82561e-10 0.00611355 3.57507e-10 8.74128e-05 3.12625e-13 3.9601e-06 2.60545e-09 0.000153174 1.37373e-06 0.000366746 4.635e-09 3.2064e-05 7.64936e-09 9.37774e-06 2.37769e-13 4.51117e-07 1.72831e-09 2.34477e-05 7.83378e-07 2.11414e-05 3.24396e-09 6.6126e-06 2.04089e-09 5.70387e+06 0.00292886 
960.5 498.908 2.88416e-06 22.9665 0.0208435 884.637 9.60468 2112.24 0.035631 187.726 0.0443837 0.0455521 2.263e-18 9.66728e-05 1.08407e-10 0.145017 2.11482e-05 0.809859 3.27225e-10 0.0066382 3.81958e-10 9.02741e-05 5.2187e-13 4.15564e-06 3.7715e-09 0.000160069 1.7379e-06 0.000382196 6.4472e-09 3.39679e-05 8.03095e-09 9.64114e-06 3.70307e-13 4.72168e-07 2.32192e-09 2.48518e-05 8.97957e-07 2.15543e-05 4.20035e-09 6.87919e-06 2.14864e-09 5.52659e+06 0.00283782 
985.5 498.364 4.62223e-06 23.3697 0.0292068 895.023 11.7008 2127.51 0.0480572 193.047 0.0452808 0.0468213 5.7249e-18 0.000103117 2.10722e-10 0.153038 3.10637e-05 0.846406 5.8793e-10 0.0072211 4.09637e-10 9.29026e-05 8.61653e-13 4.35646e-06 5.44459e-09 0.000166846 2.18121e-06 0.0003966 8.95859e-09 3.59869e-05 8.44103e-09 9.86401e-06 5.69879e-13 4.93763e-07 3.10453e-09 2.62896e-05 1.0164e-06 2.21603e-05 5.41689e-09 7.14579e-06 2.26084e-09 5.36437e+06 0.00275453 
1010.5 494.431 7.31733e-06 23.6996 0.0407138 900.129 14.0974 2126.15 0.0645996 197.945 0.0462021 0.0476128 1.41989e-17 0.000109577 4.07474e-10 0.160093 4.4934e-05 0.873561 1.0539e-09 0.00783331 4.4063e-10 9.5242e-05 1.40953e-12 4.56523e-06 7.84268e-09 0.000173391 2.71557e-06 0.000409559 1.24438e-08 3.813e-05 8.89988e-09 1.00292e-05 8.65065e-13 5.16188e-07 4.12114e-09 2.7822e-05 1.13195e-06 2.31193e-05 6.94005e-09 7.41805e-06 2.38124e-09 5.19132e+06 0.00266567 
1035.5 489.81 1.14813e-05 24.0869 0.0566103 905.286 16.8262 2119.46 0.0867331 203.521 0.047416 0.0481436 3.4661e-17 0.000116639 7.85632e-10 0.167035 6.40045e-05 0.894758 1.88802e-09 0.00852011 4.77898e-10 9.72353e-05 2.27923e-12 4.78164e-06 1.12381e-08 0.000179714 3.34027e-06 0.000420747 1.72179e-08 4.04022e-05 9.41285e-09 1.0128e-05 1.29842e-12 5.39192e-07 5.44672e-09 2.93624e-05 1.24441e-06 2.44123e-05 8.85132e-09 7.68386e-06 2.50373e-09 5.03737e+06 0.00258662 
1060.5 484.706 1.78943e-05 24.5492 0.078592 910.669 19.9035 2107.21 0.116409 209.847 0.0489855 0.0484182 8.34959e-17 0.000124452 1.51082e-09 0.173795 8.96939e-05 0.908828 3.38056e-09 0.00928978 5.23316e-10 9.88476e-05 3.64924e-12 5.00639e-06 1.60275e-08 0.000185715 4.05898e-06 0.000429729 2.37397e-08 4.27948e-05 9.98976e-09 1.01598e-05 1.9263e-12 5.62163e-07 7.15714e-09 3.0861e-05 1.34769e-06 2.59486e-05 1.12177e-08 7.94342e-06 2.63172e-09 4.90357e+06 0.00251791 
1085.5 478.649 2.7646e-05 25.089 0.108574 915.703 23.2556 2086.42 0.155667 216.866 0.0510117 0.0483686 1.98045e-16 0.000133175 2.8844e-09 0.180225 0.000123021 0.91332 6.02332e-09 0.0101513 5.80621e-10 0.000100019 5.77694e-12 5.24262e-06 2.26878e-08 0.000191346 4.85951e-06 0.000435979 3.25283e-08 4.53165e-05 1.06594e-08 1.01664e-05 2.83029e-12 5.85992e-07 9.38029e-09 3.23521e-05 1.44628e-06 2.77529e-05 1.41614e-08 8.22452e-06 2.77552e-09 4.78559e+06 0.00245733 
1110.5 472.431 4.25437e-05 25.743 0.14979 921.205 26.9126 2057.89 0.208194 224.798 0.0535625 0.0480787 4.65512e-16 0.000143079 5.48636e-09 0.186346 0.000165438 0.907326 1.07249e-08 0.0111171 6.51769e-10 0.000100756 9.07335e-12 5.49023e-06 3.19458e-08 0.000196467 5.73968e-06 0.000438889 4.44018e-08 4.79429e-05 1.14233e-08 1.01013e-05 4.11758e-12 6.09889e-07 1.2229e-08 3.38095e-05 1.52949e-06 2.9714e-05 1.77703e-08 8.51133e-06 2.91733e-09 4.68886e+06 0.00240766 
1135.5 465.069 6.50174e-05 26.4626 0.205626 925.135 30.7498 2016.59 0.277405 233.091 0.0565724 0.0474511 1.08004e-15 0.00015401 1.03425e-08 0.191659 0.000217115 0.88822 1.8976e-08 0.0121623 7.38421e-10 0.000101051 1.41271e-11 5.74985e-06 4.46789e-08 0.000201015 6.68138e-06 0.000438169 6.02751e-08 5.06465e-05 1.22922e-08 9.94855e-06 5.92433e-12 6.34767e-07 1.58442e-08 3.51714e-05 1.59197e-06 3.16536e-05 2.21373e-08 8.80754e-06 3.05751e-09 4.60232e+06 0.00236322 
1160.5 456.702 9.87935e-05 27.2928 0.280901 927.676 34.6957 1962.99 0.368485 241.941 0.0602598 0.0464784 2.47665e-15 0.000166428 1.93083e-08 0.195972 0.000277879 0.855755 3.33771e-08 0.0132995 8.48242e-10 0.000100831 2.18116e-11 6.0257e-06 6.20174e-08 0.000204812 7.66011e-06 0.000433389 8.13542e-08 5.34157e-05 1.33042e-08 9.73169e-06 8.42895e-12 6.59494e-07 2.04139e-08 3.6314e-05 1.63491e-06 3.32733e-05 2.73949e-08 9.11203e-06 3.20531e-09 4.5294e+06 0.00232578 
1185.5 447.267 0.000149436 28.2318 0.381953 927.828 38.6553 1895.34 0.488246 251.195 0.0646787 0.0451617 5.6224e-15 0.000180451 3.56959e-08 0.198803 0.00034657 0.80907 5.83948e-08 0.0145173 9.86268e-10 0.000100084 3.34387e-11 6.31733e-06 8.54685e-08 0.000207617 8.64978e-06 0.000424114 1.09253e-07 5.6209e-05 1.44729e-08 9.4318e-06 1.18303e-11 6.85707e-07 2.61285e-08 3.71567e-05 1.65295e-06 3.42038e-05 3.36236e-08 9.4358e-06 3.35082e-09 4.46894e+06 0.00229474 
1210.5 436.846 0.000224708 29.3052 0.515464 926.241 42.4587 1814.96 0.64352 260.87 0.0699851 0.0435118 1.26199e-14 0.000196434 6.50023e-08 0.2003 0.000419782 0.750102 1.01144e-07 0.0158103 1.16157e-09 9.87753e-05 5.08089e-11 6.62622e-06 1.16552e-07 0.000209433 9.60036e-06 0.000410381 1.45506e-07 5.89853e-05 1.58244e-08 9.05056e-06 1.64906e-11 7.13402e-07 3.33674e-08 3.77875e-05 1.65838e-06 3.4546e-05 4.12018e-08 9.77843e-06 3.49761e-09 4.42262e+06 0.00227095 
1235.5 425.821 0.000336899 30.5772 0.691382 923.462 46.0475 1723.65 0.845448 271.326 0.0764477 0.0415761 2.80927e-14 0.000215151 1.16614e-07 0.200368 0.000494156 0.681004 1.73689e-07 0.0172006 1.38806e-09 9.68747e-05 7.6645e-11 6.95635e-06 1.5729e-07 0.000210089 1.04759e-05 0.000392133 1.9234e-07 6.1727e-05 1.7392e-08 8.59705e-06 2.27304e-11 7.45834e-07 4.23038e-08 3.80333e-05 1.63629e-06 3.40705e-05 5.01958e-08 1.01453e-05 3.64754e-09 4.39558e+06 0.00225707 
1260.5 413.565 0.000503237 32.0138 0.919366 917.283 49.1833 1618.76 1.10486 281.973 0.084146 0.0393142 6.2031e-14 0.000236563 2.05306e-07 0.198297 0.00056296 0.602696 2.94875e-07 0.0186291 1.6789e-09 9.43726e-05 1.14835e-10 7.30532e-06 2.09793e-07 0.000209317 1.12233e-05 0.00036939 2.52122e-07 6.43441e-05 1.92015e-08 8.06385e-06 3.11118e-11 7.83634e-07 5.32585e-08 3.78955e-05 1.58157e-06 3.28895e-05 6.10149e-08 1.05291e-05 3.79677e-09 4.38226e+06 0.00225023 
1285.5 400.289 0.000749292 33.676 1.2111 908.207 51.7078 1502.74 1.43596 293.035 0.0934781 0.0367577 1.35826e-13 0.000261438 3.53782e-07 0.194048 0.000619224 0.518778 4.94099e-07 0.0200898 2.05977e-09 9.12165e-05 1.70746e-10 7.67398e-06 2.75981e-07 0.000206959 1.1783e-05 0.00034244 3.27221e-07 6.67758e-05 2.13015e-08 7.46838e-06 4.23958e-11 8.28136e-07 6.6731e-08 3.72419e-05 1.50584e-06 3.08555e-05 7.42983e-08 1.09084e-05 3.95223e-09 4.38834e+06 0.00225335 
1310.5 386.252 0.00111407 35.6123 1.58024 895.984 53.568 1377.71 1.8571 304.509 0.104885 0.0339596 2.9557e-13 0.000290396 5.95358e-07 0.187369 0.000657958 0.432991 8.1674e-07 0.0215408 2.56411e-09 8.73901e-05 2.5206e-10 8.05736e-06 3.57532e-07 0.000202718 1.21199e-05 0.00031171 4.20172e-07 6.88957e-05 2.37304e-08 6.81091e-06 5.77828e-11 8.84039e-07 8.28969e-08 3.60291e-05 1.40475e-06 2.83229e-05 9.07968e-08 1.12705e-05 4.12367e-09 4.41986e+06 0.00226953 
1335.5 370.679 0.00165022 37.7875 2.03546 878.931 54.5362 1243.24 2.38344 315.851 0.118616 0.0308921 6.36926e-13 0.000323358 9.72796e-07 0.178006 0.000672442 0.348535 1.32574e-06 0.0229105 3.22974e-09 8.28844e-05 3.68991e-10 8.44935e-06 4.55132e-07 0.000196531 1.21944e-05 0.00027799 5.32941e-07 7.06248e-05 2.65227e-08 6.13962e-06 7.91403e-11 9.54941e-07 1.0185e-07 3.43236e-05 1.28691e-06 2.55837e-05 1.11408e-07 1.16175e-05 4.327e-09 4.47223e+06 0.00229643 
1360.5 354.039 0.00243988 40.2685 2.58937 857.019 54.4943 1103.04 3.04138 327.349 0.135424 0.027641 1.36054e-12 0.000360775 1.5401e-06 0.165835 0.000657684 0.269388 2.1151e-06 0.0241584 4.12046e-09 7.76877e-05 5.35389e-10 8.83623e-06 5.68192e-07 0.000188058 1.19578e-05 0.000242042 6.67378e-07 7.1831e-05 2.97166e-08 5.47252e-06 1.09112e-10 1.04248e-06 1.22903e-07 3.19983e-05 1.15233e-06 2.298e-05 1.36856e-07 1.1893e-05 4.59221e-09 4.5572e+06 0.00234006 
1385.5 335.724 0.00359091 42.979 3.24086 828.005 53.2267 958.155 3.8489 338.308 0.15583 0.0242179 2.86579e-12 0.000401162 2.34412e-06 0.15054 0.000610926 0.198383 3.2998e-06 0.0251532 5.30845e-09 7.18023e-05 7.67999e-10 9.19205e-06 6.93132e-07 0.000177088 1.13837e-05 0.000204923 8.23176e-07 7.2355e-05 3.33278e-08 4.89758e-06 1.51964e-10 1.14196e-06 1.44613e-07 2.89188e-05 1.03487e-06 2.08615e-05 1.67688e-07 1.20147e-05 4.95934e-09 4.67567e+06 0.00240089 
1410.5 316.08 0.00525871 45.9255 3.9879 792.471 50.7473 813.223 4.83186 348.782 0.180797 0.0207246 5.92901e-12 0.000442978 3.41427e-06 0.132806 0.00053633 0.138405 5.02029e-06 0.0258082 6.89385e-09 6.52553e-05 1.08567e-09 9.48139e-06 8.23309e-07 0.000163607 1.04769e-05 0.000167891 9.97545e-07 7.20067e-05 3.73259e-08 4.51426e-06 2.13014e-10 1.24771e-06 1.64454e-07 2.55093e-05 9.80616e-07 1.966e-05 2.03349e-07 1.19662e-05 5.47947e-09 4.84375e+06 0.00248719 
1435.5 294.749 0.00764875 49.0147 4.80754 748.731 47.0007 670.829 6.00666 357.949 0.211234 0.0172183 1.19782e-11 0.000482536 4.71541e-06 0.1129 0.000440606 0.0905464 7.40523e-06 0.025934 8.9879e-09 5.80823e-05 1.50724e-09 9.65868e-06 9.47358e-07 0.000147543 9.26182e-06 0.000132192 1.18365e-06 7.05363e-05 4.16251e-08 4.4078e-06 2.97677e-10 1.34052e-06 1.78088e-07 2.18838e-05 1.02131e-06 1.9188e-05 2.41278e-07 1.16234e-05 6.2034e-09 5.07468e+06 0.00260577 
1460.5 271.759 0.0110245 52.1081 5.65844 696.044 42.0562 534.764 7.38712 365.259 0.248177 0.0138011 2.3414e-11 0.000513836 6.10982e-06 0.0916699 0.000334769 0.0549145 1.05257e-05 0.0253742 1.16891e-08 5.03633e-05 2.04309e-09 9.65684e-06 1.04864e-06 0.000128993 7.79399e-06 9.91042e-05 1.369e-06 6.7691e-05 4.59929e-08 4.60372e-06 4.06129e-10 1.40399e-06 1.80684e-07 1.86913e-05 1.13765e-06 1.88494e-05 2.76571e-07 1.09707e-05 7.13533e-09 5.39598e+06 0.00277076 
1485.5 246.573 0.0156335 54.7994 6.4584 632.55 36.0074 407.978 8.94978 369.258 0.291938 0.0105577 4.34385e-11 0.000526167 7.30776e-06 0.0701312 0.000231323 0.0303894 1.42368e-05 0.0239297 1.49921e-08 4.22181e-05 2.67677e-09 9.38273e-06 1.1058e-06 0.000108305 6.16517e-06 6.98538e-05 1.53238e-06 6.32242e-05 4.99855e-08 5.03169e-06 5.21955e-10 1.43338e-06 1.68604e-07 1.66699e-05 1.26405e-06 1.79916e-05 2.9906e-07 9.9967e-06 8.26996e-09 5.84045e+06 0.00299899 
1510.5 219.022 0.0216473 56.5483 7.09612 557.328 29.1332 294.175 10.634 368.31 0.341831 0.00760604 7.47364e-11 0.000507427 7.9158e-06 0.0496661 0.000142474 0.0150597 1.80299e-05 0.0214517 1.86347e-08 3.38153e-05 3.34217e-09 8.73061e-06 1.09559e-06 8.60471e-05 4.49794e-06 4.54182e-05 1.6418e-06 5.68642e-05 5.2776e-08 5.5532e-06 6.07142e-10 1.45571e-06 1.47748e-07 1.62468e-05 1.32869e-06 1.61951e-05 2.9692e-07 8.85707e-06 9.57838e-09 6.47701e+06 0.00332585 
1535.5 188.567 0.0287731 56.3944 7.3804 469.12 21.8508 196.842 12.2421 358.715 0.394079 0.00505857 1.14364e-10 0.000446517 7.50875e-06 0.0317632 7.63954e-05 0.00654869 2.07111e-05 0.0178142 2.18545e-08 2.54155e-05 3.87809e-09 7.60096e-06 9.94745e-07 6.3229e-05 2.94509e-06 2.65307e-05 1.65002e-06 4.83483e-05 5.31148e-08 5.98814e-06 6.1209e-10 1.55178e-06 1.50087e-07 1.68286e-05 1.27403e-06 1.33703e-05 2.6256e-07 7.96737e-06 1.11539e-08 7.41938e+06 0.00380975 
1560.5 154.584 0.0355622 52.9182 7.06534 368.217 14.7733 119.034 13.3119 334.131 0.436125 0.00302005 1.46882e-10 0.000344695 5.98891e-06 0.0178206 3.47835e-05 0.00244626 2.05226e-05 0.0131764 2.3133e-08 1.74046e-05 4.00396e-09 5.95807e-06 7.95488e-07 4.14576e-05 1.66332e-06 1.34021e-05 1.49879e-06 3.76199e-05 4.91034e-08 6.09164e-06 7.11194e-10 1.81953e-06 2.03695e-07 1.69617e-05 1.07221e-06 9.78823e-06 2.53519e-07 8.26347e-06 1.39071e-08 8.88177e+06 0.00456066 
1585.5 117.001 0.0387894 44.7971 5.96122 259.971 8.70237 63.0287 13.0346 285.579 0.442714 0.00156648 1.50822e-10 0.000226001 3.87439e-06 0.00855692 1.32439e-05 0.000775851 1.66441e-05 0.0082846 2.11722e-08 1.04604e-05 3.46797e-09 4.00509e-06 5.32963e-07 2.32427e-05 7.78035e-07 5.63508e-06 1.16535e-06 2.55321e-05 3.95808e-08 5.53451e-06 1.20726e-09 2.04082e-06 2.49681e-07 1.49936e-05 7.60743e-07 6.13277e-06 3.60577e-07 9.42303e-06 1.80625e-08 1.11851e+07 0.00574337 
1610.5 78.5435 0.0354843 32.7967 4.23669 159.001 4.33306 28.4189 10.914 213.089 0.393315 0.00068718 1.21925e-10 0.000124252 1.99907e-06 0.00347796 4.21894e-06 0.000209329 1.08342e-05 0.00431706 1.64946e-08 5.3757e-06 2.42863e-09 2.24468e-06 2.89969e-07 1.08824e-05 2.96565e-07 1.94506e-06 7.46978e-07 1.45843e-05 2.69194e-08 4.25842e-06 1.56415e-09 1.86158e-06 2.29649e-07 1.09368e-05 4.48111e-07 3.24711e-06 4.2842e-07 9.09764e-06 2.01065e-08 1.46108e+07 0.00750245 
1635.5 45.241 0.0264166 20.2279 2.46906 82.3793 1.80544 10.8136 7.56724 134.082 0.2968 0.000253359 7.8276e-11 5.76616e-05 8.31163e-07 0.00120615 1.13847e-06 4.85053e-05 5.6973e-06 0.00186281 1.09833e-08 2.36824e-06 1.38284e-09 1.05887e-06 1.29248e-07 4.31233e-06 9.45096e-08 5.66063e-07 3.96124e-07 7.01883e-06 1.55366e-08 2.7666e-06 1.47827e-09 1.37739e-06 1.63719e-07 6.67399e-06 2.25086e-07 1.48953e-06 3.7593e-07 6.94613e-06 1.82636e-08 1.91032e+07 0.00980923 
1660.5 22.2183 0.0161029 10.5573 1.18777 36.3589 0.637965 3.51535 4.35483 70.9224 0.190768 7.97523e-05 4.13134e-11 2.30311e-05 2.86299e-07 0.000361662 2.61888e-07 9.67927e-06 2.49734e-06 0.000679413 6.38593e-09 9.21192e-07 6.67642e-10 4.37717e-07 4.92459e-08 1.50747e-06 2.64506e-08 1.4575e-07 1.80555e-07 2.94051e-06 7.90941e-09 1.5678e-06 1.12568e-09 8.73667e-07 9.71857e-08 3.56684e-06 1.00789e-07 6.16497e-07 2.66349e-07 4.41843e-06 1.422e-08 2.41191e+07 0.0123848 
1685.5 9.46716 0.00830099 4.78124 0.484776 13.9604 0.193671 0.987361 2.14112 32.2737 0.107396 2.17369e-05 1.82917e-11 7.94563e-06 8.25055e-08 9.34914e-05 5.10787e-08 1.64719e-06 9.34216e-07 0.000212821 3.27262e-09 3.16158e-07 2.77213e-10 1.59671e-07 1.61892e-08 4.66212e-07 6.46767e-09 3.29732e-08 7.15031e-08 1.07779e-06 3.5865e-09 7.91172e-07 7.30759e-10 4.89746e-07 4.9932e-08 1.70435e-06 4.07916e-08 2.32209e-07 1.61511e-07 2.43836e-06 9.81972e-09 2.99444e+07 0.015376 
1710.5 3.5517 0.00368906 1.90226 0.16992 4.69151 0.0500717 0.237271 0.918143 12.864 0.0539293 5.0866e-06 6.67346e-12 2.31115e-06 1.95049e-08 2.02677e-05 8.076e-09 2.249e-07 2.93592e-07 5.62509e-05 1.44755e-09 9.47905e-08 9.84563e-11 5.07688e-08 4.53494e-09 1.2521e-07 1.33635e-09 6.33245e-09 2.45041e-08 3.43324e-07 1.43931e-09 3.56047e-07 4.10381e-10 2.43114e-07 2.23606e-08 7.24735e-07 1.46203e-08 7.72153e-08 8.50596e-08 1.17618e-06 6.04663e-09 3.7469e+07 0.0192398 
1735.5 1.16815 0.00139657 0.655595 0.0502703 1.35389 0.0106895 0.0471946 0.34089 4.46072 0.0239802 9.87863e-07 1.9292e-12 5.40729e-07 3.61507e-09 3.45933e-06 8.87023e-10 2.0788e-08 7.42287e-08 1.19753e-05 5.31669e-10 2.401e-08 2.87049e-11 1.3475e-08 1.03325e-09 2.78275e-08 2.19709e-10 9.7003e-10 7.00659e-09 9.16849e-08 4.92886e-10 1.40456e-07 1.97049e-10 1.04558e-07 8.55779e-09 2.65194e-07 4.26421e-09 2.06478e-08 3.84264e-08 4.87577e-07 3.26878e-09 4.86528e+07 0.0249825 
1760.5 0.325653 0.000431166 0.187269 0.0119207 0.317947 0.00168835 0.00691205 0.105116 1.29097 0.00913535 1.41333e-07 3.85571e-13 8.68288e-08 4.34693e-10 3.75406e-07 4.51832e-11 8.68948e-10 1.35378e-08 1.83539e-06 1.44889e-10 4.7653e-09 6.30928e-12 2.74032e-09 1.74437e-10 4.65254e-09 2.47057e-11 1.01144e-10 1.53817e-09 1.88909e-08 1.33678e-10 4.52264e-08 7.48484e-11 3.55396e-08 2.51604e-09 7.39709e-08 8.12747e-10 3.56443e-09 1.39905e-08 1.6279e-07 1.44993e-09 6.83384e+07 0.0350908 
1785.5 0.0680941 9.22608e-05 0.0377146 0.00185863 0.049793 0.000126836 0.00048866 0.0234267 0.273038 0.00264325 9.85925e-09 3.127e-14 5.72917e-09 1.83613e-11 1.43916e-08 4.19914e-13 6.49729e-12 1.15759e-09 1.36646e-07 1.92947e-11 5.92934e-10 8.03368e-13 3.28403e-10 1.61841e-11 4.33577e-10 1.10443e-12 4.25504e-12 2.0399e-10 2.3775e-09 2.30163e-11 9.24654e-09 1.64815e-11 7.05545e-09 3.99525e-10 1.11861e-08 6.04583e-11 2.37818e-10 3.16831e-09 3.44122e-08 4.09243e-10 1.14843e+08 0.05897 
1810.5 0.00639961 7.04937e-06 0.00285229 9.07466e-05 0.00258268 -1.12228e-05 -4.93665e-06 0.00215405 0.0252216 0.000342827 1.12815e-10 2.56912e-16 4.30797e-11 5.74509e-14 4.64455e-11 3.22418e-16 9.67526e-16 1.4511e-11 1.74818e-09 4.46087e-13 2.09396e-11 2.30656e-14 9.33274e-12 2.96924e-13 8.45058e-12 -3.67211e-14 -1.61528e-14 7.04807e-12 8.25256e-11 1.12174e-12 6.07203e-10 9.16563e-13 3.75327e-10 1.37074e-11 3.89742e-10 1.02645e-12 1.77919e-12 2.17785e-10 2.39024e-09 3.81883e-11 3.05622e+08 0.156932 
1835.5 -0.000472196 5.54589e-08 -0.000155613 -1.67053e-05 -0.000570822 -0.000756713 -0.00144311 -7.39278e-05 -0.000698243 3.44721e-05 8.26195e-14 5.2464e-20 1.07996e-14 1.02835e-17 9.66772e-15 5.13644e-15 1.65844e-14 6.89378e-15 1.83047e-12 6.90258e-16 0.0 0.0 0.0 0.0 0.0 0.0 0.0 0.0 0.0 0.0 0.0 0.0 0.0 0.0 0.0 0.0 0.0 0.0 0.0 0.0 -1.63152e+09 -0.83776 
1860.5 -1.06662e-07 -3.41575e-11 -6.70843e-08 -5.45192e-09 -6.68416e-08 -9.19844e-08 -1.77376e-08 -7.52976e-08 -1.86059e-07 -2.89876e-08 3.11521e-20 2.90706e-26 1.22674e-20 5.82295e-23 1.45862e-20 1.2347e-19 7.09317e-22 1.94679e-20 1.32508e-19 3.28226e-21 -6.9315e-14 -2.21975e-17 -4.35952e-14 -3.54297e-15 -4.34375e-14 -5.97767e-14 -1.15269e-14 -4.89327e-14 -1.20912e-13 -1.88378e-14 1.24257e-13 1.35643e-16 7.79198e-14 5.02874e-15 8.71327e-14 2.76884e-13 1.81131e-14 1.01277e-13 2.67379e-13 4.2168e-14 1.5388e+06 0.000790151 
1885.5 0 0 0 0 0 0 0 0 0 0 0 0 0 0 0 0 0 0 0 0 0.0 0.0 0.0 0.0 0.0 0.0 0.0 0.0 0.0 0.0 0.0 0.0 0.0 0.0 0.0 0.0 0.0 0.0 0.0 0.0 0 0 
