310.5 5.88173e-07 -0.0363817 -0.00137069 4.97731e-05 0.000996438 0.763828 1.22366 0.502999 0.00029819 -14.9638 2.92755e-16 4.53632e-08 2.46656e-12 1.08746e-12 3.35249e-10 0.000184621 0.000475364 8.12725e-05 2.72001e-12 0.00143279 0.0 0.0 0.0 0.0 0.0 0.0 0.0 0.0 0.0 0.0 0.0 0.0 0.0 0.0 0.0 0.0 0.0 0.0 0.0 0.0 -2.02275e+09 -1.03865 
335.5 2.9602e-05 -0.461001 -0.00789815 0.00488288 0.0463717 24.111 39.7362 17.7962 0.00728818 -275.11 4.09817e-13 3.54973e-06 9.76371e-10 1.43788e-08 5.68697e-07 0.102683 0.286659 0.0619462 8.98195e-09 0.154264 2.4629e-13 -3.83555e-09 -6.5713e-11 4.06258e-11 3.85815e-10 2.00605e-07 3.30607e-07 1.48065e-07 6.0638e-11 -2.28893e-06 5.83921e-11 1.71811e-07 2.84941e-09 1.09376e-08 6.87854e-08 2.92282e-05 4.88355e-05 2.27018e-05 8.64445e-09 3.57525e-05 1.20192e+08 0.0617167 
360.5 0.000312455 -2.14469 -0.0448503 0.0821589 0.482546 183.524 310.196 148.166 0.0941716 -1599.98 3.27148e-11 5.50277e-05 3.62136e-08 2.41316e-06 3.82712e-05 3.54365 10.4566 2.56756 1.15987e-06 2.99669 4.81595e-12 -3.30567e-08 -6.9129e-10 1.26634e-09 7.43761e-09 2.8287e-06 4.78113e-06 2.28372e-06 1.45149e-09 -2.4661e-05 7.10084e-10 9.20361e-07 2.36155e-08 1.92855e-07 7.68003e-07 0.00023369 0.000401433 0.00019892 1.33699e-07 0.000213496 6.48792e+07 0.0333145 
385.5 0.00160007 -6.62073 -0.182202 0.608158 2.58082 758.767 1311.9 658.643 0.653061 -5678.42 5.11351e-10 0.000396216 4.32321e-07 4.76233e-05 0.000521714 33.0848 101.245 26.7343 2.41826e-05 27.3434 3.54294e-11 -1.46599e-07 -4.03439e-09 1.34661e-08 5.71454e-08 1.68009e-05 2.90487e-05 1.45839e-05 1.44603e-08 -0.000125734 3.36471e-09 2.95832e-06 9.77566e-08 1.0268e-06 3.39834e-06 0.000855742 0.00149698 0.000769251 7.31609e-07 0.00076788 4.51623e+07 0.0231902 
410.5 0.00624185 -16.6962 -0.578897 3.08869 10.1013 2349.19 4151.51 2172.56 3.27032 -15210.7 5.80454e-09 0.00217416 3.70097e-06 0.000683388 0.00508709 209.439 668.559 190.114 0.000383401 161.009 1.7145e-10 -4.58607e-07 -1.5901e-08 8.48396e-08 2.77461e-07 6.4527e-05 0.000114033 5.96756e-05 8.98286e-08 -0.000417804 1.26257e-08 7.71422e-06 3.18441e-07 4.33174e-06 1.18175e-05 0.00239763 0.00428379 0.0022844 3.24394e-06 0.00206107 3.64063e+07 0.0186941 
435.5 0.0188663 -37.129 -1.5547 11.5815 30.9746 5832.79 10524.3 5699.67 12.8015 -34326.1 3.81508e-08 0.0090181 2.18888e-05 0.00548942 0.0303317 842.306 2800.09 847.208 0.00356304 713.249 6.75962e-10 -1.33029e-06 -5.57032e-08 4.14954e-07 1.10979e-06 0.000208983 0.000377075 0.000204213 4.58666e-07 -0.00122987 3.69655e-08 1.7926e-05 8.83827e-07 1.40181e-05 3.29473e-05 0.00548956 0.0100091 0.00550572 1.12894e-05 0.00490331 2.79103e+07 0.0143316 
460.5 0.0506459 -76.0191 -3.73296 35.8453 82.2396 12801.1 23558 13126.2 42.407 -68586.4 1.87994e-07 0.0318786 0.000101852 0.0307691 0.137258 2724.7 9397.12 2987.47 0.0235473 2564.72 2.19296e-09 -3.29162e-06 -1.61637e-07 1.5521e-06 3.56097e-06 0.000554286 0.00102006 0.000568366 1.83622e-06 -0.00296979 9.0196e-08 3.70068e-05 2.09381e-06 3.64677e-05 7.70104e-05 0.0108477 0.0201458 0.0113593 3.18783e-05 0.010111 2.30947e+07 0.0118588 
485.5 0.122807 -145.466 -8.19213 94.3917 192.524 25138 47148.4 26903.8 122.826 -124687 8.10001e-07 0.100075 0.000406968 0.137959 0.513425 7344.49 26276.1 8721.3 0.129851 7776.22 6.41959e-09 -7.6041e-06 -4.28235e-07 4.93423e-06 1.0064e-05 0.00131406 0.00246463 0.00140637 6.42062e-06 -0.0065179 2.05672e-07 7.1927e-05 4.59244e-06 8.47781e-05 0.000163516 0.0195499 0.0369795 0.0213054 8.21376e-05 0.0190791 1.913e+07 0.00982296 
510.5 0.280299 -267.687 -17.009 222.152 414.931 45945 87782.1 51111.1 324.461 -212675 2.99841e-06 0.293272 0.00148412 0.513215 1.66102 17249 64007.1 22049.7 0.640641 20856 1.71465e-08 -1.6375e-05 -1.04048e-06 1.35895e-05 2.53823e-05 0.00281056 0.00536983 0.00312658 1.9848e-05 -0.0130098 4.27931e-07 0.000132936 9.47125e-06 0.000176663 0.000317748 0.0323614 0.0623428 0.0365931 0.000196966 0.0332649 1.63473e+07 0.0083941 
535.5 0.5979 -470.097 -33.1781 466.279 818.682 77784.6 151289 89589.6 779.644 -340498 9.70063e-06 0.778972 0.00470049 1.58202 4.67396 36508.4 140177 49777.3 2.62523 49725 4.14874e-08 -3.26193e-05 -2.30218e-06 3.23544e-05 5.68071e-05 0.00539736 0.0104977 0.00621648 5.40983e-05 -0.0236266 8.19384e-07 0.00023019 1.79126e-05 0.000329738 0.00056665 0.0500413 0.0980637 0.0584408 0.000423361 0.0537785 1.44116e+07 0.00740015 
560.5 1.21502 -801.91 -62.0065 897.385 1514.23 124728 246800 148223 1749.16 -521363 2.91329e-05 1.93755 0.0136055 4.23397 11.83 70636 280328 102107 9.63353 108525 9.18647e-08 -6.06304e-05 -4.68816e-06 6.78491e-05 0.000114487 0.00943039 0.01866 0.0112068 0.000132249 -0.039419 1.48129e-06 0.000377912 3.17285e-05 0.000561708 0.000938793 0.0724685 0.144384 0.0871462 0.000843136 0.0815565 1.32262e+07 0.00679146 
585.5 2.39594 -1337.21 -111.939 1609.74 2659.89 191532 385366 234176 3708.28 -766455 8.18448e-05 4.6437 0.0371933 10.2218 27.8868 128881 528303 196583 32.7441 218378 1.98428e-07 -0.000110745 -9.27064e-06 0.000133316 0.000220288 0.0158624 0.0319154 0.0193941 0.000307114 -0.0634765 2.59593e-06 0.000610179 5.47206e-05 0.000910372 0.00150367 0.102089 0.206724 0.126113 0.00161787 0.11856 1.20746e+07 0.00620014 
610.5 4.53362 -2172.9 -194.636 2692.85 4427.91 281018 574614 352569 7451.02 -1.08509e+06 0.000217209 10.5686 0.0945998 22.0653 60.4685 219437 928163 351500 101.823 408318 4.0677e-07 -0.000194959 -1.74633e-05 0.00024161 0.000397285 0.0252138 0.051556 0.0316335 0.000668528 -0.0973573 4.39581e-06 0.000954065 9.04589e-05 0.00138614 0.00229512 0.138032 0.283936 0.174748 0.00294771 0.164794 1.11454e+07 0.00572301 
635.5 8.40097 -3480.34 -330.27 4283.36 7105.47 400098 831061 513978 14379.3 -1.48601e+06 0.000557881 23.3385 0.229111 44.0533 124.12 358197 1.56216e+06 600216 296.486 718643 8.11035e-07 -0.000335994 -3.18845e-05 0.000413519 0.000685967 0.0386257 0.0802312 0.0496198 0.00138819 -0.143461 7.29386e-06 0.00146295 0.000145265 0.00202038 0.00339295 0.181903 0.379967 0.235549 0.0051668 0.220901 1.03583e+07 0.00531885 
660.5 15.0962 -5455.57 -543.087 6448.86 10920.5 549252 1.15837e+06 720971 26503.8 -1.95664e+06 0.00138491 49.5243 0.524192 80.6303 238.418 554927 2.49229e+06 968636 805.592 1.18471e+06 1.57319e-06 -0.000568532 -5.65958e-05 0.000672044 0.00113804 0.0572383 0.120715 0.0751334 0.00276199 -0.203904 1.191e-05 0.00219949 0.000226768 0.00281974 0.00485291 0.233567 0.495129 0.308703 0.00873632 0.286153 9.59588e+06 0.00492735 
685.5 26.5183 -8433.44 -872.726 9281.58 16209.6 732349 1.56753e+06 980540 47077 -2.49432e+06 0.00324164 101.866 1.14542 136.316 430.679 817080 3.77595e+06 1.48081e+06 2068.75 1.84553e+06 2.94585e-06 -0.00093685 -9.6949e-05 0.00103107 0.00180069 0.0813548 0.174133 0.108926 0.00522967 -0.277088 1.87464e-05 0.00323084 0.000343283 0.00375232 0.00667837 0.290084 0.62381 0.390685 0.014229 0.358103 9.00191e+06 0.00462235 
710.5 45.6742 -12843 -1369.39 12758 23186.8 945698 2.0536e+06 1.28952e+06 80520.5 -3.0751e+06 0.00754462 206.368 2.42663 215.958 740.941 1.15546e+06 5.49114e+06 2.16832e+06 5068.81 2.70964e+06 5.37846e-06 -0.00151236 -0.000161255 0.00150235 0.0027304 0.111363 0.241826 0.151851 0.00948185 -0.362115 2.93173e-05 0.00469192 0.000509656 0.00481389 0.00893286 0.351656 0.766903 0.481951 0.0225163 0.433534 8.49206e+06 0.00436055 
735.5 76.8073 -19271.9 -2100.13 16787.8 31988.1 1.18391e+06 2.6071e+06 1.64164e+06 132965 -3.68161e+06 0.01683 405.532 4.92205 317.385 1197.46 1.55145e+06 7.57465e+06 3.00581e+06 11761.4 3.76301e+06 9.47279e-06 -0.00237684 -0.000259014 0.00207048 0.00394516 0.146014 0.321539 0.202467 0.0163988 -0.454061 4.45639e-05 0.00666076 0.000734819 0.00590397 0.0114944 0.412339 0.911487 0.574212 0.034375 0.507866 8.10819e+06 0.00416344 
760.5 127.065 -28618 -3164.26 21232.2 42710.3 1.4402e+06 3.21514e+06 2.02827e+06 212818 -4.28959e+06 0.0375992 789.533 9.76982 438.7 1844.61 1.9981e+06 1.00173e+07 3.98801e+06 26270.2 4.96005e+06 1.64158e-05 -0.00369724 -0.0004088 0.00274304 0.00551786 0.186064 0.415373 0.262038 0.0274946 -0.554185 6.77353e-05 0.00939853 0.00104646 0.00701089 0.0144175 0.472779 1.05907 0.66825 0.0513612 0.577653 7.74037e+06 0.00397457 
785.5 205.952 -42002.4 -4683.73 25850.8 55218 1.70319e+06 3.85327e+06 2.43338e+06 330209 -4.86938e+06 0.0812935 1508.07 18.8387 570.223 2699.44 2.46373e+06 1.26749e+07 5.05482e+06 56024.3 6.22492e+06 2.80596e-05 -0.00572255 -0.000638127 0.003522 0.00752309 0.232048 0.524983 0.331533 0.0449888 -0.663421 0.000101432 0.0131422 0.0014695 0.00807989 0.0176404 0.530868 1.20469 0.760771 0.0748929 0.638731 7.3398e+06 0.00376888 
810.5 328.996 -61165.4 -6848 30502.9 69543 1.96914e+06 4.51337e+06 2.85117e+06 498309 -5.3949e+06 0.172271 2851.56 35.7159 704.277 3789.84 2.93241e+06 1.54733e+07 6.17338e+06 115112 7.48117e+06 4.70463e-05 -0.00874662 -0.000979261 0.00436189 0.00994462 0.281585 0.645409 0.407715 0.0712579 -0.771468 0.000149737 0.0182008 0.00203676 0.00903798 0.0210487 0.583131 1.3402 0.846497 0.106693 0.688942 6.99304e+06 0.00359082 
835.5 515.751 -88102.1 -9871.56 34832.6 85149.4 2.22076e+06 5.15528e+06 3.25561e+06 730857 -5.83923e+06 0.359618 5334.45 66.6388 824.947 5091.58 3.35983e+06 1.81733e+07 7.24464e+06 227290 8.60925e+06 7.67981e-05 -0.0131189 -0.00146993 0.00518676 0.0126792 0.330683 0.767648 0.484777 0.108828 -0.869492 0.000218291 0.0249444 0.00278607 0.00979472 0.0244418 0.625257 1.45493 0.918562 0.148327 0.725222 6.71568e+06 0.0034484 
860.5 795.449 -125782 -14081.9 38718 101900 2.45492e+06 5.7704e+06 3.64078e+06 1.04538e+06 -6.19854e+06 0.734782 9855.76 122.585 924.279 6594.57 3.72969e+06 2.0672e+07 8.22509e+06 432445 9.56216e+06 0.000123407 -0.019514 -0.0021847 0.00600678 0.015809 0.380861 0.89523 0.564837 0.162182 -0.961654 0.000314271 0.0338857 0.00377429 0.0103592 0.0278059 0.658465 1.55102 0.978271 0.201958 0.747472 6.44571e+06 0.00330978 
885.5 1212.6 -178646 -19971.3 42199.8 119990 2.67806e+06 6.37208e+06 4.01473e+06 1.46399e+06 -6.4822e+06 1.48338 18163.3 224.792 1002.98 8330.26 4.05892e+06 2.30408e+07 9.14119e+06 797151 1.0313e+07 0.0001958 -0.0288462 -0.00322478 0.00681404 0.0193748 0.432428 1.02891 0.648261 0.236392 -1.04669 0.000448537 0.0458338 0.00508901 0.0107481 0.0311402 0.6844 1.63149 1.02752 0.26988 0.75478 6.19307e+06 0.00318005 
910.5 1831.63 -252536 -28199.3 45316.2 139615 2.89489e+06 6.97047e+06 4.38354e+06 2.01113e+06 -6.68887e+06 2.98956 33429.8 412.13 1065.22 10360.3 4.37077e+06 2.53982e+07 1.00387e+07 1.42992e+06 1.0859e+07 0.000308493 -0.0425335 -0.00474948 0.00763241 0.0235147 0.487574 1.17401 0.738301 0.338726 -1.12658 0.000639023 0.061817 0.00684512 0.0110071 0.0345254 0.70599 1.70277 1.07036 0.355105 0.748175 5.93734e+06 0.00304874 
935.5 2738.27 -355208 -39654.4 47981.9 160669 3.10164e+06 7.55614e+06 4.74103e+06 2.71321e+06 -6.81533e+06 5.95919 61330.1 755.105 1104.85 12669.6 4.64285e+06 2.7611e+07 1.08634e+07 2.49537e+06 1.11733e+07 0.000480072 -0.0622749 -0.00695219 0.00841216 0.0281684 0.543777 1.32474 0.831195 0.475679 -1.19486 0.000902382 0.0829108 0.00916797 0.0110877 0.0377858 0.719923 1.75665 1.10167 0.459582 0.728834 5.70387e+06 0.00292886 
960.5 4053.1 -497070 -55544.9 50364.8 183667 3.30975e+06 8.15544e+06 5.10364e+06 3.60346e+06 -6.88653e+06 11.7221 111904 1379.99 1131.29 15359.8 4.91329e+06 2.98863e+07 1.16969e+07 4.23864e+06 1.12962e+07 0.000733382 -0.0899416 -0.0100505 0.00911319 0.0332333 0.598877 1.47567 0.92347 0.652023 -1.24607 0.00125825 0.110267 0.0121938 0.0110295 0.0409244 0.728268 1.79726 1.12414 0.584653 0.700917 5.52659e+06 0.00283782 
985.5 5978.54 -694956 -77839.5 52714.4 209795 3.53666e+06 8.81208e+06 5.4984e+06 4.73163e+06 -6.90756e+06 23.0655 204690 2536.4 1155.87 18663.5 5.23169e+06 3.25345e+07 1.26587e+07 7.06724e+06 1.12617e+07 0.00111449 -0.12955 -0.0145105 0.00982677 0.039109 0.659287 1.64271 1.02499 0.882048 -1.28767 0.00174862 0.146198 0.0161947 0.0109044 0.0441548 0.735259 1.83479 1.1442 0.73446 0.664263 5.36437e+06 0.00275453 
1010.5 8756.5 -967114 -108713 54950.8 239067 3.7783e+06 9.51673e+06 5.91917e+06 6.12218e+06 -6.84629e+06 45.1179 373806 4668.27 1179.23 22729.6 5.60512e+06 3.56181e+07 1.37701e+07 1.15238e+07 1.1021e+07 0.00168676 -0.186294 -0.0209414 0.0105851 0.0460513 0.727811 1.8332 1.14021 1.17931 -1.3188 0.00241782 0.193133 0.021464 0.0107288 0.0475149 0.741621 1.87095 1.16296 0.910519 0.619464 5.19132e+06 0.00266567 
1035.5 12776.1 -1.34221e+06 -151588 57249.5 272671 4.0482e+06 1.03047e+07 6.38748e+06 7.83342e+06 -6.7145e+06 88.379 683371 8621.19 1209.92 27925.1 6.0814e+06 3.94664e+07 1.51542e+07 1.84564e+07 1.05873e+07 0.00253626 -0.266451 -0.0300927 0.011365 0.0541296 0.803633 2.04565 1.26802 1.55506 -1.33294 0.00333347 0.254291 0.028388 0.0105369 0.0511231 0.749287 1.91051 1.18342 1.1161 0.570122 5.03737e+06 0.00258662 
1060.5 18566.7 -1.85746e+06 -210982 59726 311713 4.35646e+06 1.12031e+07 6.91976e+06 9.9276e+06 -6.51404e+06 172.303 1.24511e+06 15906.4 1249.23 34587.1 6.67938e+06 4.42389e+07 1.68662e+07 2.90362e+07 9.96594e+06 0.00378636 -0.378797 -0.0430262 0.0121801 0.0635686 0.888426 2.28469 1.41117 2.02456 -1.32843 0.0045609 0.332313 0.0373173 0.0103152 0.0548861 0.756865 1.94986 1.2034 1.35003 0.517364 4.90357e+06 0.00251791 
1085.5 26844.4 -2.55776e+06 -292431 62255.9 356384 4.69728e+06 1.21995e+07 7.50755e+06 1.2445e+07 -6.21282e+06 335.538 2.26115e+06 29302.3 1296.85 43160 7.41739e+06 5.01049e+07 1.89627e+07 4.48734e+07 9.10544e+06 0.00560943 -0.534473 -0.0611066 0.0130091 0.0744703 0.981547 2.54921 1.56878 2.60051 -1.29824 0.0062168 0.43224 0.0488775 0.0100874 0.0589314 0.76584 1.99286 1.2253 1.61682 0.466115 4.78559e+06 0.00245733 
1110.5 38807.2 -3.51813e+06 -405091 65138.8 409293 5.09668e+06 1.33632e+07 8.1931e+06 1.55024e+07 -5.81231e+06 655.572 4.10697e+06 54049.1 1361.09 54523.7 8.36895e+06 5.76149e+07 2.16427e+07 6.84773e+07 8.02804e+06 0.00827647 -0.750315 -0.0863942 0.0138922 0.0872904 1.08698 2.84999 1.74735 3.30622 -1.2396 0.0084448 0.559397 0.0637428 0.00986347 0.0633146 0.776749 2.04087 1.25001 1.91654 0.418978 4.68886e+06 0.00240766 
1135.5 55864.5 -4.81255e+06 -558359 68143.4 470192 5.54124e+06 1.46617e+07 8.95565e+06 1.9139e+07 -5.27671e+06 1277.95 7.40807e+06 99105.5 1436.06 69293.7 9.53308e+06 6.68301e+07 2.49175e+07 1.02831e+08 6.72618e+06 0.0121384 -1.04568 -0.121321 0.0148063 0.102164 1.20401 3.18572 1.9459 4.15856 -1.14653 0.0114165 0.718465 0.082553 0.00963342 0.0679615 0.788494 2.09097 1.27577 2.24716 0.383322 4.60232e+06 0.00236322 
1160.5 80097.1 -6.54928e+06 -765853 71294.5 540337 6.03697e+06 1.6112e+07 9.80536e+06 2.34345e+07 -4.58118e+06 2482.58 1.32584e+07 180392 1520.99 88431 1.09424e+07 7.80408e+07 2.88844e+07 1.51956e+08 5.25547e+06 0.0176838 -1.44595 -0.169085 0.0157404 0.119295 1.33284 3.55721 2.16483 5.17387 -1.01143 0.0153423 0.914564 0.106006 0.00938315 0.0727488 0.799623 2.13918 1.30024 2.60383 0.370551 4.5294e+06 0.00232578 
1185.5 114754 -8.88213e+06 -1.04705e+06 74681.2 621881 6.59682e+06 1.77505e+07 1.07639e+07 2.85182e+07 -3.69351e+06 4829.56 2.36046e+07 326741 1618.7 113447 1.26647e+07 9.18014e+07 3.37362e+07 2.21779e+08 3.73153e+06 0.0256781 -1.98752 -0.234296 0.0167112 0.139156 1.47615 3.97196 2.40861 6.38142 -0.826485 0.0205263 1.15398 0.134979 0.00910763 0.0775971 0.809277 2.18302 1.32199 2.984 0.389761 4.46894e+06 0.00229474 
1210.5 163701 -1.1966e+07 -1.42207e+06 78039.2 714072 7.20255e+06 1.95282e+07 1.18018e+07 3.44117e+07 -2.57825e+06 9370.16 4.16051e+07 585849 1721.27 145441 1.46918e+07 1.08115e+08 3.94639e+07 3.1851e+08 2.37106e+06 0.0370145 -2.70564 -0.321546 0.0176455 0.161459 1.62857 4.41553 2.66851 7.78083 -0.582968 0.0273608 1.44459 0.170514 0.00882234 0.0825627 0.818372 2.22466 1.34247 3.38777 0.443022 4.42262e+06 0.00227095 
1235.5 232575 -1.60273e+07 -1.92016e+06 81416 818433 7.86147e+06 2.14633e+07 1.29308e+07 4.12389e+07 -1.21171e+06 18035.6 7.24079e+07 1.037e+06 1824.52 185734 1.70312e+07 1.27069e+08 4.60954e+07 4.50068e+08 1.53204e+06 0.0529112 -3.64623 -0.436839 0.0185222 0.186195 1.78849 4.88292 2.94178 9.3819 -0.275665 0.0361045 1.78267 0.212344 0.00848572 0.087099 0.822139 2.25067 1.35376 3.79093 0.522064 4.39558e+06 0.00225707 
1260.5 329396 -2.13353e+07 -2.57645e+06 84644.9 934834 8.56222e+06 2.35222e+07 1.41321e+07 4.90572e+07 451636 34612.1 1.24614e+08 1.81427e+06 1923.48 235908 1.96868e+07 1.48705e+08 5.36477e+07 6.26181e+08 1.73097e+06 0.0751657 -4.86857 -0.587926 0.0193153 0.213322 1.95383 5.36758 3.22485 11.1945 0.10306 0.0474168 2.17556 0.261431 0.00811425 0.0912475 0.821531 2.26327 1.35735 4.19207 0.619979 4.38226e+06 0.00225023 
1285.5 463775 -2.81806e+07 -3.42954e+06 87531.6 1.06173e+06 9.28512e+06 2.56444e+07 1.53721e+07 5.78742e+07 2.43226e+06 65639 2.10899e+08 3.11988e+06 2005.51 296072 2.25492e+07 1.72137e+08 6.18196e+07 8.54855e+08 3.65637e+06 0.105684 -6.4217 -0.781513 0.0199464 0.241944 2.11586 5.84377 3.50294 13.1882 0.554255 0.0615516 2.61165 0.316521 0.00769083 0.0945047 0.81336 2.25307 1.34783 4.56875 0.72526 4.38834e+06 0.00225335 
1310.5 650475 -3.69864e+07 -4.5346e+06 90014.4 1.19899e+06 1.00237e+07 2.7803e+07 1.66386e+07 6.7789e+07 4.766e+06 123460 3.51571e+08 5.27985e+06 2063.17 366511 2.55362e+07 1.96606e+08 7.03745e+07 1.14603e+09 8.20629e+06 0.147171 -8.36824 -1.02596 0.0203659 0.271274 2.26788 6.29048 3.76452 15.3374 1.07831 0.0792065 3.08485 0.3768 0.00721285 0.0966124 0.796456 2.21639 1.32317 4.90457 0.833022 4.41986e+06 0.00226953 
1335.5 905239 -4.80603e+07 -5.93406e+06 91679.6 1.34046e+06 1.07259e+07 2.98398e+07 1.7843e+07 7.86147e+07 7.45284e+06 228483 5.73515e+08 8.73681e+06 2079.43 444070 2.83754e+07 2.19778e+08 7.85359e+07 1.50188e+09 1.6321e+07 0.202413 -10.7464 -1.32687 0.0204997 0.29973 2.39833 6.67224 3.98972 17.5784 1.66647 0.100589 3.57135 0.439307 0.00668766 0.0972445 0.76992 2.15033 1.28176 5.17921 0.933967 4.47223e+06 0.00229643 
1360.5 1.25237e+06 -6.19538e+07 -7.69999e+06 92519 1.48436e+06 1.1381e+07 3.17058e+07 1.89641e+07 9.0391e+07 1.05058e+07 416388 9.16692e+08 1.41501e+07 2048 525417 3.08597e+07 2.397e+08 8.56932e+07 1.92367e+09 2.89512e+07 0.27481 -13.5947 -1.68963 0.0203017 0.325717 2.49736 6.95728 4.16133 19.8347 2.30531 0.125891 4.04187 0.500143 0.00610242 0.0959281 0.731305 2.04799 1.21951 5.35728 1.01901 4.5572e+06 0.00234006 
1385.5 1.71818e+06 -7.91041e+07 -9.89159e+06 92172.7 1.6222e+06 1.19307e+07 3.32132e+07 1.99007e+07 1.02779e+08 1.38795e+07 743508 1.43112e+09 2.23602e+07 1957.21 602842 3.26139e+07 2.53019e+08 9.07549e+07 2.39644e+09 4.6643e+07 0.367471 -16.9182 -2.11555 0.0197133 0.346944 2.55165 7.10342 4.25623 21.9816 2.96845 0.154859 4.45536 0.553815 0.00547557 0.0925272 0.681427 1.9119 1.13778 5.41694 1.07888 4.67567e+06 0.00240089 
1410.5 2.33632e+06 -9.99763e+07 -1.25695e+07 90511.6 1.74648e+06 1.23347e+07 3.42193e+07 2.05809e+07 1.15557e+08 1.7524e+07 1.29483e+06 2.17265e+09 3.43109e+07 1803.62 666250 3.32752e+07 2.56468e+08 9.26555e+07 2.8946e+09 6.9326e+07 0.482338 -20.6403 -2.59499 0.0186863 0.360564 2.54652 7.06464 4.24896 23.8569 3.61787 0.186199 4.74627 0.59124 0.0048149 0.086845 0.62043 1.74331 1.03692 5.33323 1.10613 4.84375e+06 0.00248719 
1435.5 3.14187e+06 -1.24773e+08 -1.57606e+07 87174.8 1.84344e+06 1.25153e+07 3.44708e+07 2.08688e+07 1.28158e+08 2.13316e+07 2.18591e+06 3.18717e+09 5.07979e+07 1584.29 701371 3.24027e+07 2.4633e+08 9.01202e+07 3.368e+09 9.57168e+07 0.619127 -24.5873 -3.10574 0.0171784 0.363262 2.46623 6.7927 4.11235 25.2544 4.20354 0.217786 4.84956 0.603724 0.00413504 0.0790615 0.550332 1.54925 0.920555 5.08937 1.09174 5.07468e+06 0.00260577 
1460.5 4.17447e+06 -1.53631e+08 -1.94796e+07 82071.4 1.90117e+06 1.24202e+07 3.37829e+07 2.06708e+07 1.39983e+08 2.51519e+07 3.55627e+06 4.49477e+09 7.21765e+07 1313.14 696282 2.98134e+07 2.21282e+08 8.26212e+07 3.75014e+09 1.22975e+08 0.773626 -28.4714 -3.61002 0.0152097 0.352331 2.30174 6.26075 3.83077 25.9421 4.66123 0.246094 4.72932 0.586287 0.00346701 0.0700023 0.476551 1.346 0.797999 4.68972 1.03106 5.39598e+06 0.00277076 
1485.5 5.45124e+06 -1.85862e+08 -2.36329e+07 74984 1.90185e+06 1.19684e+07 3.18984e+07 1.98464e+07 1.49806e+08 2.86857e+07 5.49628e+06 6.02725e+09 9.73412e+07 1009.72 640894 2.54841e+07 1.81937e+08 7.01348e+07 3.94339e+09 1.45848e+08 0.933359 -31.8232 -4.04641 0.0128387 0.325634 2.04923 5.46164 3.3981 25.6498 4.91155 0.264409 4.38925 0.541524 0.00283753 0.0607957 0.405 1.14967 0.679257 4.15617 0.921231 5.84045e+06 0.00299899 
1510.5 6.97313e+06 -2.20118e+08 -2.80351e+07 66025.3 1.83257e+06 1.11218e+07 2.86972e+07 1.83288e+07 1.56348e+08 3.15857e+07 7.95894e+06 7.58751e+09 1.23016e+08 707.022 536919 1.98675e+07 1.33374e+08 5.40392e+07 3.85835e+09 1.57963e+08 1.0766 -33.9845 -4.3284 0.0101938 0.282935 1.71711 4.43062 2.82982 24.139 4.87659 0.264081 4.0629 0.507529 0.00229026 0.05333 0.344831 0.980557 0.579099 3.60692 0.779218 6.47701e+06 0.00332585 
1535.5 8.63435e+06 -2.52631e+08 -3.21901e+07 55289.6 1.67819e+06 9.83534e+06 2.40964e+07 1.60476e+07 1.57272e+08 3.32295e+07 1.04632e+07 8.75202e+09 1.42242e+08 437.906 397678 1.37255e+07 8.3602e+07 3.66375e+07 3.41654e+09 1.52218e+08 1.16376 -34.0501 -4.33865 0.00745204 0.22619 1.32563 3.24777 2.16293 21.1975 4.47874 0.236482 4.49531 0.589789 0.00186788 0.0493774 0.3044 0.848555 0.509703 3.33997 0.67614 7.41938e+06 0.00380975 
1560.5 1.01039e+07 -2.75557e+08 -3.50865e+07 43132.1 1.43046e+06 8.10916e+06 1.82586e+07 1.30243e+07 1.49207e+08 3.27053e+07 1.18413e+07 8.9074e+09 1.45095e+08 231.08 250827 8.09621e+06 4.22352e+07 2.09895e+07 2.62622e+09 1.25244e+08 1.1376 -31.025 -3.9504 0.00485625 0.161055 0.913012 2.05573 1.4664 16.7992 3.6823 0.197693 6.35081 0.854763 0.0015602 0.0479777 0.279218 0.727475 0.461385 3.67049 0.736156 8.88177e+06 0.00456066 
1585.5 1.06191e+07 -2.74694e+08 -3.49491e+07 30349.7 1.09841e+06 6.03556e+06 1.18197e+07 9.46378e+06 1.28174e+08 2.89037e+07 1.06691e+07 7.59333e+09 1.24358e+08 99.909 129478 3.92072e+06 1.59546e+07 9.72918e+06 1.66099e+09 8.33837e+07 0.949405 -24.559 -3.12463 0.00271341 0.0982033 0.539609 1.05674 0.846109 11.4594 2.58413 0.22914 8.70278 1.16402 0.0012529 0.0439555 0.243627 0.556524 0.392348 4.1452 0.881567 1.11851e+07 0.00574337 
1610.5 9.34162e+06 -2.37029e+08 -3.02168e+07 18496.3 729512 3.89374e+06 6.02752e+06 5.8968e+06 9.44593e+07 2.17335e+07 7.13029e+06 5.16566e+09 8.57559e+07 34.3336 53042 1.5115e+06 4.09459e+06 3.51987e+06 8.24504e+08 4.29123e+07 0.639363 -16.2228 -2.06811 0.00126593 0.0499295 0.266497 0.412538 0.403591 6.46502 1.48749 0.281477 9.50631 1.26185 0.000864462 0.0337248 0.180084 0.331747 0.279326 3.82551 0.851113 1.46108e+07 0.00750245 
1635.5 6.50584e+06 -1.69249e+08 -2.17451e+07 9437.02 405178 2.1042e+06 2.11218e+06 3.03652e+06 5.71793e+07 1.33292e+07 3.41798e+06 2.74839e+09 4.68144e+07 9.29195 17088 459424 607319 977170 3.15059e+08 1.67918e+07 0.340562 -8.85969 -1.13829 0.000494002 0.0212099 0.110149 0.110567 0.158953 2.99317 0.697748 0.250876 8.08557 1.07466 0.00049231 0.0210867 0.109164 0.13988 0.160891 2.7447 0.626219 1.91032e+07 0.00980923 
1660.5 3.5356e+06 -9.89157e+07 -1.29008e+07 3986.06 186225 941818 278833 1.27114e+06 2.81345e+07 6.61085e+06 1.19653e+06 1.16578e+09 2.06173e+07 2.01009 4396.46 111727 33769.6 208404 9.43953e+07 5.10825e+06 0.146589 -4.10114 -0.53488 0.000165266 0.00772108 0.0390487 0.0115607 0.0527026 1.16648 0.274092 0.167693 5.61381 0.754133 0.000236701 0.0110755 0.0557449 0.0355875 0.0765707 1.59782 0.369684 2.41191e+07 0.0123848 
1685.5 1.537e+06 -4.83387e+07 -6.43946e+06 1412.46 71804.4 353777 -226244 433363 1.14876e+07 2.71191e+06 320765 4.06179e+08 7.5122e+06 0.354432 921.029 22163.1 11889.3 33910 2.28233e+07 1.24812e+06 0.0513286 -1.61428 -0.215047 4.71694e-05 0.00239793 0.0118145 -0.00755546 0.0144723 0.383633 0.0905648 0.0898743 3.31037 0.452357 9.80376e-05 0.00500079 0.0245064 0.018438 0.0303807 0.78423 0.182974 2.99444e+07 0.015376 
1710.5 549641 -2.01855e+07 -2.75718e+06 425.761 23551.3 113075 -215918 119145 3.97172e+06 940144 66687.4 1.15963e+08 2.24896e+06 0.0505712 155.98 3560.5 14380 3973.54 4.43015e+06 244120 0.0146692 -0.538725 -0.0735856 1.1363e-05 0.000628555 0.00301782 -0.00576258 0.00317982 0.106 0.0250912 0.0395552 1.67472 0.233681 3.49365e-05 0.00194109 0.0092692 0.0187237 0.00979477 0.327107 0.0767181 3.7469e+07 0.0192398 
1735.5 161760 -7.18665e+06 -1.00839e+06 108.315 6519.75 30510.5 -112193 24783 1.15718e+06 274305 10293 2.61408e+07 532040 0.00560659 20.5159 444.821 6774.82 286.694 662283 36679.2 0.00332479 -0.147713 -0.0207263 2.22628e-06 0.000134006 0.000627107 -0.00230599 0.000509384 0.0237844 0.00563802 0.01416 0.717965 0.102498 1.05015e-05 0.000635391 0.00295796 0.0115728 0.00237343 0.114222 0.0268721 4.86528e+07 0.0249825 
1760.5 37583.3 -2.10299e+06 -303379 22.2383 1456.99 6646.71 -41410.4 3051.37 272718 64677.2 1092.39 4.2531e+06 90585.6 0.000442023 1.91204 39.4874 1718.27 8.18786 69883.5 3886.14 0.000549959 -0.0307732 -0.00443937 3.25414e-07 2.13203e-05 9.72617e-05 -0.000605962 4.46508e-05 0.00399069 0.000946426 0.00396012 0.247566 0.0361364 2.52235e-06 0.000165905 0.000753898 0.00497759 0.000343249 0.0317283 0.00748134 6.83384e+07 0.0350908 
1785.5 6046.43 -447408 -66365.4 3.22374 229.867 1022.76 -10339.3 -86.5181 45685 10833.6 56.3023 339429 7530.87 1.72488e-05 0.0872833 1.72647 182.759 0.105268 3566.12 199.276 5.26497e-05 -0.00389584 -0.000577882 2.8071e-08 2.00158e-06 8.90577e-06 -9.003e-05 -7.53363e-07 0.000397805 9.43341e-05 0.000698201 0.0542257 0.00807723 3.86533e-07 2.74958e-05 0.000122287 0.00125829 3.02666e-05 0.00555823 0.00131389 1.14843e+08 0.05897 
1810.5 388.871 -41337.2 -6312.21 0.191753 14.8909 64.6646 -1075.17 -65.4174 3201.73 758.809 0.385499 4149.71 96.8902 9.55524e-08 0.000567176 0.0107379 2.77892 0.0106394 26.0849 1.46251 1.27239e-06 -0.000135256 -2.06537e-05 6.27419e-10 4.87231e-08 2.11584e-07 -3.51798e-06 -2.14047e-07 1.04761e-05 2.48284e-06 3.54928e-05 0.00368234 0.000562672 1.76707e-08 1.36141e-06 5.92366e-06 9.52906e-05 5.8963e-06 0.00029196 6.91318e-05 3.05622e+08 0.156932 
1835.5 3.92513 -749.64 -111.398 0.00214274 0.186949 0.781991 -21.1895 -1.7923 37.2866 8.69684 0.000142511 2.64988 0.0647342 1.25399e-10 9.87936e-07 1.574e-05 0.00221881 5.44957e-05 0.00987039 0.000571042 0.0 0.0 0.0 0.0 0.0 0.0 0.0 0.0 0.0 0.0 0.0 0.0 0.0 0.0 0.0 0.0 0.0 0.0 0.0 0.0 -1.63152e+09 -0.83776 
1860.5 7.13318e-05 -0.0414406 -0.00594957 1.72515e-08 1.4879e-06 6.54761e-06 -0.00131463 -0.000157856 7.55118e-05 1.32581e-05 1.22311e-12 2.45461e-07 4.58017e-09 8.89431e-20 6.86314e-16 1.22829e-14 2.46245e-10 3.1759e-12 1.14103e-12 4.65674e-14 4.63555e-11 -2.69305e-08 -3.86637e-09 1.1211e-14 9.6692e-13 4.25501e-12 -8.54323e-10 -1.02584e-10 4.90719e-11 8.61588e-12 8.90337e-10 3.98484e-07 5.44198e-08 2.40155e-13 2.10967e-11 8.92413e-11 1.26212e-08 1.43296e-09 8.59707e-10 1.73747e-10 1.5388e+06 0.000790151 
1885.5 0 0 0 0 0 0 0 0 0 0 0 0 0 0 0 0 0 0 0 0 0.0 0.0 0.0 0.0 0.0 0.0 0.0 0.0 0.0 0.0 0.0 0.0 0.0 0.0 0.0 0.0 0.0 0.0 0.0 0.0 0 0 
