310.5 0.0490933 3.35809e-06 3.16064 -1.63987e-05 1.6248 9.36443e-07 576.841 0.256502 2.14889 0.00013036 2.37682e-09 2.29154e-17 5.39796e-08 3.66509e-14 1.42653e-08 4.19317e-17 0.00162051 1.70193e-06 2.87993e-08 3.38612e-13 0.0 0.0 0.0 0.0 0.0 0.0 0.0 0.0 0.0 0.0 0.0 0.0 0.0 0.0 0.0 0.0 0.0 0.0 0.0 0.0 -2.02275e+09 -1.03865 
335.5 -0.0534654 4.6965e-07 3.04967 -2.31979e-05 1.56776 1.74583e-05 450.208 1.74148 3.21529 0.00130417 3.9188e-07 5.74897e-18 5.53177e-07 1.70132e-13 1.46189e-07 1.08474e-14 0.0086811 8.01988e-05 8.82255e-07 4.01406e-11 -4.44834e-10 3.90751e-15 2.53734e-08 -1.93008e-13 1.30438e-08 1.45254e-13 3.74575e-06 1.44892e-08 2.67513e-08 1.08507e-11 5.70987e-08 2.1867e-13 6.29178e-08 3.76228e-11 3.23444e-08 9.49893e-12 7.62866e-06 8.1673e-07 8.13927e-08 5.77801e-10 1.20192e+08 0.0617167 
360.5 -0.639411 6.33567e-08 3.61786 -1.85226e-05 1.85985 0.000107837 431.926 5.98956 5.7676 0.00604445 8.52775e-06 1.79868e-17 5.01431e-06 1.47855e-12 1.32514e-06 3.38937e-13 0.0506024 0.000685603 1.98589e-05 6.84674e-10 -9.85541e-09 9.76534e-16 5.5763e-08 -2.85493e-13 2.86663e-08 1.66212e-12 6.65738e-06 9.23187e-08 8.88975e-08 9.31647e-11 3.62413e-07 5.26531e-13 2.72355e-07 1.50961e-10 1.40011e-07 7.2259e-11 2.71225e-05 3.24944e-06 5.46066e-07 3.24721e-09 6.48792e+07 0.0333145 
385.5 -2.4385 -1.75156e-07 5.74614 3.74454e-05 2.95394 0.000404318 567.867 13.8049 13.1841 0.0176129 7.24816e-05 6.53023e-16 2.71013e-05 3.91669e-11 7.16212e-06 3.53492e-12 0.19574 0.00281599 0.000214566 4.58604e-09 -5.39941e-08 -3.87838e-15 1.27233e-07 8.29131e-13 6.54073e-08 8.95256e-12 1.25739e-05 3.05673e-07 2.91928e-07 3.89992e-10 1.2657e-06 3.80256e-12 7.64133e-07 9.31261e-10 3.92821e-07 2.79627e-10 6.46224e-05 7.89046e-06 2.16004e-06 1.00695e-08 4.51623e+07 0.0231902 
410.5 -6.7617 -3.71461e-07 10.0836 0.000126966 5.18372 0.00121157 849.764 26.7579 31.7877 0.041875 0.0004238 1.14885e-13 0.000111733 3.67741e-09 2.9528e-05 2.89265e-11 0.599493 0.00904578 0.00164364 2.37626e-08 -1.85729e-07 -1.02032e-14 2.76975e-07 3.48749e-12 1.42386e-07 3.32791e-11 2.33411e-05 7.3498e-07 8.73138e-07 1.15021e-09 3.40681e-06 5.61751e-11 1.72984e-06 1.00504e-08 8.89267e-07 8.90753e-10 0.000126182 1.57457e-05 6.66218e-06 2.55222e-08 3.64063e+07 0.0186941 
435.5 -15.6939 6.05772e-06 17.4608 -0.00083243 8.97615 0.00312149 1282.96 46.7392 72.7356 0.0875048 0.00177295 1.18363e-12 0.000376685 2.93789e-08 9.95474e-05 1.62049e-10 1.56954 0.022654 0.00940976 8.86919e-08 -5.62296e-07 2.17042e-13 6.25604e-07 -2.98251e-11 3.21607e-07 1.1184e-10 4.59671e-05 1.67462e-06 2.60604e-06 3.13521e-09 7.95026e-06 2.05933e-10 3.62006e-06 3.2444e-08 1.86098e-06 2.40698e-09 0.000232641 2.84406e-05 1.81756e-05 5.62842e-08 2.79103e+07 0.0143316 
460.5 -32.4871 1.64889e-05 29.5222 -0.00224867 15.1766 0.00730725 1923.18 77.3661 157.361 0.168992 0.00612122 4.97657e-12 0.00110842 1.12926e-07 0.000292925 7.21133e-10 3.68898 0.0520367 0.0434963 2.82734e-07 -1.40669e-06 7.13971e-13 1.27831e-06 -9.73675e-11 6.57146e-07 3.16404e-10 8.32736e-05 3.34995e-06 6.81373e-06 7.31735e-09 1.62194e-05 4.64203e-10 6.80886e-06 6.99264e-08 3.50026e-06 5.57897e-09 0.000390894 4.73494e-05 4.28598e-05 1.10403e-07 2.30947e+07 0.0118588 
485.5 -61.1423 4.56812e-05 48.4636 -0.00502729 24.9139 0.0158836 2840.41 122.658 321.643 0.307791 0.017844 2.48763e-11 0.00295738 3.39549e-07 0.000781552 2.86803e-09 8.06626 0.110982 0.174075 8.23426e-07 -3.19615e-06 2.38794e-12 2.53339e-06 -2.62797e-10 1.30235e-06 8.30301e-10 0.00014848 6.41182e-06 1.68136e-05 1.60895e-08 3.03737e-05 1.14034e-09 1.21727e-05 1.33227e-07 6.25769e-06 1.22161e-08 0.000632147 7.5897e-05 9.38982e-05 2.06845e-07 1.913e+07 0.00982296 
510.5 -108.277 5.2358e-05 78.5188 -0.00495016 40.3645 0.0331491 4186.92 191.328 634.665 0.544478 0.046337 2.38295e-11 0.00748391 2.35583e-07 0.00197779 1.07984e-08 16.9712 0.227194 0.641768 2.2733e-06 -6.62353e-06 3.20286e-12 4.80317e-06 -3.02812e-10 2.46919e-06 2.0278e-09 0.000256123 1.17039e-05 3.88239e-05 3.33069e-08 5.28268e-05 1.20735e-09 2.08504e-05 1.20046e-07 1.07186e-05 2.56213e-08 0.000986189 0.000117307 0.000194296 3.71421e-07 1.63473e+07 0.0083941 
535.5 -179.364 5.79301e-05 123.796 -0.00463372 63.6405 0.0656204 6064.54 290.4 1194.72 0.926121 0.107521 2.31365e-11 0.0176243 1.50676e-07 0.0046576 3.50261e-08 34.0107 0.444734 2.10122 5.67335e-06 -1.24458e-05 4.01968e-12 8.59005e-06 -3.21527e-10 4.41592e-06 4.5533e-09 0.000420809 2.01504e-05 8.29e-05 6.42622e-08 8.54742e-05 1.26704e-09 3.38989e-05 1.0225e-07 1.74265e-05 4.90884e-08 0.00147746 0.000174509 0.000372731 6.24128e-07 1.44116e+07 0.00740015 
560.5 -283.391 4.27261e-05 192.75 -0.00289409 99.0877 0.12575 8749.67 436.32 2184.54 1.54375 0.227087 1.80449e-11 0.039655 8.82317e-08 0.0104797 1.05791e-07 66.3249 0.845574 6.36798 1.34636e-05 -2.14265e-05 3.23041e-12 1.45733e-05 -2.18815e-10 7.49178e-06 9.50767e-09 0.000661541 3.29891e-05 0.000165167 1.16719e-07 0.000129269 1.16804e-09 5.2781e-05 8.16758e-08 2.71333e-05 8.89281e-08 0.0021394 0.000250686 0.000673934 1.00216e-06 1.32262e+07 0.00679146 
585.5 -428.536 3.88665e-05 297.086 -0.00230058 152.724 0.236035 12578.6 652.85 3895.96 2.54638 0.446637 1.21663e-11 0.0870486 5.0722e-08 0.0230045 3.11904e-07 127.244 1.60355 18.3828 3.16143e-05 -3.54906e-05 3.21886e-12 2.46041e-05 -1.9053e-10 1.26484e-05 1.95481e-08 0.00104174 5.4068e-05 0.000322657 2.10887e-07 0.000189024 1.00379e-09 8.12641e-05 6.48126e-08 4.17758e-05 1.59528e-07 0.00307456 0.000360389 0.00119094 1.6043e-06 1.20746e+07 0.00620014 
610.5 -618.001 5.02648e-05 453.166 -0.00243052 232.961 0.431221 18022.9 966.917 6789.84 4.13104 0.807141 2.34793e-11 0.184634 6.22884e-08 0.0487937 8.76278e-07 239.233 2.98151 50.1492 7.17618e-05 -5.54489e-05 4.50991e-12 4.06594e-05 -2.18074e-10 2.0902e-05 3.86905e-08 0.00161707 8.67546e-05 0.000609205 3.70649e-07 0.000263334 1.45142e-09 0.000122118 7.47573e-08 6.27776e-05 2.77715e-07 0.00434164 0.000509886 0.00203185 2.51024e-06 1.11454e+07 0.00572301 
635.5 -857.156 5.51087e-05 688.592 -0.00184443 353.987 0.778802 25865.7 1435.15 11658.8 6.68633 1.37134 1.39561e-11 0.385034 2.60457e-08 0.101754 2.37987e-06 447.249 5.55197 131.468 0.00016094 -8.27504e-05 5.32023e-12 6.64771e-05 -1.78062e-10 3.41742e-05 7.51861e-08 0.00249709 0.000138551 0.00112554 6.45503e-07 0.000354319 1.16073e-09 0.000180976 5.01441e-08 9.3035e-05 4.73393e-07 0.00607801 0.000718884 0.00338011 3.88852e-06 1.03583e+07 0.00531885 
660.5 -1129.29 7.66515e-05 1034.8 -0.00132829 531.964 1.37915 36881.4 2117.09 19603.5 10.7104 2.15178 1.13755e-11 0.78459 1.59291e-08 0.207345 6.24386e-06 824.778 10.2318 330.28 0.000353909 -0.000117685 7.98796e-12 0.000107838 -1.38423e-10 5.54366e-05 1.43723e-07 0.00384346 0.000220625 0.00204291 1.11614e-06 0.000458683 1.08876e-09 0.000264829 4.07428e-08 0.000136142 7.93741e-07 0.00843677 0.00100876 0.00549959 5.96955e-06 9.59588e+06 0.00492735 
685.5 -1409.87 0.00013632 1548.33 -0.00034096 795.959 2.41882 52599.4 3127.88 32541.2 17.1293 3.10187 2.03525e-11 1.57863 2.15441e-08 0.417189 1.59027e-05 1517.26 18.7744 806.407 0.000763787 -0.000156619 1.51435e-11 0.000172001 -3.78764e-11 8.84211e-05 2.68701e-07 0.00584313 0.000347468 0.00361492 1.90286e-06 0.000565729 1.50356e-09 0.000381815 4.89212e-08 0.000196281 1.30169e-06 0.0115934 0.00140174 0.00874724 9.01257e-06 9.00191e+06 0.00462235 
710.5 -1632.25 0.000238352 2300.49 0.00360765 1182.62 4.19902 74734.9 4617.04 53216.9 27.3267 4.07092 9.63925e-12 3.14475 9.06101e-09 0.83107 4.03303e-05 2774.18 34.7742 1920.36 0.00166817 -0.000192209 2.80676e-11 0.000270899 4.24826e-10 0.000139262 4.94464e-07 0.00880056 0.000543689 0.00626667 3.21791e-06 0.000665158 1.06504e-09 0.000544913 3.26622e-08 0.000280126 2.12242e-06 0.015787 0.00194918 0.0136698 1.36412e-05 8.49206e+06 0.00436055 
735.5 -1688 0.00047914 3397.76 0.0131293 1746.7 7.2161 105974 6807.57 85865.5 43.4886 4.69537 1.45667e-11 6.17883 9.29953e-09 1.63289 9.99819e-05 5054.81 64.0869 4443.25 0.00360678 -0.000208184 5.90933e-11 0.000419052 1.61926e-09 0.000215424 8.89976e-07 0.01307 0.000839591 0.01059 5.36354e-06 0.000731949 1.33905e-09 0.000765795 3.38276e-08 0.000393675 3.3969e-06 0.0212743 0.0026831 0.020877 2.03976e-05 8.10819e+06 0.00416344 
760.5 -1409.67 0.000973524 4990.94 0.0368658 2565.71 12.3393 149836 10050.5 136916 69.3098 4.60857 1.48157e-11 12.0756 7.11519e-09 3.19126 0.000249039 9199.4 119.433 10117.8 0.00790492 -0.000182119 1.25772e-10 0.000644793 4.7628e-09 0.000331471 1.59415e-06 0.0193577 0.00129845 0.0176885 8.95433e-06 0.000749818 1.37777e-09 0.00106973 2.99424e-08 0.000549922 5.44359e-06 0.0285267 0.00370729 0.0315319 3.0677e-05 7.74037e+06 0.00397457 
785.5 -550.746 0.00200138 7273.01 0.0911116 3738.87 20.9168 210679 14811.2 215230 110.179 3.76702 3.24563e-11 23.3326 1.38865e-08 6.16615 0.000609337 16637.1 222.509 22477.9 0.0172061 -7.50355e-05 2.72674e-10 0.0009909 1.24134e-08 0.000509396 2.84978e-06 0.0287037 0.00201792 0.0293236 1.50111e-05 0.000712462 2.08509e-09 0.00148224 4.16875e-08 0.00076198 8.6543e-06 0.0379842 0.00512283 0.0469317 4.60313e-05 7.3398e+06 0.00376888 
810.5 1215.22 0.00404844 10511 0.210074 5403.42 35.3281 294331 21850.3 333742 175.494 3.45187 7.28163e-11 44.7525 3.77742e-08 11.8268 0.00148636 30020.1 417.318 49055.2 0.0376703 0.000173775 5.78924e-10 0.00150306 3.00405e-08 0.000772686 5.05189e-06 0.0420891 0.00312458 0.0477249 2.50956e-05 0.000680748 3.17451e-09 0.00203479 6.70765e-08 0.00104603 1.36758e-05 0.0502131 0.00706493 0.0688273 6.89714e-05 6.99304e+06 0.00359082 
835.5 4347.18 0.00811043 15020.5 0.457419 7721.64 59.1895 407216 32079.7 508942 278.622 8.34471 1.52678e-10 84.835 1.20122e-07 22.4195 0.00362391 53695.8 783.735 104750 0.0830142 0.000647319 1.20769e-09 0.00223663 6.81121e-08 0.00114979 8.81363e-06 0.0606367 0.00477684 0.0757841 4.14883e-05 0.000907497 4.6126e-09 0.00276222 1.15098e-07 0.00141999 2.14928e-05 0.0657175 0.00968938 0.0992702 0.00010315 6.71568e+06 0.0034484 
860.5 9412.26 0.0159302 21226.5 0.950464 10912 98.4626 557856 46874.7 763522 440.858 30.4556 4.12472e-10 158.79 4.42942e-07 41.9638 0.0087505 95149.8 1468.1 218501 0.182214 0.00146024 2.47145e-09 0.00329311 1.47457e-07 0.0016929 1.52757e-05 0.0865468 0.00727222 0.118454 6.83956e-05 0.00161017 7.60813e-09 0.00371354 2.16738e-07 0.00190903 3.35294e-05 0.0852723 0.0132242 0.140951 0.000153594 6.44571e+06 0.00330978 
885.5 17140 0.0309048 29708.6 1.89749 15272.4 163.133 757398 68262.1 1.12848e+06 697.369 96.3042 1.20449e-09 294.338 1.59376e-06 77.7854 0.0211853 167144 2758.64 446619 0.403301 0.00276761 4.99023e-09 0.00479707 3.06389e-07 0.00246605 2.63413e-05 0.122298 0.0110223 0.182216 0.000112605 0.00280903 1.30226e-08 0.00495128 4.04315e-07 0.00254532 5.22202e-05 0.109691 0.0179985 0.197265 0.000229001 6.19307e+06 0.00318005 
910.5 28440 0.0591233 41140.3 3.64899 21149.1 269.071 1.01791e+06 98927.9 1.64181e+06 1101.24 259.462 3.74228e-09 538.739 5.4334e-06 142.374 0.0512915 290378 5187.28 893307 0.89559 0.00479002 9.95788e-09 0.00692908 6.14583e-07 0.00356206 4.53185e-05 0.171443 0.016662 0.276523 0.000185477 0.00455584 2.30464e-08 0.00653647 7.33084e-07 0.00336023 8.11483e-05 0.139694 0.0244141 0.272013 0.000341231 5.93734e+06 0.00304874 
935.5 44468.6 0.11171 56396.8 6.7985 28992.1 441.845 1.35431e+06 142370 2.35156e+06 1734.99 622.789 1.16804e-08 974.797 1.7649e-05 257.612 0.124405 498812 9719.33 1.74776e+06 1.99687 0.00779622 1.95849e-08 0.00988746 1.19191e-06 0.00508289 7.7464e-05 0.237436 0.0249602 0.412275 0.000304177 0.00695745 4.0795e-08 0.00855214 1.29366e-06 0.00439643 0.000125738 0.176282 0.0328782 0.369385 0.000507511 5.70387e+06 0.00292886 
960.5 66616.3 0.20784 76569.1 12.2822 39362.2 720.858 1.78491e+06 203089 3.31654e+06 2720.79 1368.41 3.57223e-08 1738.17 5.42892e-05 459.35 0.300061 844572 18056.7 3.33352e+06 4.44038 0.0120538 3.76074e-08 0.0138547 2.22239e-06 0.00712233 0.000130435 0.322969 0.0367476 0.600106 0.000492309 0.0101149 7.10591e-08 0.0110706 2.21004e-06 0.00569112 0.000193083 0.220252 0.043782 0.493003 0.00074906 5.52659e+06 0.00283782 
985.5 96848.7 0.383481 103267 21.6483 53086.7 1174.89 2.33614e+06 288095 4.61999e+06 4267.94 2830.47 1.08234e-07 3072.15 0.000160161 811.885 0.726798 1.41678e+06 33443.3 6.23756e+06 9.92633 0.0180541 7.14867e-08 0.0192505 4.03556e-06 0.00989616 0.000219017 0.435491 0.0537052 0.861237 0.000795608 0.0142019 1.22744e-07 0.0142167 3.68384e-06 0.00730846 0.000295834 0.272867 0.0578799 0.648881 0.00110337 5.36437e+06 0.00275453 
1010.5 136859 0.69942 137904 37.148 70893 1904.32 3.02381e+06 404352 6.33141e+06 6667.05 5555.47 3.23469e-07 5365.65 0.000452624 1417.99 1.7596 2.34288e+06 61348.7 1.13983e+07 22.2192 0.026363 1.34729e-07 0.0265644 7.15579e-06 0.0136561 0.000366829 0.582474 0.07789 1.21962 0.00128427 0.0193685 2.10137e-07 0.0181084 5.99862e-06 0.00930908 0.000452092 0.334711 0.0758334 0.841542 0.00162195 5.19132e+06 0.00266567 
1035.5 189354 1.26466 182915 62.3578 94031.8 3076.26 3.88308e+06 562172 8.56212e+06 10392.4 10475.3 9.60911e-07 9285.42 0.00123251 2453.88 4.2673 3.82974e+06 111518 2.03925e+07 49.9084 0.0375899 2.51057e-07 0.0363115 1.2379e-05 0.0186668 0.000610687 0.770855 0.1116 1.69972 0.00206305 0.0258169 3.57389e-07 0.022908 9.56205e-06 0.0117765 0.000688614 0.407491 0.0984052 1.07666 0.00237728 5.03737e+06 0.00258662 
1060.5 257499 2.2664 241372 102.622 124083 4951.01 4.9545e+06 773911 1.14363e+07 16158.2 19081 2.81345e-06 15929.9 0.00323673 4209.84 10.3228 6.19185e+06 200045 3.56785e+07 112.069 0.0525126 4.62193e-07 0.0492236 2.09281e-05 0.0253046 0.00100967 1.01038 0.157826 2.33224 0.00329519 0.0336699 6.00111e-07 0.0287343 1.49027e-05 0.0147716 0.00104198 0.491777 0.126042 1.35525 0.00346357 4.90357e+06 0.00251791 
1085.5 344374 4.02655 316566 165.673 162739 7922.67 6.26893e+06 1.05189e+06 1.50548e+07 25008.1 33720.9 8.18343e-06 27107.7 0.00823102 7163.84 24.9339 9.88354e+06 353184 6.09176e+07 251.771 0.0719608 8.41391e-07 0.0661499 3.46191e-05 0.034006 0.00165553 1.30996 0.219803 3.14586 0.00522571 0.0432204 1.00104e-06 0.0358975 2.28358e-05 0.0184541 0.00157144 0.590997 0.15965 1.68314 0.00503014 4.78559e+06 0.00245733 
1110.5 455593 7.12724 414584 263.757 213128 12656.9 7.90008e+06 1.41671e+06 1.9606e+07 38702 58279.4 2.37624e-05 45992.5 0.0203897 12154.6 60.2731 1.56456e+07 615275 1.01865e+08 568.009 0.0971648 1.52004e-06 0.0884189 5.62517e-05 0.045454 0.00269936 1.68486 0.302144 4.1814 0.00825402 0.0546655 1.66052e-06 0.0446203 3.44134e-05 0.0229383 0.00235966 0.705698 0.199824 2.05932 0.00728087 4.68886e+06 0.00240766 
1135.5 595380 12.5181 540907 413.378 278067 20101 9.89256e+06 1.8833e+06 2.51898e+07 59622 98410.9 6.83833e-05 77571.7 0.0490843 20500.3 144.93 2.44933e+07 1.05093e+06 1.66178e+08 1278.71 0.129365 2.71995e-06 0.117529 8.98197e-05 0.060419 0.00436758 2.14947 0.409207 5.47329 0.0129548 0.0681726 2.73136e-06 0.0551525 5.09663e-05 0.0283527 0.00352348 0.837684 0.246776 2.48003 0.0104888 4.60232e+06 0.00236322 
1160.5 769762 21.8594 704569 639.556 362203 31743.5 1.23222e+07 2.47217e+06 3.19528e+07 91512 162668 0.000195684 130496 0.115355 34486.9 346.332 3.79585e+07 1.75802e+06 2.64542e+08 2874.19 0.169948 4.82611e-06 0.155555 0.000141201 0.0799671 0.00700833 2.72048 0.545806 7.05454 0.020204 0.0838544 4.46225e-06 0.0679231 7.43667e-05 0.034918 0.00522937 0.989663 0.300384 2.93925 0.0150453 4.5294e+06 0.00232578 
1185.5 987643 38.0915 918299 979.755 472078 49973.6 1.52919e+07 3.21054e+06 4.00762e+07 140328 264730 0.000560258 219742 0.266088 58072.9 825.225 5.83862e+07 2.88712e+06 4.11918e+08 6474.13 0.221002 8.52361e-06 0.205485 0.000219237 0.105635 0.0111824 3.42182 0.718412 8.96772 0.0314006 0.101961 7.26052e-06 0.0833485 0.00010713 0.0428481 0.00772082 1.16449 0.360454 3.42834 0.0215103 4.46894e+06 0.00229474 
1210.5 1.25575e+06 66.0768 1.19607e+06 1484.54 614877 78113.8 1.88708e+07 4.11247e+06 4.95837e+07 214207 423285 0.00160079 369820 0.601401 97735.9 1948.38 8.88059e+07 4.63054e+06 6.2468e+08 14541 0.283938 1.49406e-05 0.270444 0.00033567 0.13903 0.0176623 4.26687 0.929871 11.2114 0.0484344 0.122834 1.17784e-05 0.102373 0.000152671 0.0526285 0.0113398 1.36884 0.427028 3.94353 0.0306917 4.42262e+06 0.00227095 
1235.5 1.58595e+06 114.278 1.56136e+06 2231.86 802671 121348 2.32104e+07 5.20389e+06 6.06157e+07 325996 665915 0.00455267 623757 1.3359 164848 4545.84 1.33846e+08 7.24526e+06 9.22926e+08 32509 0.360807 2.59984e-05 0.355212 0.000507751 0.182609 0.0276069 5.2804 1.18389 13.7902 0.0741645 0.145997 1.89689e-05 0.12542 0.000214725 0.0644772 0.0164937 1.60238 0.496699 4.44955 0.043537 4.39558e+06 0.00225707 
1260.5 1.99055e+06 197.519 2.04327e+06 3331.97 1.05042e+06 187382 2.84278e+07 6.49863e+06 7.31336e+07 494911 1.03365e+06 0.0129872 1.05667e+06 2.92619 279264 10505.6 1.99766e+08 1.10531e+07 1.32711e+09 72581.5 0.454229 4.50723e-05 0.466259 0.000760331 0.239698 0.0427591 6.48702 1.48294 16.6885 0.112935 0.171893 3.053e-05 0.154036 0.000299385 0.0791898 0.0238528 1.87183 0.568444 4.93253 0.061711 4.38226e+06 0.00225023 
1285.5 2.48249e+06 340.651 2.6818e+06 4942.16 1.37869e+06 287008 3.46712e+07 8.00188e+06 8.70082e+07 748309 1.57993e+06 0.0369362 1.7968e+06 6.31646 474877 23885.5 2.94838e+08 1.63833e+07 1.85141e+09 160876 0.565701 7.76265e-05 0.611119 0.0011262 0.314171 0.0654025 7.90077 1.82344 19.8271 0.170522 0.200028 4.88981e-05 0.189688 0.000413569 0.0975196 0.0341386 2.18277 0.639093 5.36449 0.0870755 4.38834e+06 0.00225335 
1310.5 3.08323e+06 588.569 3.53889e+06 7303.55 1.81933e+06 436860 4.2157e+07 9.73518e+06 1.02135e+08 1.12986e+06 2.38542e+06 0.10548 3.07793e+06 13.4939 813487 53566.7 4.30626e+08 2.36498e+07 2.50446e+09 355538 0.697586 0.000133165 0.80068 0.00165244 0.411627 0.0988403 9.53809 2.2026 23.1083 0.255634 0.230388 7.83081e-05 0.235157 0.000567862 0.120898 0.0484785 2.5406 0.706644 5.71371 0.122852 4.41986e+06 0.00226953 
1335.5 3.80606e+06 1015.53 4.68555e+06 10731.8 2.40886e+06 658372 5.09868e+07 1.16681e+07 1.17914e+08 1.69844e+06 3.54677e+06 0.300566 5.29482e+06 28.4371 1.39944e+06 117640 6.20088e+08 3.30617e+07 3.26716e+09 778779 0.851041 0.000227076 1.0477 0.00239964 0.538625 0.147213 11.4007 2.609 26.3658 0.379774 0.262286 0.000125075 0.2937 0.000774789 0.150999 0.068065 2.94545 0.765343 5.94889 0.17294 4.47223e+06 0.00229643 
1360.5 4.68067e+06 1755.69 6.24039e+06 15720.1 3.20825e+06 984083 6.14243e+07 1.37756e+07 1.33951e+08 2.54971e+06 5.20233e+06 0.857396 9.1674e+06 59.2511 2.42306e+06 253083 8.80253e+08 4.46034e+07 4.10235e+09 1.69593e+06 1.02709 0.000385256 1.36935 0.00344951 0.703996 0.21594 13.4785 3.02281 29.3932 0.559489 0.294352 0.000199295 0.369487 0.00105 0.189968 0.094364 3.38916 0.806283 6.0191 0.243132 4.5572e+06 0.00234006 
1385.5 5.72562e+06 3036.76 8.34425e+06 22918.1 4.28995e+06 1.45496e+06 7.35158e+07 1.59617e+07 1.49166e+08 3.81659e+06 7.50579e+06 2.44192 1.59189e+07 121.702 4.2077e+06 530534 1.22544e+09 5.76636e+07 4.92163e+09 3.66045e+06 1.22456 0.000649481 1.78461 0.00490157 0.917504 0.311176 15.7231 3.41377 31.9027 0.816266 0.32519 0.000316915 0.468805 0.00141544 0.241038 0.128983 3.85659 0.823928 5.90124 0.341439 4.67567e+06 0.00240089 
1410.5 6.97212e+06 5254.01 1.12024e+07 33253.9 5.75947e+06 2.12644e+06 8.74109e+07 1.81341e+07 1.62574e+08 5.69895e+06 1.06377e+07 6.92014 2.76454e+07 245.715 7.30757e+06 1.07848e+06 1.66769e+09 7.1087e+07 5.60808e+09 7.81124e+06 1.43941 0.0010847 2.31275 0.00686532 1.18905 0.439008 18.0461 3.74381 33.5638 1.17656 0.352524 0.000502097 0.598863 0.00189624 0.307915 0.172993 4.31674 0.812347 5.59215 0.477863 4.84375e+06 0.00248719 
1435.5 8.44311e+06 9093.36 1.50885e+07 48001.3 7.75763e+06 3.06634e+06 1.03013e+08 2.01164e+07 1.72615e+08 8.48865e+06 1.47539e+07 19.4784 4.78507e+07 486.247 1.2649e+07 2.11303e+06 2.20369e+09 8.2732e+07 6.0055e+09 1.6446e+07 1.66377 0.00179191 2.97329 0.00945899 1.52869 0.604244 20.2994 3.96408 34.015 1.67275 0.373122 0.000792092 0.767356 0.00251908 0.394558 0.226443 4.71051 0.767479 5.13854 0.66537 5.07468e+06 0.00260577 
1460.5 1.01611e+07 15725.3 2.03557e+07 68817.2 1.0466e+07 4.35127e+06 1.2003e+08 2.16789e+07 1.77602e+08 1.26142e+07 1.99234e+07 54.0963 8.19254e+07 935.991 2.16575e+07 3.9517e+06 2.80259e+09 8.97037e+07 5.96446e+09 3.40333e+07 1.88309 0.00291426 3.77238 0.0127534 1.93958 0.806392 22.2443 4.0176 32.9138 2.33771 0.382397 0.00123788 0.975613 0.00328804 0.501651 0.286486 4.95751 0.695048 4.69389 0.917757 5.39598e+06 0.00277076 
1485.5 1.20996e+07 27000.1 2.73278e+07 97374 1.40511e+07 6.03743e+06 1.37392e+08 2.24604e+07 1.75236e+08 1.86324e+07 2.58791e+07 145.634 1.36323e+08 1723.22 3.60397e+07 6.9328e+06 3.37395e+09 8.86152e+07 5.37684e+09 6.83757e+07 2.0717 0.00462295 4.67906 0.0166723 2.40582 1.03373 23.5242 3.84566 30.0038 3.19023 0.37294 0.0018878 1.20315 0.00413309 0.618663 0.344152 4.92944 0.619308 4.51587 1.23682 5.84045e+06 0.00299899 
1510.5 1.4199e+07 45780.2 3.62675e+07 135070 1.86481e+07 8.14065e+06 1.53333e+08 2.20791e+07 1.63616e+08 2.72851e+07 3.18654e+07 372.336 2.15695e+08 2969.43 5.70262e+07 1.11663e+07 3.76222e+09 7.75603e+07 4.2825e+09 1.31484e+08 2.19221 0.0070681 5.59942 0.0208537 2.87911 1.25685 23.6735 3.40884 25.261 4.2126 0.33763 0.00274365 1.39573 0.00485599 0.717708 0.379877 4.51917 0.595404 4.80276 1.59815 6.47701e+06 0.00332585 
1535.5 1.6221e+07 75276.3 4.67575e+07 180523 2.40425e+07 1.04578e+07 1.63862e+08 2.00924e+07 1.41158e+08 3.91056e+07 3.60649e+07 858.259 3.09677e+08 4577.24 8.18782e+07 1.57001e+07 3.72618e+09 5.76371e+07 2.8974e+09 2.3251e+08 2.1863 0.0101459 6.30207 0.0243313 3.2405 1.40953 22.0856 2.7081 19.0256 5.27073 0.284618 0.00356915 1.42225 0.00499172 0.731367 0.35963 3.80084 0.659293 5.34276 1.88615 7.41938e+06 0.00380975 
1560.5 1.7605e+07 115211 5.64625e+07 224247 2.90337e+07 1.23225e+07 1.62118e+08 1.62818e+07 1.08423e+08 5.30537e+07 3.56603e+07 1602.93 3.71359e+08 5835.74 9.8193e+07 1.77753e+07 3.07999e+09 3.45423e+07 1.58907e+09 3.44711e+08 1.98215 0.0129716 6.35712 0.0252481 3.26891 1.3874 18.2529 1.83318 12.2074 5.97332 0.293415 0.00349444 1.18254 0.00442522 0.608101 0.276509 3.68871 0.727047 5.4675 1.76931 8.88177e+06 0.00456066 
1585.5 1.72769e+07 151020 5.96329e+07 242140 3.06652e+07 1.2433e+07 1.40164e+08 1.11543e+07 7.06114e+07 6.30836e+07 2.86787e+07 2132.63 3.4025e+08 5663.32 8.99729e+07 1.48444e+07 1.99385e+09 1.59694e+07 6.79468e+08 3.73293e+08 1.54464 0.013502 5.33148 0.0216486 2.74162 1.11157 12.5313 0.997252 6.31301 5.63999 0.422019 0.00289214 1.41259 0.0061375 0.726329 0.302609 4.60719 0.658207 4.57096 1.25091 1.11851e+07 0.00574337 
1610.5 1.43623e+07 156914 5.16158e+07 213217 2.65437e+07 1.00281e+07 9.98708e+07 6.15562e+06 3.72622e+07 6.05495e+07 1.76405e+07 1991.6 2.34411e+08 4111.62 6.19895e+07 8.88111e+06 9.85147e+08 5.58795e+06 2.23071e+08 2.85187e+08 0.982993 0.0107396 3.53271 0.0145931 1.81671 0.686349 6.8354 0.421305 2.55032 4.14415 0.491004 0.00457952 1.88776 0.00827354 0.970705 0.369823 4.55007 0.452719 2.9603 1.5313 1.46108e+07 0.00750245 
1635.5 9.63525e+06 124852 3.54327e+07 148256 1.82223e+07 6.24523e+06 5.68334e+07 2.68271e+06 1.56459e+07 4.5179e+07 8.1212e+06 1334.09 1.22967e+08 2262.42 3.25201e+07 3.8501e+06 3.75101e+08 1.50776e+06 5.72607e+07 1.58237e+08 0.504378 0.00653564 1.8548 0.00776076 0.953886 0.32692 2.97507 0.140432 0.819021 2.36499 0.413189 0.00520779 1.73109 0.00762902 0.89019 0.307677 3.28397 0.243322 1.52533 1.64014 1.91032e+07 0.00980923 
1660.5 5.17678e+06 76735.8 1.94239e+07 82074.9 9.9898e+06 3.02878e+06 2.60341e+07 940782 5.32335e+06 2.63733e+07 2.87659e+06 672.109 5.11571e+07 982.813 1.35298e+07 1.2676e+06 1.14362e+08 322254 1.17387e+07 6.6713e+07 0.214634 0.00318154 0.805333 0.0034029 0.414186 0.125576 1.0794 0.0390057 0.220711 1.09346 0.270552 0.00421237 1.21345 0.0054008 0.624024 0.191799 1.89115 0.10881 0.661803 1.25313 2.41191e+07 0.0123848 
1685.5 2.29095e+06 38100.7 8.8364e+06 37584.7 4.54481e+06 1.19166e+06 9.94068e+06 272868 1.50469e+06 1.25425e+07 819921 269.487 1.74975e+07 346.986 4.62783e+06 330520 2.85177e+07 53928.8 1.897e+06 2.26629e+07 0.0765069 0.00127238 0.295094 0.00125515 0.151775 0.0397958 0.331971 0.0091125 0.0502494 0.41886 0.146725 0.00271673 0.705162 0.00316422 0.362646 0.0972322 0.917689 0.0414479 0.246629 0.762489 2.99444e+07 0.015376 
1710.5 858367 15814.9 3.42468e+06 14582.8 1.76148e+06 390346 3.22259e+06 65061.1 350734 5.03226e+06 189033 85.2692 4.81482e+06 96.7937 1.27349e+06 66672.7 5.6397e+06 6888.66 236684 6.22234e+06 0.0229087 0.000422081 0.0914004 0.000389195 0.0470118 0.0104178 0.0860069 0.0017364 0.00936066 0.134305 0.0672328 0.0014483 0.346623 0.00155943 0.178263 0.0408764 0.378311 0.0134475 0.0789252 0.384745 3.7469e+07 0.0192398 
1735.5 272310 5432.55 1.11576e+06 4722.02 573916 104518 868985 12292.4 65058 1.6986e+06 33919.6 19.9822 1.00599e+06 20.1082 266086 9818.7 840080 648.424 21637.8 1.29552e+06 0.00559701 0.00011166 0.0229332 9.70555e-05 0.0117962 0.00214825 0.017861 0.000252655 0.00133719 0.0349127 0.0258041 0.000631065 0.141954 0.000635516 0.0730065 0.0140427 0.130184 0.00364194 0.0210464 0.159402 4.86528e+07 0.0249825 
1760.5 70506.2 1466.83 290750 1213.22 149559 21618.8 184444 1704.05 8851.17 459729 4389.09 3.15136 143489 2.7623 37953.9 951.474 82602.8 32.5034 1015.24 185386 0.00103172 2.14642e-05 0.00425457 1.77532e-05 0.00218851 0.000316349 0.00269898 2.49355e-05 0.00012952 0.00672725 0.00794741 0.000213666 0.0456244 0.000200264 0.0234647 0.00371792 0.0346619 0.000689204 0.00385218 0.051648 6.83384e+07 0.0350908 
1785.5 13188 266.179 51849.8 210.794 26672 2880.48 25617.7 119.724 601.29 86709.4 284.179 0.210243 8660.64 0.153086 2290.91 34.8217 3009.47 0.310802 8.78005 12622.3 0.000114835 2.31778e-06 0.000451486 1.8355e-06 0.000232249 2.5082e-05 0.000223068 1.04251e-06 5.23578e-06 0.000755029 0.00156886 4.27239e-05 0.00867233 3.64643e-05 0.00446031 0.000550075 0.00511423 5.20119e-05 0.000276452 0.0104565 1.14843e+08 0.05897 
1810.5 1059.39 16.7612 3341 13.1619 1718.79 118.586 1143.58 1.45851 6.85406 6516.73 2.75015 0.0013148 53.1068 0.00084813 14.0503 0.0869257 8.12265 4.32442e-05 0.000937391 118.522 3.46635e-06 5.48429e-08 1.09318e-05 4.3066e-08 5.62391e-06 3.88016e-07 3.74181e-06 4.77226e-09 2.24266e-08 2.13228e-05 9.47973e-05 2.07341e-06 0.00041671 1.6653e-06 0.000214339 1.68604e-05 0.000162983 3.76129e-07 1.75119e-06 0.000622375 3.05622e+08 0.156932 
1835.5 14.5747 0.16023 39.8996 0.156927 20.5254 0.637282 9.81969 0.12878 10.2927 79.1884 0.0015568 1.91904e-07 0.00843177 1.27555e-07 0.00223191 4.39524e-06 0.000467051 1.35523e-05 0.000128286 0.0435335 0.0 0.0 0.0 0.0 0.0 0.0 0.0 0.0 0.0 0.0 0.0 0.0 0.0 0.0 0.0 0.0 0.0 0.0 0.0 0.0 -1.63152e+09 -0.83776 
1860.5 3.05063e-05 1.85543e-05 0.00528558 2.03223e-05 0.00271724 9.41442e-05 0.00158328 5.44028e-06 0.000137596 0.000482563 2.27844e-13 6.37801e-14 4.03682e-09 6.14065e-14 1.06685e-09 1.79744e-12 3.71657e-10 7.91444e-15 4.70826e-12 2.23772e-11 1.98247e-11 1.20577e-11 3.43487e-09 1.32066e-11 1.76582e-09 6.11803e-11 1.0289e-09 3.53541e-12 8.9418e-11 3.13597e-10 3.84282e-10 2.0323e-10 5.11034e-08 1.99326e-10 2.62713e-08 1.07905e-09 1.55069e-08 7.16293e-11 1.74691e-09 3.80048e-09 1.5388e+06 0.000790151 
1885.5 0 0 0 0 0 0 0 0 0 0 0 0 0 0 0 0 0 0 0 0 0.0 0.0 0.0 0.0 0.0 0.0 0.0 0.0 0.0 0.0 0.0 0.0 0.0 0.0 0.0 0.0 0.0 0.0 0.0 0.0 0 0 
