310.5 2.51287e-09 0.00148916 6.67702e-09 1.81219e-08 0.170208 -1.41714e-08 0.0114898 0.000283438 3.92667e-05 1.68164e-06 3.10628e-20 2.79679e-11 4.12727e-20 3.02408e-19 2.85487e-07 1.73784e-21 5.22127e-08 3.07957e-11 4.05514e-14 2.72102e-15 0.0 0.0 0.0 0.0 0.0 0.0 0.0 0.0 0.0 0.0 0.0 0.0 0.0 0.0 0.0 0.0 0.0 0.0 0.0 0.0 -2.02275e+09 -1.03865 
335.5 2.00774e-09 0.0164866 4.80323e-07 1.26362e-06 1.67867 -3.67987e-07 0.435834 0.00956921 0.00115868 7.95854e-05 9.77769e-22 1.29003e-08 1.57554e-16 1.06502e-15 9.8819e-05 4.08558e-17 5.30516e-05 2.32796e-08 2.87103e-10 2.53069e-12 1.67045e-17 1.37169e-10 3.99631e-15 1.05134e-14 1.39666e-08 -3.06167e-15 3.62616e-09 7.96162e-11 9.64031e-12 6.62154e-13 2.85216e-15 1.03591e-08 1.14492e-12 2.97672e-12 9.06633e-07 5.8302e-13 6.64363e-07 1.39169e-08 1.54552e-09 1.45103e-10 1.20192e+08 0.0617167 
360.5 -9.7723e-10 0.127184 7.1864e-06 1.86739e-05 12.5005 1.5684e-06 3.79272 0.0774501 0.0191586 0.000883788 1.10957e-18 5.48975e-07 2.34766e-14 1.58009e-13 0.00388475 3.49043e-14 0.00245702 9.56027e-07 6.49143e-08 1.9408e-10 -1.50623e-17 1.96032e-09 1.10766e-13 2.87826e-13 1.92673e-07 2.41741e-14 5.84582e-08 1.19376e-09 2.95297e-10 1.36221e-11 1.30775e-13 9.19655e-08 1.90221e-11 4.93493e-11 7.73561e-06 2.31946e-11 6.15364e-06 1.21384e-07 3.163e-08 1.72951e-09 6.48792e+07 0.0333145 
385.5 -9.18032e-08 0.602551 4.96821e-05 0.000128699 58.4343 6.83868e-05 17.2629 0.33676 0.164101 0.00488732 1.41843e-16 6.48755e-06 4.82894e-13 3.28594e-12 0.0462197 2.00702e-12 0.0264986 9.77327e-06 1.82954e-06 2.88907e-09 -2.03274e-15 1.33419e-08 1.10008e-12 2.8497e-12 1.29387e-06 1.51425e-12 3.82241e-07 7.45667e-09 3.63358e-09 1.08217e-10 1.77221e-12 3.78777e-07 1.03398e-10 2.69723e-10 3.19647e-05 2.10803e-10 2.42197e-05 4.65132e-07 2.01239e-07 7.99745e-09 4.51623e+07 0.0231902 
410.5 -8.9946e-08 2.1437 0.000252342 0.000656054 205.516 0.000773911 58.8806 1.11674 0.990974 0.0201332 9.41941e-14 5.51122e-05 8.00897e-12 5.57399e-11 0.388525 8.94051e-11 0.204168 7.25188e-05 4.05399e-05 3.33701e-08 -2.47062e-15 5.88827e-08 6.93128e-12 1.80204e-11 5.64506e-06 2.12576e-11 1.61732e-06 3.06744e-08 2.72199e-08 5.53014e-10 5.08656e-11 1.22896e-06 4.68979e-10 1.23723e-09 0.000103151 1.56694e-09 7.48694e-05 1.41102e-06 1.05489e-06 3.02704e-08 3.64063e+07 0.0186941 
435.5 7.75325e-06 6.22509 0.000967304 0.00253659 592.943 0.0054085 158.677 2.96918 4.59509 0.0642964 1.78299e-12 0.000304673 7.3535e-11 5.25993e-10 2.15364 1.7863e-09 0.968232 0.000339656 0.000496477 2.22856e-07 2.77791e-13 2.23039e-07 3.46575e-11 9.08836e-11 2.12445e-05 1.93781e-10 5.68524e-06 1.06383e-07 1.64637e-07 2.30367e-09 2.5275e-10 3.29642e-06 1.6228e-09 4.34022e-09 0.000276969 7.99773e-09 0.000186168 3.48686e-06 4.2144e-06 8.93274e-08 2.79103e+07 0.0143316 
460.5 2.54346e-05 15.6525 0.00313905 0.00832841 1480.41 0.0284716 377.449 7.0474 17.6092 0.17805 1.11371e-11 0.0013084 4.51636e-10 3.31491e-09 9.34166 2.19536e-08 3.59361 0.00126687 0.00406471 1.07747e-06 1.10132e-12 6.77754e-07 1.35921e-10 3.6062e-10 6.41019e-05 1.23282e-09 1.63435e-05 3.05152e-07 7.62478e-07 7.70954e-09 6.94433e-10 7.49629e-06 4.42011e-09 1.19752e-08 0.00063276 3.0807e-08 0.000394127 7.40014e-06 1.32446e-05 2.15859e-07 2.30947e+07 0.0118588 
485.5 9.54029e-05 35.069 0.0089679 0.0241564 3296.92 0.123878 806.326 15.1661 58.2771 0.440407 1.05141e-10 0.00472574 2.41142e-09 1.82258e-08 33.9295 2.12931e-07 11.4006 0.0041092 0.0277256 4.5841e-06 4.98709e-12 1.8332e-06 4.68788e-10 1.26275e-09 0.000172343 6.47558e-09 4.21499e-05 7.9279e-07 3.04637e-06 2.30218e-08 2.34438e-09 1.561e-05 1.12176e-08 3.08405e-08 0.00132058 1.05304e-07 0.00077083 1.46347e-05 3.7948e-05 4.88978e-07 1.913e+07 0.00982296 
510.5 0.000131912 72.4377 0.0236004 0.0647823 6764.98 0.473428 1611.3 30.787 173.975 1.01416 1.52025e-10 0.0151705 1.20339e-08 9.55013e-08 108.574 2.03368e-06 32.1507 0.0120846 0.175969 1.79416e-05 8.06937e-12 4.43117e-06 1.44369e-09 3.96288e-09 0.000413829 2.89607e-08 9.85667e-05 1.88331e-06 1.06424e-05 6.20383e-08 3.04953e-09 3.01393e-05 2.70935e-08 7.63304e-08 0.00254371 3.51519e-07 0.00139893 2.71236e-05 0.000103205 1.04579e-06 1.63473e+07 0.0083941 
535.5 0.000167906 138.048 0.0564085 0.158069 12811.3 1.58462 2991.86 58.4538 467.025 2.15138 1.99153e-10 0.0421445 4.71749e-08 3.89823e-07 301.546 1.40559e-05 80.4336 0.0317524 0.880661 5.81312e-05 1.16508e-11 9.57895e-06 3.9141e-09 1.09682e-08 0.000888957 1.09955e-07 0.0002076 4.05602e-06 3.24061e-05 1.49281e-07 3.71737e-09 5.3222e-05 5.70796e-08 1.641e-07 0.00448705 9.81442e-07 0.00235331 4.67632e-05 0.000245067 2.00284e-06 1.44116e+07 0.00740015 
560.5 0.000145054 248.155 0.126003 0.36122 22888.6 4.81534 5278.94 106.074 1159.56 4.31681 2.01945e-10 0.105538 1.66772e-07 1.44027e-06 753.504 8.49769e-05 185.087 0.0775636 3.89887 0.000172631 1.09672e-11 1.87624e-05 9.52681e-09 2.7311e-08 0.00173055 3.64076e-07 0.000399128 8.01997e-06 8.76716e-05 3.26384e-07 3.90749e-09 8.7335e-05 1.11886e-07 3.28861e-07 0.00734682 2.50846e-06 0.0037195 7.61582e-05 0.000535815 3.59801e-06 1.32262e+07 0.00679146 
585.5 0.00014704 424.892 0.268448 0.789147 38890.3 13.5178 8982.89 186.64 2699.44 8.34663 1.56325e-10 0.245998 5.60134e-07 5.09282e-06 1738.98 0.000475537 406.414 0.18284 15.9819 0.000493952 1.21776e-11 3.51888e-05 2.22325e-08 6.53559e-08 0.00322083 1.11952e-06 0.000743948 1.54572e-05 0.000223563 6.91254e-07 3.59811e-09 0.000138329 2.14231e-07 6.46149e-07 0.0115605 6.17494e-06 0.0057537 0.00012208 0.00112854 6.35849e-06 1.20746e+07 0.00620014 
610.5 0.000205846 694.875 0.541665 1.63591 63129.9 35.3147 14665.8 316.515 5918.4 15.451 3.70333e-10 0.52705 1.73477e-06 1.67123e-05 3688.03 0.00241075 838.508 0.408836 59.3883 0.00132433 1.84691e-11 6.23462e-05 4.85998e-08 1.46779e-07 0.0056642 3.16854e-06 0.00131586 2.83987e-05 0.000531017 1.38631e-06 5.76429e-09 0.00020833 3.91519e-07 1.2157e-06 0.0172863 1.43618e-05 0.00857333 0.000189408 0.00224645 1.08121e-05 1.11454e+07 0.00572301 
635.5 0.000240217 1096.65 1.05653 3.28344 98807 86.9779 23379.8 526.335 12378.8 27.9135 2.56487e-10 1.06663 5.04818e-06 5.14703e-05 7374.09 0.0109074 1669.01 0.887765 202.869 0.00340137 2.31907e-11 0.000105871 1.01998e-07 3.16985e-07 0.00953889 8.3969e-06 0.0022571 5.08127e-05 0.00119506 2.69479e-06 4.97603e-09 0.000302926 6.90617e-07 2.20647e-06 0.024918 3.13448e-05 0.0124913 0.000288311 0.00426109 1.79195e-05 1.03583e+07 0.00531885 
660.5 0.000334504 1661.13 1.97862 6.33728 148265 201.573 36156.6 852.213 24601.4 48.8885 2.08889e-10 2.03012 1.38266e-05 0.000149748 13839.1 0.0452222 3175.92 1.85543 640.756 0.00835243 3.48591e-11 0.000173109 2.06194e-07 6.60417e-07 0.0154509 2.10062e-05 0.00376793 8.88102e-05 0.00256374 5.09474e-06 4.66556e-09 0.000426139 1.18253e-06 3.89477e-06 0.0346909 6.5356e-05 0.017798 0.000430662 0.00775895 2.90596e-05 9.59588e+06 0.00492735 
685.5 0.000584413 2433.45 3.59865 11.8985 215063 444.197 54745.5 1355.96 46899.5 83.8901 3.54237e-10 3.67871 3.58012e-05 0.000413527 24747.1 0.174756 5816.34 3.75994 1902.28 0.0196393 6.49211e-11 0.000270326 3.99765e-07 1.32177e-06 0.0238908 4.93448e-05 0.00608154 0.00015063 0.00520995 9.31914e-06 6.27273e-09 0.000579296 1.95378e-06 6.6476e-06 0.0466725 0.000130301 0.0246807 0.000628484 0.0135711 4.57694e-05 9.00191e+06 0.00462235 
710.5 0.000980725 3444.02 6.35893 21.7411 301061 930.705 81048.4 2117.21 85735.9 141.072 1.69322e-10 6.37272 9.00387e-05 0.00111243 42123.7 0.628334 10416.3 7.50367 5333.4 0.0456698 1.15487e-10 0.000405557 7.48808e-07 2.56016e-06 0.0354521 0.000109597 0.00954402 0.000249316 0.010096 1.66122e-05 4.4638e-09 0.000765477 3.16891e-06 1.11553e-05 0.0608565 0.000248956 0.0336972 0.000906339 0.0229372 7.14281e-05 8.49206e+06 0.00436055 
735.5 0.00185112 4727.56 10.9318 38.6983 408772 1863.16 117479 3246.4 150803 232.744 2.36995e-10 10.5607 0.000216338 0.00286484 68707 2.11039 18031.4 14.5471 14074 0.102846 2.28302e-10 0.00058306 1.34824e-06 4.77274e-06 0.0504147 0.000229787 0.0144889 0.000400385 0.0185989 2.87048e-05 5.40157e-09 0.00098108 4.98634e-06 1.8181e-05 0.0770203 0.000455496 0.0448767 0.00127821 0.0372808 0.000108905 8.10819e+06 0.00416344 
760.5 0.00348096 6310.97 18.3898 67.5236 539396 3580.87 167250 4906.25 256352 378.71 2.06486e-10 16.8616 0.000509338 0.00726309 107750 6.72148 30621.6 27.8797 35529.8 0.229864 4.49715e-10 0.000815331 2.37583e-06 8.72356e-06 0.069686 0.000462623 0.0216075 0.000633852 0.0331188 4.89266e-05 5.14532e-09 0.0012303 7.75618e-06 2.93639e-05 0.0952072 0.000808917 0.0590695 0.00178888 0.0591045 0.000165236 7.74037e+06 0.00397457 
785.5 0.00656363 8202.48 30.2212 115.244 692389 6611.42 233637 7296.77 421277 606.304 3.74802e-10 25.9343 0.0011557 0.0177685 162408 20.1068 50706.1 52.3346 85141.1 0.500928 8.94252e-10 0.00111753 4.11744e-06 1.57012e-05 0.0943334 0.000900763 0.0318315 0.000994137 0.0573963 8.2605e-05 7.08976e-09 0.00151146 1.18534e-05 4.66295e-05 0.115014 0.00138854 0.0767798 0.00247829 0.091135 0.00024784 7.3398e+06 0.00376888 
810.5 0.0120647 10408.3 48.8312 193.649 866176 11772.1 321697 10727.2 671611 960.949 6.71008e-10 38.6766 0.00256515 0.0426169 236589 57.1892 82542.7 97.0665 195558 1.07946 1.72525e-09 0.00148838 6.98284e-06 2.76917e-05 0.123863 0.0016834 0.0460025 0.00153398 0.09604 0.000137415 9.64247e-09 0.00182084 1.78341e-05 7.29888e-05 0.135979 0.00231175 0.0984242 0.00339519 0.136898 0.000368076 6.99304e+06 0.00359082 
835.5 0.0217754 12898.3 77.3496 319.47 1.05499e+06 20238.6 434814 15524.9 1.03877e+06 1502.39 1.00167e-09 55.7865 0.00557556 0.100503 331234 154.787 131394 177.132 430105 2.30265 3.24247e-09 0.00192062 1.15178e-05 4.75708e-05 0.157094 0.00301363 0.0647461 0.00231174 0.154679 0.000223714 1.17746e-08 0.00214898 2.64116e-05 0.000112705 0.156984 0.0037372 0.123989 0.00458604 0.200298 0.000541136 6.71568e+06 0.0034484 
860.5 0.0383001 15657.2 120.516 519.03 1.25189e+06 33719 578336 22168.3 1.56379e+06 2321.84 2.02086e-09 78.1236 0.011848 0.231982 445455 399.377 204923 318.016 907402 4.83432 5.94195e-09 0.00242909 1.86971e-05 8.05232e-05 0.19422 0.00523123 0.0897241 0.00343923 0.24261 0.000360215 1.66797e-08 0.00249394 3.85815e-05 0.000171773 0.177164 0.00588169 0.154084 0.00612448 0.286211 0.00078756 6.44571e+06 0.00330978 
885.5 0.0661933 18691.6 185.569 834.352 1.44698e+06 54676 759558 31331 2.30038e+06 3563.69 4.52434e-09 106.783 0.02489 0.530778 573580 988.799 315280 565.78 1.84747e+06 10.1166 1.06883e-08 0.00301814 2.9964e-05 0.000134723 0.233645 0.00882858 0.122646 0.00505904 0.371444 0.000575432 2.48256e-08 0.00285186 5.58674e-05 0.000259913 0.195004 0.00903981 0.189384 0.00810944 0.400427 0.00114124 6.19307e+06 0.00318005 
910.5 0.11247 21960.4 282.879 1329.1 1.62035e+06 86428.5 985875 43852 3.31144e+06 5435.21 1.11244e-08 142.472 0.05181 1.20508 700021 2351.96 479303 998.259 3.63795e+06 21.0755 1.89428e-08 0.00369869 4.76441e-05 0.000223855 0.272909 0.0145568 0.166047 0.00738581 0.557732 0.000915429 3.89205e-08 0.00321179 8.03503e-05 0.000390967 0.20838 0.0135731 0.230554 0.0106575 0.549234 0.00164671 5.93734e+06 0.00304874 
935.5 0.188175 25386.4 427.299 2100.51 1.7392e+06 133629 1.26315e+06 60728 4.67308e+06 8241.16 2.75922e-08 185.207 0.107025 2.72165 793264 5408.31 717354 1741.89 6.94267e+06 43.7642 3.29908e-08 0.00445073 7.49139e-05 0.000368261 0.304916 0.0234277 0.221454 0.0106468 0.819282 0.00144484 6.12295e-08 0.00355829 0.00011468 0.000584417 0.214711 0.0199831 0.276991 0.0138576 0.738893 0.0023633 5.70387e+06 0.00292886 
960.5 0.309853 28872.6 639.648 3292.07 1.75696e+06 202433 1.59861e+06 83196.7 6.47596e+06 12414.2 6.70266e-08 233.67 0.218774 6.0889 807573 11998.1 1.05705e+06 3000.32 1.28334e+07 90.2664 5.60659e-08 0.0052243 0.00011574 0.000595678 0.317911 0.036629 0.289259 0.0150539 1.17178 0.00224627 9.47873e-08 0.00387139 0.000161833 0.000864242 0.212269 0.0287975 0.328018 0.0177839 0.974189 0.00335967 5.52659e+06 0.00283782 
985.5 0.505744 32236.8 954.759 5148.91 1.60092e+06 301916 2.0063e+06 113221 8.84933e+06 18684.2 1.6099e-07 284.812 0.447185 13.6409 696916 25925.5 1.54299e+06 5135.88 2.31674e+07 186.588 9.42783e-08 0.00600942 0.000177981 0.000959835 0.298435 0.0562817 0.374004 0.0211061 1.64965 0.00348302 1.45336e-07 0.00412068 0.000227343 0.00127342 0.20212 0.0408079 0.384394 0.022626 1.26389 0.00475935 5.36437e+06 0.00275453 
1010.5 0.816325 34911.7 1415.86 8006.28 1.15463e+06 441929 2.48725e+06 152412 1.18864e+07 27994 3.81619e-07 328.81 0.911084 30.4952 459839 54407.1 2.22118e+06 8692.96 4.07251e+07 385.496 1.57248e-07 0.00672501 0.000272735 0.00154224 0.222415 0.0851286 0.479117 0.029359 2.28966 0.00539247 2.20871e-07 0.0042559 0.000317989 0.00186969 0.197763 0.0568642 0.445323 0.0285056 1.61317 0.00672153 5.19132e+06 0.00266567 
1035.5 1.30729 36098.9 2091.69 12409.9 268201 637591 3.05126e+06 203285 1.57484e+07 41857.3 8.98296e-07 348.62 1.8561 68.2503 300511 111417 3.15935e+06 14573.5 6.99689e+07 798.542 2.59517e-07 0.00716621 0.000415234 0.00246357 0.0532422 0.126572 0.605726 0.0403555 3.12632 0.00830935 3.33132e-07 0.00422517 0.000442772 0.00273488 0.238373 0.078087 0.510175 0.0355601 2.02882 0.0094593 5.03737e+06 0.00258662 
1060.5 2.07808 34315.3 3079.44 19176 -1.26027e+06 908372 3.70588e+06 268662 2.06078e+07 62459.7 2.08979e-06 319.75 3.77183 152.415 964790 222927 4.43058e+06 24121.9 1.17452e+08 1653.8 4.2379e-07 0.00699801 0.000627999 0.00391061 -0.257011 0.185247 0.755751 0.0547891 4.20261 0.0127376 4.96568e-07 0.00402931 0.000612223 0.0039736 0.361521 0.105573 0.576524 0.0437881 2.50805 0.0132294 4.90357e+06 0.00251791 
1085.5 3.27849 26778.6 4508.32 29478.9 -3.69269e+06 1.27642e+06 4.44295e+06 350811 2.65772e+07 92826.7 4.83355e-06 228.581 7.64905 339.991 4.42225e+06 435805 6.10768e+06 39322.8 1.92296e+08 3427.36 6.85077e-07 0.00559567 0.000942062 0.00615994 -0.771628 0.266721 0.928403 0.0733058 5.5536 0.0193972 7.35319e-07 0.00405623 0.000843131 0.00575325 0.573294 0.14116 0.643687 0.0533216 3.05614 0.0184373 4.78559e+06 0.00245733 
1110.5 5.15933 8982.45 6590.98 45269.1 -7.3516e+06 1.77706e+06 5.27819e+06 454235 3.39081e+07 138022 1.11698e-05 167.339 15.5246 759.45 1.50998e+07 836368 8.30372e+06 63306.3 3.08196e+08 7135.99 1.10034e-06 0.0019157 0.00140567 0.0096546 -1.56788 0.378996 1.12569 0.0968752 7.23162 0.0294362 1.08233e-06 0.0056585 0.00115544 0.00829201 0.872978 0.186373 0.70977 0.0641609 3.66512 0.025601 4.68886e+06 0.00240766 
1135.5 8.06682 -26829.3 9581.77 69139.7 -1.2585e+07 2.44573e+06 6.18955e+06 580837 4.2671e+07 204379 2.56356e-05 644.884 31.3553 1688.45 4.1692e+07 1.57149e+06 1.10677e+07 100006 4.81589e+08 14832.9 1.75277e-06 -0.00582952 0.00208194 0.0150228 -2.7345 0.531414 1.34488 0.126205 9.27163 0.0444079 1.58049e-06 0.0103023 0.0015743 0.0118821 1.25755 0.243012 0.772081 0.0761687 4.32175 0.0353676 4.60232e+06 0.00236322 
1160.5 12.5531 -92973.2 13853.2 105028 -1.97671e+07 3.33107e+06 7.1675e+06 733661 5.29954e+07 301593 5.85979e-05 3528.73 62.9413 3731.52 9.97022e+07 2.89404e+06 1.44444e+07 154790 7.3367e+08 30789.7 2.77148e-06 -0.0205266 0.0030585 0.0231882 -4.36418 0.735432 1.58244 0.161978 11.7003 0.0665856 2.29262e-06 0.0189138 0.00213113 0.0169161 1.72226 0.313185 0.827591 0.0890938 5.0082 0.048622 4.5294e+06 0.00232578 
1185.5 19.4997 -209426 19958.6 159012 -2.92812e+07 4.49749e+06 8.20758e+06 916699 6.50287e+07 444518 0.000133958 14699.9 125.852 8216.94 2.14601e+08 5.23841e+06 1.84863e+07 235111 1.09147e+09 63998.2 4.36338e-06 -0.0468626 0.00446607 0.0355815 -6.55216 1.00639 1.83658 0.205127 14.5513 0.0994683 3.30701e-06 0.0330643 0.00286631 0.0239298 2.25607 0.399203 0.873829 0.10263 5.70047 0.0665335 4.46894e+06 0.00229474 
1210.5 30.1579 -405885 28532.6 238885 -4.13869e+07 6.00542e+06 9.26394e+06 1.12914e+06 7.86156e+07 651816 0.000305541 50604.7 249.026 17906.5 4.22853e+08 9.2782e+06 2.30739e+07 348392 1.57776e+09 132478 6.81902e-06 -0.0917748 0.00645151 0.0540143 -9.35801 1.35789 2.09467 0.255311 17.7758 0.147382 4.75256e-06 0.0549511 0.00383216 0.0336348 2.83531 0.504024 0.910823 0.116581 6.38504 0.0907359 4.42262e+06 0.00227095 
1235.5 46.4986 -727555 40501.5 356290 -5.63157e+07 7.94618e+06 1.03206e+07 1.37258e+06 9.3751e+07 951894 0.000693531 154020 486.126 38481.5 7.72731e+08 1.61001e+07 2.80553e+07 502692 2.21482e+09 272405 1.05785e-05 -0.16552 0.00921414 0.0810564 -12.8119 1.80777 2.34796 0.312263 21.3285 0.216557 6.77308e-06 0.0874234 0.00506892 0.0467381 3.41361 0.628315 0.932586 0.129827 6.99785 0.122783 4.39558e+06 0.00225707 
1260.5 71.5694 -1.23988e+06 57043.1 527256 -7.40051e+07 1.04078e+07 1.13269e+07 1.64378e+06 1.10085e+08 1.38426e+06 0.00157516 429765 936.604 81622.6 1.31766e+09 2.73486e+07 3.31406e+07 704832 3.01264e+09 557421 1.63316e-05 -0.282931 0.0130168 0.120316 -16.8874 2.37499 2.58472 0.375099 25.1205 0.315877 9.62906e-06 0.134236 0.00665496 0.0644187 3.93646 0.77471 0.938961 0.141909 7.51141 0.165593 4.38226e+06 0.00225023 
1285.5 109.775 -2.0328e+06 79525.4 772163 -9.41604e+07 1.34854e+07 1.22319e+07 1.93655e+06 1.27096e+08 2.00026e+06 0.0035574 1.11556e+06 1768.36 169563 2.10361e+09 4.53506e+07 3.78869e+07 955961 3.95388e+09 1.12733e+06 2.50153e-05 -0.463227 0.018122 0.175958 -21.457 3.073 2.78738 0.441294 28.9621 0.455813 1.35973e-05 0.199075 0.00863488 0.0876261 4.35451 0.943928 0.929555 0.15199 7.88615 0.221648 4.38834e+06 0.00225335 
1310.5 168.264 -3.23356e+06 109827 1.12012e+06 -1.16424e+08 1.72983e+07 1.30113e+07 2.2471e+06 1.44249e+08 2.87703e+06 0.00802633 2.72734e+06 3272.29 345208 3.16077e+09 7.34079e+07 4.19208e+07 1.2549e+06 4.99623e+09 2.25856e+06 3.807e-05 -0.7316 0.0248487 0.25343 -26.3411 3.91377 2.94383 0.508411 32.6367 0.650934 1.91481e-05 0.286054 0.0110863 0.1178 4.61275 1.13625 0.904736 0.159507 8.07786 0.295445 4.41986e+06 0.00226953 
1335.5 256.849 -4.99392e+06 149642 1.60266e+06 -1.39711e+08 2.19028e+07 1.35886e+07 2.55905e+06 1.60318e+08 4.10408e+06 0.0179739 6.28276e+06 5889.07 683101 4.46174e+09 1.154e+08 4.46334e+07 1.58384e+06 6.03798e+09 4.45117e+06 5.74319e-05 -1.11665 0.0334602 0.358357 -31.2398 4.89751 3.03843 0.572208 35.8474 0.91768 2.68434e-05 0.397404 0.0140436 0.155958 4.66163 1.34832 0.864914 0.163488 8.06645 0.39135 4.47223e+06 0.00229643 
1360.5 391.417 -7.515e+06 201324 2.26369e+06 -1.62774e+08 2.73979e+07 1.39206e+07 2.85763e+06 1.74435e+08 5.81925e+06 0.0400153 1.36861e+07 10291.8 1.31206e+06 5.90512e+09 1.75974e+08 4.54885e+07 1.91222e+06 6.95517e+09 8.64079e+06 8.58896e-05 -1.64904 0.0441771 0.496727 -35.718 6.012 3.05463 0.627057 38.2768 1.27693 3.74651e-05 0.532778 0.0175142 0.202906 4.47253 1.57173 0.806788 0.16249 7.81512 0.515277 4.5572e+06 0.00234006 
1385.5 593.983 -1.10076e+07 266463 3.14493e+06 -1.83602e+08 3.37488e+07 1.39231e+07 3.11472e+06 1.84955e+08 8.18114e+06 0.088133 2.81236e+07 17336 2.4283e+06 7.29077e+09 2.58613e+08 4.39772e+07 2.18913e+06 7.56878e+09 1.64392e+07 0.000127037 -2.35422 0.0569892 0.672615 -39.2676 7.21795 2.97777 0.666155 39.557 1.74973 5.20663e-05 0.687415 0.0214461 0.258721 4.16602 1.7921 0.733748 0.156315 7.34883 0.674061 4.67567e+06 0.00240089 
1410.5 896.799 -1.56966e+07 346508 4.29152e+06 -2.00408e+08 4.09062e+07 1.35759e+07 3.30829e+06 1.90677e+08 1.13995e+07 0.191084 5.4352e+07 27970.2 4.30247e+06 8.37091e+09 3.64578e+08 4.00931e+07 2.36172e+06 7.72603e+09 3.05206e+07 0.000185146 -3.24058 0.0715371 0.885992 -41.3745 8.44515 2.80276 0.683001 39.3657 2.35345 7.19078e-05 0.848352 0.0256309 0.321359 4.04229 1.98674 0.649475 0.145222 6.73761 0.873116 4.84375e+06 0.00248719 
1435.5 1345.2 -2.17555e+07 441269 5.73369e+06 -2.10881e+08 4.86312e+07 1.28348e+07 3.40604e+06 1.90042e+08 1.5721e+07 0.405906 9.82665e+07 42841.9 7.23503e+06 8.86645e+09 4.88871e+08 3.40473e+07 2.37244e+06 7.30664e+09 5.50286e+07 0.000265081 -4.28708 0.086955 1.12986 -41.5556 9.58312 2.52918 0.671184 37.4491 3.09794 9.85843e-05 0.992501 0.0296837 0.386164 4.50903 2.12112 0.559025 0.130454 6.11453 1.11648 5.07468e+06 0.00260577 
1460.5 2000.61 -2.92355e+07 548408 7.47444e+06 -2.12912e+08 5.65336e+07 1.16974e+07 3.37958e+06 1.82032e+08 2.14409e+07 0.837562 1.64788e+08 61587.2 1.14165e+07 8.57332e+09 6.17472e+08 2.65538e+07 2.1883e+06 6.31395e+09 9.5785e+07 0.00037076 -5.41802 0.101633 1.38519 -39.4574 10.477 2.1678 0.626315 33.7347 3.97349 0.000133254 1.08817 0.0329293 0.443838 5.65191 2.15976 0.470835 0.115204 5.66513 1.40091 5.39598e+06 0.00277076 
1485.5 2928.44 -3.78742e+07 660268 9.43779e+06 -2.04389e+08 6.38182e+07 1.01651e+07 3.19669e+06 1.6576e+08 2.8784e+07 1.64539 2.52733e+08 81515 1.65869e+07 7.44726e+09 7.22275e+08 1.85985e+07 1.81274e+06 4.88106e+09 1.58662e+08 0.000501406 -6.4848 0.113051 1.61593 -34.9954 10.9269 1.74046 0.547337 28.3813 4.92839 0.000174112 1.10467 0.0342999 0.478293 7.10228 2.06632 0.394003 0.103918 5.49857 1.69619 5.84045e+06 0.00299899 
1510.5 4192.07 -4.70138e+07 764886 1.1465e+07 -1.84314e+08 6.94136e+07 8.3107e+06 2.84449e+06 1.41597e+08 3.7903e+07 3.00928 3.48475e+08 97199.3 2.17162e+07 5.6944e+09 7.66345e+08 1.13911e+07 1.31365e+06 3.29173e+09 2.46171e+08 0.000647223 -7.25856 0.118092 1.7701 -28.4567 10.7169 1.28311 0.439167 21.8614 5.85192 0.000213803 1.05602 0.032573 0.46855 8.32998 1.86154 0.335159 0.0997506 5.50422 1.93955 6.47701e+06 0.00332585 
1535.5 5763.03 -5.5018e+07 836193 1.31436e+07 -1.53129e+08 7.1506e+07 6.24434e+06 2.32622e+06 1.10946e+08 4.83252e+07 4.8706 4.17465e+08 99612.2 2.44549e+07 3.73801e+09 7.10657e+08 5.87525e+06 802404 1.87194e+09 3.44087e+08 0.000776753 -7.41544 0.112704 1.77152 -20.6391 9.63773 0.841625 0.313533 14.9535 6.51337 0.000230487 1.13052 0.0269033 0.397242 8.82295 1.70234 0.289041 0.0992316 5.357 1.98816 7.41938e+06 0.00380975 
1560.5 7327.46 -5.89856e+07 833254 1.37378e+07 -1.13791e+08 6.7691e+07 4.16119e+06 1.68774e+06 7.7091e+07 5.78753e+07 6.36627 4.15322e+08 82018 2.21603e+07 2.04726e+09 5.48137e+08 2.44387e+06 395860 8.63762e+08 4.00569e+08 0.000825 -6.64121 0.0938162 1.54674 -12.8117 7.62134 0.46851 0.190023 8.67969 6.5162 0.000190143 1.62961 0.0208074 0.320366 8.14626 1.90526 0.235911 0.0919849 4.68124 1.62459 8.88177e+06 0.00456066 
1585.5 8022.57 -5.52985e+07 713590 1.23456e+07 -7.29434e+07 5.60746e+07 2.35076e+06 1.03841e+06 4.55363e+07 6.0996e+07 6.09806 3.29072e+08 50834.3 1.51431e+07 9.17528e+08 3.35856e+08 792114 152418 3.13979e+08 3.5026e+08 0.000717257 -4.94396 0.0637985 1.10376 -6.5215 5.01335 0.210169 0.0928387 4.07117 5.45334 0.000175324 2.23113 0.0217851 0.36823 6.28503 2.21214 0.163242 0.0707666 3.3907 1.25541 1.11851e+07 0.00574337 
1610.5 7075 -4.32247e+07 495041 8.99085e+06 -3.90577e+07 3.86647e+07 1.07925e+06 519454 2.19826e+07 5.27583e+07 4.23978 2.04007e+08 23191 7.62209e+06 3.35188e+08 1.6023e+08 197109 45147.7 8.89102e+07 2.24548e+08 0.00048423 -2.9584 0.0338818 0.615355 -2.6732 2.6463 0.0738663 0.0355527 1.50454 3.6109 0.000236012 2.28267 0.0209589 0.37817 3.9743 1.99087 0.0896349 0.042732 1.95489 1.52643 1.46108e+07 0.00750245 
1635.5 4855.89 -2.74163e+07 269105 5.13171e+06 -1.72788e+07 2.15494e+07 395436 207521 8.53319e+06 3.60848e+07 2.16296 9.98281e+07 7832.06 2.84069e+06 1.00845e+08 5.98631e+07 38167.4 10434.5 1.98735e+07 1.07129e+08 0.000254192 -1.43517 0.0140869 0.268631 -0.904495 1.12805 0.0207 0.0108631 0.446689 1.88894 0.00022048 1.77933 0.0145446 0.276658 2.11207 1.36425 0.0396165 0.0206932 0.916948 1.42822 1.91032e+07 0.00980923 
1660.5 2604.1 -1.42023e+07 115144 2.30594e+06 -6.40597e+06 9.75166e+06 117322 67207.4 2.70231e+06 1.95408e+07 0.839978 3.96389e+07 2029.03 812487 2.50198e+07 1.79879e+07 5827.83 1909.04 3.54044e+06 3.93536e+07 0.000107969 -0.588841 0.00477399 0.0956066 -0.265598 0.404313 0.00486428 0.00278648 0.11204 0.81018 0.000152214 1.13874 0.00783163 0.156671 0.98326 0.763104 0.0147637 0.00844902 0.366383 0.987544 2.41191e+07 0.0123848 
1685.5 1133.04 -6.18297e+06 40107.9 843709 -2.01574e+06 3.68458e+06 28758.4 18013.1 711043 8.66147e+06 0.258936 1.28625e+07 413.858 183065 5.02743e+06 4.37941e+06 687.072 271.485 493832 1.16337e+07 3.78382e-05 -0.206482 0.00133941 0.0281759 -0.0673161 0.123047 0.000960394 0.000601551 0.0237455 0.289252 8.49441e-05 0.622021 0.00346798 0.0729357 0.404179 0.362092 0.00469282 0.00295033 0.126205 0.552127 2.99444e+07 0.015376 
1710.5 411.301 -2.29053e+06 11595.2 256305 -530628 1.17692e+06 5757.78 3955.13 153723 3.2325e+06 0.0622556 3.30239e+06 64.3947 31515.6 795459 834355 60.9168 29.3186 52848.3 2.74684e+06 1.09771e-05 -0.0611312 0.000309461 0.00684044 -0.0141618 0.0314104 0.000153668 0.000105557 0.00410266 0.0862713 3.92559e-05 0.290516 0.00127391 0.0281837 0.145015 0.145881 0.00126577 0.000878256 0.0373312 0.256645 3.7469e+07 0.0192398 
1735.5 122.873 -706511 2720.73 63253.5 -112609 310367 903.903 684.568 26299.4 1.00866e+06 0.010942 636337 7.20184 3911.89 89028.5 117764 3.88626 2.28763 4040.96 484849 2.52551e-06 -0.0145215 5.59213e-05 0.0013001 -0.00231455 0.00637922 1.85787e-05 1.40705e-05 0.000540553 0.0207318 1.47825e-05 0.113438 0.000380655 0.00887209 0.0427144 0.0487832 0.000282015 0.000216383 0.00909753 0.0976509 4.86528e+07 0.0249825 
1760.5 28.6066 -171666 487.422 11943.5 -17506.7 63671.6 102.236 85.9303 3258.84 249950 0.00127026 78616.4 0.515992 311.395 4806.01 10572.8 0.126768 0.0909031 151.377 57643.6 4.18603e-07 -0.002512 7.13248e-06 0.000174769 -0.000256177 0.00093171 1.49603e-06 1.25742e-06 4.76868e-05 0.00365753 4.29099e-06 0.0338244 8.66006e-05 0.00212747 0.00838218 0.0124034 4.30438e-05 3.64501e-05 0.00148756 0.0288119 6.83384e+07 0.0350908 
1785.5 4.4141 -27239.9 55.1364 1428.97 -1339.78 8376.1 5.72203 5.37121 197.995 42465.6 6.09437e-05 3490.55 0.0134581 9.01279 47.4814 335.509 0.000750187 0.000661432 1.00489 3157.27 3.84361e-08 -0.000237193 4.80104e-07 1.24429e-05 -1.16662e-05 7.29355e-05 4.9825e-08 4.67702e-08 1.72406e-06 0.000369773 7.27457e-07 0.00550799 1.08147e-05 0.000279866 0.000642893 0.00170767 2.55535e-06 2.39943e-06 9.35265e-05 0.00523025 1.14843e+08 0.05897 
1810.5 0.231164 -1412.16 1.8556 51.5384 -17.9685 343.474 0.0506272 0.0563492 1.91191 2799.1 2.61841e-07 12.1884 2.24051e-05 0.0170331 0.0105993 0.752327 5.89502e-08 6.53779e-08 7.97283e-05 22.7255 7.56373e-10 -4.62062e-06 6.07156e-09 1.68635e-07 -5.87931e-08 1.12385e-06 1.65653e-10 1.84376e-10 6.25581e-09 9.15871e-06 2.92605e-08 0.000199648 2.7069e-07 7.46352e-06 5.88876e-06 4.9602e-05 1.38874e-08 1.46248e-08 5.10718e-07 0.000272533 3.05622e+08 0.156932 
1835.5 0.00165661 -14.4695 0.0036465 0.225577 36.3824 2.14453 -0.125609 0.00608422 1.21033 28.2063 2.77567e-11 0.00106162 8.26717e-10 7.44245e-07 0.0593362 3.87091e-05 2.45759e-08 5.38025e-09 2.09133e-06 0.00705767 0.0 0.0 0.0 0.0 0.0 0.0 0.0 0.0 0.0 0.0 0.0 0.0 0.0 0.0 0.0 0.0 0.0 0.0 0.0 0.0 -1.63152e+09 -0.83776 
1860.5 1.40476e-07 -0.00333934 1.03281e-07 2.51385e-05 -0.000220229 0.000309366 -6.88613e-07 1.30696e-07 2.45763e-05 0.000110604 4.51497e-18 1.29415e-09 6.23994e-17 1.53901e-13 9.09091e-12 1.84421e-11 6.08843e-17 5.23427e-18 1.78119e-13 1.32965e-12 9.12895e-14 -2.1701e-09 6.71181e-14 1.63364e-11 -1.43118e-10 2.01044e-10 -4.47501e-13 8.49336e-14 1.59711e-11 7.18768e-11 1.71048e-12 2.89189e-08 6.36759e-12 3.15827e-10 2.42638e-09 3.45605e-09 6.27422e-12 1.84237e-12 3.39849e-10 9.26777e-10 1.5388e+06 0.000790151 
1885.5 0 0 0 0 0 0 0 0 0 0 0 0 0 0 0 0 0 0 0 0 0.0 0.0 0.0 0.0 0.0 0.0 0.0 0.0 0.0 0.0 0.0 0.0 0.0 0.0 0.0 0.0 0.0 0.0 0.0 0.0 0 0 
