310.5 1.67454e+09 0.000108708 39.8728 -0.000150561 84.5569 1.23407e+09 2.60686e-16 4.56626e-06 1.02445e-15 2.05056e-05 0.0 0.0 0.0 0.0 0.0 0.0 0.0 0.0 0.0 0.0 -2.02275e+09 -1.03865 
335.5 8.85766e+07 0.000228833 39.1622 4.57856e-05 83.1935 6.52775e+07 5.79291e-15 1.34636e-05 3.4837e-15 6.04131e-05 0.736961 1.9039e-12 3.25831e-07 3.80938e-13 6.92173e-07 2.33677e-05 6.67626e-12 7.64935e-08 5.37024e-12 1.53414e-07 1.20192e+08 0.0617167 
360.5 4.78129e+07 0.000513994 35.8222 9.13789e-05 76.0766 3.52359e+07 3.86167e-14 2.04563e-05 3.85436e-14 9.15374e-05 0.736953 7.92232e-12 5.52137e-07 1.40845e-12 1.17259e-06 3.90135e-05 2.30748e-11 1.02189e-07 2.43331e-11 1.89538e-07 6.48792e+07 0.0333145 
385.5 3.32818e+07 0.000943643 34.889 0.000240899 74.2893 2.45266e+07 1.53011e-13 2.77908e-05 2.68878e-13 0.000124748 0.736938 2.08945e-11 7.72525e-07 5.33408e-12 1.64494e-06 5.63123e-05 5.43273e-11 1.36234e-07 7.69749e-11 2.37436e-07 4.51623e+07 0.0231902 
410.5 2.68286e+07 0.00156371 36.1164 0.000613473 77.0412 1.97706e+07 4.61439e-13 3.69207e-05 1.40093e-12 0.000166074 0.736923 4.29517e-11 9.92037e-07 1.68508e-11 2.11615e-06 7.33056e-05 1.04067e-10 1.73184e-07 1.95439e-10 2.89095e-07 3.64063e+07 0.0186941 
435.5 2.05672e+07 0.002419 33.8154 0.00142686 72.1209 1.5156e+07 1.17915e-12 4.23258e-05 5.77473e-12 0.000189858 0.736902 8.66704e-11 1.21157e-06 5.1123e-11 2.58402e-06 9.43953e-05 1.86376e-10 2.20416e-07 4.51984e-10 3.5392e-07 2.79103e+07 0.0143316 
460.5 1.7018e+07 0.00356879 33.1877 0.00303207 70.7179 1.25402e+07 2.68694e-12 4.93452e-05 2.02672e-11 0.000220603 0.73688 1.54529e-10 1.43702e-06 1.31289e-10 3.06208e-06 0.000115746 3.04081e-10 2.6759e-07 9.27541e-10 4.19201e-07 2.30947e+07 0.0118588 
485.5 1.4096e+07 0.00508144 31.9007 0.0059402 67.9032 1.03867e+07 5.63992e-12 5.51673e-05 6.18869e-11 0.000245684 0.736854 2.65627e-10 1.66758e-06 3.10518e-10 3.54957e-06 0.000138456 4.73565e-10 3.20932e-07 1.77162e-09 4.93359e-07 1.913e+07 0.00982296 
510.5 1.20451e+07 0.0070884 31.0693 0.0109607 66.0497 8.87512e+06 1.11866e-11 6.135e-05 1.69403e-10 0.000272119 0.736825 4.33614e-10 1.90058e-06 6.70492e-10 4.04041e-06 0.000161925 7.04478e-10 3.75135e-07 3.14852e-09 5.66753e-07 1.63473e+07 0.0083941 
535.5 1.06184e+07 0.00964896 30.9028 0.0190488 65.5367 7.82363e+06 2.10599e-11 6.89237e-05 4.1608e-10 0.000303934 0.736797 6.69527e-10 2.1443e-06 1.32177e-09 4.54749e-06 0.000185683 1.0065e-09 4.29536e-07 5.20808e-09 6.40195e-07 1.44116e+07 0.00740015 
560.5 9.74469e+06 0.0129695 31.6647 0.0317616 66.9816 7.17962e+06 3.82061e-11 7.88094e-05 9.44688e-10 0.000345749 0.736772 9.80592e-10 2.39409e-06 2.40142e-09 5.06432e-06 0.00021138 1.3882e-09 4.76375e-07 8.10301e-09 7.02805e-07 1.32262e+07 0.00679146 
585.5 8.89593e+06 0.0172425 31.9442 0.0510849 67.423 6.55405e+06 6.70634e-11 8.78044e-05 2.02015e-09 0.00038355 0.736747 1.428e-09 2.64557e-06 4.23077e-09 5.58386e-06 0.000238516 1.87481e-09 5.22301e-07 1.22232e-08 7.65185e-07 1.20746e+07 0.00620014 
610.5 8.21107e+06 0.0226228 32.4333 0.0794815 68.2186 6.04927e+06 1.14026e-10 9.79951e-05 4.06916e-09 0.000425194 0.736722 2.02979e-09 2.91001e-06 7.13131e-09 6.12078e-06 0.000265207 2.47199e-09 5.69411e-07 1.77268e-08 8.28064e-07 1.11454e+07 0.00572301 
635.5 7.63097e+06 0.0292719 32.9359 0.120369 69.0275 5.62173e+06 1.88469e-10 0.000108601 7.85008e-09 0.000468076 0.736699 2.82593e-09 3.17966e-06 1.16205e-08 6.66396e-06 0.000292757 3.19516e-09 6.11744e-07 2.49563e-08 8.83188e-07 1.03583e+07 0.00531885 
660.5 7.06908e+06 0.0371521 33.1949 0.176512 69.3096 5.20764e+06 3.00907e-10 0.00011888 1.44707e-08 0.000508969 0.736679 3.87167e-09 3.45928e-06 1.83946e-08 7.22285e-06 0.00031884 4.04576e-09 6.49672e-07 3.42001e-08 9.33163e-07 9.59588e+06 0.00492735 
685.5 6.63138e+06 0.0463193 33.8248 0.252125 70.3009 4.8851e+06 4.64883e-10 0.000131327 2.57172e-08 0.000557639 0.736664 5.14549e-09 3.75752e-06 2.80079e-08 7.80956e-06 0.000342307 5.01664e-09 6.8549e-07 4.55238e-08 9.78539e-07 9.00191e+06 0.00462235 
710.5 6.25571e+06 0.0563998 34.5173 0.350003 71.427 4.60829e+06 6.8955e-10 0.000144653 4.39506e-08 0.000609535 0.736654 6.64147e-09 4.06466e-06 4.12154e-08 8.41103e-06 0.000364075 6.09018e-09 7.15875e-07 5.89643e-08 1.01563e-06 8.49206e+06 0.00436055 
735.5 5.97288e+06 0.0670653 35.6075 0.474034 73.2975 4.39991e+06 9.80203e-10 0.000160911 7.26602e-08 0.000671612 0.736647 8.2713e-09 4.39155e-06 5.84636e-08 9.03993e-06 0.000386224 7.24403e-09 7.48173e-07 7.44536e-08 1.054e-06 8.10819e+06 0.00416344 
760.5 5.7019e+06 0.077637 36.6257 0.626596 75.0025 4.20028e+06 1.32855e-09 0.00017804 1.16106e-07 0.00073606 0.736645 1.00301e-08 4.73177e-06 8.09517e-08 9.68979e-06 0.000407491 8.42822e-09 7.82192e-07 9.19067e-08 1.09623e-06 7.74037e+06 0.00397457 
785.5 5.40681e+06 0.0873106 37.3514 0.808435 76.0805 3.98288e+06 1.70928e-09 0.000195001 1.79253e-07 0.000798207 0.736642 1.18955e-08 5.08889e-06 1.10144e-07 1.03655e-05 0.000429151 9.55905e-09 8.19042e-07 1.10862e-07 1.1435e-06 7.3398e+06 0.00376888 
810.5 5.15138e+06 0.095375 38.1902 1.01791 77.4149 3.79474e+06 2.08512e-09 0.000213676 2.67935e-07 0.000866923 0.736645 1.36386e-08 5.46117e-06 1.4556e-07 1.10703e-05 0.000448536 1.05906e-08 8.55081e-07 1.30869e-07 1.19089e-06 6.99304e+06 0.00359082 
835.5 4.94713e+06 0.101367 39.3238 1.24958 79.3513 3.64432e+06 2.41029e-09 0.000235558 3.85977e-07 0.000947901 0.736654 1.50941e-08 5.85553e-06 1.8607e-07 1.18158e-05 0.00046667 1.14487e-08 8.8808e-07 1.51169e-07 1.23833e-06 6.71568e+06 0.0034484 
860.5 4.74834e+06 0.105295 40.4048 1.49543 81.2202 3.49794e+06 2.66128e-09 0.000258707 5.35152e-07 0.0010341 0.736666 1.63357e-08 6.26848e-06 2.32003e-07 1.26007e-05 0.00048346 1.20839e-08 9.17837e-07 1.70877e-07 1.28679e-06 6.44571e+06 0.00330978 
885.5 4.56231e+06 0.107837 41.4633 1.74832 83.132 3.36096e+06 2.84668e-09 0.000283172 7.15121e-07 0.00112707 0.73668 1.74125e-08 6.69511e-06 2.82303e-07 1.34234e-05 0.000502039 1.25084e-08 9.48423e-07 1.89145e-07 1.34225e-06 6.19307e+06 0.00318005 
910.5 4.37402e+06 0.109572 42.3695 1.99513 84.8984 3.22234e+06 2.98672e-09 0.000308057 9.19722e-07 0.00122567 0.736698 1.84547e-08 7.13611e-06 3.36031e-07 1.42991e-05 0.000518333 1.27461e-08 9.80107e-07 2.04909e-07 1.404e-06 5.93734e+06 0.00304874 
935.5 4.20217e+06 0.111069 43.2909 2.22253 86.9017 3.09583e+06 3.10057e-09 0.000334403 1.13594e-06 0.0013363 0.736722 1.94726e-08 7.58974e-06 3.89653e-07 1.52356e-05 0.000531713 1.28222e-08 1.01157e-06 2.1754e-07 1.46884e-06 5.70387e+06 0.00292886 
960.5 4.07172e+06 0.113194 44.477 2.42512 89.6889 2.99984e+06 3.22823e-09 0.00036392 1.35033e-06 0.00146857 0.736751 2.04817e-08 8.04782e-06 4.3881e-07 1.62286e-05 0.000543216 1.28307e-08 1.04e-06 2.27551e-07 1.53651e-06 5.52659e+06 0.00283782 
985.5 3.95239e+06 0.116649 45.6538 2.59917 92.7907 2.91206e+06 3.41874e-09 0.000394622 1.55334e-06 0.00161886 0.736784 2.17452e-08 8.51055e-06 4.84524e-07 1.72976e-05 0.000553659 1.28239e-08 1.06488e-06 2.34099e-07 1.60389e-06 5.36437e+06 0.00275453 
1010.5 3.82507e+06 0.121432 46.5609 2.73349 95.803 2.8184e+06 3.69569e-09 0.000423768 1.73024e-06 0.00178231 0.736822 2.33914e-08 8.969e-06 5.26549e-07 1.84545e-05 0.000562224 1.28351e-08 1.08958e-06 2.36728e-07 1.66078e-06 5.19132e+06 0.00266567 
1035.5 3.71186e+06 0.128068 47.3855 2.83829 99.2245 2.73514e+06 4.0979e-09 0.000452057 1.88148e-06 0.00196928 0.736864 2.54236e-08 9.40678e-06 5.63447e-07 1.96977e-05 0.000569007 1.29282e-08 1.1194e-06 2.36709e-07 1.71359e-06 5.03737e+06 0.00258662 
1060.5 3.6135e+06 0.136911 48.0826 2.92426 103.114 2.66284e+06 4.66457e-09 0.000478013 2.01258e-06 0.00218351 0.736912 2.79207e-08 9.80562e-06 5.96352e-07 2.10283e-05 0.000574227 1.31032e-08 1.15431e-06 2.34083e-07 1.76065e-06 4.90357e+06 0.00251791 
1085.5 3.52681e+06 0.14768 48.5592 2.99045 107.392 2.59914e+06 5.4167e-09 0.00049962 2.1223e-06 0.00242554 0.736965 3.08594e-08 1.0147e-05 6.24887e-07 2.24407e-05 0.000577442 1.34006e-08 1.19999e-06 2.30205e-07 1.80505e-06 4.78559e+06 0.00245733 
1110.5 3.4558e+06 0.160986 48.8384 3.05641 112.238 2.547e+06 6.41893e-09 0.000516042 2.22909e-06 0.00270266 0.737022 3.43337e-08 1.04158e-05 6.51844e-07 2.39371e-05 0.000579757 1.37901e-08 1.25195e-06 2.24725e-07 1.84806e-06 4.68886e+06 0.00240766 
1135.5 3.39229e+06 0.176335 48.7616 3.12165 117.379 2.5004e+06 7.68986e-09 0.000524515 2.33675e-06 0.00301026 0.737083 3.83144e-08 1.0595e-05 6.78279e-07 2.55043e-05 0.000580137 1.42433e-08 1.30886e-06 2.18339e-07 1.89941e-06 4.60232e+06 0.00236322 
1160.5 3.33884e+06 0.193594 48.2634 3.19558 122.876 2.46122e+06 9.2582e-09 0.000522754 2.4581e-06 0.003351 0.737148 4.27416e-08 1.06556e-05 7.05519e-07 2.71284e-05 0.000579411 1.4737e-08 1.36814e-06 2.11994e-07 1.96999e-06 4.5294e+06 0.00232578 
1185.5 3.29458e+06 0.212515 47.2339 3.2854 128.683 2.42882e+06 1.11424e-08 0.000508241 2.60497e-06 0.00372448 0.737217 4.75539e-08 1.05694e-05 7.35164e-07 2.8795e-05 0.000577292 1.52291e-08 1.41982e-06 2.06007e-07 2.06479e-06 4.46894e+06 0.00229474 
1210.5 3.26075e+06 0.232132 45.6574 3.38786 134.665 2.40411e+06 1.32835e-08 0.000480703 2.77545e-06 0.00412221 0.737288 5.24875e-08 1.03236e-05 7.6603e-07 3.04492e-05 0.000574784 1.57669e-08 1.45428e-06 2.01881e-07 2.21763e-06 4.42262e+06 0.00227095 
1235.5 3.24114e+06 0.252289 43.5851 3.51215 140.947 2.3899e+06 1.56418e-08 0.000441468 2.98016e-06 0.00454525 0.737363 5.7396e-08 9.91568e-06 7.99019e-07 3.20656e-05 0.000570715 1.62549e-08 1.45393e-06 1.98893e-07 2.41851e-06 4.39558e+06 0.00225707 
1260.5 3.23166e+06 0.271708 40.9396 3.65245 147.162 2.38316e+06 1.8062e-08 0.000391261 3.21465e-06 0.00497296 0.737441 6.20017e-08 9.34211e-06 8.33462e-07 3.35814e-05 0.000565702 1.66556e-08 1.41694e-06 1.97234e-07 2.66125e-06 4.38226e+06 0.00225023 
1285.5 3.23649e+06 0.289296 37.7916 3.80813 153.228 2.38698e+06 2.03333e-08 0.000333282 3.47595e-06 0.00538826 0.73752 6.59238e-08 8.61182e-06 8.67784e-07 3.49171e-05 0.000561739 1.69571e-08 1.33552e-06 1.97581e-07 2.94198e-06 4.38834e+06 0.00225335 
1310.5 3.26009e+06 0.304007 34.2258 3.97938 159.081 2.40465e+06 2.21889e-08 0.000271579 3.75795e-06 0.00577152 0.737601 6.87822e-08 7.74365e-06 9.00342e-07 3.59922e-05 0.000556631 1.70083e-08 1.21704e-06 1.99065e-07 3.22117e-06 4.41986e+06 0.00226953 
1335.5 3.29909e+06 0.313811 30.2913 4.15424 164.364 2.43369e+06 2.327e-08 0.000210281 4.04008e-06 0.0060945 0.737683 7.01687e-08 6.7732e-06 9.28895e-07 3.6752e-05 0.000551865 1.67204e-08 1.06913e-06 2.01306e-07 3.46823e-06 4.47223e+06 0.00229643 
1360.5 3.36215e+06 0.31762 26.1426 4.33325 169.066 2.48048e+06 2.32904e-08 0.000153693 4.30761e-06 0.0063327 0.737766 6.96963e-08 5.73654e-06 9.50856e-07 3.70987e-05 0.000547535 1.59092e-08 9.04035e-07 2.02737e-07 3.64563e-06 4.5572e+06 0.00234006 
1385.5 3.44994e+06 0.313227 21.8802 4.49779 172.406 2.54554e+06 2.19667e-08 0.000104927 4.51722e-06 0.0064215 0.73785 6.69909e-08 4.67958e-06 9.61956e-07 3.6873e-05 0.00054321 1.45023e-08 7.3662e-07 2.01869e-07 3.71026e-06 4.67567e+06 0.00240089 
1410.5 3.57436e+06 0.2999 17.7056 4.64093 174.162 2.63763e+06 1.93347e-08 6.64485e-05 4.63454e-06 0.00632625 0.737932 6.19149e-08 3.65536e-06 9.58128e-07 3.59561e-05 0.000539671 1.25787e-08 5.97309e-07 1.96973e-07 3.63657e-06 4.84375e+06 0.00248719 
1435.5 3.74517e+06 0.276758 13.7595 4.7431 173.76 2.76398e+06 1.5642e-08 3.85631e-05 4.60838e-06 0.00600885 0.738011 5.4537e-08 2.71141e-06 9.34661e-07 3.42407e-05 0.000536952 1.03958e-08 4.97378e-07 1.85802e-07 3.41469e-06 5.07468e+06 0.00260577 
1460.5 3.9827e+06 0.244148 10.1914 4.78469 170.7 2.93957e+06 1.14353e-08 2.02411e-05 4.39311e-06 0.00545253 0.738086 4.52463e-08 1.8887e-06 8.86714e-07 3.16346e-05 0.000537582 8.48502e-09 4.28899e-07 1.66986e-07 3.11917e-06 5.39598e+06 0.00277076 
1485.5 4.31117e+06 0.203162 7.11075 4.73111 163.982 3.18232e+06 7.38375e-09 9.45385e-06 3.94754e-06 0.00465428 0.738156 3.47852e-08 1.2175e-06 8.10059e-07 2.8077e-05 0.000540795 7.36403e-09 3.69296e-07 1.40356e-07 2.93013e-06 5.84045e+06 0.00299899 
1510.5 4.78146e+06 0.156907 4.60529 4.55045 152.755 3.52977e+06 4.11049e-09 3.8613e-06 3.27597e-06 0.00366484 0.738219 2.42252e-08 7.11021e-07 7.02554e-07 2.35842e-05 0.00054831 6.91124e-09 3.01003e-07 1.10464e-07 3.1001e-06 6.47701e+06 0.00332585 
1535.5 5.47751e+06 0.109735 2.7129 4.18395 135.768 4.04388e+06 1.9205e-09 1.35733e-06 2.42169e-06 0.0025833 0.73827 1.47903e-08 3.6565e-07 5.63921e-07 1.82991e-05 0.000559779 6.3321e-09 2.2191e-07 9.16164e-08 3.65054e-06 7.41938e+06 0.00380975 
1560.5 6.55742e+06 0.0673017 1.41575 3.57121 112.074 4.84135e+06 7.36434e-10 4.05502e-07 1.5237e-06 0.00156981 0.738301 7.57751e-09 1.59399e-07 4.02083e-07 1.26184e-05 0.000576598 5.04941e-09 1.42294e-07 9.94137e-08 4.18576e-06 8.88177e+06 0.00456066 
1585.5 8.25792e+06 0.0349914 0.637343 2.7017 82.4791 6.09681e+06 2.30093e-10 1.02818e-07 7.82103e-07 0.000792893 0.738299 3.12841e-09 5.69816e-08 2.41545e-07 7.37404e-06 0.000601812 3.28397e-09 7.71071e-08 1.07609e-07 4.06351e-06 1.11851e+07 0.00574337 
1610.5 1.07862e+07 0.0150463 0.243021 1.72525 51.7744 7.96266e+06 5.91782e-11 2.22989e-08 3.20602e-07 0.000325894 0.73823 1.02981e-09 1.6633e-08 1.1808e-07 3.54356e-06 0.000640677 1.7291e-09 3.53487e-08 8.94421e-08 3.1222e-06 1.46108e+07 0.00750245 
1635.5 1.40994e+07 0.00535007 0.0785363 0.90327 26.9917 1.04063e+07 1.27447e-11 4.15113e-09 1.05868e-07 0.000109689 0.738064 2.80061e-10 4.11115e-09 4.72837e-08 1.41294e-06 0.000686186 7.67278e-10 1.41562e-08 5.74992e-08 1.93533e-06 1.91032e+07 0.00980923 
1660.5 1.77953e+07 0.00160314 0.0217842 0.390108 11.7574 1.31295e+07 2.30774e-12 6.5815e-10 2.9025e-08 3.09052e-05 0.737809 6.64675e-11 9.03195e-10 1.61743e-08 4.87472e-07 0.00072111 3.02098e-10 5.14507e-09 3.06887e-08 1.02163e-06 2.41191e+07 0.0123848 
1685.5 2.20846e+07 0.000408446 0.00519841 0.143021 4.38786 1.62879e+07 3.49251e-13 8.69409e-11 6.69723e-09 7.33383e-06 0.737522 1.36402e-11 1.73602e-10 4.77624e-09 1.46534e-07 0.000741839 1.07132e-10 1.69507e-09 1.41719e-08 4.72697e-07 2.99444e+07 0.015376 
1710.5 2.76248e+07 8.71656e-05 0.00104625 0.0451294 1.41752 2.03669e+07 4.12872e-14 8.61829e-12 1.27647e-09 1.43699e-06 0.73727 2.32634e-12 2.7923e-11 1.20445e-09 3.78318e-08 0.000750082 3.31133e-11 4.78781e-10 5.7111e-09 1.92146e-07 3.7469e+07 0.0192398 
1735.5 3.58612e+07 1.49725e-05 0.000168559 0.0120541 0.389612 2.64327e+07 3.05859e-15 5.07641e-13 1.92687e-10 2.22009e-07 0.737084 3.07742e-13 3.46453e-12 2.47757e-10 8.00801e-09 0.000741503 7.92281e-12 1.02088e-10 1.97461e-09 6.70746e-08 4.86528e+07 0.0249825 
1760.5 5.03634e+07 1.7403e-06 1.76704e-05 0.00258821 0.0865289 3.71163e+07 8.54075e-17 1.0877e-14 1.92777e-11 2.23866e-08 0.73697 2.54658e-14 2.58572e-13 3.78735e-11 1.26618e-09 0.000699563 1.11764e-12 1.26133e-11 5.29772e-10 1.80549e-08 6.83384e+07 0.0350908 
1785.5 8.46335e+07 6.82689e-08 4.77057e-07 0.000355194 0.0127847 6.23709e+07 2.85574e-19 2.90277e-17 6.94501e-13 8.11728e-10 0.736952 5.94456e-16 4.15401e-15 3.09288e-12 1.11324e-10 0.000616303 4.98628e-14 5.02737e-13 7.77036e-11 2.65627e-09 1.14843e+08 0.05897 
1810.5 2.25232e+08 -1.46341e-07 -2.815e-07 -0.000152551 0.000620053 1.65987e+08 1.08276e-19 3.39752e-19 5.7683e-14 2.50409e-12 0.736962 -4.78829e-16 -9.21073e-16 -4.99151e-13 2.02882e-12 0.000436343 1.88163e-14 3.33291e-14 1.37292e-11 9.04949e-11 3.05622e+08 0.156932 
1835.5 1.96279e+09 -6.65595e-06 -8.02206e-05 -0.00262065 -0.00132667 1.44645e+09 3.53725e-18 1.59468e-16 7.27542e-13 5.81671e-15 0.0 0.0 0.0 0.0 0.0 0.0 0.0 0.0 0.0 0.0 -1.63152e+09 -0.83776 
1860.5 1.13339e+06 -1.10207e-10 -1.0896e-10 -4.93871e-07 -1.39913e-07 834794 8.77345e-26 1.48154e-25 2.22624e-18 2.69779e-19 0.736544 -7.16187e-17 -7.08085e-17 -3.20946e-13 -9.09234e-14 0.000161922 2.27784e-16 3.02101e-16 1.1592e-12 4.08719e-13 1.5388e+06 0.000790151 
1885.5 0 0 0 0 0 0 0 0 0 0 0.0 0.0 0.0 0.0 0.0 0.0 0.0 0.0 0.0 0.0 0 0 
