255 0 0 0 0 0 0 0 0 0 0 0 0 0 0 0 0 0 0 0.0 0.0 0.0 0.0 0.0 0.0 0.0 0.0 0.0 0.0 0.0 0.0 0.0 0.0 0.0 0.0 0.0 0.0 0 -nan 
265 0 0 0 0 0 0 0 0 0 0 0 0 0 0 0 0 0 0 0.0 0.0 0.0 0.0 0.0 0.0 0.0 0.0 0.0 0.0 0.0 0.0 0.0 0.0 0.0 0.0 0.0 0.0 0 -nan 
275 0 0 0 0 0 0 0 0 0 0 0 0 0 0 0 0 0 0 0.0 0.0 0.0 0.0 0.0 0.0 0.0 0.0 0.0 0.0 0.0 0.0 0.0 0.0 0.0 0.0 0.0 0.0 0 -nan 
285 0 0 0 0 0 0 0 0 0 0 0 0 0 0 0 0 0 0 0.0 0.0 0.0 0.0 0.0 0.0 0.0 0.0 0.0 0.0 0.0 0.0 0.0 0.0 0.0 0.0 0.0 0.0 0 -nan 
295 6.26388e+07 1.24292e+09 3431.36 0.00046257 0.0782517 0.282736 45.8891 44.712 4.09341e+09 726735 2.86139e+08 0.319462 1.97486e-12 1.59062e-09 5.11566e-08 0.000185941 0.000200417 3.10355e+09 0.0567374 1.12582 3.10808e-06 4.18989e-13 7.08793e-11 2.56098e-10 4.15657e-08 4.04996e-08 3.70776 -nan -nan 1.67244e-05 4.22921e-11 1.19822e-09 6.8023e-09 4.08283e-07 4.2414e-07 -nan 1.10401e+09 inf 
305 658787 1.3372e+07 25655.3 0.00842077 0.600865 2.93726 341.303 283.768 4.4099e+07 7466.35 3.07467e+06 15.1695 2.14499e-10 7.50825e-08 3.44633e-06 0.00453813 0.00285746 3.34397e+07 0.0113279 0.229933 0.000441146 1.44796e-10 1.03319e-08 5.05066e-08 5.86875e-06 4.87943e-06 0.758287 0.000250899 0.000223743 0.000257357 1.91504e-09 3.44137e-08 2.38137e-07 6.60239e-06 5.03245e-06 0.000156823 5.8156e+07 inf 
315 255949 5.33084e+06 29650.4 0.0245517 0.824775 4.94486 423.452 312.046 1.76258e+07 2821.99 1.22265e+06 40.8348 1.43297e-09 2.44037e-07 1.41353e-05 0.0124405 0.005756 1.33661e+07 0.0110119 0.229353 0.00127567 1.05631e-09 3.54849e-08 2.12747e-07 1.82185e-05 1.34254e-05 0.758328 0.000388584 0.000392313 0.0003599 7.78048e-09 9.6126e-08 7.50261e-07 1.42592e-05 8.20995e-06 0.000234019 2.3243e+07 inf 
325 164748 3.50181e+06 31654.7 0.0518388 1.0409 7.16716 481.779 321.752 1.16066e+07 1776.79 801188 68.679 5.42581e-09 5.07802e-07 3.56588e-05 0.0227917 0.00841083 8.80158e+06 0.0107638 0.228792 0.00206817 3.38691e-09 6.80074e-08 4.68269e-07 3.14772e-05 2.10217e-05 0.758323 0.000476503 0.000542475 0.00045809 1.8521e-08 1.68974e-07 1.45276e-06 2.23224e-05 1.03736e-05 0.000274191 1.53057e+07 inf 
335 122991 2.66265e+06 33270.4 0.0933963 1.27942 9.82288 533.534 328.079 8.84671e+06 1300.04 607702 98.3166 1.58545e-08 9.0533e-07 7.46492e-05 0.0353709 0.0109082 6.70847e+06 0.0105422 0.22823 0.00285179 8.00552e-09 1.09666e-07 8.41974e-07 4.57322e-05 2.81215e-05 0.758301 0.000543861 0.000672965 0.000542717 3.59845e-08 2.56075e-07 2.3853e-06 3.06659e-05 1.20078e-05 0.00030075 1.16665e+07 inf 
345 98776.4 2.17497e+06 34770.5 0.152915 1.54659 13.0049 582.534 333.876 7.24405e+06 1024.71 495163 130.19 3.87166e-08 1.48612e-06 0.00013995 0.0500279 0.0133609 5.49289e+06 0.0103393 0.227662 0.00363955 1.60062e-08 1.61887e-07 1.36127e-06 6.09761e-05 3.49481e-05 0.758262 0.00059943 0.000790709 0.000617362 6.16151e-08 3.59653e-07 3.57716e-06 3.89683e-05 1.33102e-05 0.000321947 9.55349e+06 inf 
355 83364.6 1.86426e+06 36413.8 0.233878 1.85172 16.7878 630.641 340.043 6.22478e+06 849.981 423339 165.36 8.38895e-08 2.31282e-06 0.000242505 0.0665279 0.0157659 4.71971e+06 0.0101543 0.227077 0.0044354 2.84876e-08 2.25549e-07 2.04485e-06 7.68155e-05 4.14191e-05 0.758212 0.000650616 0.000905829 0.000684808 9.69879e-08 4.8046e-07 5.03558e-06 4.69344e-05 1.43117e-05 0.000340324 8.20981e+06 inf 
365 72292.7 1.64094e+06 37935.9 0.340003 2.19833 21.2219 675.37 344.06 5.49307e+06 724.841 371656 202.654 1.65666e-07 3.46393e-06 0.000396189 0.0844746 0.0180078 4.16461e+06 0.00997789 0.226484 0.00523594 4.69275e-08 3.03415e-07 2.92907e-06 9.32151e-05 4.74875e-05 0.758158 0.00069626 0.00101441 0.000745243 1.43747e-07 6.21316e-07 6.78991e-06 5.44995e-05 1.51784e-05 0.000358148 7.24528e+06 inf 
375 63743.7 1.46827e+06 39230.3 0.47663 2.59981 26.4432 716.079 345.772 4.92753e+06 628.651 331678 240.913 3.05817e-07 5.05815e-06 0.000619686 0.103497 0.0200331 3.73555e+06 0.00980692 0.225892 0.00603555 7.33292e-08 3.9998e-07 4.06827e-06 0.000110168 5.31967e-05 0.758098 0.000736078 0.00111212 0.00079781 2.04139e-07 7.86262e-07 8.87623e-06 6.15293e-05 1.58805e-05 0.000375598 6.49987e+06 inf 
385 57087.3 1.33383e+06 40469.6 0.648479 3.06219 32.496 754.624 346.523 4.48778e+06 553.993 300516 280.859 5.35589e-07 7.25349e-06 0.00093573 0.123398 0.0218841 3.40188e+06 0.00964263 0.225297 0.00683574 1.09535e-07 5.17236e-07 5.48892e-06 0.000127464 5.85313e-05 0.758032 0.000771267 0.00119936 0.000844229 2.80123e-07 9.78599e-07 1.13105e-05 6.77955e-05 1.64481e-05 0.000391895 5.9203e+06 inf 
395 51910.3 1.23022e+06 41819.1 0.858606 3.58773 39.373 791.875 347.397 4.14985e+06 495.719 276436 323.704 8.93281e-07 1.01974e-05 0.00136545 0.143797 0.0236169 3.14545e+06 0.00948136 0.224698 0.00763821 1.56824e-07 6.55296e-07 7.19144e-06 0.000144635 6.34517e-05 0.757967 0.000803949 0.00127849 0.0008843 3.72241e-07 1.19713e-06 1.40599e-05 7.31091e-05 1.69558e-05 0.000409235 5.47498e+06 inf 
405 47905.4 1.15053e+06 43375.5 1.11398 4.18892 47.2032 828.504 348.78 3.89135e+06 450.554 257823 370.798 1.43124e-06 1.41023e-05 0.00193751 0.16454 0.0252407 2.94925e+06 0.0093303 0.224083 0.00844804 2.16964e-07 8.15856e-07 9.19354e-06 0.000161364 6.79303e-05 0.757899 0.00083531 0.00136003 0.000921567 4.81334e-07 1.44258e-06 1.71125e-05 7.75134e-05 1.73634e-05 0.000426186 5.13439e+06 inf 
415 44642.9 1.08581e+06 45014 1.41966 4.87509 56.0253 863.407 349.748 3.68243e+06 413.798 242641 421.433 2.2198e-06 1.92575e-05 0.00268392 0.185286 0.0267028 2.79066e+06 0.00918734 0.223456 0.00926372 2.92161e-07 1.00328e-06 1.15298e-05 0.000177686 7.19768e-05 0.757831 0.000866459 0.00144311 0.000955408 6.09483e-07 1.71946e-06 2.04794e-05 8.09867e-05 1.77389e-05 0.000444427 4.85918e+06 inf 
425 41772.3 1.02874e+06 46552.9 1.78276 5.65502 65.9004 894.634 349.266 3.4985e+06 381.663 229236 473.903 3.35075e-06 2.60174e-05 0.00364363 0.205534 0.0279342 2.65103e+06 0.00904774 0.222822 0.0100832 3.86139e-07 1.22486e-06 1.42738e-05 0.000193775 7.56498e-05 0.757762 0.000897416 0.00152752 0.000987398 7.59379e-07 2.03347e-06 2.41962e-05 8.34822e-05 1.80983e-05 0.000465029 4.61688e+06 inf 
435 39403.7 982553 48226.7 2.20682 6.53641 76.8083 925.131 349.406 3.35071e+06 354.893 218319 530.482 4.92647e-06 3.47355e-05 0.00484231 0.225442 0.0291158 2.53881e+06 0.00891031 0.222184 0.0109054 4.99026e-07 1.47807e-06 1.73686e-05 0.000209199 7.90108e-05 0.757693 0.000926254 0.00160414 0.00101411 9.30049e-07 2.38118e-06 2.81659e-05 8.49401e-05 1.8472e-05 0.000485176 4.42226e+06 inf 
445 37294.6 941298 49839.6 2.69944 7.53299 88.7878 951.37 348.506 3.21904e+06 331.209 208548 589.195 7.07736e-06 4.5943e-05 0.00632381 0.244175 0.0300916 2.43882e+06 0.00877753 0.221541 0.0117301 6.35331e-07 1.77294e-06 2.08968e-05 0.000223911 8.20232e-05 0.757623 0.00095237 0.00167544 0.00103738 1.12341e-06 2.76942e-06 3.24295e-05 8.56276e-05 1.8827e-05 0.000505356 4.24888e+06 inf 
455 35400.6 904460 51406.8 3.2694 8.66091 101.963 975.236 346.963 3.10177e+06 309.986 199806 650.011 9.98491e-06 6.02695e-05 0.00813447 0.262126 0.0309041 2.34975e+06 0.00864595 0.220898 0.0125552 7.9849e-07 2.11527e-06 2.49026e-05 0.000238183 8.47394e-05 0.75755 0.000977703 0.00174428 0.00105872 1.34203e-06 3.20084e-06 3.69669e-05 8.53704e-05 1.91571e-05 0.000525116 4.09448e+06 inf 
465 33670.4 870443 52895.6 3.92504 9.93385 116.337 994.964 344.221 2.99364e+06 290.825 191726 712.573 1.3843e-05 7.84514e-05 0.0103153 0.278679 0.0314724 2.26761e+06 0.00851959 0.220247 0.0133841 9.93149e-07 2.51355e-06 2.94367e-05 0.000251755 8.70979e-05 0.757477 0.00100187 0.00181475 0.00108025 1.5863e-06 3.67866e-06 4.17558e-05 8.44602e-05 1.94267e-05 0.000545825 3.95212e+06 inf 
475 32121.6 840152 54385 4.66421 11.3493 131.682 1011.03 341.216 2.89778e+06 273.698 184506 777.689 1.88612e-05 0.00010124 0.0128927 0.293507 0.031908 2.19479e+06 0.00839576 0.219594 0.0142148 1.2191e-06 2.96642e-06 3.44183e-05 0.000264256 8.9185e-05 0.757404 0.00102406 0.00187995 0.00109856 1.8557e-06 4.20261e-06 4.6746e-05 8.29693e-05 1.96457e-05 0.000565878 3.82594e+06 inf 
485 30776.4 814471 55985.8 5.50392 12.942 148.238 1025.88 338.583 2.81737e+06 258.666 178331 847.167 2.53678e-05 0.000129874 0.015921 0.307281 0.0322794 2.13368e+06 0.00827293 0.218936 0.0150494 1.4795e-06 3.47891e-06 3.98474e-05 0.000275765 9.10135e-05 0.75733 0.00104395 0.00193788 0.00111376 2.15178e-06 4.77581e-06 5.18832e-05 8.09516e-05 1.98361e-05 0.000586822 3.72014e+06 inf 
495 29519.2 790161 57511.7 6.44599 14.7188 165.836 1036.76 334.933 2.74134e+06 244.794 172484 918.294 3.3738e-05 0.000165851 0.0194573 0.319145 0.0324337 2.0759e+06 0.00815425 0.218271 0.0158868 1.78061e-06 4.06585e-06 4.58099e-05 0.000286392 9.25206e-05 0.757257 0.00106256 0.00199956 0.00112938 2.47973e-06 5.41136e-06 5.72386e-05 7.8352e-05 1.9982e-05 0.000608818 3.62009e+06 inf 
505 28386 768531 59072.3 7.50458 16.716 184.706 1046.22 331.004 2.6742e+06 232.263 167251 992.655 4.41222e-05 0.000209798 0.0234621 0.32981 0.0324452 2.02486e+06 0.00803731 0.217605 0.0167259 2.12488e-06 4.73304e-06 5.22983e-05 0.000296229 9.37217e-05 0.757183 0.00107954 0.00205643 0.00114318 2.82451e-06 6.08287e-06 6.25142e-05 7.50453e-05 2.00724e-05 0.000630477 3.53178e+06 inf 
515 27299.5 747540 60536 8.69722 18.9706 204.842 1051.2 326.013 2.60894e+06 220.415 162182 1068.06 5.7435e-05 0.000265705 0.0281306 0.338286 0.0322411 1.97526e+06 0.00792224 0.216934 0.0175674 2.52391e-06 5.50522e-06 5.94446e-05 0.000305057 9.4608e-05 0.757109 0.00109645 0.00211001 0.00115538 3.20895e-06 6.84101e-06 6.80425e-05 7.1484e-05 2.01399e-05 0.000653016 3.44593e+06 inf 
525 26337.1 729377 62109.3 9.99838 21.4388 225.65 1054.4 321.181 2.55329e+06 209.836 157748 1148.34 7.35858e-05 0.000333049 0.0332606 0.345007 0.031954 1.93294e+06 0.00780879 0.216256 0.018415 2.96446e-06 6.35647e-06 6.6904e-05 0.000312624 9.52284e-05 0.757036 0.00111261 0.00216457 0.00116757 3.60967e-06 7.63821e-06 7.33854e-05 6.75173e-05 2.01429e-05 0.000675522 3.37275e+06 inf 
535 25471.1 713358 63747.8 11.4585 24.2198 247.838 1055.86 316.274 2.50488e+06 200.265 153797 1232.66 9.38408e-05 0.000417033 0.0391208 0.35018 0.0315639 1.89611e+06 0.00769725 0.215574 0.0192643 3.46271e-06 7.31912e-06 7.48956e-05 0.000319076 9.55766e-05 0.756964 0.00112759 0.00221805 0.00117941 4.04573e-06 8.51211e-06 7.88213e-05 6.33542e-05 2.00899e-05 0.000698721 3.30911e+06 inf 
545 24739.4 700433 65592.4 13.05 27.2791 270.702 1056.52 311.886 2.46724e+06 192.017 150524 1324.48 0.000118192 0.000518177 0.0454941 0.353869 0.0311466 1.86744e+06 0.00758952 0.214878 0.0201223 4.00346e-06 8.36865e-06 8.30454e-05 0.000324116 9.56798e-05 0.756895 0.0011427 0.00227121 0.00118881 4.49791e-06 9.43033e-06 8.40241e-05 5.92293e-05 2.00119e-05 0.000723478 3.25968e+06 inf 
555 24023.6 687983 67386.8 14.8141 30.7248 294.843 1054.43 307.01 2.43098e+06 183.974 147374 1418.34 0.000147829 0.00064313 0.0525708 0.355799 0.0306157 1.83983e+06 0.00747914 0.214186 0.0209792 4.61202e-06 9.56542e-06 9.17921e-05 0.000328272 9.55798e-05 0.756825 0.00115677 0.00232201 0.00119959 4.97517e-06 1.04272e-05 8.91114e-05 5.48368e-05 1.98984e-05 0.000745947 3.21207e+06 inf 
565 23352.1 675923 69155.1 16.7252 34.5059 319.462 1048.99 301.419 2.39603e+06 176.562 144315 1515.11 0.000183328 0.000794385 0.0602567 0.355616 0.0299252 1.81322e+06 0.00737546 0.213482 0.0218418 5.28244e-06 1.08983e-05 0.000100898 0.000331309 9.51995e-05 0.756757 0.00116942 0.00237484 0.00121052 5.47702e-06 1.14945e-05 9.40791e-05 5.05086e-05 1.97116e-05 0.000770052 3.16618e+06 inf 
575 22771.4 666219 71113.1 18.8428 38.7681 345.449 1043.49 296.237 2.36935e+06 169.986 141769 1619.74 0.000226448 0.00098057 0.0687559 0.354469 0.0292147 1.79286e+06 0.00727244 0.212769 0.0227112 6.01776e-06 1.23813e-05 0.000110325 0.000333255 9.46083e-05 0.756691 0.00118302 0.00243123 0.0012224 6.00888e-06 1.26438e-05 9.8928e-05 4.63338e-05 1.94807e-05 0.0007962 3.13119e+06 inf 
585 22233.2 657296 73104.8 21.1184 43.4217 371.711 1035.95 290.823 2.34535e+06 163.898 139398 1728.82 0.000277184 0.00120337 0.077779 0.351768 0.0284285 1.77456e+06 0.00717257 0.212048 0.0235841 6.81294e-06 1.40081e-05 0.000119916 0.000334204 9.38214e-05 0.756626 0.00119533 0.00248484 0.0012331 6.55785e-06 1.38559e-05 0.000103499 4.23117e-05 1.92036e-05 0.00082112 3.09975e+06 inf 
595 21679.1 647895 74988.6 23.5954 48.6111 398.792 1025.24 284.747 2.31947e+06 157.757 136938 1838.89 0.000337407 0.00147528 0.087523 0.347376 0.027541 1.75482e+06 0.00707123 0.211329 0.0244596 7.69631e-06 1.58559e-05 0.000130077 0.00033441 9.28782e-05 0.756559 0.00120601 0.00252101 0.00123809 7.12893e-06 1.5159e-05 0.000107833 3.8423e-05 1.88918e-05 0.000839771 3.06581e+06 inf 
605 21213.9 641052 77127.1 26.2907 54.3865 426.864 1015.76 279.446 2.30267e+06 152.342 135028 1958.99 0.000408213 0.00180368 0.0979618 0.342657 0.0267025 1.74197e+06 0.00696939 0.210604 0.0253385 8.63726e-06 1.78676e-05 0.000140237 0.000333707 9.18061e-05 0.756496 0.00121514 0.00255792 0.00124347 7.71411e-06 1.65321e-05 0.000111879 3.48201e-05 1.85526e-05 0.000859848 3.04387e+06 inf 
615 20768.9 634785 79314.4 29.1872 60.7571 455.406 1004.82 274 2.28791e+06 147.157 133245 2084.61 0.000490728 0.00219815 0.108977 0.336833 0.025824 1.73065e+06 0.00686666 0.209874 0.0262231 9.64994e-06 2.00876e-05 0.000150567 0.000332217 9.05906e-05 0.756433 0.00122566 0.00259911 0.00125143 8.3141e-06 1.7979e-05 0.000115585 3.15705e-05 1.82022e-05 0.000881815 3.0246e+06 inf 
625 20346.6 628868 81531.8 32.2824 67.7115 484.081 992.646 268.309 2.27442e+06 142.27 131538 2215.41 0.000586416 0.00266821 0.120512 0.330142 0.0248975 1.72032e+06 0.00676636 0.209133 0.0271138 1.07357e-05 2.25178e-05 0.000160984 0.00033011 8.92278e-05 0.756373 0.00123655 0.00263875 0.00125931 8.93091e-06 1.95006e-05 0.000119001 2.85989e-05 1.78384e-05 0.000902446 3.00702e+06 inf 
635 19979.3 624646 83956.1 35.6545 75.5439 514.022 981.22 263.059 2.26704e+06 137.822 130191 2356.31 0.000698515 0.00324339 0.132921 0.323222 0.0239992 1.7146e+06 0.00666532 0.208389 0.0280088 1.18948e-05 2.52023e-05 0.000171484 0.000327347 8.77594e-05 0.756313 0.00124607 0.00267656 0.00126632 9.56803e-06 2.11394e-05 0.000122219 2.59757e-05 1.74561e-05 0.000923871 2.9975e+06 inf 
645 19638.3 620870 86451.8 39.2745 84.1829 544.433 969.065 257.629 2.2614e+06 133.682 128934 2504.31 0.000828035 0.00393214 0.145954 0.315731 0.0230636 1.7102e+06 0.00656745 0.207631 0.0289112 1.31342e-05 2.81524e-05 0.000182069 0.000324075 8.61564e-05 0.756256 0.00125482 0.00272158 0.00127766 1.02179e-05 2.28566e-05 0.000125142 2.37131e-05 1.70296e-05 0.000947319 2.99025e+06 inf 
655 19299.7 617058 88949.5 43.0898 93.6021 574.543 955.472 251.835 2.25566e+06 129.634 127671 2657.41 0.000975372 0.00475083 0.159336 0.30747 0.022081 1.70574e+06 0.00647015 0.206866 0.0298199 1.44457e-05 3.13797e-05 0.000192613 0.000320318 8.44267e-05 0.756201 0.00126351 0.00276279 0.00128738 1.08771e-05 2.46579e-05 0.000127738 2.17801e-05 1.65735e-05 0.000970071 2.98289e+06 inf 
665 19020.9 614919 91704 47.2531 104.174 606.156 943.439 246.458 2.25615e+06 126.075 126752 2823.51 0.00114685 0.0057429 0.173663 0.299515 0.0211297 1.70598e+06 0.00637487 0.20609 0.0307346 1.58369e-05 3.4914e-05 0.000203153 0.000316194 8.26004e-05 0.756148 0.0012709 0.0028041 0.00129872 1.15568e-05 2.65658e-05 0.000130124 2.01038e-05 1.60868e-05 0.000992178 2.98374e+06 inf 
675 18728.6 612429 94428.6 51.6069 115.626 637.176 929.855 240.72 2.25543e+06 122.458 125760 2994.32 0.00133931 0.00691134 0.188154 0.290897 0.020151 1.70533e+06 0.00627845 0.205307 0.0316557 1.73004e-05 3.87616e-05 0.000213603 0.000311719 8.06976e-05 0.756097 0.00127794 0.00284608 0.00131052 1.22343e-05 2.85386e-05 0.000132097 1.86997e-05 1.55951e-05 0.00101625 2.98299e+06 inf 
685 18469.3 611075 97348.7 56.3004 128.444 669.396 917.15 235.162 2.25896e+06 119.098 125001 3176.99 0.00156038 0.00832672 0.203537 0.282443 0.0191892 1.70788e+06 0.00618144 0.204519 0.0325814 1.8843e-05 4.29887e-05 0.000224038 0.000306958 7.87057e-05 0.756047 0.00128468 0.00288763 0.00132313 1.29298e-05 3.06402e-05 0.000133896 1.75105e-05 1.50928e-05 0.00103884 2.98786e+06 inf 
695 18194.1 608907 100175 61.2061 142.341 700.989 902.682 229.062 2.25964e+06 115.728 124071 3362.73 0.00180822 0.00999542 0.219184 0.273427 0.0181889 1.70829e+06 0.0060871 0.203719 0.0335151 2.04774e-05 4.76223e-05 0.000234526 0.000302006 7.6636e-05 0.755998 0.00129063 0.00292964 0.00133842 1.36251e-05 3.2806e-05 0.000135383 1.64784e-05 1.45695e-05 0.00106047 2.98896e+06 inf 
705 17977 608934 103393 66.5537 157.978 734.76 890.701 223.654 2.26856e+06 112.741 123588 3567.75 0.00209276 0.0120123 0.235974 0.265105 0.0172604 1.71493e+06 0.00599045 0.202914 0.0344535 2.21776e-05 5.26427e-05 0.000244843 0.000296807 7.45278e-05 0.755951 0.00129735 0.00297451 0.00135419 1.43361e-05 3.50939e-05 0.000136693 1.56853e-05 1.40458e-05 0.00108211 3.00094e+06 inf 
715 17755.7 608535 106592 72.1191 174.922 767.799 877.639 217.859 2.27613e+06 109.808 123010 3778.95 0.00240904 0.0143849 0.252884 0.256483 0.0163124 1.72054e+06 0.00589672 0.202096 0.0353993 2.39509e-05 5.80919e-05 0.000254988 0.000291466 7.23514e-05 0.755907 0.00130239 0.00302424 0.00137369 1.50466e-05 3.7451e-05 0.000137711 1.50364e-05 1.3515e-05 0.00110572 3.01112e+06 inf 
725 17560.4 609147 110022 78.0445 193.671 801.941 865.54 212.247 2.28767e+06 107.073 122630 4005.47 0.00276486 0.0172178 0.270607 0.248165 0.0153934 1.72917e+06 0.00580214 0.201268 0.0363525 2.57867e-05 6.39908e-05 0.000264969 0.000285983 7.01285e-05 0.755867 0.00130885 0.00307821 0.00139466 1.57666e-05 3.99262e-05 0.000138573 1.44917e-05 1.29666e-05 0.00113215 3.02655e+06 inf 
735 17356.6 609313 113425 84.3611 214.416 836.889 852.565 206.27 2.2977e+06 104.338 122156 4238.1 0.00316952 0.0206197 0.289385 0.239698 0.0144639 1.73667e+06 0.00570942 0.200432 0.037311 2.77504e-05 7.05318e-05 0.000275293 0.00028045 6.78522e-05 0.755825 0.0013131 0.00312994 0.00141635 1.65083e-05 4.25217e-05 0.000139307 1.40144e-05 1.24083e-05 0.0011554 3.03999e+06 inf 
745 17169.1 610096 117013 90.9189 236.893 871.554 840.108 200.387 2.31032e+06 101.749 121796 4485.47 0.00361319 0.0245994 0.308234 0.231453 0.0135673 1.74612e+06 0.00561662 0.199584 0.038279 2.97428e-05 7.74959e-05 0.000285116 0.000274829 6.55535e-05 0.755788 0.00131877 0.00318645 0.0014404 1.72444e-05 4.51854e-05 0.000139797 1.36249e-05 1.18772e-05 0.00118048 3.05684e+06 inf 
755 16984.6 611059 120691 97.9289 261.823 907.701 827.683 194.46 2.3238e+06 99.1894 121468 4743.85 0.0041144 0.029364 0.328359 0.223337 0.0126927 1.75622e+06 0.00552375 0.19873 0.0392512 3.18486e-05 8.51507e-05 0.000295204 0.00026918 6.32427e-05 0.755751 0.00132164 0.00323952 0.00146475 1.79933e-05 4.79499e-05 0.000140157 1.32707e-05 1.13273e-05 0.00120432 3.07482e+06 inf 
765 16843.6 613284 124714 105.401 289.353 945.228 816.764 188.787 2.34247e+06 96.99 121376 5024.72 0.00467437 0.0350159 0.349384 0.215742 0.0118607 1.77025e+06 0.00543404 0.197856 0.0402347 3.40041e-05 9.33502e-05 0.000304946 0.000263502 6.0906e-05 0.755719 0.00132734 0.00330079 0.00149171 1.8755e-05 5.08179e-05 0.000140445 1.29978e-05 1.08124e-05 0.00122973 3.09965e+06 inf 
775 16643 614014 128495 112.926 318.753 981.245 803.556 182.615 2.35555e+06 94.3841 120985 5304.06 0.00527748 0.0416019 0.370411 0.207653 0.0110279 1.78006e+06 0.00533927 0.196982 0.0412225 3.6228e-05 0.000102259 0.000314794 0.000257789 5.8585e-05 0.755686 0.00133103 0.00335915 0.00151957 1.95091e-05 5.3753e-05 0.000140487 1.27284e-05 1.02786e-05 0.00125395 3.1171e+06 inf 
785 16500.1 616605 132751 121.163 351.772 1020.69 792.715 176.849 2.37608e+06 92.1783 120951 5612.03 0.00596219 0.0494913 0.393383 0.200338 0.0102464 1.7955e+06 0.00524744 0.196096 0.0422181 3.85331e-05 0.000111872 0.000324606 0.000252104 5.62426e-05 0.755655 0.00133394 0.00342072 0.0015495 2.02813e-05 5.67808e-05 0.000140488 1.24991e-05 9.76664e-06 0.00127876 3.1444e+06 inf 
795 16337.3 618744 136995 129.619 387.359 1059.94 781.07 170.945 2.39516e+06 89.8757 120819 5928.73 0.00670549 0.0586995 0.416871 0.192946 0.0094912 1.80985e+06 0.0051541 0.195202 0.0432192 4.08923e-05 0.000122204 0.00033439 0.000246413 5.39297e-05 0.755627 0.00133765 0.00348407 0.00157982 2.10541e-05 5.98719e-05 0.00014035 1.23075e-05 9.26678e-06 0.00130391 3.16977e+06 inf 
805 16196.9 621609 141508 138.662 426.703 1101.59 770.312 165.132 2.41745e+06 87.7407 120814 6267.24 0.00753931 0.0696633 0.442278 0.185938 0.0087694 1.82664e+06 0.00506253 0.194291 0.04423 4.33403e-05 0.000133371 0.000344316 0.00024077 5.16141e-05 0.755603 0.00133984 0.00355058 0.00161332 2.18659e-05 6.31366e-05 0.000140305 1.21202e-05 8.77311e-06 0.00133017 3.19937e+06 inf 
815 16070.4 625453 146340 148.21 469.878 1145.55 760.517 159.567 2.44383e+06 85.682 120991 6629.98 0.00845522 0.082531 0.469228 0.179289 0.00809541 1.84651e+06 0.00496863 0.193377 0.0452452 4.58235e-05 0.000145276 0.00035418 0.000235136 4.93346e-05 0.75558 0.00134307 0.0036222 0.00164863 2.26801e-05 6.64202e-05 0.000140114 1.19768e-05 8.30819e-06 0.00135659 3.23437e+06 inf 
825 15945.9 629087 151260 158.264 517.184 1191.13 750.471 153.864 2.46989e+06 83.6981 121108 7008.3 0.00946848 0.0977558 0.498004 0.172747 0.00744346 1.86616e+06 0.00487798 0.192443 0.0462716 4.84142e-05 0.000158211 0.000364375 0.000229575 4.70682e-05 0.75556 0.00134509 0.00369316 0.0016838 2.35064e-05 6.98113e-05 0.000139907 1.18292e-05 7.84851e-06 0.00138442 3.26896e+06 inf 
835 15789.2 632365 156182 168.394 567.608 1236.61 739.705 148.143 2.49475e+06 81.4894 121153 7397.21 0.0105451 0.115282 0.527513 0.166162 0.00682819 1.88489e+06 0.00478178 0.191513 0.0473 5.09985e-05 0.000171901 0.00037451 0.000224021 4.48654e-05 0.755539 0.00134677 0.00376564 0.00172156 2.43463e-05 7.32358e-05 0.000139643 1.17126e-05 7.41774e-06 0.00141046 3.30195e+06 inf 
845 15658.3 636082 161351 179.206 623.165 1285.21 729.582 142.44 2.52192e+06 79.5086 121261 7809.75 0.0117364 0.135972 0.559607 0.159912 0.0062422 1.90538e+06 0.00469095 0.190559 0.0483381 5.36871e-05 0.00018669 0.000385028 0.00021857 4.26726e-05 0.755525 0.00134701 0.00384365 0.00176139 2.51735e-05 7.66929e-05 0.000139292 1.1566e-05 7.00769e-06 0.00143953 3.33797e+06 inf 
855 15539.2 640804 166910 190.79 684.483 1338.09 720.436 136.985 2.55347e+06 77.5752 121547 8253.82 0.0130636 0.160344 0.594967 0.154013 0.0056999 1.92918e+06 0.00459767 0.189599 0.0493848 5.64503e-05 0.000202522 0.00039591 0.00021316 4.05307e-05 0.75551 0.00134689 0.00391853 0.00180155 2.60494e-05 8.0167e-05 0.000138894 1.14772e-05 6.61286e-06 0.00146487 3.37979e+06 inf 
865 15398.9 644836 172423 202.545 749.954 1391.49 710.429 131.445 2.58274e+06 75.5641 121688 8708.15 0.0144836 0.188535 0.632122 0.14808 0.00518776 1.95127e+06 0.00450448 0.188627 0.0504371 5.92481e-05 0.000219376 0.000407037 0.000207814 3.84501e-05 0.7555 0.00134669 0.0039989 0.00184418 2.69516e-05 8.38118e-05 0.000138665 1.13832e-05 6.25343e-06 0.00149249 3.41858e+06 inf 
875 15280.2 650267 178452 215.157 822.531 1450.51 701.811 126.215 2.61804e+06 73.6609 122079 9201.95 0.0160514 0.22175 0.673457 0.142576 0.00471806 1.97791e+06 0.00440942 0.187648 0.0514961 6.20879e-05 0.000237358 0.000418575 0.000202522 3.64219e-05 0.75549 0.00134663 0.00408265 0.00188865 2.78755e-05 8.74729e-05 0.000138329 1.13172e-05 5.91066e-06 0.00151972 3.46535e+06 inf 
885 15170.2 656010 184744 228.406 901.309 1513.05 693.502 121.092 2.65526e+06 71.8386 122506 9724.05 0.0177628 0.260355 0.718395 0.137286 0.00428224 2.00602e+06 0.00431628 0.186651 0.0525642 6.4987e-05 0.000256444 0.0004305 0.000197318 3.44535e-05 0.755485 0.0013452 0.00416422 0.00193263 2.88208e-05 9.11783e-05 0.000138098 1.12622e-05 5.59993e-06 0.00154723 3.51464e+06 inf 
895 15062.3 662479 191399 242.172 986.881 1579.6 685.726 116.168 2.6959e+06 70.0255 123053 10279.9 0.0196035 0.305089 0.767085 0.132222 0.00388271 2.03671e+06 0.00422097 0.185649 0.0536363 6.78646e-05 0.000276557 0.000442658 0.000192163 3.25543e-05 0.755482 0.00134421 0.00425224 0.00197924 2.97984e-05 9.49336e-05 0.000137901 1.12309e-05 5.31804e-06 0.00157661 3.56845e+06 inf 
905 14926.3 667817 197919 256.215 1078.13 1647.93 676.728 111.123 2.73262e+06 68.1113 123368 10844.6 0.0215852 0.356699 0.819523 0.127068 0.00350642 2.06445e+06 0.00412665 0.18463 0.0547183 7.08353e-05 0.000298069 0.000455601 0.000187094 3.07221e-05 0.755482 0.00134215 0.00434033 0.00202683 3.08219e-05 9.88492e-05 0.00013784 1.12298e-05 5.05674e-06 0.00160554 3.61705e+06 inf 
915 14813.4 674752 205092 271.176 1178.6 1723.46 669.186 106.444 2.77642e+06 66.3064 123960 11461.4 0.0237441 0.4168 0.877991 0.122316 0.00316845 2.09755e+06 0.00403084 0.183605 0.055807 7.37889e-05 0.000320705 0.000468964 0.00018209 2.89642e-05 0.755483 0.00133969 0.00442752 0.0020741 3.18766e-05 0.000102774 0.000137768 1.12363e-05 4.82021e-06 0.00163401 3.67503e+06 inf 
925 14714.4 682423 212689 287.093 1288.26 1805.78 662.304 101.971 2.82398e+06 64.6033 124664 12118.8 0.0261123 0.486552 0.943257 0.117821 0.00286102 2.1335e+06 0.00393647 0.182566 0.0568998 7.68049e-05 0.000344644 0.000483094 0.000177184 2.728e-05 0.755489 0.00133688 0.00452196 0.00212486 3.29655e-05 0.000106706 0.000137718 1.1231e-05 4.60446e-06 0.00166446 3.73795e+06 inf 
935 14578.4 688914 220139 303.019 1404.32 1890.28 654.144 97.4607 2.8674e+06 62.7355 125128 12786.5 0.0285983 0.566133 1.01342 0.113222 0.0025765 2.16633e+06 0.00384109 0.181514 0.0580018 7.98388e-05 0.000370007 0.000498046 0.000172353 2.56787e-05 0.755497 0.00133244 0.00461886 0.00217869 3.40702e-05 0.000110719 0.000137715 1.12291e-05 4.41055e-06 0.00169444 3.79538e+06 inf 
945 14481 697631 228529 320.427 1533.14 1985.65 647.889 93.3932 2.92083e+06 61.0759 125974 13528 0.031371 0.659122 1.09355 0.109071 0.00232533 2.20672e+06 0.00374567 0.180451 0.0591119 8.28824e-05 0.000396565 0.000513613 0.000167584 2.41573e-05 0.755507 0.00132965 0.00471581 0.0022311 3.52845e-05 0.000115005 0.000138068 1.13101e-05 4.23099e-06 0.00172417 3.86605e+06 inf 
955 14351.8 705513 236870 337.905 1669.41 2084.75 640.712 89.3327 2.97152e+06 59.27 126646 14286 0.0342698 0.76449 1.18018 0.104881 0.0020938 2.24506e+06 0.00364899 0.179379 0.060225 8.59136e-05 0.000424454 0.000530054 0.000162904 2.27132e-05 0.755521 0.00132457 0.00481345 0.0022863 3.64976e-05 0.000119218 0.000138234 1.13512e-05 4.05818e-06 0.00175293 3.93308e+06 inf 
965 14228.7 714335 245778 356.437 1818.12 2193.58 634.179 85.5764 3.02697e+06 57.5125 127461 15099.6 0.0374386 0.886372 1.27805 0.100909 0.00188879 2.28699e+06 0.0035515 0.178298 0.0613463 8.89668e-05 0.000453804 0.000547519 0.000158291 2.13599e-05 0.755534 0.00131986 0.00491476 0.00234297 3.78102e-05 0.000123695 0.000138653 1.14354e-05 3.89849e-06 0.00178149 4.0064e+06 inf 
975 14098.5 723107 254934 375.354 1976.51 2308.54 627.463 81.966 3.08317e+06 55.7585 128239 15950.1 0.0407849 1.02459 1.38516 0.0970227 0.00170357 2.32952e+06 0.00345494 0.177202 0.0624733 9.1983e-05 0.000484358 0.000565724 0.000153764 2.00863e-05 0.755553 0.00131429 0.0050157 0.00239991 3.91632e-05 0.000128376 0.00013928 1.15163e-05 3.74327e-06 0.00181101 4.08068e+06 inf 
985 13974.4 732567 264603 395.187 2147.78 2433.54 621.227 78.604 3.14328e+06 54.0553 129110 16855.2 0.0443796 1.18261 1.50506 0.0933258 0.00153892 2.37501e+06 0.00335914 0.176094 0.0636049 9.49946e-05 0.000516282 0.000584972 0.00014933 1.88947e-05 0.755578 0.00130763 0.005122 0.00246102 4.05454e-05 0.000133142 0.000139969 1.15824e-05 3.59349e-06 0.00184265 4.1601e+06 inf 
995 13859.8 742885 274891 416.296 2334.31 2571.15 615.625 75.544 3.20813e+06 52.4107 130099 17824.7 0.048304 1.36449 1.64133 0.0898382 0.00139448 2.42409e+06 0.00326438 0.17497 0.0647445 9.80493e-05 0.000549796 0.000605577 0.000144997 1.77927e-05 0.755605 0.00129924 0.00522675 0.00252193 4.19914e-05 0.000138202 0.000140913 1.16326e-05 3.4437e-06 0.00187384 4.24578e+06 inf 
1005 13737.1 753929 285735 437.945 2533.84 2718.91 610.25 72.7184 3.27708e+06 50.7507 131189 18854.8 0.0524428 1.56992 1.79216 0.0864657 0.00126642 2.47629e+06 0.00316753 0.173842 0.0658853 0.000100982 0.000584256 0.00062693 0.000140713 1.67675e-05 0.755635 0.00129187 0.00534014 0.0025885 4.35313e-05 0.000143665 0.000142118 1.17201e-05 3.29594e-06 0.0019058 4.33686e+06 inf 
1015 13606.2 765255 297008 460.338 2747.8 2878.6 604.924 70.1282 3.34832e+06 49.0714 132296 19939.8 0.056839 1.80292 1.96139 0.0832018 0.0011538 2.53023e+06 0.00307073 0.172707 0.0670303 0.000103891 0.000620138 0.000649657 0.000136522 1.58269e-05 0.755666 0.00128271 0.00545029 0.00265455 4.5103e-05 0.000149404 0.000143534 1.17917e-05 3.14723e-06 0.00193754 4.43095e+06 inf 
1025 13492.2 778148 309240 484.256 2980.9 3054.89 600.568 67.8542 3.42764e+06 47.4918 133640 21117.4 0.0616222 2.06904 2.15333 0.0801616 0.00105583 2.59029e+06 0.00297465 0.17156 0.068179 0.000106765 0.000657206 0.000673519 0.000132409 1.496e-05 0.755701 0.00127362 0.00556757 0.00272464 4.67678e-05 0.00015571 0.00014533 1.18906e-05 2.99658e-06 0.00197118 4.53571e+06 inf 
1035 13357.9 791117 321874 508.499 3227.81 3242.71 595.863 65.8083 3.50853e+06 45.8563 134962 22352.5 0.0666345 2.36714 2.36611 0.0771526 0.00097039 2.65155e+06 0.00287729 0.170407 0.0693318 0.000109531 0.000695272 0.000698481 0.000128349 1.41752e-05 0.755738 0.00126437 0.00568957 0.00279826 4.85397e-05 0.000162724 0.000147598 1.20501e-05 2.84388e-06 0.00200494 4.64252e+06 inf 
1045 13238.1 805718 335540 534.292 3496.86 3450.72 592.172 64.0784 3.59794e+06 44.296 136527 23689.1 0.0720148 2.70616 2.60844 0.0743631 0.00089697 2.71927e+06 0.00278078 0.169248 0.070483 0.000112233 0.000734545 0.000724854 0.000124391 1.34602e-05 0.755779 0.00125381 0.00581133 0.00287275 5.03106e-05 0.000169985 0.000150041 1.21468e-05 2.69054e-06 0.00203916 4.76058e+06 inf 
1055 13090.9 820130 349532 560.097 3779.84 3670.96 587.899 62.559 3.68783e+06 42.6473 138024 25081.7 0.0775691 3.08286 2.87591 0.0715716 0.000833496 2.78736e+06 0.00268297 0.168085 0.0716365 0.000114792 0.000774677 0.000752362 0.00012049 1.28215e-05 0.75582 0.00124187 0.00593203 0.0029494 5.21597e-05 0.000178061 0.000152872 1.22797e-05 2.53671e-06 0.0020696 4.87924e+06 inf 
1065 12959.3 836811 364921 587.715 4088.28 3915.32 584.766 61.4048 3.78939e+06 41.0845 139862 26608.7 0.0836126 3.51004 3.18086 0.0689876 0.000780617 2.86429e+06 0.00258498 0.166917 0.0727903 0.000117231 0.000815483 0.000780982 0.000116642 1.22483e-05 0.755865 0.00123002 0.00605759 0.00302939 5.41763e-05 0.000187434 0.000156675 1.24654e-05 2.38472e-06 0.00210111 5.01332e+06 inf 
1075 12823.6 854297 381133 616.053 4416.42 4178.38 581.736 60.4987 3.89625e+06 39.5457 141791 28232.4 0.0899332 3.98581 3.52101 0.0664842 0.000735938 2.94525e+06 0.00248791 0.165743 0.0739439 0.000119521 0.000856832 0.00081065 0.000112863 1.17374e-05 0.755914 0.00121761 0.00618882 0.003114 5.62387e-05 0.000197808 0.000161122 1.2673e-05 2.2391e-06 0.00213313 5.15436e+06 inf 
1085 12687.7 873097 398420 645.861 4770.34 4466.97 579.245 59.9 4.01079e+06 38.0247 143892 29973.9 0.0966862 4.52057 3.90712 0.0641149 0.000699517 3.03204e+06 0.00239141 0.164564 0.0750955 0.000121734 0.000899129 0.000841949 0.000109178 1.12901e-05 0.755966 0.0012034 0.00632034 0.00320167 5.83486e-05 0.000208849 0.000165981 1.28351e-05 2.0928e-06 0.00216388 5.30551e+06 inf 
1095 12544.1 893821 417088 676.354 5148.49 4780.91 577.253 59.6346 4.13578e+06 36.499 146269 31859.4 0.103687 5.11402 4.34013 0.061844 0.000670959 3.12676e+06 0.00229306 0.16339 0.0762434 0.000123637 0.000941141 0.000873948 0.000105521 1.09012e-05 0.756019 0.00118906 0.00645099 0.00329016 6.05625e-05 0.000221571 0.000172015 1.30492e-05 1.95333e-06 0.00219213 5.47048e+06 inf 
1105 12396 916374 437144 707.968 5553.9 5123.92 575.742 59.6691 4.27098e+06 34.987 148900 33893.2 0.111032 5.77408 4.82848 0.0596766 0.000648997 3.22919e+06 0.0021944 0.162221 0.0773856 0.000125328 0.00098318 0.000907064 0.000101921 1.05629e-05 0.756071 0.00117397 0.00658679 0.0033811 6.2835e-05 0.000235618 0.000178883 1.32815e-05 1.82021e-06 0.00222093 5.64891e+06 inf 
1115 12264.2 940791 458767 741.438 5989.91 5498.85 574.897 60.029 4.41734e+06 33.5854 151768 36097.1 0.11893 6.50966 5.3794 0.0576379 0.000633622 3.34011e+06 0.00209931 0.161039 0.0785288 0.000126915 0.00102531 0.000941258 9.84073e-05 1.02754e-05 0.756131 0.00115838 0.00672681 0.00347761 6.51948e-05 0.000251024 0.000186668 1.34943e-05 1.69585e-06 0.0022491 5.84202e+06 inf 
1125 12110.1 966875 481773 775.085 6451.05 5903.84 574.112 60.6647 4.57336e+06 32.1261 154859 38455.2 0.126971 7.3159 5.99483 0.0556381 0.000623627 3.45837e+06 0.00200237 0.15987 0.0796598 0.000128158 0.00106666 0.000976183 9.49278e-05 1.00307e-05 0.756192 0.00114126 0.0068671 0.00357532 6.76005e-05 0.000268129 0.000195689 1.37227e-05 1.58094e-06 0.00227673 6.04788e+06 inf 
1135 11966.7 996478 507211 810.662 6949.73 6351.84 574.403 61.6916 4.74826e+06 30.7469 158459 41059.1 0.135528 8.21071 6.69271 0.0537787 0.000619917 3.59092e+06 0.00190593 0.158708 0.0807832 0.000129114 0.00110688 0.00101165 9.14848e-05 9.82559e-06 0.756253 0.00112449 0.00701837 0.00367962 7.01081e-05 0.000287286 0.000206158 1.39943e-05 1.48043e-06 0.0023052 6.27867e+06 inf 
1145 11807.8 1.03018e+06 535311 846.736 7483.53 6844.28 575.45 63.115 4.94427e+06 29.325 162674 43927.3 0.144188 9.19132 7.47797 0.0520001 0.000622081 3.73943e+06 0.0018062 0.157583 0.0818845 0.000129522 0.00114473 0.00104694 8.80245e-05 9.65448e-06 0.756308 0.00110607 0.00716963 0.0037835 7.26632e-05 0.000309127 0.000218597 1.43511e-05 1.39587e-06 0.00233239 6.53738e+06 inf 
1155 11680 1.06894e+06 566959 886.552 8072.18 7399.2 578.268 65.0165 5.16781e+06 28.032 167605 47150.3 0.153738 10.2941 8.38254 0.0504175 0.000630746 3.9088e+06 0.0017095 0.156452 0.0829811 0.000129757 0.00118146 0.00108296 8.46363e-05 9.51592e-06 0.756369 0.00108647 0.00732469 0.00389143 7.52618e-05 0.00033289 0.000232551 1.4693e-05 1.32831e-06 0.00235756 6.83239e+06 inf 
1165 11510.3 1.11024e+06 600645 924.607 8679.59 7990.06 580.454 67.1814 5.40552e+06 26.662 172888 50599.5 0.162984 11.4659 9.37581 0.0487772 0.000643366 4.0889e+06 0.0016107 0.155361 0.0840515 0.000129385 0.00121458 0.00111809 8.12261e-05 9.40105e-06 0.756424 0.00106612 0.00748341 0.00400138 7.78887e-05 0.000359556 0.000248748 1.5099e-05 1.28447e-06 0.00238152 7.14615e+06 inf 
1175 11366.4 1.15653e+06 638117 966.136 9346.07 8653.28 584.293 69.8297 5.67144e+06 25.3948 178849 54440.4 0.172985 12.7711 10.515 0.0473111 0.00066215 4.29042e+06 0.00151611 0.154264 0.0851154 0.000128868 0.00124663 0.00115422 7.7936e-05 9.31425e-06 0.756487 0.00104341 0.00763766 0.00411365 8.04153e-05 0.000386519 0.000265185 1.53811e-05 1.2513e-06 0.00240061 7.49708e+06 inf 
1185 11203.2 1.2071e+06 678888 1007.41 10045.1 9371.74 588.283 72.8281 5.96133e+06 24.1163 185397 58632.2 0.182996 14.168 11.7801 0.0458558 0.000685217 4.5101e+06 0.00142179 0.153193 0.0861576 0.00012785 0.00127482 0.00118937 7.46589e-05 9.2426e-06 0.756552 0.00101936 0.00779133 0.00422714 8.29361e-05 0.000415801 0.000283583 1.56716e-05 1.23901e-06 0.00241504 7.87961e+06 inf 
1195 11048.7 1.26312e+06 723858 1050.95 10798.4 10167.8 593.343 76.2763 6.28202e+06 22.8958 192686 63264.7 0.193475 15.6966 13.2143 0.044505 0.000713614 4.75315e+06 0.00133073 0.152133 0.0871831 0.000126579 0.00130058 0.00122464 7.14636e-05 9.18689e-06 0.75662 0.000993369 0.00794099 0.00434132 8.53256e-05 0.000446113 0.00030302 1.59136e-05 1.24511e-06 0.00242588 8.30273e+06 inf 
1205 10898.3 1.32796e+06 774974 1096.19 11607.6 11054 599.753 80.2777 6.6499e+06 21.7142 201240 68514.2 0.204269 17.3529 14.8337 0.0432426 0.000747672 5.03195e+06 0.00124011 0.151108 0.0881838 0.000124735 0.00132082 0.00125782 6.82455e-05 9.13474e-06 0.756687 0.000965899 0.00808572 0.00445104 8.76625e-05 0.000479586 0.000325274 1.62204e-05 1.27812e-06 0.00243321 8.78817e+06 inf 
1215 10743 1.39943e+06 831285 1142.53 12468.9 12030.1 606.933 84.7457 7.05534e+06 20.5594 210690 74314.3 0.215233 19.1339 16.654 0.0420361 0.000786736 5.33923e+06 0.00115229 0.150103 0.0891637 0.000122548 0.00133741 0.00129035 6.50997e-05 9.08983e-06 0.756756 0.000936713 0.00822601 0.00455962 8.98212e-05 0.000513448 0.0003483 1.64567e-05 1.3268e-06 0.00243843 9.32313e+06 inf 
1225 10594.7 1.48444e+06 896851 1191.32 13406.7 13135.7 616.211 89.9624 7.53248e+06 19.449 222096 81031.9 0.226554 21.068 18.7289 0.0409409 0.000832768 5.70079e+06 0.0010645 0.149148 0.0901104 0.000119697 0.00134703 0.00131979 6.19133e-05 9.0389e-06 0.75682 0.000906074 0.00836013 0.0046622 9.18451e-05 0.000549821 0.000374053 1.67406e-05 1.40356e-06 0.00243999 9.9528e+06 inf 
1235 10433.4 1.58046e+06 970520 1240.08 14400 14359.7 626.484 95.7824 8.06983e+06 18.3448 235043 88584.2 0.237625 23.1147 21.0522 0.0398786 0.00088427 6.10796e+06 0.000978567 0.148233 0.0910264 0.000116309 0.00135059 0.00134682 5.87588e-05 8.98357e-06 0.75688 0.000873496 0.00848171 0.00475724 9.35914e-05 0.000586392 0.000400754 1.69608e-05 1.49413e-06 0.00243754 1.0662e+07 inf 
1245 10295.8 1.69224e+06 1.0557e+06 1293.07 15493.5 15756.3 639.417 102.465 8.69376e+06 17.3231 250183 97307.7 0.249415 25.3511 23.7193 0.0389563 0.000943298 6.58079e+06 0.000896435 0.14734 0.0919178 0.000112585 0.00134899 0.00137187 5.56727e-05 8.92139e-06 0.756948 0.000839459 0.00858944 0.00484699 9.5082e-05 0.000622495 0.000427986 1.70995e-05 1.59367e-06 0.00242688 1.14853e+07 inf 
1255 10151.2 1.81678e+06 1.15086e+06 1347.15 16663 17312 653.658 109.832 9.38982e+06 16.3127 267038 107082 0.261051 27.7336 26.7303 0.0380875 0.00100841 7.10833e+06 0.000818403 0.146471 0.0927837 0.000108609 0.00134339 0.00139571 5.26987e-05 8.85481e-06 0.757018 0.000803344 0.00867363 0.00492555 9.6179e-05 0.000656678 0.000454978 1.7132e-05 1.70036e-06 0.00241046 1.24037e+07 inf 
1265 10015.1 1.96446e+06 1.2627e+06 1403.53 17927.4 19079.8 670.32 118.183 1.02114e+07 15.35 287148 118547 0.272861 30.2743 30.148 0.0372957 0.00108055 7.73099e+06 0.000742535 0.145647 0.093618 0.00010406 0.00132916 0.0014146 4.96983e-05 8.76221e-06 0.757086 0.000765968 0.00873823 0.00498881 9.69631e-05 0.000691304 0.000483859 1.7182e-05 1.82665e-06 0.00238688 1.34878e+07 inf 
1275 9877.92 2.13274e+06 1.39039e+06 1460.78 19268.8 21055.6 688.425 127.345 1.11485e+07 14.4161 310054 131668 0.284508 32.9432 33.9883 0.0365326 0.00115805 8.44123e+06 0.000670869 0.144847 0.0944298 9.92107e-05 0.00130866 0.00143001 4.67551e-05 8.6488e-06 0.757159 0.000727338 0.00877572 0.00503594 9.73646e-05 0.00072442 0.000513236 1.71787e-05 1.96184e-06 0.00235529 1.47241e+07 inf 
1285 9750.47 2.33361e+06 1.54187e+06 1520.26 20721 23317.4 709.514 137.717 1.22634e+07 13.5322 337510 147212 0.296218 35.7638 38.349 0.035841 0.00124286 9.28634e+06 0.000602064 0.144094 0.0952064 9.38716e-05 0.00127947 0.00143979 4.38105e-05 8.50362e-06 0.757232 0.00068782 0.00879091 0.00506689 9.73589e-05 0.00075583 0.000543103 1.71382e-05 2.10516e-06 0.00231922 1.61951e+07 inf 
1295 9640.07 2.59513e+06 1.73537e+06 1583.58 22355.5 26032.7 736.87 150.236 1.37004e+07 12.6918 373651 166926 0.307997 38.7752 43.4168 0.0352933 0.0013402 1.03752e+07 0.000532854 0.143446 0.0959225 8.75326e-05 0.0012357 0.00143895 4.07305e-05 8.30427e-06 0.757288 0.000646225 0.00876806 0.00506907 9.67605e-05 0.000785077 0.00057382 1.7084e-05 2.26241e-06 0.00227307 1.80914e+07 inf 
1305 9545.84 2.9257e+06 1.978e+06 1650.04 24152.8 29230.3 769.162 164.686 1.55085e+07 11.8859 419551 191581 0.319521 41.9671 49.2387 0.0348313 0.00144636 1.17452e+07 0.000466157 0.142872 0.0965929 8.05771e-05 0.00117947 0.00142742 3.75609e-05 8.04222e-06 0.757336 0.000602602 0.00869923 0.00503582 9.545e-05 0.000811334 0.000605783 1.70327e-05 2.44001e-06 0.00221856 2.04777e+07 inf 
1315 9452.77 3.33383e+06 2.27706e+06 1717.04 26090.3 32957.1 805.639 181.036 1.77386e+07 11.1095 476279 221966 0.330591 45.2583 55.8476 0.0343877 0.00155916 1.34352e+07 0.000403607 0.142345 0.0972242 7.33127e-05 0.00111398 0.00140718 3.43986e-05 7.72972e-06 0.75739 0.000558073 0.00858106 0.00497749 9.3491e-05 0.000831533 0.000635915 1.68819e-05 2.61211e-06 0.0021477 2.34207e+07 inf 
1325 9376.11 3.81463e+06 2.6326e+06 1786.14 28189.1 37264.7 846.33 199.165 2.03773e+07 10.3782 542807 258266 0.341276 48.6704 63.3712 0.0339977 0.00167831 1.54351e+07 0.000348526 0.141796 0.0978583 6.63937e-05 0.00104784 0.00138519 3.14595e-05 7.4033e-06 0.757459 0.000514107 0.00841828 0.00489315 9.09818e-05 0.000843328 0.000660951 1.65545e-05 2.75262e-06 0.00207025 2.69022e+07 inf 
1335 9313.02 4.43167e+06 3.08821e+06 1856.63 30475.2 42381.7 892.927 219.816 2.37586e+07 9.67407 628301 304791 0.351152 52.1892 71.969 0.0336448 0.00180331 1.79977e+07 0.000296937 0.1413 0.0984647 5.9197e-05 0.000971675 0.0013513 2.84702e-05 7.00862e-06 0.757521 0.000469337 0.00819493 0.00476489 8.77033e-05 0.000848442 0.000684576 1.6192e-05 2.89415e-06 0.0019843 3.13636e+07 inf 
1345 9275.68 5.23398e+06 3.6815e+06 1930.74 33035.4 48619.8 948.682 244.038 2.81571e+07 9.01689 739397 365452 0.360797 55.8459 81.9652 0.0333736 0.00193818 2.13317e+07 0.00024957 0.140825 0.099054 5.19482e-05 0.000888846 0.00130816 2.55251e-05 6.56605e-06 0.757591 0.000424644 0.00790499 0.00459736 8.37194e-05 0.000844118 0.000702897 1.56975e-05 3.00592e-06 0.00188485 3.71666e+07 inf 
1355 9279.14 6.39784e+06 4.53693e+06 2009.42 36013.2 56700.8 1020.5 274.358 3.45147e+07 8.39444 901099 452713 0.369569 59.6461 93.8656 0.0332346 0.00208793 2.61503e+07 0.000203692 0.140443 0.0995929 4.41099e-05 0.000790548 0.00124467 2.24017e-05 6.02259e-06 0.757653 0.000377863 0.00750999 0.00436214 7.85298e-05 0.000827261 0.000715046 1.50903e-05 3.0922e-06 0.00176232 4.55548e+07 inf 
1365 9306.35 8.05055e+06 5.75314e+06 2087.7 39288.6 66824.7 1103.9 309.707 4.35429e+07 7.80708 1.13067e+06 576928 0.377415 63.4153 107.585 0.0330726 0.00223889 3.29936e+07 0.000161947 0.140094 0.100115 3.63296e-05 0.000683691 0.00116287 1.92098e-05 5.38944e-06 0.757722 0.000331104 0.0070289 0.00407446 7.2442e-05 0.000797561 0.000721048 1.43702e-05 3.14873e-06 0.00162602 5.74655e+07 inf 
1375 9403.99 1.13716e+07 8.16579e+06 2171.13 43223.3 81719.1 1216.45 357.165 6.15688e+07 7.26658 1.59483e+06 821799 0.384622 67.266 124.35 0.0330054 0.00240096 4.66585e+07 0.00011575 0.139967 0.100509 2.67235e-05 0.000532017 0.00100584 1.49727e-05 4.39618e-06 0.757824 0.000275759 0.00625316 0.00361765 6.34035e-05 0.000738177 0.000720311 1.34932e-05 3.19781e-06 0.00141733 8.12443e+07 inf 
1385 9608.71 1.85985e+07 1.34002e+07 2260.61 48368 106896 1387.67 429.286 1.00721e+08 6.74499 2.60653e+06 1.35244e+06 0.390096 71.1682 146.166 0.0330731 0.00258143 7.63402e+07 7.23065e-05 0.139955 0.100838 1.70113e-05 0.000363974 0.000804403 1.04424e-05 3.23042e-06 0.757936 0.000213374 0.00518851 0.00299787 5.14405e-05 0.000634878 0.00067294 1.18252e-05 2.99832e-06 0.00114865 1.32889e+08 inf 
1395 10001.7 3.41814e+07 2.47972e+07 2355.05 55654.2 154127 1670.46 549.511 1.85516e+08 6.26126 4.77824e+06 2.51399e+06 0.394336 74.8912 176.746 0.0331718 0.00277984 1.40636e+08 4.08699e-05 0.139676 0.101329 9.62347e-06 0.000227421 0.00062981 6.82603e-06 2.24548e-06 0.758078 0.000154645 0.00400474 0.00230836 3.89714e-05 0.000504291 0.000570596 9.43164e-06 2.51339e-06 0.000875645 2.44719e+08 inf 
1405 10452.1 5.14823e+07 3.77853e+07 2444.84 63625.2 210086 1973.35 677.633 2.80838e+08 5.80673 7.15986e+06 3.85601e+06 0.396864 78.3278 212.274 0.0330915 0.00295625 2.12936e+08 2.82188e-05 0.138993 0.102013 6.60064e-06 0.000171777 0.000567194 5.32769e-06 1.82949e-06 0.758213 0.000121987 0.0033666 0.00194723 3.20608e-05 0.000426572 0.000501392 7.80748e-06 2.15275e-06 0.000726476 3.70395e+08 inf 
1415 10318.6 4.30633e+07 3.22261e+07 2490.71 64841.1 203969 1901.97 647.7 2.37146e+08 5.38389 5.9343e+06 3.32234e+06 0.398108 81.3062 227.264 0.0320966 0.00297036 1.79837e+08 3.29964e-05 0.137706 0.103051 7.96465e-06 0.000207345 0.00065224 6.08204e-06 2.07118e-06 0.758335 0.000126994 0.0036853 0.00212712 3.47795e-05 0.000465838 0.000548922 8.10221e-06 2.28225e-06 0.000794063 3.1272e+08 inf 
1425 10027.1 3.17682e+07 2.43256e+07 2515 64132.6 185086 1750 587.371 1.76995e+08 4.9926 4.32902e+06 2.53718e+06 0.398009 83.8535 236.16 0.0307253 0.00292461 1.34248e+08 4.29698e-05 0.136138 0.104244 1.07777e-05 0.000274832 0.000793159 7.4994e-06 2.5171e-06 0.758486 0.000139817 0.00421902 0.00242829 3.9868e-05 0.000532738 0.000618813 8.68493e-06 2.48943e-06 0.00091771 2.33352e+08 inf 
1435 9651.46 2.42696e+07 1.90217e+07 2513.52 62641.1 169304 1593.3 530.842 1.36855e+08 4.62095 3.26919e+06 2.00709e+06 0.396033 85.7361 242.414 0.0289178 0.00282811 1.03826e+08 5.35025e-05 0.134537 0.105446 1.39336e-05 0.000347249 0.000938531 8.83243e-06 2.9427e-06 0.758651 0.000150843 0.0047229 0.00271526 4.47353e-05 0.000595561 0.00068042 9.07155e-06 2.64915e-06 0.00103472 1.80393e+08 inf 
1445 9204.27 1.89769e+07 1.52307e+07 2489.27 60358.2 154314 1428.49 474.169 1.08355e+08 4.27617 2.52591e+06 1.62584e+06 0.392426 86.9187 245.473 0.026863 0.00269461 8.22238e+07 6.44599e-05 0.1329 0.106664 1.7433e-05 0.000422704 0.0010807 1.00041e-05 3.32073e-06 0.758837 0.000160599 0.00520614 0.00299038 4.94404e-05 0.000655771 0.000742426 9.38329e-06 2.80068e-06 0.00114263 1.42791e+08 inf 
1455 8746.38 1.51982e+07 1.24918e+07 2451.53 57887.6 141208 1276.5 423.379 8.78956e+07 3.94834 1.99843e+06 1.34879e+06 0.386389 87.5846 247.28 0.0248105 0.00255186 6.67168e+07 7.55316e-05 0.131248 0.107876 2.11708e-05 0.000499904 0.00121944 1.10236e-05 3.6562e-06 0.759045 0.000168499 0.00564766 0.00324503 5.37453e-05 0.000711657 0.00080524 9.6301e-06 2.94439e-06 0.00124234 1.15798e+08 inf 
1465 8275.38 1.20755e+07 1.01738e+07 2399.68 55257.9 128797 1136.4 377.302 7.07919e+07 3.63834 1.56742e+06 1.11128e+06 0.378079 87.611 247.812 0.0227895 0.00240483 5.375e+07 8.8756e-05 0.129513 0.109117 2.57373e-05 0.000592658 0.00138139 1.21883e-05 4.04668e-06 0.759265 0.000176478 0.0061079 0.0035171 5.8246e-05 0.00076708 0.000865807 9.79136e-06 3.06871e-06 0.00134778 9.32374e+07 inf 
1475 7793.26 9.63136e+06 8.32526e+06 2331.97 52484.3 117518 1009.21 336.195 5.72745e+07 3.34572 1.23331e+06 920153 0.367422 86.8846 247.006 0.0207906 0.00225225 4.34991e+07 0.000103342 0.127715 0.110396 3.09227e-05 0.000695962 0.00155834 1.33825e-05 4.45808e-06 0.759482 0.000183537 0.0065488 0.00377832 6.25775e-05 0.000817165 0.000920317 9.8285e-06 3.16088e-06 0.00144904 7.54126e+07 inf 
1485 7329.2 7.99654e+06 7.08404e+06 2249.17 49857.8 109100 904.631 303.163 4.82118e+07 3.06354 1.0106e+06 791764 0.3536 85.3194 246.069 0.0188559 0.00209766 3.66264e+07 0.000115489 0.126005 0.111626 3.54412e-05 0.000785632 0.00171914 1.42547e-05 4.77706e-06 0.759694 0.000186911 0.00686917 0.00396957 6.56944e-05 0.000852759 0.000960194 9.69153e-06 3.19896e-06 0.00152484 6.34621e+07 inf 
1495 6806.19 6.37477e+06 5.80164e+06 2145.85 46523.8 98675.3 791.926 267.27 3.90353e+07 2.80317 793830 656178 0.33839 82.951 240.755 0.0168518 0.0019244 2.96643e+07 0.000132501 0.124103 0.112945 4.17749e-05 0.000905715 0.00192099 1.5417e-05 5.20314e-06 0.759931 0.000192393 0.00725716 0.00421313 6.95884e-05 0.000891376 0.000998384 9.50694e-06 3.22352e-06 0.00161852 5.13669e+07 inf 
1505 6290.16 5.19417e+06 4.85429e+06 2027.42 43217.6 89791 694.473 236.297 3.22963e+07 2.54901 637420 555440 0.320105 79.6907 234.345 0.0149473 0.00175107 2.455e+07 0.000148049 0.122253 0.114253 4.77186e-05 0.0010172 0.00211337 1.63455e-05 5.56163e-06 0.760145 0.000195132 0.00754207 0.00439345 7.2506e-05 0.000917038 0.00102437 9.19961e-06 3.20666e-06 0.00168826 4.2487e+07 inf 
1515 5812.5 4.26413e+06 4.09417e+06 1909 40146.9 82080.7 611.35 209.799 2.69333e+07 2.31706 515447 473936 0.301102 76.1537 227.912 0.0132468 0.00159003 2.04788e+07 0.000164091 0.12038 0.115581 5.38925e-05 0.00113338 0.0023172 1.72589e-05 5.92279e-06 0.760347 0.000196179 0.00776035 0.00452686 7.48059e-05 0.000930233 0.00103184 8.72344e-06 3.13181e-06 0.00175801 3.54224e+07 inf 
1525 5356.61 3.58393e+06 3.53031e+06 1786.11 37206.5 75468.5 539.47 186.786 2.29783e+07 2.0977 427013 413147 0.280513 72.1898 220.971 0.0116943 0.00143621 1.7476e+07 0.000177295 0.118622 0.116847 5.91171e-05 0.00123147 0.00249788 1.78555e-05 6.18229e-06 0.760541 0.000194928 0.00788825 0.00459986 7.60897e-05 0.000934258 0.00103652 8.26083e-06 3.05212e-06 0.00181081 3.02131e+07 inf 
1535 4910.61 3.0385e+06 3.06813e+06 1656 34291.6 69388.5 475.549 166.035 1.9768e+07 1.88839 356926 362811 0.258378 67.7031 212.864 0.0102566 0.00128601 1.50382e+07 0.000188975 0.116931 0.118071 6.37278e-05 0.00131965 0.00267028 1.83006e-05 6.38955e-06 0.760731 0.000192248 0.00792479 0.00462222 7.66938e-05 0.000929494 0.00103017 7.73277e-06 2.94331e-06 0.00184828 2.59855e+07 inf 
1545 4445.7 2.53893e+06 2.62954e+06 1515.91 31096.7 62771.2 412.131 145.162 1.67702e+07 1.69384 293891 314214 0.236475 62.7013 201.726 0.00884679 0.00113248 1.2761e+07 0.000201719 0.115202 0.119313 6.8783e-05 0.00141098 0.00284818 1.87e-05 6.5866e-06 0.760931 0.000190173 0.0079745 0.00465427 7.74514e-05 0.000924194 0.00102028 7.19185e-06 2.82875e-06 0.00187951 2.2039e+07 inf 
1555 3964.27 2.09667e+06 2.2284e+06 1365.64 27703.9 55854 350.91 124.732 1.40667e+07 1.50552 239047 269097 0.213764 57.1208 187.769 0.0074956 0.000979239 1.07067e+07 0.000214504 0.113449 0.120577 7.38939e-05 0.00149904 0.00302222 1.89875e-05 6.74917e-06 0.761138 0.000188284 0.00799503 0.00466649 7.81429e-05 0.000918501 0.00101303 6.71247e-06 2.72665e-06 0.00190303 1.84811e+07 inf 
1565 3458.01 1.68694e+06 1.84117e+06 1203.99 24032.1 48344 290.363 104.216 1.15029e+07 1.32507 189340 224707 0.190932 50.9344 170.168 0.00618081 0.000824623 8.7579e+06 0.000228879 0.111655 0.121863 7.96897e-05 0.00159064 0.00319979 1.92185e-05 6.89783e-06 0.761356 0.000187931 0.00806859 0.0047119 7.92901e-05 0.000917126 0.00101213 6.30433e-06 2.64576e-06 0.00193179 1.51085e+07 inf 
1575 3004.88 1.38419e+06 1.54753e+06 1052.65 20785.3 42037.1 240.993 87.2179 9.57811e+06 1.15683 153164 190695 0.168253 44.944 153.637 0.00507431 0.00068964 7.29431e+06 0.000238918 0.110057 0.123044 8.36964e-05 0.00165264 0.00334237 1.91613e-05 6.93469e-06 0.761555 0.00018681 0.00809151 0.00472086 7.98293e-05 0.000917766 0.00102189 6.02508e-06 2.5968e-06 0.00192901 1.2577e+07 inf 
1585 2605.64 1.13972e+06 1.30451e+06 916.012 17940.8 36558.5 200.161 72.9663 8.00162e+06 1.00533 124343 162239 0.1469 39.4199 138.314 0.00415954 0.000574445 6.09534e+06 0.000248058 0.108502 0.12419 8.72049e-05 0.00170797 0.00348039 1.90554e-05 6.94643e-06 0.761758 0.000184865 0.00805285 0.00470012 7.98763e-05 0.000914129 0.00102686 5.73422e-06 2.53666e-06 0.00191353 1.05041e+07 inf 
1595 2249.26 934928 1.09526e+06 792.192 15407.9 31650.5 165.627 60.7682 6.65866e+06 0.869283 100579 137456 0.127097 34.3313 123.81 0.00339547 0.000475513 5.07348e+06 0.000257377 0.106981 0.125327 9.06484e-05 0.00176309 0.00362168 1.89523e-05 6.95354e-06 0.761933 0.000182282 0.00800082 0.00466369 7.95374e-05 0.000905518 0.00102505 5.41709e-06 2.46171e-06 0.00190793 8.73917e+06 inf 
1605 1904.5 751801 901352 671.696 12957.4 26821.7 134.158 49.5313 5.43206e+06 0.740506 79747.9 114135 0.10802 29.3152 108.465 0.00271467 0.000385236 4.1398e+06 0.000267196 0.105475 0.126457 9.42367e-05 0.00181788 0.003763 1.88219e-05 6.94908e-06 0.7621 0.000180269 0.00795976 0.00463104 7.92104e-05 0.000898971 0.00102816 5.15701e-06 2.39949e-06 0.00189903 7.12775e+06 inf 
1615 1555.18 573578 705213 550.535 10470.6 21718.4 103.89 38.6478 4.21133e+06 0.614658 59898.1 90138.7 0.0892936 24.2362 91.2696 0.00208795 0.000300577 3.21029e+06 0.000281504 0.103823 0.127651 9.96522e-05 0.00189528 0.00393125 1.88052e-05 6.99564e-06 0.762293 0.000178927 0.00792891 0.00461749 7.89459e-05 0.000891577 0.00103246 4.92989e-06 2.33847e-06 0.00191142 5.52456e+06 inf 
1625 1239.65 427669 539337 439.259 8252.21 17180.1 78.6402 29.4515 3.19188e+06 0.497476 43952.2 69576.6 0.0716117 19.4542 74.871 0.00156698 0.000228312 2.4338e+06 0.000296133 0.102164 0.12884 0.000104933 0.00197134 0.00410408 1.8786e-05 7.03555e-06 0.762494 0.000176479 0.00787878 0.00460194 7.80777e-05 0.000872451 0.00102086 4.62766e-06 2.24533e-06 0.0019106 4.1861e+06 inf 
1635 995.929 323954 418534 352.478 6556.1 13737.9 60.1956 22.665 2.45558e+06 0.404978 32791.3 54471.6 0.0576445 15.6881 61.8737 0.00118541 0.000174387 1.87276e+06 0.000309315 0.100614 0.129988 0.000109472 0.00203619 0.00426671 1.86955e-05 7.03928e-06 0.762651 0.0001735 0.00782512 0.00456626 7.69349e-05 0.000852257 0.0010059 4.31743e-06 2.14694e-06 0.00191029 3.21979e+06 inf 
1645 780.246 233561 310648 276.55 5067.77 10612 44.598 16.9173 1.80473e+06 0.322931 23194.2 40838.1 0.0453452 12.3867 49.7316 0.000874876 0.000130096 1.37676e+06 0.000329811 0.0987267 0.131311 0.000116898 0.00214215 0.0044857 1.88516e-05 7.15098e-06 0.762861 0.000166516 0.00756715 0.00443325 7.41776e-05 0.000804406 0.000948734 3.79833e-06 1.9635e-06 0.00189475 2.36573e+06 inf 
1655 590.744 164650 225229 209.214 3784.09 7953.31 32.0132 12.2218 1.29593e+06 0.248884 16051.7 29899.3 0.034396 9.41491 38.615 0.000622811 9.35188e-05 988843 0.000347826 0.0969447 0.132613 0.000123184 0.00222805 0.00468286 1.88492e-05 7.1961e-06 0.763034 0.000159869 0.00726987 0.00426103 7.12596e-05 0.000761074 0.000898404 3.37868e-06 1.8109e-06 0.00184496 1.69839e+06 inf 
1665 436.385 114999 161298 154.08 2757.04 5839.37 22.5056 8.6334 919921 0.187168 11031.2 21603.3 0.0254289 6.95829 29.2297 0.000432464 6.54265e-05 702036 0.000362015 0.0954006 0.133809 0.000127821 0.00228717 0.0048442 1.86701e-05 7.16205e-06 0.763144 0.000155613 0.00706761 0.00410763 6.89711e-05 0.000735709 0.000884307 3.19181e-06 1.72662e-06 0.00179545 1.20544e+06 inf 
1675 316.481 79046.9 113708 111.292 1967.37 4205.55 15.5066 5.97218 642941 0.13881 7457.9 15363.1 0.0185633 5.03918 21.665 0.00029365 4.47295e-05 490759 0.000375727 0.0938444 0.134994 0.000132126 0.00233566 0.00499283 1.84094e-05 7.09017e-06 0.763299 0.000153705 0.00687293 0.00395215 6.76839e-05 0.000726103 0.000890082 3.11691e-06 1.68295e-06 0.00177671 842318 inf 
1685 223.993 53199.3 78304.9 78.3686 1372.97 2960.4 10.4614 4.0384 439344 0.0999187 4942.65 10662.5 0.013105 3.56175 15.6768 0.000195386 2.98366e-05 335403 0.000389215 0.0924405 0.136065 0.000136175 0.0023857 0.00514407 1.81779e-05 7.01723e-06 0.763415 0.000148771 0.00657517 0.00372864 6.50219e-05 0.000705287 0.000882582 3.01181e-06 1.61349e-06 0.00174286 575498 inf 
1695 153.642 35804.1 53562.4 53.1035 933.395 2048.33 6.94447 2.67137 298817 0.0685702 3291.06 7335.21 0.00874295 2.41479 11.0295 0.00012667 1.91989e-05 228146 0.000392563 0.0914811 0.136855 0.000135682 0.00238487 0.00523358 1.77435e-05 6.82549e-06 0.763493 0.000145238 0.00632703 0.00355503 6.26821e-05 0.000694469 0.000889063 2.96939e-06 1.57064e-06 0.00163442 391382 inf 
1705 98.0913 22618.4 34386.8 33.4357 588.606 1320.23 4.28982 1.64165 190763 0.0440271 2057.73 4736.34 0.0054783 1.51599 7.1978 7.60098e-05 1.14303e-05 145670 0.000392657 0.0905408 0.13765 0.000133843 0.00235618 0.00528484 1.7172e-05 6.57149e-06 0.763618 0.000148526 0.00627825 0.00346806 6.33695e-05 0.000718958 0.000939765 3.06374e-06 1.60341e-06 0.00158589 249814 inf 
1715 59.9041 13723.2 21265.7 20.0571 353.662 815.016 2.53565 0.964191 117227 0.0270023 1233.21 2948.48 0.00326441 0.900131 4.47948 4.33981e-05 6.46841e-06 89544.5 0.000390336 0.0894209 0.138568 0.000130692 0.00230447 0.00531066 1.65223e-05 6.28269e-06 0.763853 0.000153574 0.00628657 0.00337422 6.47336e-05 0.000744775 0.000992616 3.12974e-06 1.63588e-06 0.00154026 153468 inf 
1725 38.4604 8597.91 13694.4 12.6209 222.134 526.182 1.56528 0.592797 74884.2 0.0174358 758.105 1915.04 0.00203266 0.556025 2.92184 2.58488e-05 3.83032e-06 57233.8 0.000392542 0.0877534 0.13977 0.000128813 0.00226719 0.00537041 1.59759e-05 6.0503e-06 0.764296 0.000154492 0.0060688 0.00315854 6.44454e-05 0.000731344 0.000990013 2.93156e-06 1.57717e-06 0.00133532 97978 inf 
1735 23.464 4413.18 7346.07 7.84664 132.213 303.565 0.870577 0.336432 39724.5 0.0113404 376.089 1039.08 0.00131905 0.351191 1.80006 1.47716e-05 2.23972e-06 30374.9 0.000451648 0.0849472 0.141401 0.000151036 0.0025449 0.00584318 1.67573e-05 6.47582e-06 0.764638 0.000119586 0.004809 0.00254914 5.07715e-05 0.000532323 0.000711245 1.87719e-06 1.08403e-06 0.00122101 51952 inf 
1745 8.36112 1311.01 2296.65 2.87029 45.4348 101.232 0.277248 0.110115 12272 0.00447704 107.348 328.934 0.000537574 0.130326 0.64144 4.80007e-06 7.61151e-07 9390.41 0.000521332 0.0817442 0.143201 0.000178968 0.00283295 0.00631204 1.72869e-05 6.86588e-06 0.765186 8.58202e-05 0.00335104 0.0018116 3.85893e-05 0.000316967 0.000391408 6.74798e-07 5.64682e-07 0.00093412 16038 inf 
1755 2.1781 280.033 520.151 0.772547 11.2693 24.3394 0.0628897 0.0258838 2743.17 0.00133386 21.9071 75.5365 0.000168472 0.035559 0.165555 1.10452e-06 1.87349e-07 2100.77 0.000608069 0.0781778 0.145212 0.000215675 0.0031461 0.00679492 1.75571e-05 7.22607e-06 0.76582 5.12779e-05 0.00202673 0.00106565 2.27416e-05 0.000170824 0.000217884 3.15227e-07 2.94801e-07 0.000583075 3582 inf 
1765 0.0186463 2.31817 4.37366 0.0065923 0.095464 0.207243 0.000521124 0.000214759 22.9795 1.15907e-05 0.179133 0.637632 1.44885e-06 0.000303788 0.00143167 9.05235e-09 1.53742e-09 17.6019 0.000621545 0.0772723 0.145789 0.000219743 0.00318213 0.0069081 1.73708e-05 7.15865e-06 0.765983 6.32742e-06 0.000297839 0.000137672 2.7719e-06 1.76042e-05 2.18562e-05 2.19061e-08 3.11787e-08 0.000115646 30 inf 
1775 0 0 0 0 0 0 0 0 0 0 0 0 0 0 0 0 0 0 0.0 0.0 0.0 0.0 0.0 0.0 0.0 0.0 0.0 0.0 0.0 0.0 0.0 0.0 0.0 0.0 0.0 0.0 0 -nan 
1785 0 0 0 0 0 0 0 0 0 0 0 0 0 0 0 0 0 0 0.0 0.0 0.0 0.0 0.0 0.0 0.0 0.0 0.0 0.0 0.0 0.0 0.0 0.0 0.0 0.0 0.0 0.0 0 -nan 
1795 0 0 0 0 0 0 0 0 0 0 0 0 0 0 0 0 0 0 0.0 0.0 0.0 0.0 0.0 0.0 0.0 0.0 0.0 0.0 0.0 0.0 0.0 0.0 0.0 0.0 0.0 0.0 0 -nan 
1805 0 0 0 0 0 0 0 0 0 0 0 0 0 0 0 0 0 0 0.0 0.0 0.0 0.0 0.0 0.0 0.0 0.0 0.0 0.0 0.0 0.0 0.0 0.0 0.0 0.0 0.0 0.0 0 -nan 
1815 0 0 0 0 0 0 0 0 0 0 0 0 0 0 0 0 0 0 0.0 0.0 0.0 0.0 0.0 0.0 0.0 0.0 0.0 0.0 0.0 0.0 0.0 0.0 0.0 0.0 0.0 0.0 0 -nan 
1825 0 0 0 0 0 0 0 0 0 0 0 0 0 0 0 0 0 0 0.0 0.0 0.0 0.0 0.0 0.0 0.0 0.0 0.0 0.0 0.0 0.0 0.0 0.0 0.0 0.0 0.0 0.0 0 -nan 
1835 0 0 0 0 0 0 0 0 0 0 0 0 0 0 0 0 0 0 0.0 0.0 0.0 0.0 0.0 0.0 0.0 0.0 0.0 0.0 0.0 0.0 0.0 0.0 0.0 0.0 0.0 0.0 0 -nan 
1845 0 0 0 0 0 0 0 0 0 0 0 0 0 0 0 0 0 0 0.0 0.0 0.0 0.0 0.0 0.0 0.0 0.0 0.0 0.0 0.0 0.0 0.0 0.0 0.0 0.0 0.0 0.0 0 -nan 
1855 0 0 0 0 0 0 0 0 0 0 0 0 0 0 0 0 0 0 0.0 0.0 0.0 0.0 0.0 0.0 0.0 0.0 0.0 0.0 0.0 0.0 0.0 0.0 0.0 0.0 0.0 0.0 0 -nan 
1865 0 0 0 0 0 0 0 0 0 0 0 0 0 0 0 0 0 0 0.0 0.0 0.0 0.0 0.0 0.0 0.0 0.0 0.0 0.0 0.0 0.0 0.0 0.0 0.0 0.0 0.0 0.0 0 -nan 
1875 0 0 0 0 0 0 0 0 0 0 0 0 0 0 0 0 0 0 0.0 0.0 0.0 0.0 0.0 0.0 0.0 0.0 0.0 0.0 0.0 0.0 0.0 0.0 0.0 0.0 0.0 0.0 0 -nan 
1885 0 0 0 0 0 0 0 0 0 0 0 0 0 0 0 0 0 0 0.0 0.0 0.0 0.0 0.0 0.0 0.0 0.0 0.0 0.0 0.0 0.0 0.0 0.0 0.0 0.0 0.0 0.0 0 -nan 
1895 0 0 0 0 0 0 0 0 0 0 0 0 0 0 0 0 0 0 0.0 0.0 0.0 0.0 0.0 0.0 0.0 0.0 0.0 0.0 0.0 0.0 0.0 0.0 0.0 0.0 0.0 0.0 0 -nan 
