255 0 0 0 0 0 0 0 0 0 0 0 0 0 0 0 0 0 0 0 0 0 0 0.0 0.0 0.0 0.0 0.0 0.0 0.0 0.0 0.0 0.0 0.0 0.0 0.0 0.0 0.0 0.0 0.0 0.0 0.0 0.0 0.0 0.0 0 -nan 
265 0 0 0 0 0 0 0 0 0 0 0 0 0 0 0 0 0 0 0 0 0 0 0.0 0.0 0.0 0.0 0.0 0.0 0.0 0.0 0.0 0.0 0.0 0.0 0.0 0.0 0.0 0.0 0.0 0.0 0.0 0.0 0.0 0.0 0 -nan 
275 0 0 0 0 0 0 0 0 0 0 0 0 0 0 0 0 0 0 0 0 0 0 0.0 0.0 0.0 0.0 0.0 0.0 0.0 0.0 0.0 0.0 0.0 0.0 0.0 0.0 0.0 0.0 0.0 0.0 0.0 0.0 0.0 0.0 0 -nan 
285 0 0 0 0 0 0 0 0 0 0 0 0 0 0 0 0 0 0 0 0 0 0 0.0 0.0 0.0 0.0 0.0 0.0 0.0 0.0 0.0 0.0 0.0 0.0 0.0 0.0 0.0 0.0 0.0 0.0 0.0 0.0 0.0 0.0 0 -nan 
295 57.8496 2814.67 12618.8 0.0103544 27676.2 -108.258 0.0159741 3.97388e-05 0.0496265 78.7337 0.00483262 0.01316 3.31691 195.131 4.21018e-11 294.442 0.0459076 3.19733e-10 2.01661e-15 6.0249e-10 0.00364637 1.4191e-11 5.12795e-08 2.49501e-06 1.11857e-05 9.17843e-12 2.45329e-05 -9.59626e-08 1.41599e-11 3.52256e-14 4.39903e-11 6.97917e-08 4.28377e-12 3.41507e-06 5.41662e-05 0.000415745 1.92966e-10 0.000510294 6.37845e-06 5.32184e-10 1.33654e-12 7.29472e-10 1.79649e-06 1.12076e-10 1.12812e+09 inf 
305 13016.7 182662 1.31961e+06 1.06805 1.64769e+06 -7640.03 3.23475 0.00964006 3.15153 7224.06 0.65732 713.089 12306 1.22952e+06 1.62728e-07 306560 104.57 1.58546e-05 1.67606e-10 1.93358e-06 17.5481 1.75289e-07 0.00043421 0.00609321 0.0440192 3.56277e-08 0.0549633 -0.000254855 1.07904e-07 3.21571e-10 1.05128e-07 0.000240979 2.19267e-08 0.00485783 0.0193229 0.197677 6.44898e-08 0.0848835 0.00185021 7.19189e-07 2.34256e-09 2.31188e-07 0.000726152 7.32563e-08 2.9978e+07 inf 
315 123378 628265 5.56602e+06 6.63487 5.30879e+06 -27123.3 33.194 0.12068 12.4941 29002.9 4.17415 54232.2 197254 2.48681e+07 9.24024e-06 4.53418e+06 1457.12 0.00189411 3.10483e-08 4.27108e-05 339.775 8.71473e-06 0.0103641 0.0527758 0.467559 5.57345e-07 0.445951 -0.00227842 2.78838e-06 1.01374e-08 1.04954e-06 0.00243631 3.50639e-07 0.066695 0.117407 1.36761 6.82326e-07 0.426626 0.0108264 1.23018e-05 5.00536e-08 1.5768e-06 0.00475461 7.80455e-07 1.19044e+07 inf 
325 536882 1.26764e+06 1.28706e+07 23.8065 9.89271e+06 -58081 165.58 0.730311 30.0088 64812.4 14.7996 873263 1.0298e+06 1.56171e+08 0.000166667 2.20705e+07 7596.58 0.0461406 1.11162e-06 0.000329615 2107.3 0.00013738 0.0669357 0.158043 1.60464 2.96808e-06 1.23337 -0.00724124 2.06437e-05 9.10514e-08 3.74134e-06 0.00808048 1.84514e-06 0.3231 0.321577 4.11043 3.45972e-06 1.10925 0.029911 7.29822e-05 3.60973e-07 5.20548e-06 0.0140511 3.7045e-06 8.02086e+06 inf 
335 1.60141e+06 2.10924e+06 2.38305e+07 67.1169 1.49387e+07 -104842 570.911 3.02498 59.8262 117040 41.5187 6.94799e+06 3.37758e+06 6.00083e+08 0.00168597 6.38704e+07 27113.4 0.529316 1.83973e-05 0.00161516 8045.29 0.00128755 0.257662 0.339369 3.83424 1.07989e-05 2.40359 -0.0168687 9.18576e-05 4.86708e-07 9.62582e-06 0.0188314 6.68021e-06 1.02544 0.654423 9.04709 1.24359e-05 2.12116 0.0638584 0.000276997 1.6502e-06 1.29312e-05 0.0306568 1.2749e-05 6.21518e+06 inf 
345 3.78811e+06 3.17022e+06 3.9121e+07 163.184 2.014e+07 -172342 1557.92 9.80364 107.647 188626 101.428 3.47828e+07 8.53038e+06 1.72903e+09 0.0116996 1.37217e+08 76321.5 3.7162 0.000180383 0.00608118 23333.8 0.00863891 0.733417 0.613787 7.57424 3.15941e-05 3.89932 -0.0333672 0.000301629 1.89809e-06 2.08416e-05 0.03652 1.96375e-05 2.48926 1.12909 16.655 3.55946e-05 3.37075 0.11689 0.00079279 5.59654e-06 2.72582e-05 0.0564266 3.58741e-05 5.16501e+06 inf 
355 7.70953e+06 4.48326e+06 5.95645e+07 357.313 2.52642e+07 -267401 3631.34 26.8821 181.441 283057 225.488 1.32228e+08 1.84811e+07 4.18211e+09 0.062882 2.43927e+08 188186 19.2452 0.00129121 0.0193921 56851.1 0.0465753 1.72925 1.00559 13.3603 8.01452e-05 5.66675 -0.059978 0.000814509 6.02966e-06 4.06972e-05 0.0634896 5.0577e-05 5.16415 1.77034 27.5599 8.76423e-05 4.75401 0.196501 0.00191135 1.59142e-05 5.18978e-05 0.093385 8.88189e-05 4.45832e+06 inf 
365 1.40461e+07 6.06865e+06 8.57555e+07 720.972 3.01189e+07 -395847 7524.82 64.8993 291.364 403128 465.276 4.02589e+08 3.57362e+07 8.8446e+09 0.275613 3.79545e+08 411717 78.1596 0.00702487 0.0545336 121811 0.208501 3.55459 1.53577 21.7017 0.000182453 7.62205 -0.100175 0.00190427 1.64238e-05 7.37341e-05 0.102018 0.000117745 9.44702 2.58554 42.0392 0.000190942 6.16069 0.306849 0.00401911 3.88331e-05 9.14541e-05 0.142894 0.000197232 3.95155e+06 inf 
375 2.3626e+07 7.97448e+06 1.18573e+08 1364.26 3.46859e+07 -566086 14291.6 142.37 451.6 552834 905.112 1.05169e+09 6.38992e+07 1.69858e+10 1.03408 5.37211e+08 826900 267.983 0.0317964 0.139838 237619 0.813295 6.58728 2.2234 33.0598 0.000380375 9.67094 -0.157833 0.00398472 3.96948e-05 0.000125913 0.154138 0.000252358 15.8062 3.58783 60.3567 0.000378987 7.50034 0.453476 0.0076707 8.53793e-05 0.000152102 0.206138 0.000403824 3.58661e+06 inf 
385 3.71959e+07 1.02047e+07 1.58084e+08 2438.85 3.87197e+07 -782027 25267.9 288.478 678.307 733063 1671.2 2.41423e+09 1.07085e+08 3.00095e+10 3.40405 7.04317e+08 1.52875e+06 793.484 0.121307 0.331923 428154 2.79402 11.2886 3.09701 47.9769 0.000740165 11.751 -0.237337 0.00766854 8.755e-05 0.000205859 0.222477 0.000507193 24.6021 4.78619 82.4972 0.000696599 8.69863 0.63846 0.013491 0.000170735 0.000241572 0.283627 0.000768577 3.295e+06 inf 
395 5.55451e+07 1.2783e+07 2.0449e+08 4153.26 4.22154e+07 -1.04979e+06 42134.1 547.408 992.481 945229 2947.95 5.05797e+09 1.70557e+08 4.96776e+10 10.0513 8.6966e+08 2.68276e+06 2117.93 0.415275 0.740551 723574 8.73605 18.133 4.1731 66.7569 0.00135586 13.7815 -0.34271 0.0137549 0.000178705 0.000324002 0.308576 0.000962375 36.3648 6.18585 108.448 0.00120124 9.69414 0.870835 0.0224101 0.000321922 0.000369838 0.375494 0.00138772 3.0632e+06 inf 
405 7.97451e+07 1.57743e+07 2.58589e+08 6786.39 4.51453e+07 -1.38018e+06 67146.4 986.352 1422.43 1.19231e+06 5008.19 9.78954e+09 2.61501e+08 7.81164e+10 27.1088 1.02483e+09 4.4477e+06 5153.54 1.27195 1.56892 1.16246e+06 25.0122 27.7574 5.49065 90.0086 0.00236218 15.714 -0.480407 0.0233721 0.000343326 0.000495113 0.415015 0.00174323 51.3521 7.80224 138.163 0.00196368 10.478 1.14776 0.035321 0.000569968 0.000548606 0.482066 0.00238061 2.87293e+06 inf 
415 1.09966e+08 1.91215e+07 3.18698e+08 10663.8 4.74192e+07 -1.76443e+06 102439 1690.89 1996.92 1.47046e+06 8193.04 1.76357e+10 3.84687e+08 1.16308e+11 67.1368 1.1562e+09 7.0221e+06 11564.5 3.56944 3.16306 1.77358e+06 66.1969 40.5513 7.05125 117.523 0.00393239 17.4864 -0.650654 0.0377754 0.000623534 0.000736386 0.54225 0.00302128 69.7063 9.59883 170.523 0.00304857 10.9814 1.47178 0.0532687 0.000963056 0.000790032 0.599993 0.00390932 2.71178e+06 inf 
425 1.4725e+08 2.28936e+07 3.85478e+08 16206.7 4.91089e+07 -2.21394e+06 150961 2783.98 2754.72 1.78064e+06 12979.2 2.99514e+10 5.48958e+08 1.6627e+11 154.964 1.26169e+09 1.05715e+07 24143.6 9.16052 6.10506 2.59757e+06 162.591 57.1317 8.8825 149.562 0.00628805 19.0538 -0.85899 0.0585715 0.00108016 0.00106881 0.690874 0.0050358 91.4158 11.5798 205.287 0.00453709 11.2461 1.83406 0.0770512 0.00154514 0.00110741 0.728372 0.00614204 2.57738e+06 inf 
435 1.91795e+08 2.70694e+07 4.57558e+08 23861 5.01423e+07 -2.7236e+06 215550 4419.06 3736.74 2.11821e+06 19947.8 4.83914e+10 7.62264e+08 2.28691e+11 335.422 1.33447e+09 1.53241e+07 47556.7 22.0579 11.3567 3.66191e+06 376.24 77.9008 10.9947 185.844 0.00969154 20.3661 -1.10624 0.0875492 0.00179487 0.00151774 0.860343 0.00810213 116.561 13.7376 241.554 0.00650469 11.2801 2.23615 0.10794 0.00239533 0.0015196 0.86438 0.00933656 2.46205e+06 inf 
445 2.45224e+08 3.18114e+07 5.36784e+08 34310.2 5.08178e+07 -3.30864e+06 301191 6833.38 5021.81 2.49387e+06 30006.4 7.54408e+10 1.03852e+09 3.0594e+11 689.074 1.38083e+09 2.16307e+07 89774.9 50.5016 20.5768 5.02707e+06 831.111 103.363 13.4087 226.258 0.0144619 21.42 -1.39461 0.126954 0.00288031 0.00211672 1.05118 0.0126479 145.309 16.0609 278.86 0.00901669 11.1001 2.67815 0.147389 0.00360424 0.00204761 1.00696 0.0137967 2.37245e+06 inf 
455 3.05471e+08 3.681e+07 6.17012e+08 47817 5.06951e+07 -3.93644e+06 408665 10213 6621.64 2.87983e+06 43778.5 1.12673e+11 1.37856e+09 3.955e+11 1335.38 1.38897e+09 2.9469e+07 160995 108.854 35.9893 6.67178e+06 1734.8 133.642 16.1043 269.94 0.0209198 22.1789 -1.72218 0.178789 0.00446814 0.00289694 1.25991 0.0191529 177.296 18.5409 316.484 0.0121074 10.7595 3.15067 0.196136 0.00525919 0.00271163 1.1539 0.0198024 2.28573e+06 inf 
465 3.73324e+08 4.22179e+07 6.99551e+08 65159.5 5.01895e+07 -4.60296e+06 542876 14880.9 8631.03 3.28647e+06 62461.2 1.61942e+11 1.78995e+09 4.9603e+11 2470.1 1.37119e+09 3.86627e+07 276483 223.158 61.1586 8.61143e+06 3454.32 168.594 19.0657 315.918 0.0294262 22.6656 -2.0787 0.245164 0.00672024 0.00389779 1.48417 0.0282076 211.446 21.0913 352.426 0.0157988 10.2714 3.62479 0.25447 0.00745767 0.00352513 1.29852 0.0276462 2.21434e+06 inf 
475 4.51248e+08 4.82592e+07 7.86867e+08 87151.3 4.93615e+07 -5.34365e+06 711312 21316 11182.1 3.72263e+06 87742 2.28542e+11 2.30722e+09 6.12646e+11 4404.15 1.33397e+09 5.00745e+07 463248 443.967 102.525 1.09376e+07 6675.46 209.55 22.4105 365.404 0.0404711 22.9224 -2.48147 0.330318 0.00989869 0.00519271 1.72871 0.0407455 249.437 23.8577 388.56 0.0201811 9.697 4.1347 0.325596 0.0104012 0.00454381 1.44594 0.037944 2.15342e+06 inf 
485 5.37947e+08 5.48058e+07 8.76118e+08 114441 4.83022e+07 -6.12642e+06 917322 29931.9 14355.6 4.18062e+06 121018 3.13874e+11 2.9263e+09 7.40637e+11 7553.56 1.28127e+09 6.31601e+07 751523 848.527 167.985 1.36269e+07 12411.8 255.445 26.0246 416.026 0.0543426 22.9364 -2.90914 0.435591 0.0142132 0.00681677 1.98517 0.0574657 289.467 26.6885 422.629 0.0251735 9.07398 4.63989 0.408805 0.0141742 0.00577056 1.59055 0.0509065 2.10592e+06 inf 
495 6.31474e+08 6.16879e+07 9.63049e+08 147267 4.68487e+07 -6.92029e+06 1.16185e+06 41143.7 18211 4.63692e+06 163556 4.20091e+11 3.65637e+09 8.75784e+11 12483.7 1.21176e+09 7.76648e+07 1.1804e+06 1559.59 268.904 1.65912e+07 22210 306.723 29.9634 467.778 0.0715313 22.7556 -3.36137 0.564339 0.0199846 0.00884554 2.25228 0.0794435 331.617 29.6342 454.505 0.030772 8.41205 5.14053 0.504848 0.0189248 0.00723673 1.72802 0.0669081 2.05877e+06 inf 
505 7.3509e+08 6.92376e+07 1.05196e+09 186526 4.52319e+07 -7.77286e+06 1.45448e+06 55720.7 22947.4 5.1083e+06 217815 5.53788e+11 4.53829e+09 1.02327e+12 20007.3 1.13553e+09 9.43951e+07 1.81573e+06 2795.23 424.756 1.9942e+07 38691.1 364.243 34.3078 521.253 0.0924252 22.4128 -3.85151 0.720705 0.0276101 0.0113706 2.5312 0.107929 376.475 32.7374 485.109 0.0370316 7.76732 5.65149 0.616679 0.0249548 0.00900994 1.86398 0.0867355 2.01813e+06 inf 
515 8.44311e+08 7.71004e+07 1.13651e+09 232422 4.34192e+07 -8.60482e+06 1.79201e+06 74025.1 28599.4 5.56726e+06 284781 7.1127e+11 5.54028e+09 1.16986e+12 31040.7 1.05209e+09 1.11679e+08 2.70477e+06 4813.58 654.466 2.345e+07 64864.1 426.06 38.9067 573.509 0.117286 21.9104 -4.3422 0.904294 0.0373549 0.014432 2.80937 0.143707 421.185 35.8053 511.301 0.0436794 7.13067 6.12384 0.739693 0.0321506 0.0110444 1.98515 0.10991 1.98167e+06 inf 
525 9.63639e+08 8.5724e+07 1.22211e+09 286376 4.16185e+07 -9.47031e+06 2.18831e+06 97215.7 35479.7 6.03793e+06 368113 9.00714e+11 6.71805e+09 1.32134e+12 46991.3 9.68789e+08 1.30019e+08 3.95401e+06 8102.82 996.106 2.7224e+07 106202 492.812 43.8398 624.997 0.146455 21.284 -4.84318 1.11912 0.0497168 0.0181446 3.08784 0.188255 466.656 38.9066 533.965 0.0508206 6.51443 6.56019 0.877314 0.0408911 0.0134235 2.09471 0.137377 1.95539e+06 inf 
535 1.08357e+09 9.43146e+07 1.29655e+09 346384 3.95169e+07 -1.02764e+07 2.62694e+06 125178 43441.3 6.4613e+06 466537 1.11636e+12 8.02906e+09 1.46314e+12 68904.2 8.79327e+08 1.48761e+08 5.62769e+06 13220.8 1485.02 3.09583e+07 168319 563.22 49.0231 673.922 0.180044 20.5402 -5.34149 1.36544 0.0650655 0.02258 3.35848 0.242498 512.881 42.0725 553.484 0.0583029 5.92949 6.98512 1.02993 0.0513656 0.0161874 2.19368 0.169364 1.92388e+06 inf 
545 1.2161e+09 1.03944e+08 1.37408e+09 415775 3.75549e+07 -1.11412e+07 3.13865e+06 160042 53097.9 6.90193e+06 586796 1.37331e+12 9.58251e+09 1.61003e+12 99104.5 7.95821e+08 1.68972e+08 7.90562e+06 21197.2 2195.25 3.492e+07 261777 638.835 54.6034 721.825 0.218413 19.7282 -5.85263 1.64878 0.0840729 0.0278932 3.62569 0.308254 559.744 45.3025 569.861 0.0660066 5.37167 7.38311 1.19769 0.0637729 0.0193693 2.27999 0.206144 1.90362e+06 inf 
555 1.35378e+09 1.14063e+08 1.44659e+09 493187 3.55776e+07 -1.19885e+07 3.71289e+06 202058 64464.4 7.3272e+06 728910 1.66427e+12 1.13337e+10 1.74911e+12 139116 7.15105e+08 1.894e+08 1.08902e+07 33151.6 3196.82 3.88952e+07 397006 717.197 60.428 766.369 0.261278 18.8481 -6.3512 1.967 0.107045 0.0341517 3.88177 0.386159 606.067 48.5053 582.507 0.0737151 4.85724 7.74609 1.3785 0.0781292 0.0229621 2.3532 0.247397 1.88759e+06 inf 
565 1.49392e+09 1.24556e+08 1.51151e+09 578043 3.35623e+07 -1.27774e+07 4.34604e+06 251872 77698.1 7.7203e+06 893922 1.98255e+12 1.32632e+10 1.87196e+12 190827 6.3732e+08 2.08174e+08 1.46919e+07 50567.9 4584.97 4.26752e+07 587207 797.87 66.5228 807.266 0.30872 17.9249 -6.82414 2.32113 0.134519 0.0414969 4.12325 0.477425 649.799 51.5587 589.994 0.0812907 4.36766 8.0382 1.56812 0.0944026 0.0269582 2.40639 0.292713 1.87238e+06 inf 
575 1.6373e+09 1.35457e+08 1.56957e+09 669983 3.15473e+07 -1.3539e+07 5.03843e+06 310243 92943.9 8.07774e+06 1.08264e+06 2.33582e+12 1.54287e+10 1.9839e+12 256154 5.64218e+08 2.26611e+08 1.94754e+07 75444.6 6483.48 4.6251e+07 848385 880.881 72.877 844.44 0.360456 16.9727 -7.28407 2.71071 0.166913 0.0500045 4.34589 0.582469 693.352 54.6779 595.209 0.088794 3.93453 8.29824 1.76916 0.112827 0.0314279 2.44881 0.342297 1.85871e+06 inf 
585 1.79059e+09 1.47389e+08 1.62748e+09 772000 2.96757e+07 -1.43136e+07 5.8221e+06 380217 111059 8.44256e+06 1.30414e+06 2.73354e+12 1.79006e+10 2.08938e+12 338698 4.98301e+08 2.45233e+08 2.55912e+07 111286 9118.79 4.9834e+07 1.21004e+06 966.077 79.5205 878.073 0.416517 16.0109 -7.72262 3.14119 0.205138 0.0599198 4.55501 0.703621 735.88 57.744 596.883 0.0961837 3.53533 8.52475 1.98496 0.134015 0.0364619 2.47765 0.3972 1.85347e+06 inf 
595 1.93564e+09 1.58973e+08 1.66908e+09 876737 2.77001e+07 -1.49665e+07 6.63385e+06 458556 131161 8.72149e+06 1.54519e+06 3.15006e+12 2.05522e+10 2.169e+12 437276 4.35472e+08 2.61621e+08 3.29087e+07 159965 12599.3 5.27934e+07 1.68013e+06 1051.36 86.3477 906.576 0.476208 15.0456 -8.12921 3.60323 0.249069 0.0712413 4.73716 0.839282 778.223 60.8866 596.854 0.103617 3.18757 8.71881 2.21164 0.157643 0.042049 2.49692 0.456271 1.84108e+06 inf 
605 2.09031e+09 1.7173e+08 1.7119e+09 991474 2.59245e+07 -1.56291e+07 7.53616e+06 550271 154730 9.00768e+06 1.82167e+06 3.60545e+12 2.35409e+10 2.24105e+12 557286 3.80839e+08 2.76801e+08 4.18628e+07 226588 17276.5 5.56268e+07 2.2992e+06 1137.22 93.4286 931.343 0.539404 14.104 -8.50286 4.09999 0.299371 0.0841795 4.90056 0.991066 817.465 63.8621 593.151 0.110593 2.87563 8.8483 2.44238 0.18344 0.0480932 2.49956 0.518313 1.83809e+06 inf 
615 2.24757e+09 1.85125e+08 1.74887e+09 1.11167e+06 2.42012e+07 -1.62649e+07 8.50213e+06 654638 181571 9.25598e+06 2.12773e+06 4.09911e+12 2.68973e+10 2.30127e+12 698951 3.31638e+08 2.91358e+08 5.2621e+07 316169 23478.1 5.81027e+07 3.09421e+06 1225.13 100.911 953.295 0.605966 13.1919 -8.86587 4.63445 0.356839 0.0989729 5.04537 1.15981 856.415 66.9223 587.905 0.117467 2.59756 8.95619 2.68425 0.21215 0.0547913 2.49311 0.584357 1.83455e+06 inf 
625 2.40362e+09 1.98992e+08 1.77863e+09 1.2384e+06 2.25641e+07 -1.68203e+07 9.52783e+06 772428 212079 9.46852e+06 2.46511e+06 4.6095e+12 3.0528e+10 2.34091e+12 864625 2.87772e+08 3.02904e+08 6.52169e+07 433696 31564.8 6.00962e+07 4.09445e+06 1310.91 108.528 970.043 0.675411 12.3062 -9.17361 5.19637 0.421274 0.115666 5.16403 1.34445 891.901 69.7949 579.415 0.124001 2.3463 9.00253 2.92682 0.243026 0.0619397 2.47156 0.65233 1.83355e+06 inf 
635 2.55946e+09 2.13458e+08 1.80221e+09 1.36991e+06 2.10119e+07 -1.73301e+07 1.06069e+07 903916 246523 9.64105e+06 2.8314e+06 5.14612e+12 3.45366e+10 2.36647e+12 1.05452e+06 2.49032e+08 3.13162e+08 7.98592e+07 585992 42061.8 6.16306e+07 5.33093e+06 1395.5 116.385 982.624 0.746922 11.4564 -9.44894 5.78324 0.492846 0.134413 5.25663 1.54378 926.504 72.699 569.851 0.130633 2.12867 9.02575 3.17743 0.276778 0.0697617 2.44355 0.723436 1.83408e+06 inf 
645 2.72003e+09 2.2887e+08 1.82288e+09 1.50699e+06 1.95558e+07 -1.7833e+07 1.17561e+07 1.05162e+06 285581 9.7876e+06 3.23138e+06 5.72479e+12 3.90382e+10 2.38382e+12 1.27119e+06 2.15122e+08 3.22857e+08 9.69354e+07 782822 55657.9 6.28037e+07 6.85326e+06 1481.12 124.625 992.599 0.820589 10.6485 -9.71043 6.40144 0.572629 0.155505 5.32955 1.75956 961.024 75.6692 559.273 0.13721 1.93587 9.02828 3.43584 0.313623 0.078263 2.40703 0.797309 1.83648e+06 inf 
655 2.875e+09 2.44626e+08 1.83634e+09 1.64811e+06 1.81954e+07 -1.82475e+07 1.2939e+07 1.21283e+06 329061 9.89485e+06 3.65751e+06 6.29979e+12 4.38321e+10 2.38211e+12 1.51299e+06 1.8553e+08 3.29309e+08 1.15964e+08 1.02684e+06 72787.8 6.34467e+07 8.66045e+06 1561.31 132.848 997.253 0.895033 9.88132 -9.90958 7.02673 0.658649 0.178702 5.37356 1.98627 991.717 78.4546 546.927 0.143429 1.76474 8.97979 3.68799 0.351887 0.087145 2.36233 0.870585 1.8414e+06 inf 
665 3.02917e+09 2.60979e+08 1.84443e+09 1.79054e+06 1.68877e+07 -1.86277e+07 1.41666e+07 1.38988e+06 377522 9.96236e+06 4.11159e+06 6.89913e+12 4.91073e+10 2.36961e+12 1.77986e+06 1.59434e+08 3.34738e+08 1.37506e+08 1.33243e+06 94551.8 6.36681e+07 1.08166e+07 1642.84 141.539 1000.31 0.971079 9.15889 -10.1026 7.6831 0.753785 0.204745 5.40299 2.22988 1021.15 81.2373 533.403 0.149307 1.60689 8.91518 3.94274 0.392988 0.0967398 2.31029 0.945465 1.84386e+06 inf 
675 3.1843e+09 2.78267e+08 1.84975e+09 1.93688e+06 1.56883e+07 -1.89815e+07 1.54367e+07 1.58276e+06 431532 1.00024e+07 4.59226e+06 7.51784e+12 5.49043e+10 2.34858e+12 2.07276e+06 1.37051e+08 3.39219e+08 1.6141e+08 1.70654e+06 121779 6.3473e+07 1.3325e+07 1721.47 150.434 999.997 1.0471 8.48129 -10.2616 8.34525 0.855657 0.233291 5.40743 2.48263 1049.18 83.9727 519.301 0.155365 1.4694 8.83655 4.19725 0.436381 0.106819 2.25253 1.01992 1.84976e+06 inf 
685 3.3387e+09 2.9654e+08 1.85192e+09 2.08722e+06 1.45777e+07 -1.93124e+07 1.6748e+07 1.79254e+06 491968 1.00192e+07 5.10278e+06 8.15085e+12 6.13162e+10 2.3191e+12 2.39202e+06 1.17681e+08 3.42524e+08 1.87769e+08 2.16133e+06 155954 6.29391e+07 1.6239e+07 1796.07 159.525 996.249 1.12283 7.84212 -10.3892 9.00964 0.964304 0.264657 5.38987 2.74507 1076.54 86.8162 505.031 0.161405 1.34469 8.73657 4.45394 0.482509 0.117699 2.19263 1.09566 1.85889e+06 inf 
695 3.49099e+09 3.15426e+08 1.85036e+09 2.23914e+06 1.3544e+07 -1.95931e+07 1.80872e+07 2.01813e+06 558480 1.00071e+07 5.63629e+06 8.7812e+12 6.81557e+10 2.27959e+12 2.7351e+06 1.00999e+08 3.43572e+08 2.16268e+08 2.70289e+06 197865 6.20263e+07 1.95473e+07 1868.05 168.786 990.139 1.19818 7.24745 -10.4844 9.67856 1.07991 0.298846 5.35483 3.01601 1099.67 89.3408 489.332 0.167147 1.23266 8.59798 4.69592 0.529259 0.128724 2.12518 1.16771 1.86879e+06 inf 
705 3.64131e+09 3.35313e+08 1.84586e+09 2.39447e+06 1.2589e+07 -1.98463e+07 1.94485e+07 2.25999e+06 632165 9.96932e+06 6.19445e+06 9.41791e+12 7.56735e+10 2.23265e+12 3.10276e+06 8.66035e+07 3.4387e+08 2.46915e+08 3.34484e+06 249551 6.07609e+07 2.32841e+07 1934.66 178.155 980.72 1.2722 6.68866 -10.5445 10.3331 1.20075 0.335875 5.29679 3.29117 1122.91 92.0157 473.723 0.173268 1.12916 8.4566 4.94108 0.579087 0.140631 2.05593 1.24067 1.88214e+06 inf 
715 3.78657e+09 3.5566e+08 1.83692e+09 2.54649e+06 1.16851e+07 -2.00583e+07 2.08004e+07 2.51421e+06 711921 9.89376e+06 6.76215e+06 1.00465e+13 8.3733e+10 2.17862e+12 3.48594e+06 7.41573e+07 3.42617e+08 2.79184e+08 4.08931e+06 311916 5.91452e+07 2.74002e+07 2000.08 187.861 970.269 1.34507 6.17215 -10.5949 10.9869 1.32802 0.37604 5.22593 3.5718 1142.92 94.5319 457.531 0.179128 1.03674 8.28975 5.17254 0.629579 0.152805 1.98253 1.30965 1.8932e+06 inf 
725 3.92719e+09 3.76843e+08 1.82509e+09 2.69898e+06 1.08488e+07 -2.02481e+07 2.21522e+07 2.78232e+06 799400 9.79735e+06 7.34736e+06 1.06712e+13 9.24875e+10 2.11983e+12 3.88569e+06 6.34541e+07 3.41284e+08 3.13103e+08 4.9489e+06 387494 5.73075e+07 3.1939e+07 2059.35 197.609 957.043 1.41529 5.68888 -10.6177 11.6162 1.459 0.41919 5.13754 3.85282 1164 97.2078 442.343 0.185824 0.954311 8.13798 5.40831 0.682966 0.165754 1.91222 1.37986 1.90701e+06 inf 
735 4.06706e+09 3.99063e+08 1.81225e+09 2.84964e+06 1.00736e+07 -2.04386e+07 2.35016e+07 3.06359e+06 894429 9.68111e+06 7.94371e+06 1.12985e+13 1.0202e+11 2.05987e+12 4.29835e+06 5.4311e+07 3.39641e+08 3.48447e+08 5.92915e+06 478022 5.52946e+07 3.68667e+07 2117.51 207.772 943.546 1.48366 5.24479 -10.6413 12.2361 1.59506 0.465683 5.04046 4.13588 1182.68 99.7387 426.84 0.191534 0.877008 7.97471 5.63 0.73675 0.178943 1.83925 1.44535 1.92068e+06 inf 
745 4.20932e+09 4.22779e+08 1.80031e+09 3.00721e+06 9.37571e+06 -2.063e+07 2.48849e+07 3.36401e+06 999702 9.56566e+06 8.57128e+06 1.19187e+13 1.12354e+11 1.99795e+12 4.73445e+06 4.65478e+07 3.37365e+08 3.85255e+08 7.04623e+06 586939 5.3192e+07 4.22687e+07 2168.27 217.778 927.359 1.54904 4.82953 -10.6267 12.8185 1.73284 0.514957 4.92737 4.41516 1199.2 102.212 411.306 0.198072 0.808063 7.80085 5.84253 0.791744 0.192763 1.76658 1.50978 1.94133e+06 inf 
755 4.34342e+09 4.46991e+08 1.78463e+09 3.1575e+06 8.71434e+06 -2.08006e+07 2.61989e+07 3.66878e+06 1.11142e+06 9.41363e+06 9.18752e+06 1.25232e+13 1.23493e+11 1.93356e+12 5.16934e+06 3.98361e+07 3.3496e+08 4.21955e+08 8.27751e+06 714321 5.08426e+07 4.79077e+07 2216.02 228.055 910.521 1.61096 4.44607 -10.6125 13.3667 1.87182 0.567046 4.80285 4.68748 1215.99 104.868 396.808 0.20546 0.746273 7.63358 6.05085 0.848235 0.207137 1.69488 1.57165 1.96001e+06 inf 
765 4.46917e+09 4.71769e+08 1.76643e+09 3.30582e+06 8.09935e+06 -2.09323e+07 2.74715e+07 3.98185e+06 1.23173e+06 9.24596e+06 9.80966e+06 1.3085e+13 1.35202e+11 1.86458e+12 5.60864e+06 3.40689e+07 3.31354e+08 4.58243e+08 9.62647e+06 863353 4.83745e+07 5.38435e+07 2257.08 238.259 892.102 1.66955 4.09044 -10.5715 13.874 2.01097 0.622064 4.66951 4.9542 1230.43 107.304 381.875 0.212523 0.688631 7.45573 6.24013 0.904265 0.22149 1.62061 1.62747 1.98007e+06 inf 
775 4.59634e+09 4.97834e+08 1.74896e+09 3.4502e+06 7.52803e+06 -2.11024e+07 2.87254e+07 4.30554e+06 1.36097e+06 9.06937e+06 1.0437e+07 1.36575e+13 1.47991e+11 1.79929e+12 6.04744e+06 2.91385e+07 3.28752e+08 4.95001e+08 1.11157e+07 1.03766e+06 4.59165e+07 6.01099e+07 2297.99 248.898 874.41 1.72496 3.76372 -10.5504 14.3616 2.1526 0.680433 4.53433 5.21808 1243.97 109.726 367.399 0.219062 0.634436 7.28374 6.42079 0.961094 0.236225 1.54799 1.68055 2.00016e+06 inf 
785 4.72382e+09 5.25556e+08 1.73295e+09 3.5977e+06 7.01282e+06 -2.12916e+07 2.99608e+07 4.63946e+06 1.50099e+06 8.89284e+06 1.10757e+07 1.42087e+13 1.61828e+11 1.73559e+12 6.49396e+06 2.49779e+07 3.26499e+08 5.30939e+08 1.27206e+07 1.24029e+06 4.34695e+07 6.66288e+07 2332.3 259.483 855.612 1.77629 3.46244 -10.5123 14.7926 2.29064 0.741083 4.39066 5.46843 1255.25 112.107 353.329 0.225948 0.58637 7.12 6.58188 1.01661 0.25132 1.47793 1.73001 2.0254e+06 inf 
795 4.83735e+09 5.53151e+08 1.71296e+09 3.73382e+06 6.5182e+06 -2.14467e+07 3.10847e+07 4.96956e+06 1.64717e+06 8.68988e+06 1.16938e+07 1.47059e+13 1.76256e+11 1.66876e+12 6.91966e+06 2.13471e+07 3.23489e+08 5.64627e+08 1.44157e+07 1.47064e+06 4.09276e+07 7.32297e+07 2362.34 270.134 836.534 1.82343 3.18319 -10.4736 15.1804 2.42691 0.804402 4.24374 5.71072 1265.33 114.469 339.353 0.233138 0.540607 6.94849 6.73011 1.07242 0.266703 1.40636 1.77475 2.04769e+06 inf 
805 4.95348e+09 5.82471e+08 1.69535e+09 3.87103e+06 6.07032e+06 -2.16526e+07 3.21862e+07 5.30762e+06 1.80418e+06 8.4911e+06 1.23195e+07 1.52057e+13 1.91907e+11 1.60689e+12 7.343e+06 1.82811e+07 3.2197e+08 5.97471e+08 1.62249e+07 1.7348e+06 3.84819e+07 8.00232e+07 2387.43 280.734 817.109 1.86572 2.92571 -10.4359 15.5128 2.55811 0.86956 4.09245 5.93763 1276.28 116.971 326.814 0.241229 0.501158 6.80236 6.87876 1.1296 0.282814 1.34124 1.82026 2.07482e+06 inf 
815 5.06187e+09 6.1244e+08 1.67615e+09 4.00118e+06 5.64849e+06 -2.18517e+07 3.31942e+07 5.64257e+06 1.96913e+06 8.27662e+06 1.29277e+07 1.56641e+13 2.08419e+11 1.54454e+12 7.74842e+06 1.56342e+07 3.20168e+08 6.27441e+08 1.8101e+07 2.03268e+06 3.60109e+07 8.6787e+07 2408.59 291.417 797.562 1.90388 2.68772 -10.3977 15.7948 2.6849 0.936971 3.93826 6.15137 1285.36 119.365 314.378 0.249331 0.464115 6.65085 7.00566 1.18503 0.298823 1.27481 1.85918 2.10159e+06 inf 
825 5.16768e+09 6.43537e+08 1.65801e+09 4.1271e+06 5.26004e+06 -2.20858e+07 3.41332e+07 5.97603e+06 2.14227e+06 8.06057e+06 1.35267e+07 1.60975e+13 2.25998e+11 1.48536e+12 8.13766e+06 1.33832e+07 3.19292e+08 6.54817e+08 2.00352e+07 2.36622e+06 3.36319e+07 9.35509e+07 2426.08 302.123 778.392 1.93756 2.46944 -10.3687 16.0246 2.80558 1.00573 3.78421 6.35042 1292.84 121.744 302.396 0.257411 0.429989 6.51073 7.11552 1.23882 0.315234 1.212 1.89517 2.13005e+06 inf 
835 5.26521e+09 6.75167e+08 1.63962e+09 4.24411e+06 4.89527e+06 -2.23459e+07 3.49771e+07 6.30265e+06 2.32262e+06 7.83996e+06 1.41113e+07 1.64874e+13 2.44445e+11 1.42846e+12 8.49854e+06 1.14466e+07 3.19311e+08 6.79171e+08 2.20075e+07 2.73758e+06 3.13478e+07 1.00313e+08 2439.82 312.863 759.777 1.96666 2.2684 -10.3548 16.2079 2.92056 1.07627 3.63293 6.53899 1298.96 124.053 290.976 0.265211 0.398177 6.38303 7.21268 1.29163 0.331959 1.15238 1.93006 2.15803e+06 inf 
845 5.35545e+09 7.07385e+08 1.62081e+09 4.35403e+06 4.55562e+06 -2.26189e+07 3.57092e+07 6.61809e+06 2.50932e+06 7.61251e+06 1.46728e+07 1.68397e+13 2.63737e+11 1.37277e+12 8.83044e+06 9.78709e+06 3.19591e+08 6.99431e+08 2.39716e+07 3.14433e+06 2.91072e+07 1.06813e+08 2447.83 323.327 740.827 1.99011 2.08225 -10.3385 16.3217 3.02495 1.14694 3.47947 6.70655 1305.79 126.519 280.414 0.274989 0.371013 6.26034 7.30021 1.34403 0.348867 1.09425 1.96048 2.18783e+06 inf 
855 5.45403e+09 7.42264e+08 1.60704e+09 4.46876e+06 4.25069e+06 -2.29931e+07 3.6451e+07 6.94353e+06 2.70997e+06 7.40604e+06 1.52626e+07 1.71927e+13 2.84668e+11 1.32356e+12 9.15892e+06 8.38941e+06 3.2188e+08 7.1809e+08 2.59944e+07 3.60015e+06 2.70648e+07 1.1354e+08 2452.82 333.815 722.726 2.00972 1.91165 -10.3406 16.3929 3.12268 1.21874 3.33068 6.86398 1309.85 128.803 270.012 0.282928 0.3443 6.15058 7.36306 1.39255 0.365708 1.03841 1.98681 2.22358e+06 inf 
865 5.54268e+09 7.77351e+08 1.59242e+09 4.57192e+06 3.9623e+06 -2.33946e+07 3.70668e+07 7.25282e+06 2.91514e+06 7.19223e+06 1.58239e+07 1.75024e+13 3.06455e+11 1.27591e+12 9.44672e+06 7.18247e+06 3.25171e+08 7.3276e+08 2.79852e+07 4.09515e+06 2.50981e+07 1.20029e+08 2453.72 344.13 704.96 2.02397 1.7541 -10.3567 16.4093 3.21079 1.29052 3.18397 7.00517 1314.34 131.305 260.525 0.292519 0.320618 6.05728 7.42459 1.44214 0.38401 0.98649 2.01594 2.25889e+06 inf 
875 5.6159e+09 8.11616e+08 1.57551e+09 4.65944e+06 3.68693e+06 -2.37905e+07 3.75081e+07 7.53389e+06 3.11891e+06 6.96324e+06 1.6331e+07 1.774e+13 3.28474e+11 1.22818e+12 9.68596e+06 6.13831e+06 3.28584e+08 7.41607e+08 2.98423e+07 4.61599e+06 2.31726e+07 1.25939e+08 2451.85 354.344 687.852 2.03427 1.60968 -10.3867 16.3757 3.28922 1.36169 3.04008 7.12998 1316.65 133.601 251.138 0.300914 0.298107 5.96429 7.45756 1.48657 0.40138 0.935327 2.0365 2.29048e+06 inf 
885 5.69584e+09 8.48692e+08 1.56387e+09 4.75284e+06 3.44074e+06 -2.43078e+07 3.7956e+07 7.8215e+06 3.33787e+06 6.75996e+06 1.68775e+07 1.79736e+13 3.52201e+11 1.18654e+12 9.9156e+06 5.25924e+06 3.34469e+08 7.48756e+08 3.17109e+07 5.19197e+06 2.14456e+07 1.32114e+08 2443.51 364.089 670.9 2.03897 1.47608 -10.428 16.2831 3.35542 1.43195 2.90002 7.24044 1319.06 136.138 242.734 0.310485 0.278224 5.89433 7.48842 1.53137 0.420578 0.888844 2.06221 2.331e+06 inf 
895 5.76066e+09 8.84811e+08 1.5504e+09 4.83058e+06 3.20615e+06 -2.48319e+07 3.82337e+07 8.07764e+06 3.55399e+06 6.54652e+06 1.73725e+07 1.81369e+13 3.75965e+11 1.14518e+12 1.00926e+07 4.49899e+06 3.40754e+08 7.50281e+08 3.33969e+07 5.78797e+06 1.9778e+07 1.37661e+08 2431.77 373.509 654.476 2.03915 1.35342 -10.4824 16.1397 3.40985 1.50026 2.76351 7.33352 1320.11 138.559 234.698 0.319849 0.259651 5.82783 7.49853 1.57192 0.438769 0.8438 2.08107 2.36892e+06 inf 
905 5.84027e+09 9.24787e+08 1.54359e+09 4.91484e+06 2.99581e+06 -2.55355e+07 3.85607e+07 8.34833e+06 3.78752e+06 6.36002e+06 1.79191e+07 1.83375e+13 4.02269e+11 1.11155e+12 1.0264e+07 3.85836e+06 3.5085e+08 7.51688e+08 3.51342e+07 6.44784e+06 1.83031e+07 1.43649e+08 2418.2 382.913 639.13 2.03502 1.24043 -10.5731 15.9663 3.45667 1.56824 2.6334 7.41949 1321.01 141.206 227.501 0.329517 0.242694 5.78624 7.50458 1.61212 0.458662 0.802313 2.10472 2.41514e+06 inf 
915 5.89789e+09 9.62493e+08 1.53352e+09 4.97936e+06 2.79334e+06 -2.62232e+07 3.86917e+07 8.57856e+06 4.01246e+06 6.16057e+06 1.84004e+07 1.84386e+13 4.27781e+11 1.0766e+12 1.03754e+07 3.30315e+06 3.61139e+08 7.47175e+08 3.66265e+07 7.11694e+06 1.68823e+07 1.48937e+08 2401.7 391.941 624.47 2.02767 1.13749 -10.6785 15.7558 3.49331 1.63393 2.50867 7.49289 1319.19 143.461 220.1 0.336988 0.226286 5.7473 7.48427 1.64669 0.477908 0.762414 2.12268 2.45571e+06 inf 
925 5.95775e+09 1.00221e+09 1.52695e+09 5.04279e+06 2.60759e+06 -2.70442e+07 3.8788e+07 8.80304e+06 4.24724e+06 5.97647e+06 1.89031e+07 1.85336e+13 4.54801e+11 1.04607e+12 1.04605e+07 2.82893e+06 3.74445e+08 7.40599e+08 3.80395e+07 7.82894e+06 1.55883e+07 1.54266e+08 2380.2 400.395 610.036 2.01466 1.04177 -10.8045 15.4963 3.51693 1.69683 2.38768 7.55204 1318.74 146.23 213.953 0.346777 0.211935 5.73221 7.46613 1.6818 0.498537 0.725761 2.1443 2.50305e+06 inf 
935 6.00977e+09 1.04207e+09 1.52144e+09 5.09833e+06 2.43442e+06 -2.79484e+07 3.88007e+07 9.00889e+06 4.48414e+06 5.79918e+06 1.93997e+07 1.85825e+13 4.82142e+11 1.01769e+12 1.05076e+07 2.42283e+06 3.89902e+08 7.31176e+08 3.93055e+07 8.5683e+06 1.43998e+07 1.59446e+08 2354.17 408.205 595.986 1.99714 0.95362 -10.9481 15.1992 3.529 1.75655 2.27168 7.59932 1317.98 149.116 208.454 0.357078 0.199223 5.73358 7.44344 1.71554 0.520535 0.69297 2.17004 2.55282e+06 inf 
945 6.06466e+09 1.08382e+09 1.51942e+09 5.15435e+06 2.27649e+06 -2.89909e+07 3.87933e+07 9.21037e+06 4.72989e+06 5.63719e+06 1.99213e+07 1.86152e+13 5.10592e+11 9.92849e+11 1.05352e+07 2.07783e+06 4.08391e+08 7.19837e+08 4.04632e+07 9.34449e+06 1.33241e+07 1.64704e+08 2324.84 415.474 582.458 1.97588 0.872677 -11.1135 14.8711 3.53073 1.81317 2.16098 7.63669 1315.71 152.03 203.332 0.36673 0.186965 5.74842 7.40229 1.74506 0.542735 0.661718 2.19527 2.60863e+06 inf 
955 6.10499e+09 1.12423e+09 1.51654e+09 5.19316e+06 2.12505e+06 -3.01137e+07 3.8676e+07 9.38489e+06 4.97107e+06 5.47483e+06 2.04151e+07 1.85902e+13 5.38868e+11 9.6933e+11 1.05097e+07 1.779e+06 4.29792e+08 7.06127e+08 4.14628e+07 1.01389e+07 1.23324e+07 1.69787e+08 2294.36 422.505 569.942 1.95168 0.798631 -11.3172 14.5351 3.527 1.86821 2.05753 7.67233 1312.42 154.936 198.637 0.375077 0.175407 5.78302 7.35565 1.77276 0.565828 0.633457 2.22353 2.66087e+06 inf 
965 6.14225e+09 1.16532e+09 1.51582e+09 5.22743e+06 1.98495e+06 -3.13718e+07 3.85177e+07 9.54805e+06 5.21633e+06 5.32326e+06 2.09229e+07 1.85372e+13 5.67559e+11 9.48306e+11 1.04563e+07 1.52371e+06 4.54744e+08 6.90884e+08 4.23396e+07 1.09597e+07 1.14303e+07 1.74919e+08 2260.69 428.903 557.904 1.92398 0.73057 -11.5466 14.1767 3.51421 1.9199 1.95925 7.70078 1308.44 157.909 194.352 0.38315 0.164546 5.83503 7.30109 1.79823 0.58971 0.606876 2.25345 2.71698e+06 inf 
975 6.18333e+09 1.20824e+09 1.51887e+09 5.26189e+06 1.85704e+06 -3.28122e+07 3.83795e+07 9.71429e+06 5.47328e+06 5.19043e+06 2.14791e+07 1.84755e+13 5.97076e+11 9.3073e+11 1.03871e+07 1.30734e+06 4.83993e+08 6.75336e+08 4.31523e+07 1.18243e+07 1.06361e+07 1.80486e+08 2225.49 434.868 546.668 1.89385 0.668383 -11.8097 13.8135 3.49635 1.96993 1.86813 7.7307 1302.64 160.587 190.106 0.389693 0.154276 5.89312 7.22867 1.81847 0.612503 0.581557 2.27952 2.77841e+06 inf 
985 6.20902e+09 1.24952e+09 1.52112e+09 5.28208e+06 1.73487e+06 -3.43598e+07 3.81477e+07 9.8553e+06 5.7271e+06 5.05978e+06 2.20258e+07 1.83545e+13 6.25836e+11 9.13707e+11 1.02704e+07 1.11931e+06 5.17333e+08 6.58079e+08 4.381e+07 1.27017e+07 9.90073e+06 1.85997e+08 2185.48 439.812 535.41 1.85921 0.610647 -12.0941 13.4274 3.46891 2.01585 1.78097 7.75276 1297.76 163.86 186.941 0.39794 0.145221 5.98542 7.16506 1.84041 0.638085 0.559527 2.3158 2.84103e+06 inf 
995 6.23128e+09 1.2912e+09 1.52588e+09 5.29737e+06 1.62177e+06 -3.60981e+07 3.79187e+07 9.99412e+06 5.98943e+06 4.94508e+06 2.2619e+07 1.82077e+13 6.546e+11 8.99249e+11 1.01289e+07 958882 5.5622e+08 6.41e+08 4.44197e+07 1.36211e+07 9.25611e+06 1.92067e+08 2143.14 444.086 524.8 1.82193 0.557779 -12.4153 13.0414 3.4373 2.05996 1.70077 7.77941 1291.96 167.109 184.026 0.405227 0.136647 6.09613 7.09797 1.86074 0.664317 0.539299 2.35349 2.90755e+06 inf 
1005 6.26226e+09 1.33543e+09 1.53512e+09 5.31624e+06 1.51924e+06 -3.80891e+07 3.77626e+07 1.01498e+07 6.27015e+06 4.85043e+06 2.32888e+07 1.8069e+13 6.84505e+11 8.88468e+11 9.98461e+06 823432 6.0205e+08 6.25208e+08 4.50597e+07 1.4609e+07 8.70025e+06 1.99008e+08 2100.85 448.006 514.998 1.78348 0.509669 -12.778 12.6685 3.40502 2.10349 1.62721 7.81286 1283.81 170.078 181.211 0.410881 0.128374 6.22066 7.01798 1.8768 0.690153 0.520508 2.39206 2.98083e+06 inf 
1015 6.27099e+09 1.37658e+09 1.54272e+09 5.31819e+06 1.42046e+06 -4.02007e+07 3.75155e+07 1.0279e+07 6.54836e+06 4.75903e+06 2.3965e+07 1.78406e+13 7.12198e+11 8.77146e+11 9.7928e+06 705348 6.53034e+08 6.07838e+08 4.55281e+07 1.56129e+07 8.18983e+06 2.06164e+08 2053.47 450.769 505.172 1.74147 0.465138 -13.164 12.2847 3.36591 2.1443 1.55837 7.84747 1274.86 173.265 178.964 0.41711 0.120903 6.36788 6.93732 1.89185 0.717296 0.503272 2.43452 3.05384e+06 inf 
1025 6.29382e+09 1.42095e+09 1.55562e+09 5.32631e+06 1.33138e+06 -4.26411e+07 3.7392e+07 1.04401e+07 6.85367e+06 4.69148e+06 2.4755e+07 1.7654e+13 7.41399e+11 8.69793e+11 9.60422e+06 605722 7.13918e+08 5.93391e+08 4.61601e+07 1.67185e+07 7.76313e+06 2.14684e+08 2006.26 452.953 495.88 1.69785 0.424401 -13.5926 11.9193 3.32797 2.18472 1.49549 7.89107 1265.87 176.541 177.1 0.422858 0.113876 6.54332 6.86172 1.90761 0.745858 0.487997 2.48296 3.13709e+06 inf 
1035 6.29908e+09 1.46276e+09 1.56789e+09 5.3219e+06 1.24657e+06 -4.5264e+07 3.72356e+07 1.05905e+07 7.16757e+06 4.63443e+06 2.56002e+07 1.74047e+13 7.68452e+11 8.62409e+11 9.37853e+06 519269 7.8266e+08 5.78973e+08 4.67409e+07 1.78818e+07 7.38995e+06 2.24086e+08 1952.48 453.402 485.987 1.64959 0.386391 -14.0302 11.5417 3.28265 2.22168 1.4365 7.93512 1258.02 180.606 176.441 0.431095 0.107963 6.76387 6.80073 1.92669 0.778987 0.476524 2.54796 3.22619e+06 inf 
1045 6.30726e+09 1.50634e+09 1.58408e+09 5.31966e+06 1.16918e+06 -4.82224e+07 3.71779e+07 1.07674e+07 7.51254e+06 4.60004e+06 2.65776e+07 1.71409e+13 7.95611e+11 8.5762e+11 9.15046e+06 445979 8.62573e+08 5.66636e+08 4.74373e+07 1.9173e+07 7.08774e+06 2.35243e+08 1897.57 453.19 476.58 1.60045 0.351754 -14.508 11.1852 3.23944 2.26019 1.38395 7.996 1247.45 184.345 175.759 0.43764 0.102197 7.00204 6.73553 1.94365 0.812305 0.465912 2.61499 3.32386e+06 inf 
1055 6.30721e+09 1.54894e+09 1.60156e+09 5.31197e+06 1.09668e+06 -5.14663e+07 3.71469e+07 1.0952e+07 7.87922e+06 4.58098e+06 2.76614e+07 1.68487e+13 8.21161e+11 8.53595e+11 8.90255e+06 382765 9.53924e+08 5.5536e+08 4.81854e+07 2.05649e+07 6.83431e+06 2.47889e+08 1839.28 451.693 467.037 1.54905 0.319807 -15.0083 10.8326 3.19375 2.2977 1.33588 8.06648 1237.09 188.246 175.491 0.443352 0.0966618 7.27519 6.67881 1.96253 0.847113 0.456518 2.68704 3.42918e+06 inf 
1065 6.31229e+09 1.5929e+09 1.62247e+09 5.30359e+06 1.02975e+06 -5.51185e+07 3.72421e+07 1.11742e+07 8.28485e+06 4.58454e+06 2.89083e+07 1.65639e+13 8.46884e+11 8.52137e+11 8.65244e+06 328965 1.06107e+09 5.47011e+08 4.91584e+07 2.21445e+07 6.64693e+06 2.63053e+08 1782.5 449.81 458.16 1.49765 0.290787 -15.5646 10.5166 3.15543 2.33951 1.29461 8.16325 1224.79 191.88 175.273 0.447604 0.0913117 7.57453 6.62333 1.98113 0.883141 0.448317 2.76467 3.54127e+06 inf 
1075 6.30446e+09 1.63477e+09 1.6436e+09 5.2871e+06 966600 -5.90774e+07 3.73815e+07 1.14109e+07 8.72003e+06 4.60438e+06 3.02924e+07 1.62315e+13 8.70338e+11 8.50857e+11 8.38311e+06 282522 1.18304e+09 5.40386e+08 5.02699e+07 2.38961e+07 6.50902e+06 2.80574e+08 1719.22 445.801 448.209 1.44179 0.263591 -16.1104 10.1939 3.11176 2.37795 1.25561 8.26072 1212.67 196.476 176.457 0.455314 0.0869665 7.94174 6.59142 2.00638 0.928344 0.445468 2.87628 3.66704e+06 inf 
1085 6.29695e+09 1.67683e+09 1.6673e+09 5.26917e+06 908006 -6.34727e+07 3.76307e+07 1.16836e+07 9.20235e+06 4.64796e+06 3.18817e+07 1.59e+13 8.92777e+11 8.50994e+11 8.1089e+06 242743 1.32409e+09 5.36204e+08 5.16065e+07 2.58791e+07 6.42664e+06 3.01288e+08 1655.76 440.917 438.41 1.38551 0.238757 -16.6899 9.89485 3.07216 2.41972 1.22217 8.38318 1199.71 200.86 177.659 0.461057 0.082604 8.34337 6.5639 2.03262 0.974552 0.442916 2.99079 3.80306e+06 inf 
1095 6.28639e+09 1.71825e+09 1.6927e+09 5.2472e+06 853244 -6.8311e+07 3.79936e+07 1.19951e+07 9.73368e+06 4.71375e+06 3.36839e+07 1.55543e+13 9.13794e+11 8.52168e+11 7.82942e+06 208650 1.48647e+09 5.34911e+08 5.3234e+07 2.81422e+07 6.39937e+06 3.25777e+08 1591.29 434.944 428.477 1.32823 0.215984 -17.2917 9.61742 3.03634 2.46391 1.1932 8.52649 1185.36 205.267 179.216 0.466552 0.0785304 8.79026 6.55046 2.06298 1.02609 0.442895 3.12468 3.9505e+06 inf 
1105 6.26746e+09 1.75881e+09 1.72007e+09 5.22283e+06 802254 -7.3636e+07 3.84467e+07 1.23396e+07 1.03225e+07 4.80491e+06 3.57428e+07 1.51732e+13 9.32633e+11 8.5402e+11 7.54374e+06 179348 1.67282e+09 5.35678e+08 5.50968e+07 3.07248e+07 6.42772e+06 3.54778e+08 1526.09 428.26 418.825 1.27173 0.195344 -17.9299 9.36153 3.00462 2.51346 1.16997 8.70316 1168.6 209.006 180.372 0.468575 0.0742356 9.26502 6.54189 2.09476 1.07881 0.443048 3.26209 4.10688e+06 inf 
1115 6.25092e+09 1.79954e+09 1.74997e+09 5.19714e+06 754864 -7.95359e+07 3.90605e+07 1.27418e+07 1.09816e+07 4.92409e+06 3.81036e+07 1.48029e+13 9.50495e+11 8.57247e+11 7.2596e+06 154294 1.88872e+09 5.40262e+08 5.74018e+07 3.37254e+07 6.51754e+06 3.89446e+08 1461.32 420.69 409.102 1.21497 0.17647 -18.5937 9.13147 2.97874 2.56725 1.15114 8.90775 1151.14 212.659 181.769 0.470075 0.0702043 9.78846 6.55112 2.13222 1.13731 0.445564 3.41988 4.27758e+06 inf 
1125 6.22899e+09 1.83917e+09 1.78157e+09 5.16885e+06 710612 -8.60104e+07 3.97939e+07 1.31906e+07 1.17123e+07 5.07052e+06 4.07861e+07 1.44142e+13 9.66241e+11 8.61025e+11 6.9734e+06 132755 2.13659e+09 5.4764e+08 6.00806e+07 3.71807e+07 6.66512e+06 4.30535e+08 1396 412.184 399.273 1.15841 0.159258 -19.2761 8.91835 2.95619 2.62488 1.13637 9.14072 1132.08 215.991 183.162 0.470023 0.0662503 10.3572 6.5724 2.17389 1.20114 0.44989 3.59666 4.46202e+06 inf 
1135 6.19883e+09 1.87711e+09 1.8148e+09 5.13761e+06 669173 -9.31102e+07 4.06328e+07 1.36833e+07 1.25223e+07 5.24807e+06 4.3852e+07 1.4005e+13 9.79133e+11 8.64731e+11 6.68196e+06 114158 2.41963e+09 5.57733e+08 6.31533e+07 4.11435e+07 6.87027e+06 4.79082e+08 1324.99 401.228 387.911 1.09815 0.143035 -19.9021 8.68519 2.92478 2.67663 1.12177 9.37329 1112.63 219.782 185.363 0.471502 0.0627861 11.0044 6.61679 2.22364 1.27672 0.458419 3.81371 4.6784e+06 inf 
1145 6.17382e+09 1.91602e+09 1.85131e+09 5.10802e+06 630969 -1.00983e+08 4.16732e+07 1.4254e+07 1.34334e+07 5.45966e+06 4.73547e+07 1.36035e+13 9.91433e+11 8.70245e+11 6.40248e+06 98359.2 2.74773e+09 5.7204e+08 6.68215e+07 4.58038e+07 7.15146e+06 5.37527e+08 1260.7 391.253 378.041 1.04306 0.128845 -20.6208 8.50971 2.91068 2.74311 1.11487 9.66988 1090.18 222.2 186.522 0.468415 0.0590265 11.6564 6.66304 2.27442 1.35223 0.466266 4.03201 4.89713e+06 inf 
1155 6.13914e+09 1.95296e+09 1.88935e+09 5.07561e+06 595110 -1.09598e+08 4.28204e+07 1.48736e+07 1.44406e+07 5.70544e+06 5.1336e+07 1.31779e+13 1.00065e+12 8.75497e+11 6.1198e+06 84687.1 3.1222e+09 5.89183e+08 7.09742e+07 5.11615e+07 7.49785e+06 6.06674e+08 1192.65 379.402 367.043 0.986038 0.115612 -21.2916 8.31871 2.88949 2.80537 1.10839 9.97303 1066.61 224.611 188.049 0.465425 0.0555523 12.3781 6.72751 2.33216 1.43842 0.477566 4.28918 5.14748e+06 inf 
1165 6.10295e+09 1.9886e+09 1.92912e+09 5.04078e+06 561519 -1.19039e+08 4.41294e+07 1.55627e+07 1.55556e+07 5.98718e+06 5.5847e+07 1.2758e+13 1.0078e+12 8.81168e+11 5.8412e+06 72950 3.55132e+09 6.10447e+08 7.57992e+07 5.7374e+07 7.92029e+06 6.88924e+08 1125.44 366.716 355.747 0.929565 0.103549 -21.9518 8.13785 2.8699 2.86859 1.10409 10.2987 1042.15 226.642 189.576 0.461607 0.0522512 13.1534 6.80789 2.3962 1.53346 0.491487 4.58049 5.42273e+06 inf 
1175 6.071e+09 2.02626e+09 1.97437e+09 5.0144e+06 531158 -1.29586e+08 4.56395e+07 1.6338e+07 1.68145e+07 6.31893e+06 6.10646e+07 1.23417e+13 1.0138e+12 8.88134e+11 5.5758e+06 62954.4 4.04523e+09 6.35719e+08 8.13345e+07 6.46108e+07 8.43181e+06 7.87382e+08 1056.33 352.56 343.531 0.872485 0.0924192 -22.5473 7.94107 2.84274 2.92565 1.09947 10.625 1015.66 228.251 191.096 0.457094 0.0491169 13.9811 6.89578 2.46388 1.63786 0.508205 4.9103 5.74727e+06 inf 
1185 6.01981e+09 2.05845e+09 2.01796e+09 4.97677e+06 501701 -1.40897e+08 4.7202e+07 1.71491e+07 1.81744e+07 6.68282e+06 6.68668e+07 1.18849e+13 1.01514e+12 8.93454e+11 5.30223e+06 54210.4 4.60174e+09 6.6348e+08 8.74325e+07 7.28551e+07 9.01964e+06 9.03129e+08 987.94 337.823 331.178 0.816762 0.0823367 -23.1233 7.74655 2.81442 2.9827 1.09675 10.9738 987.146 229.075 192.224 0.450639 0.0460153 14.8501 6.99128 2.53535 1.74932 0.526685 5.27178 6.09329e+06 inf 
1195 5.98306e+09 2.09414e+09 2.0681e+09 4.94941e+06 475236 -1.53591e+08 4.90381e+07 1.80776e+07 1.97081e+07 7.10336e+06 7.35447e+07 1.14662e+13 1.01692e+12 9.0108e+11 5.04918e+06 46823.5 5.24672e+09 6.97039e+08 9.45679e+07 8.25038e+07 9.71781e+06 1.04202e+09 921.006 322.363 318.353 0.76189 0.0731558 -23.6431 7.5487 2.78279 3.03378 1.09346 11.3211 957.501 229.394 193.286 0.44359 0.0430817 15.769 7.0934 2.61026 1.86987 0.547964 5.67772 6.49622e+06 inf 
1205 5.93407e+09 2.12676e+09 2.11963e+09 4.91912e+06 450277 -1.67394e+08 5.09587e+07 1.9057e+07 2.13826e+07 7.57253e+06 8.10771e+07 1.10245e+13 1.01479e+12 9.07615e+11 4.79609e+06 40415.4 5.97243e+09 7.33218e+08 1.02367e+08 9.34727e+07 1.05126e+07 1.20559e+09 853.322 305.829 304.804 0.707372 0.06475 -24.0714 7.32788 2.7404 3.07482 1.08893 11.6589 925.834 228.901 193.933 0.435092 0.0402391 16.7155 7.19299 2.68526 1.99672 0.570908 6.11837 6.95409e+06 inf 
1215 5.88448e+09 2.15853e+09 2.1739e+09 4.8887e+06 426908 -1.82546e+08 5.30515e+07 2.01227e+07 2.32208e+07 8.09345e+06 8.95632e+07 1.05873e+13 1.01093e+12 9.1453e+11 4.55145e+06 34899.7 6.8014e+09 7.73988e+08 1.11163e+08 1.06086e+08 1.1422e+07 1.39944e+09 789.171 289.482 291.542 0.655627 0.0572529 -24.4814 7.11477 2.69867 3.11415 1.08542 12.0114 892.791 227.544 194.039 0.424913 0.0374503 17.6862 7.29246 2.76141 2.12823 0.594706 6.58835 7.45653e+06 inf 
1225 5.82779e+09 2.18751e+09 2.22963e+09 4.85623e+06 404894 -1.98978e+08 5.52502e+07 2.12508e+07 2.52112e+07 8.66549e+06 9.90541e+07 1.01434e+13 1.00403e+12 9.20731e+11 4.31201e+06 30135.5 7.73315e+09 8.18089e+08 1.20817e+08 1.20371e+08 1.24426e+07 1.62673e+09 725.733 272.41 277.655 0.604744 0.0504213 -24.7787 6.88028 2.64635 3.13955 1.07911 12.3352 858.174 225.442 193.819 0.413834 0.0347915 18.6821 7.38499 2.83586 2.2656 0.620483 7.10073 8.03022e+06 inf 
1235 5.77674e+09 2.21809e+09 2.29149e+09 4.83105e+06 384857 -2.1725e+08 5.76644e+07 2.24862e+07 2.74147e+07 9.31011e+06 1.09874e+08 9.7212e+12 9.96322e+11 9.27949e+11 4.08549e+06 26061.5 8.79824e+09 8.67622e+08 1.31701e+08 1.3674e+08 1.36051e+07 1.89602e+09 664.674 255.214 263.66 0.555862 0.0442817 -24.9968 6.63488 2.58727 3.15435 1.07123 12.6421 822.639 222.493 193.012 0.401366 0.0322145 19.6847 7.47042 2.90854 2.40488 0.646441 7.63762 8.69109e+06 inf 
1245 5.71176e+09 2.24452e+09 2.35479e+09 4.80244e+06 365824 -2.37032e+08 6.01079e+07 2.3758e+07 2.97808e+07 1.00183e+07 1.21998e+08 9.27541e+12 9.84523e+11 9.33423e+11 3.86092e+06 22515.5 9.97924e+09 9.18515e+08 1.43245e+08 1.54998e+08 1.48883e+07 2.20917e+09 601.482 236.362 247.974 0.505725 0.0385234 -24.9608 6.32971 2.50185 3.13609 1.05499 12.8471 784.203 218.653 191.844 0.388355 0.0297819 20.6841 7.52727 2.97074 2.54699 0.674415 8.22142 9.49614e+06 inf 
1255 5.65186e+09 2.27112e+09 2.42144e+09 4.77592e+06 348116 -2.58622e+08 6.27481e+07 2.51338e+07 3.2346e+07 1.07861e+07 1.35464e+08 8.85032e+12 9.72219e+11 9.39819e+11 3.64979e+06 19484.9 1.13203e+10 9.74775e+08 1.56122e+08 1.7576e+08 1.63266e+07 2.57676e+09 545.047 219.019 233.515 0.460574 0.0335711 -24.9406 6.05122 2.42382 3.11934 1.04018 13.0637 745.935 213.982 190.009 0.373959 0.0274234 21.6717 7.57541 3.03 2.6869 0.70179 8.82239 1.03695e+07 inf 
1265 5.5849e+09 2.29257e+09 2.4865e+09 4.74078e+06 330880 -2.81623e+08 6.54388e+07 2.65572e+07 3.50428e+07 1.15971e+07 1.50139e+08 8.43001e+12 9.57198e+11 9.44834e+11 3.4429e+06 16849.6 1.28108e+10 1.03415e+09 1.70032e+08 1.98812e+08 1.78889e+07 3.00005e+09 491.791 201.877 218.955 0.41746 0.0291364 -24.7989 5.76236 2.33856 3.08577 1.02121 13.2208 707.436 208.647 187.772 0.359025 0.0251953 22.6516 7.60654 3.0828 2.82574 0.729643 9.45442 1.13563e+07 inf 
1275 5.50998e+09 2.31083e+09 2.55351e+09 4.70486e+06 314659 -3.0639e+08 6.81587e+07 2.80196e+07 3.79035e+07 1.24735e+07 1.66379e+08 8.0023e+12 9.39408e+11 9.48595e+11 3.24311e+06 14571.6 1.44533e+10 1.09484e+09 1.84712e+08 2.24211e+08 1.95846e+07 3.48638e+09 437.984 183.686 202.977 0.373986 0.0250121 -24.3547 5.41789 2.22726 3.01292 0.99151 13.2254 666.534 202.317 184.942 0.343404 0.02308 23.5739 7.59437 3.11801 2.95715 0.757414 10.1104 1.25803e+07 inf 
1285 5.44107e+09 2.33062e+09 2.6275e+09 4.67664e+06 299895 -3.33704e+08 7.10632e+07 2.95865e+07 4.10106e+07 1.34413e+07 1.8464e+08 7.59914e+12 9.21239e+11 9.53139e+11 3.05606e+06 12621.8 1.63003e+10 1.16034e+09 2.00801e+08 2.52635e+08 2.14614e+07 4.05183e+09 386.561 165.579 186.671 0.332252 0.0213061 -23.708 5.04869 2.10197 2.91359 0.954936 13.1177 624.861 195.021 181.3 0.32669 0.021042 24.4128 7.54633 3.13809 3.07562 0.782831 10.7605 1.40756e+07 inf 
1295 5.37041e+09 2.35146e+09 2.70928e+09 4.65651e+06 286504 -3.63793e+08 7.40717e+07 3.1226e+07 4.43825e+07 1.45142e+07 2.05232e+08 7.19579e+12 9.01624e+11 9.5776e+11 2.87914e+06 10945.5 1.83508e+10 1.22716e+09 2.17734e+08 2.84136e+08 2.35317e+07 4.70703e+09 337.631 147.833 170.329 0.292749 0.0180121 -22.8712 4.65679 1.96314 2.79027 0.912491 12.9027 581.718 186.626 176.638 0.308717 0.0190707 25.1118 7.44744 3.13604 3.17453 0.80422 11.3774 1.59062e+07 inf 
1305 5.29831e+09 2.3717e+09 2.79644e+09 4.64007e+06 274100 -3.96515e+08 7.71542e+07 3.29272e+07 4.79861e+07 1.56781e+07 2.28094e+08 6.80376e+12 8.80575e+11 9.61995e+11 2.71089e+06 9498.33 2.06158e+10 1.29581e+09 2.3564e+08 3.18683e+08 2.5781e+07 5.45889e+09 294.151 131.671 155.252 0.257607 0.0152174 -22.0137 4.28343 1.82805 2.66408 0.870413 12.6633 539.634 177.624 171.186 0.290072 0.0171976 25.6894 7.32072 3.12097 3.25504 0.820784 11.946 1.80122e+07 inf 
1315 5.21888e+09 2.38849e+09 2.88877e+09 4.62394e+06 262403 -4.32054e+08 8.02049e+07 3.46451e+07 5.17705e+07 1.69493e+07 2.53606e+08 6.41463e+12 8.57131e+11 9.64562e+11 2.54786e+06 8237.44 2.3078e+10 1.36408e+09 2.54132e+08 3.55853e+08 2.81712e+07 6.30888e+09 250.116 114.469 138.445 0.221603 0.0125757 -20.7063 3.84383 1.66037 2.48111 0.812298 12.1541 494.838 167.258 164.499 0.270182 0.0153829 26.0243 7.11328 3.06961 3.30128 0.830831 12.4351 2.08659e+07 inf 
1325 5.13951e+09 2.40339e+09 2.98653e+09 4.60892e+06 251429 -4.70544e+08 8.32851e+07 3.64047e+07 5.57335e+07 1.83215e+07 2.81812e+08 6.04358e+12 8.32893e+11 9.66525e+11 2.39358e+06 7150.44 2.57643e+10 1.43361e+09 2.73515e+08 3.95926e+08 3.07074e+07 7.26659e+09 206.947 96.7746 120.255 0.185582 0.010124 -18.9469 3.35354 1.46587 2.24416 0.737732 11.3474 447.798 155.473 156.386 0.248875 0.013617 26.0468 6.81759 2.97734 3.30243 0.831992 12.7997 2.48349e+07 inf 
1335 5.05006e+09 2.41292e+09 3.08669e+09 4.58842e+06 240758 -5.11716e+08 8.62326e+07 3.8136e+07 5.98047e+07 1.97872e+07 3.12752e+08 5.67384e+12 8.06214e+11 9.66204e+11 2.24348e+06 6199.32 2.86391e+10 1.50022e+09 2.9301e+08 4.38234e+08 3.33496e+07 8.33275e+09 165.237 78.9503 100.996 0.150132 0.00787756 -16.7432 2.82151 1.2478 1.9568 0.647432 10.2332 397.924 141.937 146.335 0.225536 0.0118653 25.6267 6.41295 2.83376 3.24189 0.81977 12.9587 3.05625e+07 inf 
1345 4.95973e+09 2.42217e+09 3.19623e+09 4.57291e+06 230926 -5.56669e+08 8.9166e+07 3.98887e+07 6.40871e+07 2.13873e+07 3.47226e+08 5.31651e+12 7.78785e+11 9.65362e+11 2.102e+06 5379.3 3.17421e+10 1.56505e+09 3.12797e+08 4.83233e+08 3.61422e+07 9.52689e+09 128.916 62.9583 83.0782 0.118862 0.00600235 -14.4693 2.31765 1.03681 1.66579 0.555912 9.02529 348.67 127.589 134.871 0.201267 0.0101879 24.8133 5.94206 2.65621 3.1282 0.793971 12.8908 3.84725e+07 inf 
1355 4.86595e+09 2.42994e+09 3.31626e+09 4.56165e+06 221826 -6.05719e+08 9.20102e+07 4.16283e+07 6.85493e+07 2.3137e+07 3.8568e+08 4.96997e+12 7.50303e+11 9.63323e+11 1.96743e+06 4668.39 3.50511e+10 1.6263e+09 3.32489e+08 5.30356e+08 3.90484e+07 1.08499e+10 99.4553 49.6656 67.7811 0.0932355 0.00453391 -12.3803 1.8806 0.850842 1.40108 0.472897 7.88292 302.804 113.441 122.862 0.177537 0.00865222 23.7305 5.45007 2.4641 2.97942 0.757943 12.6341 4.8926e+07 inf 
1365 4.77092e+09 2.43589e+09 3.44319e+09 4.54911e+06 213146 -6.58494e+08 9.47845e+07 4.33627e+07 7.31528e+07 2.50028e+07 4.27763e+08 4.63781e+12 7.21415e+11 9.60512e+11 1.84026e+06 4053.21 3.85862e+10 1.68448e+09 3.5216e+08 5.798e+08 4.20701e+07 1.23128e+10 74.4186 37.9959 53.7082 0.0709588 0.00332473 -10.2714 1.47849 0.676388 1.14106 0.390003 6.67241 258.465 99.0415 109.99 0.15385 0.00722286 22.2796 4.90809 2.24402 2.78243 0.710017 12.1465 6.41092e+07 inf 
1375 4.67426e+09 2.43873e+09 3.57772e+09 4.53156e+06 204690 -7.15376e+08 9.74397e+07 4.50672e+07 7.78299e+07 2.70039e+07 4.7399e+08 4.32051e+12 6.92401e+11 9.56682e+11 1.72009e+06 3520.47 4.23266e+10 1.73846e+09 3.71514e+08 6.31177e+08 4.51619e+07 1.39116e+10 53.1991 27.7559 40.719 0.0515749 0.00232963 -8.1419 1.10899 0.512922 0.885805 0.307339 5.39461 215.274 84.3209 96.0741 0.130065 0.0058856 20.3824 4.30767 1.99129 2.52962 0.647721 11.3679 8.78635e+07 inf 
1385 4.56526e+09 2.43397e+09 3.71903e+09 4.50257e+06 196172 -7.76229e+08 9.9714e+07 4.66172e+07 8.24113e+07 2.91513e+07 5.24778e+08 4.00789e+12 6.61549e+11 9.4954e+11 1.60307e+06 3052.18 4.61379e+10 1.78252e+09 3.8925e+08 6.82159e+08 4.81826e+07 1.56097e+10 36.4898 19.4545 29.7259 0.0359887 0.00156799 -6.20433 0.797006 0.372607 0.658707 0.233004 4.19451 175.223 70.0659 81.89 0.107322 0.00468372 18.1737 3.68949 1.72407 2.24021 0.575177 10.3525 1.25111e+08 inf 
1395 4.46001e+09 2.42874e+09 3.87528e+09 4.4729e+06 188073 -8.42589e+08 1.01913e+08 4.81516e+07 8.70722e+07 3.14795e+07 5.80969e+08 3.71647e+12 6.31521e+11 9.4212e+11 1.49416e+06 2649.19 5.01467e+10 1.82288e+09 4.06622e+08 7.34608e+08 5.12385e+07 1.74458e+10 25.0002 13.6141 21.7225 0.0250725 0.00105423 -4.72306 0.571267 0.26991 0.488076 0.176456 3.25657 142.153 57.9188 69.3477 0.0880158 0.00370654 16.0868 3.1451 1.48541 1.96966 0.50604 9.33733 1.78399e+08 inf 
1405 4.34843e+09 2.42187e+09 4.04513e+09 4.44326e+06 180389 -9.13768e+08 1.03812e+08 4.95614e+07 9.17752e+07 3.39571e+07 6.42263e+08 3.43013e+12 6.00697e+11 9.33026e+11 1.39067e+06 2298.42 5.42213e+10 1.85088e+09 4.216e+08 7.86264e+08 5.42607e+07 1.9403e+10 17.7534 9.88777 16.5151 0.0181405 0.000736475 -3.73065 0.423833 0.202345 0.374691 0.138637 2.62217 117 48.5253 59.4687 0.0731342 0.00297344 14.4032 2.71605 1.29627 1.75205 0.449789 8.50535 2.44936e+08 inf 
1415 4.23278e+09 2.40396e+09 4.15838e+09 4.38241e+06 171885 -9.73275e+08 1.05383e+08 5.08287e+07 9.5989e+07 3.57816e+07 6.93299e+08 3.15984e+12 5.70029e+11 9.22123e+11 1.29271e+06 1993.69 5.8342e+10 1.87039e+09 4.34907e+08 8.36929e+08 5.71601e+07 2.14511e+10 15.7032 8.91847 15.4272 0.0162583 0.000637677 -3.61076 0.390962 0.18857 0.35611 0.132746 2.57207 107.127 45.1133 56.418 0.0673164 0.00264382 14.262 2.60501 1.25615 1.72572 0.44095 8.542 2.69549e+08 inf 
1425 4.11196e+09 2.37381e+09 4.20292e+09 4.28887e+06 162587 -1.01751e+09 1.06575e+08 5.19237e+07 9.95806e+07 3.68264e+07 7.30739e+08 2.90453e+12 5.39383e+11 9.09147e+11 1.19956e+06 1728.02 6.24532e+10 1.88072e+09 4.46268e+08 8.85619e+08 5.9884e+07 2.35697e+10 15.8183 9.13183 16.1682 0.0164989 0.000625457 -3.91427 0.409983 0.199745 0.383077 0.141667 2.81108 104.514 44.6269 56.8857 0.0658966 0.00250126 14.9977 2.65835 1.29493 1.80559 0.458583 9.09769 2.59949e+08 inf 
1435 3.98775e+09 2.33821e+09 4.2182e+09 4.18714e+06 153493 -1.05476e+09 1.07411e+08 5.28519e+07 1.02838e+08 3.75233e+07 7.62268e+08 2.66192e+12 5.08887e+11 8.94531e+11 1.11144e+06 1496.98 6.65017e+10 1.87953e+09 4.54976e+08 9.31303e+08 6.24269e+07 2.57518e+10 16.7261 9.80733 17.6927 0.0175624 0.000643809 -4.42404 0.45052 0.221681 0.431341 0.157387 3.19724 104.333 45.1473 58.6427 0.0659799 0.00242165 16.1047 2.77137 1.36352 1.92878 0.486899 9.8889 2.38414e+08 inf 
1445 3.85766e+09 2.29426e+09 4.19263e+09 4.06938e+06 144321 -1.08197e+09 1.07795e+08 5.35612e+07 1.05576e+08 3.77704e+07 7.85272e+08 2.42989e+12 4.78322e+11 8.77748e+11 1.02768e+06 1295.32 7.03854e+10 1.86497e+09 4.60414e+08 9.72522e+08 6.47039e+07 2.7957e+10 18.9544 11.2727 20.6003 0.0199947 0.000709115 -5.31622 0.529646 0.26317 0.518744 0.185583 3.8584 107.61 47.1502 62.357 0.0681884 0.00242108 17.8206 2.98043 1.48086 2.12352 0.532427 11.067 2.03523e+08 inf 
1455 3.71771e+09 2.23708e+09 4.12292e+09 3.9243e+06 134710 -1.09814e+09 1.07573e+08 5.39665e+07 1.07518e+08 3.75767e+07 7.99296e+08 2.20956e+12 4.4766e+11 8.57488e+11 946758 1117.81 7.39546e+10 1.83691e+09 4.62338e+08 1.00757e+09 6.65566e+07 3.01017e+10 22.4481 13.5079 24.8949 0.0236956 0.000813401 -6.63077 0.649545 0.325859 0.649211 0.226895 4.82628 113.304 50.2054 67.5122 0.0717997 0.00246737 20.0645 3.26644 1.63875 2.37958 0.591945 12.5883 1.65613e+08 inf 
1465 3.57522e+09 2.17461e+09 4.03589e+09 3.77091e+06 125345 -1.10918e+09 1.06932e+08 5.41542e+07 1.0899e+08 3.72053e+07 8.09448e+08 2.00307e+12 4.17694e+11 8.35648e+11 870633 963.732 7.72608e+10 1.79732e+09 4.61066e+08 1.037e+09 6.8083e+07 3.22118e+10 27.0188 16.434 30.5001 0.0284976 0.000947258 -8.38236 0.80811 0.409256 0.823665 0.281169 6.11719 120.032 53.7264 73.3821 0.0759438 0.00252702 22.6631 3.5958 1.82123 2.67553 0.659896 14.3531 1.32324e+08 inf 
1475 3.4269e+09 2.10616e+09 3.9358e+09 3.61008e+06 116250 -1.11544e+09 1.0575e+08 5.40562e+07 1.09908e+08 3.6696e+07 8.16319e+08 1.80713e+12 3.87899e+11 8.11427e+11 798361 829.284 8.01318e+10 1.74383e+09 4.55805e+08 1.05836e+09 6.91685e+07 3.42132e+10 31.7438 19.5097 36.4578 0.0334407 0.00107684 -10.3325 0.97958 0.500731 1.01809 0.33992 7.56167 125.427 56.6792 78.6587 0.0792278 0.00255386 25.2094 3.89791 1.99285 2.96095 0.724687 16.1165 1.07955e+08 inf 
1485 3.26218e+09 2.01707e+09 3.78116e+09 3.40976e+06 106418 -1.10603e+09 1.03688e+08 5.34899e+07 1.09459e+08 3.56539e+07 8.10722e+08 1.62424e+12 3.58156e+11 7.81381e+11 726346 708.622 8.23089e+10 1.6791e+09 4.47057e+08 1.07005e+09 6.94899e+07 3.59135e+10 39.9668 24.7122 46.3251 0.0417748 0.00130378 -13.5506 1.27034 0.655334 1.34104 0.436815 9.9326 135.285 61.4595 86.1807 0.0845797 0.00264232 28.7192 4.35405 2.2467 3.36325 0.812743 18.4754 8.16224e+07 inf 
1495 3.09698e+09 1.92753e+09 3.63309e+09 3.21475e+06 97279.8 -1.09573e+09 1.01212e+08 5.26852e+07 1.08634e+08 3.46559e+07 8.05279e+08 1.4523e+12 3.29379e+11 7.50282e+11 659355 604.665 8.3977e+10 1.60208e+09 4.34367e+08 1.0735e+09 6.93964e+07 3.74522e+10 48.0834 29.9267 56.4069 0.0499118 0.00151036 -17.0121 1.5714 0.817985 1.68664 0.538063 12.5027 142.254 64.9485 92.0166 0.0880107 0.00266586 31.8497 4.73333 2.46472 3.71783 0.887653 20.6194 6.44085e+07 inf 
1505 2.92264e+09 1.82777e+09 3.46484e+09 3.00576e+06 88226.6 -1.0769e+09 9.80349e+07 5.14863e+07 1.0684e+08 3.34296e+07 7.93557e+08 1.29252e+12 3.01047e+11 7.15345e+11 594643 513.039 8.48647e+10 1.5154e+09 4.18273e+08 1.06623e+09 6.86062e+07 3.86413e+10 57.1987 35.7711 67.8101 0.0588254 0.00172667 -21.0758 1.91863 1.00763 2.09096 0.654248 15.5306 148.405 67.913 96.9626 0.0904282 0.00265692 34.881 5.09673 2.67781 4.06139 0.95637 22.6946 5.10963e+07 inf 
1515 2.74418e+09 1.72632e+09 3.3015e+09 2.80328e+06 79845 -1.05557e+09 9.43101e+07 4.99644e+07 1.04511e+08 3.22049e+07 7.80784e+08 1.14245e+12 2.73356e+11 6.78209e+11 533339 433.251 8.49706e+10 1.41786e+09 3.98297e+08 1.04806e+09 6.72329e+07 3.9499e+10 65.4263 41.1586 78.7138 0.0668353 0.00190365 -25.1667 2.24852 1.19124 2.49173 0.767824 18.6153 151.517 69.4498 99.8693 0.0908229 0.00258952 37.3161 5.36176 2.84202 4.33347 1.00668 24.3967 4.19431e+07 inf 
1525 2.56996e+09 1.62803e+09 3.15367e+09 2.61369e+06 72267.2 -1.03502e+09 9.03365e+07 4.82721e+07 1.01931e+08 3.10824e+07 7.69425e+08 1.00626e+12 2.47288e+11 6.40874e+11 476701 364.895 8.45168e+10 1.31658e+09 3.76308e+08 1.02252e+09 6.54704e+07 4.00986e+10 70.9801 44.9647 87.1016 0.0721878 0.00199596 -28.5862 2.49501 1.33323 2.81525 0.858467 21.2508 150.844 69.3401 100.567 0.0891907 0.00246865 38.9501 5.48978 2.93527 4.50728 1.03502 25.6103 3.62068e+07 inf 
1535 2.3891e+09 1.52296e+09 2.98811e+09 2.4163e+06 64881.6 -1.00566e+09 8.57428e+07 4.62062e+07 9.84688e+07 2.97339e+07 7.51319e+08 8.79339e+11 2.21923e+11 6.00683e+11 422714 305.143 8.31231e+10 1.20772e+09 3.51123e+08 9.85803e+08 6.30415e+07 4.023e+10 75.3711 48.0462 94.2685 0.0762291 0.00204687 -31.7263 2.705 1.45771 3.10648 0.938042 23.7025 148.528 68.5037 100.318 0.0867458 0.00233172 40.197 5.54832 2.99204 4.63139 1.05304 26.5962 3.16979e+07 inf 
1545 2.21279e+09 1.41972e+09 2.82382e+09 2.22635e+06 58077.1 -9.73253e+08 8.094e+07 4.39822e+07 9.46548e+07 2.83467e+07 7.30941e+08 7.64269e+11 1.98209e+11 5.60687e+11 373342 254.346 8.11225e+10 1.09723e+09 3.24393e+08 9.42097e+08 6.02605e+07 4.0047e+10 78.288 50.2292 99.9062 0.0787676 0.00205476 -34.4335 2.86364 1.55608 3.34886 1.0029 25.8605 144.605 67.0046 99.2761 0.0836924 0.00218556 41.0418 5.53347 3.00925 4.7028 1.06122 27.3512 2.82648e+07 inf 
1555 2.03953e+09 1.31677e+09 2.65659e+09 2.04139e+06 51754 -9.36341e+08 7.59038e+07 4.15843e+07 9.03864e+07 2.68731e+07 7.06958e+08 6.60752e+11 1.7601e+11 5.20377e+11 327832 210.939 7.84774e+10 9.87619e+08 2.96844e+08 8.91757e+08 5.70964e+07 3.94946e+10 80.5166 51.9835 104.877 0.0805899 0.00204315 -36.9649 2.99653 1.64166 3.56828 1.0609 27.9093 140.008 65.1631 97.6947 0.080296 0.00203789 41.614 5.47814 3.00396 4.74049 1.06233 27.9328 2.53306e+07 inf 
1565 1.8686e+09 1.21246e+09 2.47785e+09 1.85635e+06 45755.4 -8.92685e+08 7.06423e+07 3.90147e+07 8.55783e+07 2.52413e+07 6.77283e+08 5.67759e+11 1.55345e+11 4.79765e+11 285994 173.925 7.52052e+10 8.79834e+08 2.68775e+08 8.35784e+08 5.35853e+07 3.85611e+10 83.2961 54.0478 110.455 0.0827501 0.00203963 -39.7931 3.14901 1.73915 3.81481 1.12518 30.1911 135.538 63.2743 95.8445 0.0768188 0.0018955 42.0585 5.41331 2.99274 4.76486 1.05955 28.4153 2.24332e+07 inf 
1575 1.70126e+09 1.1096e+09 2.29795e+09 1.67775e+06 40218.9 -8.45097e+08 6.52219e+07 3.63074e+07 8.04109e+07 2.35506e+07 6.44374e+08 4.84319e+11 1.36112e+11 4.39331e+11 247770 142.518 7.13373e+10 7.75009e+08 2.40561e+08 7.7461e+08 4.97905e+07 3.72569e+10 84.9593 55.4125 114.757 0.0837853 0.00200849 -42.2033 3.25712 1.81315 4.01564 1.17609 32.1794 130.262 61.0471 93.6513 0.0731671 0.00175589 42.2066 5.30041 2.95396 4.74951 1.05038 28.7238 2.00244e+07 inf 
1585 1.53253e+09 1.00514e+09 2.10818e+09 1.50087e+06 35005.1 -7.9062e+08 5.94696e+07 3.33637e+07 7.46738e+07 2.1719e+07 6.05808e+08 4.0649e+11 1.17769e+11 3.98076e+11 212478 115.684 6.66506e+10 6.68799e+08 2.10872e+08 7.05789e+08 4.56187e+07 3.54761e+10 87.0941 57.1222 119.808 0.0852948 0.00198935 -44.9311 3.37967 1.89607 4.24372 1.23429 34.4282 124.561 58.5652 90.9327 0.0692819 0.00161767 42.0591 5.15614 2.89635 4.70116 1.03394 28.8239 1.75963e+07 inf 
1595 1.36009e+09 8.93196e+08 1.89179e+09 1.31373e+06 29822.1 -7.24164e+08 5.33829e+07 3.01795e+07 6.79997e+07 1.9593e+07 5.56989e+08 3.38168e+11 1.00601e+11 3.54728e+11 179129 92.3784 6.12679e+10 5.70255e+08 1.82597e+08 6.33379e+08 4.10565e+07 3.31664e+10 91.0474 59.7927 126.641 0.0879443 0.00199636 -48.4773 3.57358 2.02029 4.55206 1.3116 37.2862 119.784 56.2075 87.797 0.0652466 0.00148275 41.8494 5.04021 2.8534 4.65603 1.01396 28.8094 1.49382e+07 inf 
1605 1.19139e+09 7.83262e+08 1.67657e+09 1.13458e+06 25074.5 -6.54261e+08 4.72344e+07 2.69057e+07 6.10315e+07 1.74399e+07 5.0519e+08 2.77961e+11 8.47951e+10 3.11704e+11 148792 72.7315 5.54114e+10 4.78654e+08 1.55604e+08 5.59029e+08 3.63462e+07 3.04854e+10 93.9062 61.7373 132.149 0.0894282 0.00197639 -51.5693 3.72305 2.12072 4.81054 1.37463 39.8194 114.415 53.5922 84.294 0.0610777 0.00135152 41.33 4.88536 2.787 4.57402 0.98754 28.5884 1.2687e+07 inf 
1615 1.01937e+09 6.71873e+08 1.45827e+09 959885 20660.9 -5.78734e+08 4.07612e+07 2.33908e+07 5.34992e+07 1.52141e+07 4.48959e+08 2.22427e+11 6.95825e+10 2.67283e+11 120461 55.8498 4.87311e+10 3.8974e+08 1.28599e+08 4.78736e+08 3.13095e+07 2.72538e+10 94.1394 62.0477 134.671 0.0886457 0.00190804 -53.4463 3.76431 2.16015 4.94067 1.40503 41.4615 108.069 50.7548 80.9153 0.0571539 0.00123172 40.5441 4.67146 2.68513 4.44986 0.957777 28.2459 1.08283e+07 inf 
1625 8.62042e+08 5.69728e+08 1.25355e+09 802345 16825 -5.0537e+08 3.47119e+07 2.00647e+07 4.62958e+07 1.31041e+07 3.93845e+08 1.75552e+11 5.64105e+10 2.2649e+11 96344.1 42.396 4.22095e+10 3.11756e+08 1.04378e+08 4.03432e+08 2.65727e+07 2.39936e+10 93.9927 62.1202 136.68 0.0874836 0.00183451 -55.103 3.78481 2.18775 5.04786 1.42881 42.9428 101.522 47.8726 77.5488 0.0533993 0.00112125 39.5723 4.4348 2.56798 4.302 0.925128 27.7858 9.17138e+06 inf 
1635 7.22211e+08 4.81268e+08 1.07862e+09 670478 13701.6 -4.39808e+08 2.92114e+07 1.70055e+07 3.97938e+07 1.12661e+07 3.44793e+08 1.35945e+11 4.50393e+10 1.90148e+11 76171 31.8329 3.59764e+10 2.43762e+08 8.27889e+07 3.33253e+08 2.22308e+07 2.08134e+10 92.1318 61.395 137.598 0.0855322 0.00174789 -56.1058 3.72647 2.16938 5.07645 1.43721 43.985 94.096 44.4553 72.9635 0.0490031 0.00100287 37.9686 4.14848 2.41973 4.09174 0.877719 26.8416 7.83889e+06 inf 
1645 5.97383e+08 4.01435e+08 9.18759e+08 553197 11020.8 -3.78162e+08 2.4249e+07 1.42153e+07 3.37324e+07 9.57425e+06 2.98298e+08 1.04247e+11 3.54775e+10 1.57341e+11 59197.4 23.511 3.01985e+10 1.88346e+08 6.48748e+07 2.71126e+08 1.83018e+07 1.77588e+10 88.6043 59.5411 136.271 0.0820506 0.00163461 -56.0893 3.59663 2.10842 5.00321 1.42006 44.2437 87.2423 41.4355 69.0442 0.0452537 0.000902886 36.5111 3.87297 2.27527 3.89634 0.835448 26.0094 6.74215e+06 inf 
1655 4.80314e+08 3.25356e+08 7.61305e+08 443314 8612.51 -3.15866e+08 1.95521e+07 1.15403e+07 2.77497e+07 7.90491e+06 2.50671e+08 7.81127e+10 2.71441e+10 1.26355e+11 44535.8 16.8205 2.45889e+10 1.42142e+08 4.96418e+07 2.14002e+08 1.46007e+07 1.46765e+10 84.4939 57.2347 133.924 0.0779852 0.00151506 -55.5654 3.43948 2.0301 4.88157 1.39059 44.0966 81.2521 38.7197 65.5123 0.0418662 0.00081459 35.1856 3.62971 2.14742 3.71702 0.796712 25.2446 5.68459e+06 inf 
1665 3.82089e+08 2.60289e+08 6.22099e+08 349735 6627.84 -2.60228e+08 1.55908e+07 9.26422e+06 2.25275e+07 6.43524e+06 2.07657e+08 5.80467e+10 2.05764e+10 1.00274e+11 33064.1 11.8824 1.97841e+10 1.06069e+08 3.75504e+07 1.67043e+08 1.15031e+07 1.19735e+10 80.2656 54.6791 130.685 0.073469 0.00139231 -54.6663 3.27516 1.94614 4.73236 1.35185 43.6226 75.8376 36.506 63.1364 0.0393458 0.000746725 34.171 3.3993 2.02504 3.5631 0.767436 24.7456 4.76031e+06 inf 
1675 2.9781e+08 2.03787e+08 4.97676e+08 269493 4983.29 -2.09758e+08 1.21761e+07 7.28311e+06 1.78872e+07 5.1254e+06 1.68266e+08 4.2448e+10 1.52975e+10 7.78688e+10 23967.7 8.20034 1.55785e+10 7.77778e+07 2.7905e+07 1.27736e+08 8.86224e+06 9.54843e+09 75.6024 51.7338 126.341 0.0684139 0.00126507 -53.2494 3.09104 1.8489 4.54087 1.30114 42.7163 71.1351 34.7427 61.692 0.0374702 0.0006938 33.4557 3.19222 1.91457 3.43624 0.746195 24.4805 3.93915e+06 inf 
1685 2.27356e+08 1.56455e+08 3.90125e+08 203426 3671.6 -1.65496e+08 9.29925e+06 5.59831e+06 1.39069e+07 3.99622e+06 1.33446e+08 3.02341e+10 1.11272e+10 5.92527e+10 17002.8 5.54221 1.19708e+10 5.53479e+07 2.01179e+07 9.51792e+07 6.66886e+06 7.43385e+09 71.4419 49.1625 122.589 0.0639222 0.00115372 -52.0035 2.92209 1.75915 4.36995 1.25573 41.9325 66.3059 32.8563 59.9245 0.0354502 0.000640663 32.5146 2.97545 1.79639 3.2881 0.720205 24.0333 3.18239e+06 inf 
1695 1.71244e+08 1.18756e+08 3.02916e+08 151772 2674.32 -1.29067e+08 6.99768e+06 4.23942e+06 1.06723e+07 3.08128e+06 1.04643e+08 2.118e+10 7.9604e+09 4.44478e+10 11844.3 3.67965 9.04078e+09 3.86832e+07 1.4242e+07 6.95922e+07 4.93357e+06 5.68824e+09 66.9479 46.4277 118.425 0.0593354 0.00104553 -50.4589 2.73575 1.65741 4.17236 1.20463 40.9101 61.6306 30.9289 57.8994 0.0333144 0.000587738 31.4388 2.76386 1.67957 3.13027 0.691126 23.4561 2.55786e+06 inf 
1705 1.19462e+08 8.30526e+07 2.15509e+08 103915 1788.76 -9.2476e+07 4.87883e+06 2.97402e+06 7.55216e+06 2.18073e+06 7.52843e+07 1.38274e+10 5.2973e+09 3.08605e+10 7645.35 2.26648 6.32861e+09 2.51412e+07 9.37164e+06 4.72572e+07 3.38101e+06 4.02855e+09 64.2068 44.6381 115.829 0.0558511 0.0009614 -49.7029 2.62222 1.59844 4.05905 1.17207 40.4629 57.5261 29.233 56.3041 0.0314609 0.000542097 30.5131 2.57615 1.57542 2.9872 0.665906 22.9776 1.86058e+06 inf 
1715 7.75968e+07 5.40927e+07 1.42123e+08 66339.2 1115.33 -6.14957e+07 3.16066e+06 1.93846e+06 4.97241e+06 1.43159e+06 5.02468e+07 8.29298e+09 3.26233e+09 1.99694e+10 4584.36 1.29659 4.10246e+09 1.49564e+07 5.64352e+06 2.95514e+07 2.14896e+06 2.64654e+09 64.8363 45.1974 118.752 0.05543 0.00093192 -51.383 2.6409 1.61969 4.15472 1.19617 41.9839 52.2062 26.1352 50.8281 0.0275317 0.00046357 28.0645 2.35001 1.4464 2.72583 0.603947 21.1819 1.19681e+06 inf 
1725 5.12041e+07 3.60043e+07 9.6737e+07 43395 712.992 -4.19504e+07 2.07765e+06 1.28169e+06 3.33518e+06 965980 3.44565e+07 5.04178e+09 2.0228e+09 1.30876e+10 2759.19 0.745266 2.68614e+09 9.04377e+06 3.4534e+06 1.86045e+07 1.38014e+06 1.75558e+09 62.5475 43.9805 118.167 0.0530083 0.000870943 -51.2437 2.53792 1.56562 4.07403 1.17998 42.0897 47.3974 23.1655 44.9826 0.023676 0.000389647 25.5985 2.14621 1.32939 2.47553 0.541801 19.3121 818644 inf 
1735 3.31071e+07 2.34233e+07 6.42636e+07 27649.7 443.975 -2.79555e+07 1.33767e+06 829962 2.18728e+06 636444 2.30713e+07 2.99124e+09 1.22988e+09 8.39541e+09 1620.35 0.417989 1.72049e+09 5.30254e+06 2.04832e+06 1.14555e+07 867072 1.13913e+09 60.5012 42.8045 117.438 0.0505281 0.000811336 -51.0869 2.44451 1.5167 3.9971 1.16306 42.1613 42.4959 20.3792 39.376 0.0201988 0.000324936 23.1129 1.92728 1.20116 2.22649 0.481463 17.4387 547215 inf 
1745 1.98637e+07 1.4157e+07 3.9681e+07 16310 256.085 -1.72893e+07 798024 497878 1.33102e+06 389302 1.43363e+07 1.63416e+09 6.9614e+08 5.0007e+09 882.783 0.217741 1.0199e+09 2.83668e+06 1.10781e+06 6.5311e+06 504633 6.84179e+08 57.1515 40.7322 114.17 0.0469269 0.000736803 -49.7444 2.29606 1.43249 3.82958 1.12009 41.2481 37.8877 18.542 36.7863 0.0183792 0.000289142 21.4464 1.69993 1.06553 2.03114 0.444198 16.3432 347562 inf 
1755 9.46833e+06 6.76226e+06 1.93685e+07 7576.06 116.438 -8.45761e+06 379387 237955 640746 188342 7.04065e+06 7.33892e+08 3.14797e+08 2.35534e+09 379.274 0.0896187 4.82908e+08 1.26215e+06 498257 3.00061e+06 233790 3.26673e+08 53.6586 38.3228 109.765 0.0429348 0.000659872 -47.9307 2.15005 1.34853 3.63121 1.06736 39.9005 35.7749 17.7586 36.0532 0.0174933 0.00026917 20.9612 1.59063 1.00258 1.95428 0.430885 16.1014 176455 inf 
1765 2.17321e+06 1.62764e+06 4.93525e+06 1788.96 26.9302 -2.10362e+06 85589.8 53896.4 152681 46709.3 1.77176e+06 1.43315e+08 6.5093e+07 5.34959e+08 75.6746 0.0171796 1.05634e+08 241326 96103.8 615326 50722 7.28945e+07 42.6689 31.9571 96.8989 0.0351246 0.000528748 -41.3024 1.68047 1.0582 2.99775 0.917092 34.7868 31.5153 16.0244 33.3766 0.0158764 0.00024027 19.187 1.38356 0.875848 1.75922 0.393471 14.869 50932 inf 
1775 66701.2 62873.9 220673 70.1102 1.03804 -85418.3 2398.02 1507.41 5483.5 1937.73 74355.9 1.53903e+06 1.35732e+06 1.66475e+07 1.68827 0.000370095 2.49992e+06 1994.35 788.271 10346 1285.6 1.893e+06 22.7029 21.4002 75.1099 0.0238632 0.000353315 -29.0736 0.816208 0.513074 1.86641 0.65954 25.3083 2.90094 2.00418 4.97863 0.00227568 3.37199e-05 2.36983 0.112325 0.0711126 0.194884 0.0508287 1.95021 2938 inf 
1785 0 0 0 0 0 0 0 0 0 0 0 0 0 0 0 0 0 0 0 0 0 0 0.0 0.0 0.0 0.0 0.0 0.0 0.0 0.0 0.0 0.0 0.0 0.0 0.0 0.0 0.0 0.0 0.0 0.0 0.0 0.0 0.0 0.0 0 -nan 
1795 0 0 0 0 0 0 0 0 0 0 0 0 0 0 0 0 0 0 0 0 0 0 0.0 0.0 0.0 0.0 0.0 0.0 0.0 0.0 0.0 0.0 0.0 0.0 0.0 0.0 0.0 0.0 0.0 0.0 0.0 0.0 0.0 0.0 0 -nan 
1805 0 0 0 0 0 0 0 0 0 0 0 0 0 0 0 0 0 0 0 0 0 0 0.0 0.0 0.0 0.0 0.0 0.0 0.0 0.0 0.0 0.0 0.0 0.0 0.0 0.0 0.0 0.0 0.0 0.0 0.0 0.0 0.0 0.0 0 -nan 
1815 0 0 0 0 0 0 0 0 0 0 0 0 0 0 0 0 0 0 0 0 0 0 0.0 0.0 0.0 0.0 0.0 0.0 0.0 0.0 0.0 0.0 0.0 0.0 0.0 0.0 0.0 0.0 0.0 0.0 0.0 0.0 0.0 0.0 0 -nan 
1825 0 0 0 0 0 0 0 0 0 0 0 0 0 0 0 0 0 0 0 0 0 0 0.0 0.0 0.0 0.0 0.0 0.0 0.0 0.0 0.0 0.0 0.0 0.0 0.0 0.0 0.0 0.0 0.0 0.0 0.0 0.0 0.0 0.0 0 -nan 
1835 0 0 0 0 0 0 0 0 0 0 0 0 0 0 0 0 0 0 0 0 0 0 0.0 0.0 0.0 0.0 0.0 0.0 0.0 0.0 0.0 0.0 0.0 0.0 0.0 0.0 0.0 0.0 0.0 0.0 0.0 0.0 0.0 0.0 0 -nan 
1845 0 0 0 0 0 0 0 0 0 0 0 0 0 0 0 0 0 0 0 0 0 0 0.0 0.0 0.0 0.0 0.0 0.0 0.0 0.0 0.0 0.0 0.0 0.0 0.0 0.0 0.0 0.0 0.0 0.0 0.0 0.0 0.0 0.0 0 -nan 
1855 0 0 0 0 0 0 0 0 0 0 0 0 0 0 0 0 0 0 0 0 0 0 0.0 0.0 0.0 0.0 0.0 0.0 0.0 0.0 0.0 0.0 0.0 0.0 0.0 0.0 0.0 0.0 0.0 0.0 0.0 0.0 0.0 0.0 0 -nan 
1865 0 0 0 0 0 0 0 0 0 0 0 0 0 0 0 0 0 0 0 0 0 0 0.0 0.0 0.0 0.0 0.0 0.0 0.0 0.0 0.0 0.0 0.0 0.0 0.0 0.0 0.0 0.0 0.0 0.0 0.0 0.0 0.0 0.0 0 -nan 
1875 0 0 0 0 0 0 0 0 0 0 0 0 0 0 0 0 0 0 0 0 0 0 0.0 0.0 0.0 0.0 0.0 0.0 0.0 0.0 0.0 0.0 0.0 0.0 0.0 0.0 0.0 0.0 0.0 0.0 0.0 0.0 0.0 0.0 0 -nan 
1885 0 0 0 0 0 0 0 0 0 0 0 0 0 0 0 0 0 0 0 0 0 0 0.0 0.0 0.0 0.0 0.0 0.0 0.0 0.0 0.0 0.0 0.0 0.0 0.0 0.0 0.0 0.0 0.0 0.0 0.0 0.0 0.0 0.0 0 -nan 
1895 0 0 0 0 0 0 0 0 0 0 0 0 0 0 0 0 0 0 0 0 0 0 0.0 0.0 0.0 0.0 0.0 0.0 0.0 0.0 0.0 0.0 0.0 0.0 0.0 0.0 0.0 0.0 0.0 0.0 0.0 0.0 0.0 0.0 0 -nan 
