310.5 0.000500479 8.7112e-07 -0.0122341 3.16987e-08 1.27281e-06 -0.000246001 -0.00471715 211.269 1.65291 712.549 2.69051e-10 2.96371e-15 2.63457e-07 7.95924e-17 6.09225e-15 6.70789e-10 1.20565e-07 4.30224 0.000696026 94.9677 1.41031e-11 2.45475e-14 -3.44749e-10 8.93246e-16 3.58668e-14 -6.93213e-12 -1.32926e-10 5.95341e-06 4.65778e-08 2.00791e-05 2.75344e-09 9.13864e-12 8.61621e-08 1.49762e-12 1.31024e-11 4.34768e-09 5.82875e-08 0.000348136 4.42847e-06 0.00163576 3.54871e+07 0.363828 
335.5 0.0181334 5.97805e-05 -0.42359 1.56e-05 9.97417e-05 -0.010847 -0.108358 1264.37 12.2466 5754.33 2.63191e-07 1.66952e-11 0.000199639 6.18957e-13 4.47452e-11 5.76133e-07 3.49318e-05 165.44 0.0383621 2018.46 9.64295e-09 3.179e-11 -2.25256e-07 8.29577e-12 5.30405e-11 -5.76819e-09 -5.76222e-08 0.000672366 6.5125e-06 0.00306003 3.73987e-07 2.97945e-09 1.03011e-05 5.73654e-10 4.87767e-09 5.53482e-07 4.3096e-06 0.0093555 0.000142681 0.0326192 1.88048e+06 0.0192795 
360.5 0.144058 0.000657879 -3.2471 0.000199816 0.00119209 -0.076012 -0.591443 3882.52 40.3607 16448.3 1.23415e-05 1.42437e-09 0.00655306 6.19647e-11 4.66101e-09 1.3318e-05 0.000541645 1175.65 0.352571 11073.7 1.41509e-07 6.46239e-10 -3.18965e-06 1.96281e-10 1.171e-09 -7.46672e-08 -5.80979e-07 0.00381383 3.96466e-05 0.0161573 3.47895e-06 3.73999e-08 8.01682e-05 7.79935e-09 6.76548e-08 3.61618e-06 2.30591e-05 0.0337684 0.000587163 0.103038 1.01801e+06 0.0104371 
385.5 0.620901 0.00339195 -13.5946 0.00112923 0.00655098 -0.266286 -1.80611 8271.5 92.0929 33141.2 0.000141478 2.25766e-08 0.0589386 1.00873e-09 7.59863e-08 6.99475e-05 0.00233605 4420.27 1.5567 37412.7 8.76593e-07 4.78879e-09 -1.9193e-05 1.59425e-09 9.24873e-09 -3.75945e-07 -2.54989e-06 0.0116778 0.000130018 0.0467891 1.41057e-05 1.78468e-07 0.000287822 3.7704e-08 3.27403e-07 9.93032e-06 5.73721e-05 0.0781294 0.00147677 0.225012 708311 0.00726189 
410.5 1.92051 0.0120655 -40.2163 0.00426315 0.0245941 -0.671748 -4.06475 14264.7 169.884 54777.9 0.000939343 1.66038e-07 0.328311 8.27157e-09 5.80337e-07 0.000264163 0.00751576 12020.9 4.96454 92631 3.3641e-06 2.11347e-08 -7.04456e-05 7.46763e-09 4.30808e-08 -1.17668e-06 -7.1201e-06 0.024987 0.000297581 0.0959528 4.0424e-05 5.38885e-07 0.000755069 1.20139e-07 1.00732e-06 2.14788e-05 0.000114518 0.142942 0.00293388 0.391219 570884 0.00585293 
435.5 4.90222 0.0342857 -97.5304 0.0125481 0.0725345 -1.40192 -7.8 22238 285.737 82275.2 0.0046253 8.46756e-07 1.34062 4.85388e-08 3.31537e-06 0.000771401 0.0191109 28043.1 13.6808 196314 1.11695e-05 7.81185e-08 -0.000222219 2.85904e-08 1.65267e-07 -3.19422e-06 -1.7772e-05 0.0506685 0.000651039 0.187461 0.000102048 1.38679e-06 0.00173354 3.31325e-07 2.74347e-06 4.18019e-05 0.000207912 0.247644 0.00554502 0.641992 438893 0.00449971 
460.5 10.9395 0.0828764 -205.239 0.0316164 0.182668 -2.51931 -13.1555 32430.7 448.487 115916 0.0171341 3.09042e-06 4.21199 2.14795e-07 1.33486e-05 0.00154197 0.0355142 56509.2 29.5652 370574 3.01284e-05 2.28249e-07 -0.000565245 8.70744e-08 5.03084e-07 -6.9384e-06 -3.62313e-05 0.0893168 0.00123517 0.319243 0.00021513 2.90847e-06 0.00335867 7.64186e-07 6.04236e-06 6.47965e-05 0.000310639 0.384257 0.00893865 0.958475 363097 0.00372262 
485.5 22.314 0.18008 -391.943 0.0714575 0.411979 -4.02903 -20.2775 45841.4 681.007 157833 0.0560994 1.04966e-05 11.1725 8.52018e-07 5.11283e-05 0.0037854 0.0616237 105219 58.2252 647546 7.41976e-05 5.98796e-07 -0.00130328 2.37608e-07 1.3699e-06 -1.33972e-05 -6.74259e-05 0.15243 0.00226446 0.524822 0.000425481 5.87743e-06 0.00595415 1.66633e-06 1.29666e-05 0.000111389 0.000447619 0.571519 0.0137288 1.37031 300737 0.00308328 
510.5 42.0086 0.361823 -683.046 0.146038 0.850898 -5.30428 -27.079 62205.7 991.178 206240 0.182096 4.10395e-05 26.8433 3.10137e-06 0.000209941 0.0240501 0.166122 185356 120.454 1.0431e+06 0.00016358 1.40893e-06 -0.00265976 5.68669e-07 3.31338e-06 -2.06547e-05 -0.000105445 0.242227 0.00385962 0.803094 0.000826026 1.25627e-05 0.00987182 3.4283e-06 2.83994e-05 0.000305326 0.000797344 0.814309 0.0213107 1.84847 256807 0.00263289 
535.5 78.386 0.723396 -1158.7 0.297199 1.75201 -6.50782 -34.6685 85075.8 1478.14 266546 0.517804 0.000111958 63.8054 1.00969e-05 0.000624846 0.060159 0.344989 334319 237.673 1.68132e+06 0.000346571 3.19838e-06 -0.005123 1.31402e-06 7.74622e-06 -2.87733e-05 -0.000153281 0.376149 0.00653536 1.17849 0.00147284 2.20176e-05 0.0159956 6.55096e-06 5.1987e-05 0.000514932 0.00122549 1.15614 0.0317509 2.45863 226176 0.00231885 
560.5 134.252 1.30042 -1811.59 0.542142 3.20918 -5.5101 -36.3547 112434 2102.31 333325 1.21231 0.000270029 129.08 2.45228e-05 0.0014938 0.168265 0.815487 558296 446.621 2.49716e+06 0.000647173 6.2688e-06 -0.00873292 2.61344e-06 1.54701e-05 -2.65619e-05 -0.00017525 0.541998 0.0101343 1.60682 0.0023292 3.55302e-05 0.0233661 1.05539e-05 8.34364e-05 0.000900238 0.00197494 1.5484 0.0452799 3.07504 207444 0.0021268 
585.5 225.946 2.27855 -2733.83 0.977466 5.79081 0.150931 -26.3736 147838 2952.42 411355 2.86834 0.000626317 246.56 6.52614e-05 0.00380715 0.520343 2.30662 891365 742.291 3.59004e+06 0.00119646 1.20656e-05 -0.0144765 5.176e-06 3.06642e-05 7.9923e-07 -0.000139657 0.782851 0.015634 2.17825 0.00370908 5.63114e-05 0.0331065 1.78547e-05 0.000138635 0.00165993 0.0034921 2.02662 0.0607145 3.77699 188846 0.00193612 
610.5 363.888 3.79759 -3946.69 1.66517 9.85787 14.7128 6.02411 191776 4069.52 498415 6.21004 0.00138049 437.512 0.000152785 0.00868069 1.4511 6.3212 1.38694e+06 1263.38 4.94721e+06 0.00208294 2.17379e-05 -0.0225914 9.53168e-06 5.64277e-05 8.4218e-05 3.44828e-05 1.09775 0.0232945 2.85299 0.00558645 8.61949e-05 0.0446543 2.79948e-05 0.000215651 0.00288083 0.00601516 2.59499 0.0817871 4.49209 174699 0.00179108 
635.5 580.317 6.28771 -5532.99 2.81068 16.6976 48.9328 85.4479 249251 5637.03 594763 13.4244 0.00301378 753.912 0.000358864 0.0199002 4.36406 18.2289 2.16367e+06 2112.95 6.70725e+06 0.00359213 3.89207e-05 -0.0342489 1.7398e-05 0.000103357 0.000302892 0.000528919 1.54285 0.034893 3.68156 0.00837811 0.000130921 0.0591074 4.38025e-05 0.000335409 0.0051886 0.0106093 3.31853 0.108911 5.28807 161552 0.0016563 
660.5 899.546 10.0368 -7456.1 4.60663 27.3047 113.141 238.062 319565 7640.9 694102 27.427 0.00600647 1225.13 0.000798807 0.0419428 8.98201 37.8434 3.27401e+06 3330.08 8.713e+06 0.00598325 6.67591e-05 -0.0495936 3.06406e-05 0.000181615 0.000752546 0.00158345 2.12556 0.0508228 4.61676 0.012109 0.0001884 0.0754274 6.61388e-05 0.000495979 0.00769264 0.0157862 4.15437 0.139881 6.05304 150344 0.00154139 
685.5 1377.75 15.9027 -9808.01 7.41943 44.0941 241.15 535.461 412166 10456.1 801496 55.968 0.0124051 1938.8 0.00175232 0.0895695 22.8288 93.1017 5.05478e+06 5505.66 1.12001e+07 0.00976981 0.000112768 -0.06955 5.26122e-05 0.000312678 0.00171003 0.00379703 2.92273 0.0741456 5.68353 0.0173617 0.000274317 0.0943985 9.82745e-05 0.000733064 0.0126079 0.0254122 5.22511 0.18315 6.86432 141021 0.0014458 
710.5 2074.62 24.7581 -12488.2 11.7368 70.1205 478.26 1075.97 527961 14169.6 907643 113.175 0.0250164 2941.73 0.0038527 0.191312 49.4634 203.454 7.73425e+06 8853.11 1.39836e+07 0.015617 0.000186369 -0.0940062 8.83503e-05 0.000527841 0.00360017 0.00809948 3.97429 0.106663 6.8324 0.0246587 0.000391894 0.115356 0.000145588 0.00107773 0.0189573 0.0382874 6.51349 0.235087 7.65388 132844 0.00136197 
735.5 3051.17 37.5106 -15363.4 18.1126 108.463 893.046 1990.94 667832 18865 1.00657e+06 221.817 0.0502175 4226.67 0.00810924 0.397184 129.131 507.596 1.16564e+07 14314.7 1.68238e+07 0.0240706 0.000295921 -0.121201 0.00014289 0.000855661 0.00704523 0.0157065 5.26851 0.148826 7.94085 0.0342128 0.000555514 0.136581 0.000208701 0.00154959 0.03113 0.0613003 8.01248 0.301296 8.34661 126759 0.00129958 
760.5 4447.31 56.2532 -18571.5 27.6338 165.882 1610.19 3522.37 849400 25178 1.10944e+06 429.806 0.0986332 5881.19 0.0170278 0.814172 304.7 1162.43 1.76085e+07 22885 1.99463e+07 0.0368225 0.000465761 -0.153767 0.0002288 0.00137346 0.0133319 0.0291643 7.0328 0.208467 9.18586 0.0469337 0.000774418 0.158273 0.000297718 0.00220334 0.0484261 0.0936701 9.81495 0.382129 8.98721 120777 0.00123825 
785.5 6322.91 81.8748 -21723.5 41.1464 246.78 2735.19 5861.34 1.05961e+06 32745 1.19612e+06 793.819 0.182775 7753.49 0.0340333 1.57554 619.675 2331.78 2.57694e+07 35073.4 2.27465e+07 0.05499 0.00071206 -0.188928 0.000357848 0.00214623 0.0237877 0.0509757 9.21533 0.284781 10.4026 0.0622888 0.00104046 0.178151 0.000409793 0.00301597 0.0694509 0.132969 11.798 0.473214 9.46627 114983 0.00117885 
810.5 8875.55 117.901 -24919.1 60.3639 362.456 4601.31 9597.64 1.32159e+06 42615.8 1.27702e+06 1463.28 0.342741 9965.57 0.0677146 3.06587 1409.8 5101.17 3.81344e+07 55018.2 2.56867e+07 0.0812675 0.00107954 -0.228168 0.000552713 0.00331877 0.0421311 0.0878793 12.1009 0.390204 11.6928 0.0824251 0.00140458 0.197958 0.000560826 0.00413012 0.105516 0.197447 14.2387 0.592879 9.92337 109214 0.00111971 
835.5 12317.8 167.523 -28094.4 87.4569 525.431 7568.61 15339.2 1.64105e+06 55065.6 1.35194e+06 2652.51 0.630521 12411.1 0.132395 5.86357 3125.15 10833.1 5.59952e+07 85195.4 2.84805e+07 0.117211 0.00159409 -0.267336 0.00083221 0.00499982 0.0720203 0.145962 15.6157 0.523985 12.8646 0.107247 0.00185976 0.215942 0.000753158 0.00554955 0.156687 0.28597 16.9994 0.732209 10.272 105090 0.00107742 
860.5 16942.8 235.884 -31319.6 125.397 753.928 12316.5 24211.4 2.0419e+06 71306 1.42802e+06 4761.37 1.15446 15113.8 0.256246 11.1347 6854.85 22856.6 8.27664e+07 133482 3.13596e+07 0.166691 0.00232073 -0.308137 0.00123371 0.00741749 0.121176 0.238203 20.0891 0.701541 14.0495 0.138052 0.00244383 0.231837 0.000999514 0.00738438 0.22969 0.41004 20.2663 0.906142 10.5423 101642 0.00104207 
885.5 22472.7 319.055 -33632.8 173.59 1041.24 19003.3 36272.9 2.46011e+06 89026 1.46458e+06 8123.42 1.98859 17465.2 0.474071 20.0018 14012.6 44855.7 1.16958e+08 197796 3.32191e+07 0.233083 0.00330918 -0.348834 0.00180045 0.0107996 0.1971 0.376217 25.5158 0.923363 15.1904 0.172994 0.00311041 0.243846 0.00129437 0.00953015 0.326325 0.568943 23.7068 1.09494 10.6675 96415 0.000988485 
910.5 29774.6 431.184 -36193.3 239.452 1433.43 29300.7 54237.4 2.99193e+06 112342 1.51817e+06 13782.4 3.43352 20035.6 0.867012 35.7576 29163 89146.1 1.67308e+08 299351 3.54737e+07 0.320298 0.00463844 -0.389347 0.00257589 0.0154201 0.3152 0.583455 32.1855 1.20851 16.3316 0.21371 0.00392693 0.252864 0.00164061 0.0121195 0.462999 0.786488 27.6387 1.32656 10.7185 92959 0.000953053 
935.5 38777.9 573.147 -38339.9 324.58 1938.97 44568.5 79948.1 3.60792e+06 140894 1.56112e+06 22983.4 5.84379 22523.3 1.56119 62.939 60926.7 177152 2.38653e+08 454727 3.76412e+07 0.436497 0.00645152 -0.431566 0.00365358 0.0218256 0.501677 0.899922 40.6119 1.58595 17.5725 0.261112 0.00491502 0.259383 0.00205537 0.015235 0.658885 1.08822 32.2029 1.61348 10.7196 88839 0.000910813 
960.5 50098.5 754.234 -40451.4 436.111 2596.09 67012.1 116520 4.34274e+06 176276 1.61103e+06 37736.4 9.77233 24955 2.76686 108.945 126536 349658 3.38023e+08 685958 3.99195e+07 0.582243 0.00876568 -0.470125 0.00506847 0.0301716 0.778812 1.35419 50.4712 2.04867 18.7233 0.315537 0.00606106 0.262694 0.00254303 0.0188633 0.929541 1.49328 37.1639 1.94297 10.648 86044 0.000882157 
985.5 64561.1 989.238 -42896.8 583.754 3458.99 99936.1 168664 5.26309e+06 222192 1.68394e+06 60990.6 16.0504 27623.1 4.82478 184.921 249950 660505 4.79529e+08 1.03062e+06 4.29368e+07 0.76448 0.0117138 -0.507949 0.00691234 0.0409586 1.18336 1.99718 62.3213 2.63102 19.9399 0.371175 0.00726936 0.262828 0.0030579 0.0226293 1.24874 1.95766 42.3586 2.29816 10.5273 84451 0.000865825 
1010.5 80681.4 1257.39 -44417.6 756.634 4457.43 144510 236802 6.22993e+06 273985 1.73126e+06 94840.2 25.4216 29675.3 8.06758 301.256 487162 1.2266e+06 6.62752e+08 1.52189e+06 4.54494e+07 0.989058 0.0154141 -0.544507 0.00927544 0.0546428 1.77152 2.90291 76.3715 3.35873 21.2232 0.429409 0.0086049 0.259413 0.00358681 0.0265935 1.68337 2.57096 47.8742 2.71579 10.3311 81574 0.000836329 
1035.5 99373 1572.45 -45590.7 965.977 5643.07 206024 327717 7.32198e+06 335755 1.77736e+06 144118 39.2748 31409.2 13.1886 477.785 935568 2.23815e+06 9.07876e+08 2.23151e+06 4.80964e+07 1.25935 0.0199276 -0.57777 0.0122418 0.0715145 2.61094 4.15316 92.7914 4.25502 22.5244 0.490341 0.0100309 0.253438 0.00415648 0.0306698 2.24487 3.33396 53.8076 3.18979 10.1082 78908 0.000808996 
1060.5 121188 1946.4 -46665.3 1219.29 7052.05 291435 450454 8.58628e+06 411771 1.8324e+06 214922 59.6201 33020.9 21.0979 740.318 1.78948e+06 4.07136e+06 1.23964e+09 3.28866e+06 5.12596e+07 1.58194 0.0254077 -0.609151 0.0159161 0.092055 3.80428 5.88007 112.082 5.37511 23.9195 0.550441 0.01152 0.244904 0.00469905 0.0344924 2.98104 4.3094 60.161 3.74661 9.84785 76607 0.000785406 
1085.5 146883 2395.4 -47955.1 1523.11 8725.01 411110 617638 1.01135e+07 508926 1.90971e+06 315495 89.2664 34815.4 32.9695 1123.02 3.39242e+06 7.3394e+06 1.69898e+09 4.8907e+06 5.5543e+07 1.9574 0.0319216 -0.639061 0.0202974 0.116271 5.47854 8.23078 134.775 6.78207 25.4492 0.610689 0.0130612 0.23571 0.00523215 0.0380333 3.89791 5.48277 66.9087 4.37929 9.61855 75040 0.00076934 
1110.5 175037 2886.47 -48593.4 1872.5 10561.1 565942 827410 1.17287e+07 618087 1.97575e+06 448473 128.524 35744.4 50.0468 1636.71 6.1842e+06 1.27391e+07 2.26572e+09 7.06125e+06 5.94042e+07 2.37822 0.0392184 -0.660236 0.0254416 0.143493 7.68942 11.242 159.358 8.39792 26.8445 0.661383 0.014428 0.223038 0.00571925 0.0405902 4.98971 6.83402 73.4122 5.04141 9.30029 73600 0.000754577 
1135.5 207483 3460.06 -49363.8 2280.23 12654.9 778644 1.10802e+06 1.36597e+07 756259 2.06236e+06 628808 182.699 36711.2 74.3691 2334.42 1.12599e+07 2.2074e+07 3.03407e+09 1.02978e+07 6.43694e+07 2.85616 0.0476303 -0.67953 0.0313891 0.174204 10.7186 15.2527 188.036 10.4105 28.3899 0.705943 0.0156955 0.208799 0.0062026 0.0422855 6.33338 8.43924 80.0544 5.77748 8.95023 72644 0.000744775 
1160.5 239061 4023.87 -49000 2691.14 14648 1.04174e+06 1.44402e+06 1.55686e+07 906395 2.11748e+06 844651 248.209 36532.5 105.288 3155.34 1.97635e+07 3.69151e+07 3.95143e+09 1.46503e+07 6.84759e+07 3.37176 0.0567534 -0.691105 0.0379562 0.206598 14.6928 20.3667 219.582 12.784 29.8654 0.737779 0.0167284 0.193999 0.00665745 0.0426722 7.92903 10.2886 86.6912 6.57277 8.59392 70901 0.000726905 
1185.5 275230 4664.65 -48797 3166.21 16840.8 1.39508e+06 1.88505e+06 1.7848e+07 1.0931e+06 2.19488e+06 1.12082e+06 331.811 36151.2 146.649 4169.02 3.4555e+07 6.15029e+07 5.15123e+09 2.08969e+07 7.33697e+07 3.92637 0.0665447 -0.696126 0.0451683 0.240246 19.9019 26.8916 254.615 15.5939 31.3116 0.75695 0.0174737 0.176443 0.00720301 0.0419048 9.84208 12.4188 93.0453 7.4121 8.13988 70098 0.000718673 
1210.5 313040 5334.62 -48266.3 3659.49 18987.4 1.85187e+06 2.44062e+06 2.03891e+07 1.3152e+06 2.27331e+06 1.45011e+06 431.531 35288.5 197.108 5299.01 5.93677e+07 1.00829e+08 6.65957e+09 2.96308e+07 7.84463e+07 4.50424 0.0767582 -0.694489 0.0526552 0.273203 26.6459 35.1174 293.372 18.9241 32.71 0.759577 0.0178146 0.1595 0.00797236 0.0400723 12.0091 14.7499 98.7701 8.26011 7.66777 69499 0.000712531 
1235.5 352519 6022.12 -47383.6 4172.21 21034 2.434e+06 3.1316e+06 2.31969e+07 1.57439e+06 2.35129e+06 1.82953e+06 544.524 33758.1 256.437 6474.99 9.98872e+07 1.62014e+08 8.50537e+09 4.14765e+07 8.32194e+07 5.07946 0.0867728 -0.682751 0.0601174 0.303079 35.0716 45.1232 334.245 22.6853 33.8798 0.748942 0.0177915 0.142378 0.00899469 0.0379655 14.4659 17.2731 104.088 9.11098 7.1604 69401 0.000711527 
1260.5 391375 6686.69 -45931.3 4658.83 22766 3.1734e+06 3.98843e+06 2.62538e+07 1.87588e+06 2.41713e+06 2.24465e+06 665.495 31521.5 320.475 7563.33 1.65767e+08 2.57119e+08 1.07553e+10 5.7606e+07 8.72631e+07 5.64559 0.0964557 -0.66256 0.0672037 0.328399 45.7763 57.5332 378.712 27.0597 34.8672 0.711563 0.0172068 0.125347 0.0103204 0.0354273 17.1964 19.9719 108.269 9.93693 6.56147 69324 0.000710737 
1285.5 425452 7243.2 -43664.5 5069.92 23906 4.05219e+06 4.97814e+06 2.92949e+07 2.198e+06 2.45215e+06 2.64858e+06 777.289 28426.3 381.195 8343.99 2.65472e+08 3.94092e+08 1.32826e+10 7.77882e+07 8.94735e+07 6.1509 0.104717 -0.631273 0.0732976 0.345617 58.5839 71.9707 423.526 31.7773 35.4516 0.676634 0.016486 0.111641 0.0117696 0.0343585 20.148 22.7537 112.499 10.7152 6.06065 69169 0.000709148 
1310.5 458920 7762.34 -41186.6 5437.3 24664.7 5.16492e+06 6.20657e+06 3.27494e+07 2.5767e+06 2.48574e+06 3.05295e+06 881.879 25044.8 437.343 8823.24 4.20908e+08 5.98738e+08 1.63297e+10 1.04382e+08 9.08462e+07 6.59434 0.111539 -0.591821 0.07813 0.354413 74.2161 89.1839 470.585 37.0253 35.7183 0.619208 0.0151983 0.0980964 0.0134164 0.0342744 23.2403 25.4884 114.875 11.3586 5.44029 69593 0.000713495 
1335.5 488924 8184.94 -38297.4 5705.97 24834.4 6.5464e+06 7.69821e+06 3.65049e+07 3.00659e+06 2.50281e+06 3.41392e+06 963.949 21349.5 477.108 8838.39 6.57102e+08 8.9641e+08 1.98568e+10 1.38139e+08 9.05318e+07 6.93509 0.116099 -0.543226 0.0809358 0.352261 92.8567 109.194 517.8 42.6466 35.5008 0.573567 0.0139343 0.0879544 0.0147274 0.0357664 26.4241 28.1355 116.358 11.8608 4.88147 70500 0.000722794 
1360.5 513365 8463.93 -34969.2 5864.04 24356 8.22439e+06 9.47062e+06 4.04881e+07 3.47765e+06 2.49606e+06 3.68884e+06 1008.56 17470.5 496.119 8357.63 1.00361e+09 1.31428e+09 2.37812e+10 1.78856e+08 8.80518e+07 7.14436 0.11779 -0.486656 0.0816082 0.338956 114.457 131.8 563.461 48.3974 34.737 0.542854 0.0127027 0.0793551 0.015635 0.0376819 29.4394 30.3185 116.05 12.1153 4.32801 71856 0.000736696 
1385.5 532299 8604 -31442.5 5866.57 23221.6 1.0308e+07 1.16323e+07 4.49353e+07 4.01334e+06 2.47269e+06 3.84661e+06 1009.85 13745.7 482.728 7394.33 1.51067e+09 1.90223e+09 2.82215e+10 2.28292e+08 8.36361e+07 7.18274 0.116101 -0.42428 0.0791624 0.313348 139.095 156.964 606.348 54.1553 33.366 0.560089 0.0121378 0.0739471 0.0157211 0.0398846 32.2069 32.1015 114.704 12.1547 3.90881 74108 0.000759785 
1410.5 544746 8586.54 -27715.4 5747.06 21547.2 1.28839e+07 1.42494e+07 4.99011e+07 4.61268e+06 2.43062e+06 3.86359e+06 963.98 10287.9 445.016 6135.77 2.23551e+09 2.70706e+09 3.31208e+10 2.85675e+08 7.73086e+07 7.03733 0.110926 -0.358043 0.0742438 0.278359 166.441 184.081 644.651 59.5892 31.4001 0.622915 0.0121951 0.0686307 0.0153892 0.0422117 34.306 32.945 110.896 11.8171 3.57104 77408 0.000793618 
1435.5 538836 8221.99 -23396.6 5368.1 18965.3 1.57432e+07 1.70825e+07 5.42739e+07 5.16734e+06 2.31744e+06 3.64399e+06 852.19 7119.82 374.211 4620.06 3.17608e+09 3.7057e+09 3.74348e+10 3.41276e+08 6.75305e+07 6.68084 0.101941 -0.290086 0.0665571 0.235144 195.194 211.8 672.922 64.068 28.7331 0.739553 0.0131886 0.0642344 0.0144864 0.0446065 35.7526 32.964 106.377 11.2539 3.41961 80654 0.000826897 
1460.5 521489 7651.13 -19149.3 4827.15 15999.9 1.91258e+07 2.03688e+07 5.88383e+07 5.73895e+06 2.17561e+06 3.25463e+06 704.728 4601.66 288.986 3182.47 4.39911e+09 4.95062e+09 4.14346e+10 3.95272e+08 5.65043e+07 6.11352 0.0896956 -0.224491 0.0565896 0.18757 224.216 238.787 689.773 67.2788 25.5051 0.882912 0.0147091 0.0595818 0.0136182 0.0461103 36.0418 31.9032 99.7968 10.3634 3.4498 85301 0.00087454 
1485.5 492387 6885.37 -15068.2 4150.17 12820.8 2.32241e+07 2.42775e+07 6.38262e+07 6.33809e+06 2.00786e+06 2.72071e+06 537.064 2719.57 201.704 1967.85 5.94982e+09 6.45935e+09 4.48667e+10 4.42689e+08 4.48036e+07 5.3295 0.0745258 -0.163095 0.0449206 0.13877 251.373 262.774 690.842 68.6022 21.7326 1.02217 0.0160926 0.0532545 0.0128587 0.0451936 34.8058 29.4007 91.4616 9.23663 3.55497 92389 0.000947209 
1510.5 446357 5882.6 -11159.8 3346.55 9545.99 2.79032e+07 2.86492e+07 6.84743e+07 6.87477e+06 1.79562e+06 2.07732e+06 366.917 1422.93 124.94 1063.47 7.70342e+09 8.08263e+09 4.64524e+10 4.68195e+08 3.28667e+07 4.35891 0.0574467 -0.108981 0.0326808 0.0932217 272.489 279.775 668.688 67.1358 17.5352 1.13406 0.0168231 0.0449307 0.0123317 0.0411712 31.2676 25.6362 80.5532 8.0599 3.67126 102401 0.00104986 
1535.5 383146 4702.35 -7662.12 2486.09 6482.75 3.30113e+07 3.32874e+07 7.23306e+07 7.28296e+06 1.54514e+06 1.41737e+06 220.328 648.58 67.8453 494.819 9.37612e+09 9.51217e+09 4.52115e+10 4.59238e+08 2.19762e+07 3.2654 0.0400763 -0.0653012 0.021188 0.05525 281.342 283.695 616.445 62.0698 13.1686 1.1903 0.0164821 0.0355436 0.0113705 0.034126 27.4869 24.1975 72.9061 7.82619 3.72587 117335 0.00120297 
1560.5 299860 3381.7 -4683.2 1629.84 3845.42 3.7368e+07 3.70441e+07 7.29887e+07 7.31377e+06 1.24193e+06 827742 111.493 246.277 31.3076 190.708 1.02116e+10 1.00521e+10 3.92985e+10 3.98434e+08 1.28765e+07 2.16027 0.0243626 -0.0337389 0.0117417 0.0277034 269.208 266.875 525.829 52.6902 8.9472 1.13864 0.0144805 0.0252176 0.00936373 0.0246259 33.0683 34.5765 81.3684 9.70388 3.56557 138807 0.0014231 
1585.5 207827 2130.83 -2484.77 931.917 1951.49 3.92837e+07 3.83479e+07 6.83152e+07 6.77755e+06 916964 405467 46.9405 76.8533 12.5765 60.9675 9.46306e+09 9.08128e+09 2.90444e+10 2.93559e+08 6.50285e+06 1.20449 0.0123496 -0.0144009 0.00540107 0.0113102 227.675 222.251 395.931 39.2804 5.31441 0.948231 0.0109334 0.0154282 0.00661194 0.0150142 54.8517 56.8887 107.563 12.5866 3.07333 172543 0.00176898 
1610.5 122563 1137.28 -1107.98 457.448 824.085 3.63254e+07 3.50013e+07 5.63059e+07 5.53889e+06 605787 162901 16.218 19.3694 4.38797 16.0475 7.04669e+09 6.61878e+09 1.72952e+10 1.76032e+08 2.77937e+06 0.544449 0.00505203 -0.0049219 0.00203208 0.00366076 161.365 155.483 250.123 24.6049 2.69104 0.653617 0.0068206 0.00786243 0.00391956 0.00760822 72.5547 72.298 119.447 13.288 2.2594 225113 0.00230795 
1635.5 58680.4 494.875 -400.788 190.366 282.844 2.73688e+07 2.60952e+07 3.79747e+07 3.7368e+06 342691 52746.3 4.54389 3.86409 1.31539 3.41374 3.97282e+09 3.6616e+09 7.83835e+09 8.20635e+07 983347 0.199432 0.00168189 -0.00136212 0.00064698 0.000961275 93.0158 88.6873 129.061 12.6999 1.16467 0.373485 0.00355164 0.00335815 0.00201294 0.00326771 69.6427 67.6677 99.9134 10.845 1.4091 294238 0.00301665 
1660.5 23355.4 181.049 -121.124 70.1263 82.0801 1.65892e+07 1.56746e+07 2.07773e+07 2.07237e+06 167702 14350.4 1.07852 0.637305 0.341554 0.612015 1.73354e+09 1.5688e+09 2.77293e+09 3.06878e+07 299481 0.0624844 0.000484375 -0.000324053 0.000187614 0.000219595 44.3823 41.9355 55.5872 5.54437 0.448667 0.185711 0.00162814 0.00126492 0.00093733 0.00126061 51.6535 49.3817 65.7929 7.16669 0.774546 373779 0.00383213 
1685.5 7729.9 55.4149 -30.0654 21.9988 19.2878 8.18609e+06 7.66587e+06 9.37686e+06 957802 71385.2 3054.72 0.199437 0.0777872 0.0691205 0.0805211 6.03707e+08 5.35469e+08 7.89007e+08 9.401e+06 77184.4 0.0166035 0.000119029 -6.45793e-05 4.72526e-05 4.14294e-05 17.5834 16.466 20.1411 2.05732 0.153333 0.0792827 0.000643596 0.000403625 0.000382407 0.000413811 31.4255 29.6486 35.9039 3.99505 0.377198 465558 0.00477309 
1710.5 2154.3 14.4569 -6.28968 6.01491 3.89394 3.34816e+06 3.10457e+06 3.58596e+06 376189 26791.7 561.756 0.032907 0.008449 0.0125687 0.00978151 1.69196e+08 1.46723e+08 1.81993e+08 2.37968e+06 17425.2 0.00368922 2.47573e-05 -1.0771e-05 1.03005e-05 6.66835e-06 5.73371 5.31656 6.14094 0.644221 0.0458807 0.030796 0.000236093 0.000119803 0.000146348 0.000129253 16.0272 14.9331 16.5515 1.91316 0.16654 583944 0.00598683 
1735.5 464.879 2.90502 -0.972413 1.20988 0.526411 1.13745e+06 1.04334e+06 1.19509e+06 126656 8814.14 60.3309 0.00299496 0.000425566 0.0010843 0.000430545 3.64571e+07 3.0847e+07 3.24229e+07 467197 3023.61 0.000612431 3.82707e-06 -1.28105e-06 1.59389e-06 6.93493e-07 1.49848 1.37449 1.57441 0.166856 0.0116117 0.00889408 6.2697e-05 2.36432e-05 3.77612e-05 2.38058e-05 6.76632 6.22483 6.34312 0.766579 0.062036 759072 0.00778231 
1760.5 76.6165 0.452381 -0.113807 0.185882 0.0530362 290842 263706 346723 34774.9 2437.4 4.41279 0.000188469 1.4618e-05 6.00307e-05 1.22307e-05 5.66518e+06 4.67708e+06 4.22054e+06 68426 416.708 7.17932e-05 4.23902e-07 -1.06643e-07 1.7418e-07 4.96973e-08 0.272533 0.247105 0.324895 0.0325857 0.00228396 0.0020322 1.32825e-05 3.69952e-06 7.49808e-06 3.385e-06 2.28785 2.07884 1.96196 0.25111 0.019628 1.06718e+06 0.0109412 
1785.5 6.24868 0.0342974 -0.00611519 0.0115774 0.00149308 37175.5 33421.3 93357.5 6938.25 499.697 0.052298 1.74931e-06 5.84277e-08 3.37566e-07 1.37891e-08 443801 356716 282049 5010.07 28.3383 3.48383e-06 1.91219e-08 -3.4094e-09 6.45474e-09 8.32435e-10 0.0207265 0.0186334 0.0520496 0.00386829 0.000278596 0.000170721 9.87384e-07 1.80454e-07 4.33776e-07 8.76763e-08 0.496994 0.44557 0.393118 0.0527096 0.00396508 1.79362e+06 0.018389 
1810.5 0.0780216 0.000410573 -4.61867e-05 8.07553e-05 1.82301e-06 -12068.5 -10508.6 28680.9 597.176 45.572 8.09811e-06 2.28162e-10 3.13833e-12 1.35088e-11 1.74153e-14 5061.78 3925.6 3090.1 55.1831 0.323628 1.63393e-08 8.59825e-11 -9.67245e-12 1.69118e-11 3.81777e-13 -0.0025274 -0.00220071 0.00600637 0.000125061 9.54371e-06 1.30217e-06 6.91191e-09 8.1064e-10 1.68188e-09 6.03902e-11 0.03246 0.0285877 0.0247195 0.00339718 0.00026016 4.77508e+06 0.048956 
1835.5 5.19821e-05 2.85629e-07 -1.41601e-08 2.24031e-08 -1.83338e-10 -4692.93 -4048.74 7171.19 9.71933 0.931954 5.85383e-12 1.574e-16 1.90669e-18 1.31511e-18 2.17153e-22 8.95838 6.79153 16.2539 0.0306345 0.0936615 1.24919e-12 6.86401e-15 -3.40284e-16 5.38372e-16 -4.40582e-18 -0.000112777 -9.72961e-05 0.000172332 2.33567e-07 2.2396e-08 3.75064e-10 1.94486e-12 2.14056e-13 1.77774e-13 2.28439e-15 0.000450069 0.0003921 0.000600751 2.71317e-05 4.74426e-05 4.16126e+07 0.426629 
1860.5 -2.41368e-14 9.87537e-16 -6.21736e-16 7.44299e-15 8.38731e-16 -2.63225 -2.26019 4.04275 0.000339051 2.10654e-05 8.12828e-29 2.32955e-32 8.76752e-33 1.29596e-30 2.01509e-32 0.000836501 0.000618166 0.00187869 9.78697e-10 7.91371e-12 -1.00809e-18 4.12453e-20 -2.59673e-20 3.10863e-19 3.50303e-20 -0.000109938 -9.43989e-05 0.000168849 1.41608e-08 8.79816e-10 5.82566e-17 9.85523e-19 6.04573e-19 7.35054e-18 9.16729e-19 0.000151165 0.000130027 0.000223507 2.01682e-07 1.8159e-08 23943 0.000245473 
1885.5 0 0 0 0 0 0 0 0 0 0 0 0 0 0 0 0 0 0 0 0 0.0 0.0 0.0 0.0 0.0 0.0 0.0 0.0 0.0 0.0 0.0 0.0 0.0 0.0 0.0 0.0 0.0 0.0 0.0 0.0 0 0 
