310.5 39.9851 -4.84022e-07 0.00599231 7.93481e+06 0.000763057 3753.54 3.66305 8.22507 -1.15045e-09 -2.12307e-07 0.000340539 1.52742e-17 6.77802e-12 1.77421e+06 2.94177e-11 2.58808 2.50659e-06 1.25078e-05 6.68992e-24 7.50665e-20 1.12675e-06 -1.36394e-14 1.68859e-10 0.223597 2.15024e-11 0.000105772 1.03222e-07 2.31776e-07 -3.24189e-17 -5.98265e-15 2.88558e-06 6.55919e-13 4.03096e-10 0.000408399 9.10224e-10 0.000248481 2.44906e-07 5.46573e-07 4.32973e-16 4.56018e-14 3.54871e+07 0.363828 
335.5 41.1897 7.40229e-07 0.0011381 414660 0.00197036 3769.78 3.92217 8.17589 -8.67255e-10 -1.33539e-07 0.00108485 1.33484e-15 4.91277e-12 91436.5 2.99878e-10 7.871 9.48892e-06 3.70758e-05 1.83483e-23 8.70908e-20 2.19038e-05 3.93638e-13 6.05215e-10 0.220507 1.04779e-09 0.00200469 2.08573e-06 4.34776e-06 -4.61188e-16 -7.10132e-14 9.85513e-06 2.66399e-11 1.49874e-09 0.000655285 1.25845e-08 0.000408483 8.34113e-07 9.01718e-07 3.08943e-15 2.0315e-13 1.88048e+06 0.0192795 
360.5 38.7063 3.95348e-06 0.000701323 222154 0.00420379 3500.55 4.17332 7.39052 -7.39878e-10 -1.16898e-07 0.0017107 2.36444e-14 1.31515e-11 48479.6 1.04376e-09 12.2304 2.0437e-05 5.48004e-05 4.95077e-23 9.69611e-20 3.80215e-05 3.88353e-12 6.88915e-10 0.218223 4.12942e-09 0.00343862 4.09949e-06 7.25977e-06 -7.26788e-16 -1.1483e-13 1.53231e-05 1.52351e-10 3.52764e-09 0.000675585 3.17528e-08 0.000435781 1.80821e-06 1.06143e-06 6.93567e-15 2.86461e-13 1.01801e+06 0.0104371 
385.5 38.7628 1.25929e-05 0.000738208 152957 0.00711137 3467.57 4.68585 7.12692 -8.17458e-10 -1.07648e-07 0.00240806 1.19038e-13 3.02335e-11 33030.8 2.63099e-09 17.1353 3.76694e-05 7.30129e-05 1.05829e-22 9.38422e-20 5.47257e-05 1.77788e-11 1.04221e-09 0.215946 1.00399e-08 0.00489554 6.61553e-06 1.00619e-05 -1.15409e-15 -1.51978e-13 2.01202e-05 4.09564e-10 6.44963e-09 0.000701259 6.01137e-08 0.000474814 3.06867e-06 1.35625e-06 1.21687e-14 3.30742e-13 708311 0.00726189 
410.5 39.9417 2.94232e-05 0.000899306 121990 0.0102906 3619.9 5.37482 7.25336 -8.61851e-10 -1.00665e-07 0.00310701 5.01211e-13 5.80013e-11 26067.9 5.16351e-09 23.1024 6.17964e-05 9.37816e-05 1.6661e-22 8.81789e-20 6.99646e-05 5.15398e-11 1.57529e-09 0.213686 1.80257e-08 0.00634088 9.41491e-06 1.27055e-05 -1.50968e-15 -1.76331e-13 2.33968e-05 9.35575e-10 9.95578e-09 0.000726653 9.338e-08 0.000510955 4.4279e-06 1.68674e-06 1.70167e-14 3.51237e-13 570884 0.00585293 
435.5 37.626 5.95735e-05 0.00114084 92794 0.0140122 3432.69 5.71694 6.68331 -8.25337e-10 -8.29313e-08 0.00354921 1.39651e-12 1.0304e-10 19619.4 9.18173e-09 26.9883 9.02589e-05 0.000103888 1.80878e-22 7.76003e-20 8.57294e-05 1.35736e-10 2.59936e-09 0.211427 3.19262e-08 0.00782125 1.30258e-05 1.52276e-05 -1.8805e-15 -1.88956e-13 2.71515e-05 1.77862e-09 1.51002e-08 0.000773842 1.41071e-07 0.000565515 5.99829e-06 2.19646e-06 2.02136e-14 3.75639e-13 438893 0.00449971 
460.5 36.5762 0.000109974 0.00146177 75940.1 0.0183248 3381.21 6.18729 6.40267 -8.40572e-10 -7.09589e-08 0.00402753 3.39999e-12 1.73046e-10 15882.8 1.52181e-08 31.6252 0.000126491 0.000115629 2.01574e-22 6.9954e-20 0.000100734 3.02878e-10 4.02583e-09 0.209145 5.04681e-08 0.00931214 1.70403e-05 1.76335e-05 -2.31501e-15 -1.95427e-13 3.07381e-05 3.04502e-09 2.14564e-08 0.000826476 1.98406e-07 0.000618459 7.61535e-06 2.74107e-06 2.34477e-14 3.93024e-13 363097 0.00372262 
485.5 34.6932 0.000192009 0.00190223 62210 0.0236869 3251.33 6.52343 5.9653 -9.34848e-10 -5.79448e-08 0.00436522 7.45478e-12 2.81045e-10 12868.9 2.41136e-08 35.2947 0.000167931 0.000121561 2.58327e-22 5.78497e-20 0.00011536 6.38462e-10 6.32522e-09 0.206858 7.87628e-08 0.0108112 2.16915e-05 1.98356e-05 -3.10852e-15 -1.92676e-13 3.47424e-05 4.93769e-09 2.99084e-08 0.000888606 2.71989e-07 0.000691459 9.37441e-06 3.28019e-06 2.91431e-14 3.94e-13 300737 0.00308328 
510.5 33.4591 0.000309679 0.00242846 52533.7 0.0297091 3165.45 6.90339 5.63149 -1.05362e-09 -4.90364e-08 0.00473908 1.54561e-11 4.40085e-10 10746.8 3.61924e-08 39.1721 0.000217088 0.000127212 3.71938e-22 5.54602e-20 0.000130289 1.20588e-09 9.45636e-09 0.204565 1.15687e-07 0.0123262 2.68816e-05 2.19289e-05 -4.10277e-15 -1.90947e-13 3.84533e-05 7.66364e-09 4.03021e-08 0.000949751 3.5714e-07 0.000774985 1.10775e-05 3.80558e-06 3.7835e-14 4.23674e-13 256807 0.00263289 
535.5 32.7479 0.000506691 0.00320907 45740.5 0.037694 3134.6 7.32468 5.43718 -1.1956e-09 -4.26216e-08 0.0051342 3.26091e-11 7.36249e-10 9250.54 5.66202e-08 43.6055 0.000275032 0.000134974 5.38657e-22 5.93798e-20 0.000144789 2.24025e-09 1.41884e-08 0.202234 1.66658e-07 0.0138591 3.23849e-05 2.40396e-05 -5.28614e-15 -1.88444e-13 4.16662e-05 1.17965e-08 5.52621e-08 0.00102596 4.71765e-07 0.000848147 1.29318e-05 4.343e-06 4.85143e-14 4.76473e-13 226176 0.00231885 
560.5 32.8811 0.000774352 0.0041335 41465.5 0.0467325 3190.8 7.83467 5.41462 -1.43375e-09 -3.8968e-08 0.00562859 6.34737e-11 1.17026e-09 8288.69 8.36094e-08 49.2603 0.000341629 0.000146282 9.23926e-22 7.38683e-20 0.000158506 3.73282e-09 1.99259e-08 0.199888 2.25278e-07 0.0153815 3.77677e-05 2.61016e-05 -6.9115e-15 -1.87849e-13 4.48215e-05 1.70893e-08 7.24176e-08 0.00109414 5.93545e-07 0.000934383 1.48477e-05 4.88569e-06 6.63784e-14 5.66393e-13 207444 0.0021268 
585.5 32.4715 0.00116512 0.00537815 37303.2 0.0579669 3195.66 8.25463 5.28918 -1.58193e-09 -3.33875e-08 0.00601498 1.13994e-10 1.80019e-09 7368.86 1.20344e-07 54.2748 0.000413903 0.000153784 1.10437e-21 7.71265e-20 0.000171947 6.16967e-09 2.8479e-08 0.197533 3.06953e-07 0.016922 4.37109e-05 2.80079e-05 -8.37682e-15 -1.76798e-13 4.78074e-05 2.37818e-08 9.3389e-08 0.0011638 7.36913e-07 0.00102359 1.67663e-05 5.4672e-06 7.60121e-14 6.14127e-13 188846 0.00193612 
610.5 32.3439 0.00168831 0.0069277 34093.1 0.0710837 3227.95 8.71376 5.21603 -1.70223e-09 -2.73129e-08 0.00643511 1.96664e-10 2.71673e-09 6653.66 1.6837e-07 59.8601 0.000495301 0.000162025 1.319e-21 1.01032e-19 0.000185141 9.66409e-09 3.96551e-08 0.195153 4.06892e-07 0.0184772 4.98787e-05 2.98573e-05 -9.74376e-15 -1.56343e-13 5.05801e-05 3.213e-08 1.1823e-07 0.00124119 8.93426e-07 0.00111376 1.86355e-05 5.99979e-06 8.63433e-14 7.44231e-13 174699 0.00179108 
635.5 32.0449 0.00245505 0.00911174 31142.5 0.087698 3239.35 9.10227 5.11136 -1.82535e-09 -2.10619e-08 0.00680256 3.47459e-10 4.30454e-09 6003.64 2.41336e-07 65.1873 0.000580763 0.000168707 1.55232e-21 1.7739e-19 0.000198357 1.51967e-08 5.64013e-08 0.192771 5.42847e-07 0.0200515 5.63426e-05 3.16391e-05 -1.12989e-14 -1.30372e-13 5.25558e-05 4.38157e-08 1.53179e-07 0.00130074 1.09507e-06 0.00120227 2.05039e-05 6.57677e-06 9.73711e-14 1.03973e-12 161552 0.0016563 
660.5 31.6443 0.0034349 0.0117666 28619.3 0.106349 3250.09 9.45455 5.00007 -1.87235e-09 -1.49521e-08 0.00710488 5.59061e-10 6.31828e-09 5448.21 3.27799e-07 70.5092 0.000668247 0.000174009 1.8779e-21 2.34042e-19 0.000210479 2.28469e-08 7.82647e-08 0.190359 7.07373e-07 0.0216177 6.28861e-05 3.32575e-05 -1.24537e-14 -9.94528e-14 5.43688e-05 5.65382e-08 1.89473e-07 0.00137612 1.29613e-06 0.00128847 2.21387e-05 7.1653e-06 1.11066e-13 1.24371e-12 150344 0.00154139 
685.5 31.3176 0.00481852 0.0155233 26501.9 0.13016 3270.05 9.78831 4.90013 -1.86414e-09 -5.4349e-09 0.00739379 9.45595e-10 9.95602e-09 4980.77 4.63701e-07 76.097 0.000759653 0.000178653 1.89279e-21 4.07309e-19 0.000222078 3.41688e-08 1.10078e-07 0.187929 9.2298e-07 0.0231884 6.94103e-05 3.47475e-05 -1.32189e-14 -3.85397e-14 5.57849e-05 7.44167e-08 2.41831e-07 0.00144023 1.56086e-06 0.00138275 2.3854e-05 7.71138e-06 1.15097e-13 1.69906e-12 141021 0.0014458 
710.5 30.9975 0.00661535 0.0204307 24640.2 0.15813 3289.72 10.07 4.79964 -1.84993e-09 8.6712e-09 0.00765526 1.55421e-09 1.55969e-08 4570.62 6.4808e-07 81.7468 0.00084875 0.000182407 2.23451e-21 6.69595e-19 0.000233338 4.97979e-08 1.53795e-07 0.185482 1.19034e-06 0.0247638 7.58035e-05 3.61299e-05 -1.39256e-14 6.52736e-14 5.6386e-05 9.6019e-08 3.06194e-07 0.00150221 1.86053e-06 0.00145382 2.53557e-05 8.22921e-06 1.28944e-13 2.24415e-12 132844 0.00136197 
735.5 30.8696 0.00885589 0.0266489 23196.6 0.19 3337.69 10.3435 4.7503 -1.80819e-09 2.83207e-08 0.0079324 2.47907e-09 2.41173e-08 4245.23 8.90374e-07 88.1838 0.000934117 0.000187783 2.985e-21 1.30511e-18 0.00024353 6.9864e-08 2.10233e-07 0.182997 1.49891e-06 0.026331 8.15994e-05 3.7475e-05 -1.42648e-14 2.23421e-13 5.72002e-05 1.21146e-07 3.82182e-07 0.00156543 2.18573e-06 0.00153561 2.66603e-05 8.7771e-06 1.52791e-13 3.20095e-12 126759 0.00129958 
760.5 30.6601 0.0118208 0.0351798 21801.6 0.230018 3371.37 10.5661 4.66297 -1.39105e-09 6.10389e-08 0.00818909 3.95957e-09 3.80353e-08 3935.76 1.23799e-06 94.4273 0.0010183 0.000190365 1.63193e-21 2.38098e-18 0.000253857 9.78727e-08 2.91279e-07 0.180511 1.90449e-06 0.027914 8.74845e-05 3.86081e-05 -1.15175e-14 5.05385e-13 5.79638e-05 1.52332e-07 4.79665e-07 0.00163184 2.57354e-06 0.0016246 2.78872e-05 9.25107e-06 1.15669e-13 4.41117e-12 120777 0.00123825 
785.5 30.3302 0.0152754 0.0455188 20467.8 0.27364 3391.63 10.7019 4.55139 -1.11539e-09 1.04259e-07 0.00839922 6.03626e-09 5.81438e-08 3643.76 1.67234e-06 100.378 0.00108954 0.00019116 1.38937e-21 3.86541e-18 0.00026378 1.32849e-07 3.95874e-07 0.178008 2.37983e-06 0.0294968 9.30739e-05 3.95831e-05 -9.7005e-15 9.06738e-13 5.88883e-05 1.86677e-07 5.90726e-07 0.00170141 2.98005e-06 0.00170889 2.85117e-05 9.78154e-06 1.09495e-13 5.7267e-12 114983 0.00117885 
810.5 29.8524 0.0196192 0.0592277 19164.9 0.326693 3395.53 10.7374 4.4083 -7.28535e-10 1.76519e-07 0.0085423 9.27837e-09 9.11834e-08 3363.39 2.30172e-06 105.918 0.00114927 0.000189313 6.04402e-22 7.766e-18 0.000273338 1.7964e-07 5.42309e-07 0.17548 2.99131e-06 0.0310906 9.83154e-05 4.03639e-05 -6.67071e-15 1.61627e-12 5.91802e-05 2.29533e-07 7.35396e-07 0.00177287 3.48244e-06 0.00178767 2.92774e-05 1.02064e-05 7.40919e-14 8.27622e-12 109214 0.00111971 
835.5 29.7082 0.0248364 0.076577 18173.1 0.388875 3434.29 10.8103 4.31538 -4.10728e-10 2.82686e-07 0.00877123 1.39042e-08 1.41205e-07 3143.01 3.14142e-06 112.597 0.00120558 0.000188973 6.81247e-22 1.62077e-17 0.000282693 2.36335e-07 7.2868e-07 0.172929 3.7004e-06 0.0326795 0.000102868 4.10637e-05 -3.90834e-15 2.68994e-12 5.95719e-05 2.76503e-07 9.0149e-07 0.00184787 4.02489e-06 0.00186691 2.98359e-05 1.05817e-05 8.04191e-14 1.2124e-11 105090 0.00107742 
860.5 29.6266 0.0313509 0.0994115 17317.1 0.466019 3483.09 10.9018 4.23008 5.32633e-11 4.5109e-07 0.00899759 2.09243e-08 2.22206e-07 2950.76 4.35569e-06 119.745 0.00126202 0.000188056 6.27119e-22 2.88774e-17 0.00029148 3.08445e-07 9.78056e-07 0.170374 4.58491e-06 0.0342682 0.000107257 4.16174e-05 5.24029e-16 4.43803e-12 5.96828e-05 3.32752e-07 1.10886e-06 0.00190856 4.67246e-06 0.00194806 3.02039e-05 1.08706e-05 7.85468e-14 1.62608e-11 101642 0.00104207 
885.5 28.9254 0.0380765 0.124739 16177.1 0.543134 3457.37 10.724 4.04204 6.27897e-10 6.77774e-07 0.00902415 2.98291e-08 3.33954e-07 2714.69 5.81841e-06 124.374 0.00128158 0.000181505 1.07995e-21 5.49089e-17 0.00030001 3.94923e-07 1.29377e-06 0.167787 5.6333e-06 0.0358593 0.000111227 4.19233e-05 6.51244e-15 7.02976e-12 5.99257e-05 3.91686e-07 1.33786e-06 0.00198489 5.34916e-06 0.0020251 3.0345e-05 1.11793e-05 1.05634e-13 2.28055e-11 96415 0.000988485 
910.5 28.6888 0.0465644 0.158146 15356.9 0.643367 3482.29 10.7084 3.91584 1.63956e-09 1.04154e-06 0.00918377 4.29562e-08 5.11516e-07 2537.37 7.96615e-06 130.855 0.00131814 0.000176997 2.09192e-21 1.09217e-16 0.000308617 5.00913e-07 1.70125e-06 0.165201 6.92098e-06 0.0374605 0.000115195 4.21244e-05 1.76375e-14 1.12043e-11 5.95742e-05 4.59548e-07 1.61504e-06 0.00204911 6.1478e-06 0.0020926 3.01656e-05 1.13827e-05 1.48972e-13 3.23937e-11 92959 0.000953053 
935.5 28.1685 0.0562883 0.198748 14446.2 0.759715 3470.74 10.5898 3.73653 3.28274e-09 1.60281e-06 0.00923971 6.13559e-08 7.81915e-07 2349.49 1.09641e-05 136.003 0.00134056 0.000168972 4.65372e-21 2.22596e-16 0.000317074 6.33599e-07 2.23717e-06 0.16261 8.55159e-06 0.0390678 0.000119202 4.20596e-05 3.69515e-14 1.80418e-11 5.89001e-05 5.37767e-07 1.94848e-06 0.00210295 7.09122e-06 0.00214397 2.96737e-05 1.15322e-05 2.25872e-13 4.66916e-11 88839 0.000910813 
960.5 27.9539 0.0677888 0.249135 13765.7 0.901655 3499.33 10.5672 3.60072 6.04432e-09 2.45626e-06 0.00937499 8.66443e-08 1.18764e-06 2202.7 1.51498e-05 142.733 0.00137153 0.000162262 1.09127e-20 4.60569e-16 0.000324879 7.87839e-07 2.89544e-06 0.159985 1.0479e-05 0.0406691 0.000122812 4.18475e-05 7.02468e-14 2.85466e-11 5.83914e-05 6.21519e-07 2.3279e-06 0.00214987 8.14007e-06 0.00220404 2.92776e-05 1.16011e-05 3.49131e-13 6.73632e-11 86044 0.000882157 
985.5 28.0568 0.0822461 0.314644 13287.4 1.08556 3568.08 10.6789 3.48915 1.03936e-08 3.76994e-06 0.00960438 1.22937e-07 1.81298e-06 2091.04 2.1259e-05 151.186 0.00142022 0.000155415 1.87146e-20 8.49943e-16 0.000332226 9.73892e-07 3.72576e-06 0.157339 1.28543e-05 0.0422503 0.000126451 4.13157e-05 1.23072e-13 4.46405e-11 5.79092e-05 7.12221e-07 2.75436e-06 0.00220526 9.3004e-06 0.00226528 2.87641e-05 1.15462e-05 4.54375e-13 8.98419e-11 84451 0.000865825 
1010.5 27.6864 0.0975072 0.38832 12618 1.28652 3576.01 10.6262 3.31376 1.78448e-08 5.71548e-06 0.00966533 1.70049e-07 2.70438e-06 1952.18 2.94826e-05 157.201 0.00144806 0.000145337 4.27121e-20 1.70461e-15 0.000339402 1.19532e-06 4.76034e-06 0.154681 1.57712e-05 0.0438376 0.000130265 4.06227e-05 2.18756e-13 7.0065e-11 5.73732e-05 8.09817e-07 3.23908e-06 0.00226627 1.06156e-05 0.00231487 2.79755e-05 1.14656e-05 6.89743e-13 1.26441e-10 81574 0.000836329 
1035.5 27.3208 0.114852 0.476037 11994.4 1.52411 3584.98 10.5785 3.13735 3.01071e-08 8.61621e-06 0.00971584 2.33221e-07 4.0055e-06 1823.62 4.10033e-05 163.32 0.00147647 0.000134799 9.53497e-20 3.39279e-15 0.000346237 1.45552e-06 6.03281e-06 0.152004 1.9315e-05 0.0454324 0.000134061 3.97596e-05 3.81547e-13 1.09193e-10 5.69989e-05 9.14912e-07 3.79036e-06 0.00233145 1.21064e-05 0.00237656 2.71823e-05 1.12905e-05 1.03092e-12 1.76277e-10 78908 0.000808996 
1060.5 27.0051 0.135319 0.583586 11437.4 1.81602 3600.31 10.5669 2.95761 5.17645e-08 1.31367e-05 0.0097607 3.20653e-07 5.95149e-06 1708.04 5.77407e-05 169.65 0.00151028 0.000123496 2.32003e-19 7.02167e-15 0.000352515 1.7664e-06 7.61791e-06 0.1493 2.37056e-05 0.0469972 0.000137937 3.86076e-05 6.75715e-13 1.71481e-10 5.60864e-05 1.03224e-06 4.4335e-06 0.00237099 1.38481e-05 0.00241118 2.62303e-05 1.1024e-05 1.60371e-12 2.49504e-10 76607 0.000785406 
1085.5 26.8832 0.160973 0.721933 10998.7 2.19522 3643.86 10.6512 2.78685 9.03352e-08 2.03624e-05 0.00986116 4.4672e-07 8.95971e-06 1612.54 8.31608e-05 177.394 0.00156061 0.000111967 5.45499e-19 1.47395e-14 0.000358252 2.14517e-06 9.62064e-06 0.146571 2.9254e-05 0.048559 0.00014194 3.71382e-05 1.20383e-12 2.71354e-10 5.53886e-05 1.16248e-06 5.18097e-06 0.00243296 1.58878e-05 0.0024548 2.54991e-05 1.06234e-05 2.41252e-12 3.50413e-10 75040 0.00076934 
1110.5 26.7556 0.188614 0.879682 10584.7 2.625 3688.33 10.7206 2.61731 1.52249e-07 3.06149e-05 0.00994683 6.06421e-07 1.31519e-05 1522.7 0.000117623 185.294 0.00160622 0.000100685 1.35783e-18 3.01685e-14 0.000363527 2.56269e-06 1.19522e-05 0.143814 3.56658e-05 0.0501131 0.00014566 3.55612e-05 2.0686e-12 4.15963e-10 5.47318e-05 1.29308e-06 5.98662e-06 0.00249175 1.80581e-05 0.00250178 2.46325e-05 1.01686e-05 3.76427e-12 4.86696e-10 73600 0.000754577 
1135.5 26.7751 0.223007 1.08121 10246.2 3.17847 3753.72 10.8682 2.4482 2.61044e-07 4.66839e-05 0.0100786 8.33891e-07 1.95468e-05 1445.65 0.000169645 194.433 0.00166655 8.90946e-05 3.27742e-18 6.27201e-14 0.000368579 3.06986e-06 1.48836e-05 0.141046 4.37541e-05 0.0516728 0.00014961 3.37013e-05 3.59346e-12 6.42639e-10 5.37447e-05 1.43356e-06 6.89591e-06 0.00252868 2.05152e-05 0.00253806 2.36265e-05 9.52233e-06 5.67479e-12 6.71122e-10 72644 0.000744775 
1160.5 26.47 0.25915 1.30687 9801.53 3.79473 3774.17 10.8715 2.24563 4.3984e-07 6.97561e-05 0.0100826 1.12546e-06 2.85651e-05 1355.47 0.000241728 201.378 0.00170392 7.67253e-05 7.90252e-18 1.28651e-13 0.000373338 3.6551e-06 1.84323e-05 0.138242 5.35215e-05 0.0532316 0.000153333 3.16728e-05 6.20358e-12 9.83852e-10 5.31601e-05 1.58554e-06 7.94581e-06 0.00260547 2.33413e-05 0.00258364 2.28338e-05 8.88716e-06 8.54249e-12 9.20083e-10 70901 0.000726905 
1185.5 26.4667 0.304056 1.59566 9492.02 4.58541 3839.13 11.0021 2.06296 7.41562e-07 0.000104501 0.0101839 1.53043e-06 4.21015e-05 1285.81 0.000348609 210.738 0.00175997 6.52496e-05 1.9122e-17 2.63813e-13 0.000377567 4.33759e-06 2.27632e-05 0.135411 6.54143e-05 0.054768 0.000156953 2.94297e-05 1.05789e-11 1.49078e-09 5.22004e-05 1.73727e-06 9.07991e-06 0.00265032 2.63462e-05 0.00260897 2.1749e-05 8.04534e-06 1.26837e-11 1.2414e-09 70098 0.000718673 
1210.5 26.4937 0.357671 1.95548 9213.32 5.56986 3914.11 11.1478 1.87672 1.26027e-06 0.000156877 0.0102829 2.09108e-06 6.25109e-05 1221.9 0.000507898 220.926 0.00181803 5.42644e-05 4.8272e-17 5.50046e-13 0.000381209 5.14642e-06 2.81368e-05 0.132568 8.01431e-05 0.056319 0.000160402 2.70035e-05 1.81336e-11 2.25725e-09 5.13576e-05 1.89798e-06 1.03814e-05 0.00270302 2.97503e-05 0.00264724 2.0741e-05 7.18355e-06 1.91244e-11 1.67907e-09 69499 0.000712531 
1235.5 26.6658 0.421049 2.4024 8999.68 6.78481 4014.92 11.3356 1.69722 2.11721e-06 0.000233145 0.0104201 2.84953e-06 9.28765e-05 1167.57 0.000740855 232.76 0.00187845 4.41691e-05 1.20735e-16 1.12915e-12 0.000384228 6.0669e-06 3.46162e-05 0.129677 9.77625e-05 0.057851 0.000163335 2.44553e-05 3.05069e-11 3.35939e-09 5.0122e-05 2.06196e-06 1.18314e-05 0.00274757 3.3429e-05 0.00266665 1.97004e-05 6.19459e-06 2.84431e-11 2.23258e-09 69401 0.000711527 
1260.5 26.8228 0.495418 2.95629 8786.96 8.27776 4116.34 11.4993 1.51277 3.55794e-06 0.000345 0.0105465 3.88559e-06 0.000138695 1114.31 0.00108604 244.928 0.00193093 3.4935e-05 3.0777e-16 2.32761e-12 0.000386919 7.14642e-06 4.26446e-05 0.126752 0.000119407 0.0593783 0.000165877 2.18217e-05 5.13233e-11 4.97663e-09 4.92685e-05 2.23123e-06 1.34949e-05 0.00279766 3.75258e-05 0.00270296 1.83972e-05 5.26814e-06 4.24913e-11 2.968e-09 69324 0.000710737 
1285.5 26.895 0.578489 3.62044 8563.22 10.0418 4213.19 11.5937 1.32797 5.82529e-06 0.000499601 0.0106163 5.24254e-06 0.000205979 1060.7 0.00158025 257.143 0.00196419 2.67705e-05 7.53045e-16 4.62894e-12 0.000388831 8.36342e-06 5.23419e-05 0.123801 0.000145178 0.0609116 0.000167614 1.9199e-05 8.42182e-11 7.22291e-09 4.78977e-05 2.41795e-06 1.54348e-05 0.0028467 4.20674e-05 0.00271818 1.73898e-05 4.29297e-06 6.1598e-11 3.84081e-09 69169 0.000709148 
1310.5 27.1666 0.680563 4.48129 8408.88 12.2937 4345.6 11.7446 1.15613 9.53967e-06 0.000722256 0.010756 7.12681e-06 0.000310303 1016.62 0.00232508 271.876 0.00199987 2.00164e-05 1.86507e-15 9.19266e-12 0.000390364 9.77919e-06 6.43929e-05 0.120829 0.000176652 0.0624431 0.000168761 1.66128e-05 1.37078e-10 1.03783e-08 4.66096e-05 2.60278e-06 1.76745e-05 0.00287657 4.69446e-05 0.00274257 1.60172e-05 3.41109e-06 8.94948e-11 4.93791e-09 69593 0.000713495 
1335.5 27.5613 0.803459 5.58851 8306.02 15.1361 4510.44 11.9027 0.99272 1.5492e-05 0.00103597 0.01092 9.71162e-06 0.000472271 979.179 0.00344339 289.107 0.00202474 1.44621e-05 4.57677e-15 1.7984e-11 0.000390941 1.13966e-05 7.92696e-05 0.117816 0.000214696 0.0639779 0.000168833 1.40811e-05 2.19745e-10 1.46946e-08 4.53772e-05 2.80558e-06 2.03765e-05 0.00291101 5.24222e-05 0.00276189 1.46688e-05 2.61883e-06 1.28961e-10 6.25787e-09 70500 0.000722794 
1360.5 28.078 0.949767 7.00703 8246.48 18.6894 4706.7 12.0554 0.842051 2.46746e-05 0.00146299 0.0111092 1.32035e-05 0.000723021 947.019 0.00510332 308.852 0.00203502 1.01371e-05 1.08215e-14 3.40612e-11 0.000390754 1.32176e-05 9.75149e-05 0.114764 0.000260095 0.0655018 0.000167771 1.17186e-05 3.4339e-10 2.036e-08 4.37514e-05 3.00715e-06 2.35143e-05 0.00293955 5.8071e-05 0.00277838 1.31725e-05 1.93651e-06 1.80783e-10 7.71291e-09 71856 0.000736696 
1385.5 28.8255 1.13389 8.9244 8274.99 23.3657 4965.86 12.2443 0.705302 3.92153e-05 0.00205939 0.0113412 1.81311e-05 0.00113096 924.647 0.00767711 333.326 0.00203309 6.8554e-06 2.54212e-14 6.37371e-11 0.000388965 1.53006e-05 0.000120424 0.111661 0.000315292 0.0670084 0.000165223 9.51722e-06 5.29165e-10 2.7789e-08 4.17349e-05 3.24804e-06 2.75485e-05 0.00296462 6.46874e-05 0.0027769 1.16489e-05 1.38858e-06 2.51026e-10 9.37163e-09 74108 0.000759785 
1410.5 29.9387 1.36849 11.5548 8401.75 29.5819 5307.03 12.4786 0.585396 6.17183e-05 0.00287535 0.0117016 2.51496e-05 0.00180771 912.606 0.0117072 364.448 0.00201945 4.50454e-06 5.8276e-14 1.16311e-10 0.000386765 1.76789e-05 0.000149272 0.108538 0.000382156 0.0685592 0.000161205 7.56247e-06 7.97312e-10 3.71454e-08 3.97508e-05 3.51477e-06 3.27245e-05 0.0029911 7.2086e-05 0.00278754 1.00699e-05 1.00064e-06 3.4225e-10 1.10809e-08 77408 0.000793618 
1435.5 30.8199 1.63672 14.92 8494.66 37.2204 5650.26 12.5058 0.471327 9.3896e-05 0.00389308 0.0118908 3.4424e-05 0.00288915 895.41 0.017716 396.466 0.00194514 2.79891e-06 1.26161e-13 2.01108e-10 0.000382125 2.02931e-05 0.000184988 0.105322 0.000461482 0.0700555 0.000155055 5.84382e-06 1.16418e-09 4.82689e-08 3.7558e-05 3.8729e-06 4.00125e-05 0.00301504 8.17807e-05 0.00280448 8.65561e-06 7.43264e-07 4.57062e-10 1.27898e-08 80654 0.000826897 
1460.5 32.0754 1.98363 19.6572 8706.04 47.5657 6104.4 12.52 0.375938 0.000141436 0.00521656 0.012165 4.77264e-05 0.004744 889.348 0.0272806 437.523 0.00184252 1.68702e-06 2.65155e-13 3.36543e-10 0.000376026 2.32545e-05 0.000230445 0.102063 0.000557622 0.071563 0.000146774 4.40719e-06 1.65808e-09 6.11547e-08 3.48811e-05 4.32828e-06 5.01002e-05 0.00303974 9.41961e-05 0.00281041 7.58842e-06 5.94873e-07 5.9936e-10 1.43336e-08 85301 0.00087454 
1485.5 33.9849 2.45999 26.7184 9123.26 62.3598 6752.24 12.5675 0.300127 0.000211588 0.00693615 0.0125936 6.77482e-05 0.00811566 901.783 0.0432347 494.227 0.00171447 9.97184e-07 5.38008e-13 5.42304e-10 0.000367845 2.66264e-05 0.000289195 0.0987484 0.00067497 0.0730849 0.000136028 3.24851e-06 2.29019e-09 7.50755e-08 3.16349e-05 4.93237e-06 6.48745e-05 0.00307967 0.000111262 0.00282901 7.30437e-06 4.90412e-07 7.60474e-10 1.52794e-08 92389 0.000947209 
1510.5 36.5264 3.11433 37.3855 9761.34 83.7184 7637.24 12.543 0.241729 0.000310753 0.00905013 0.0131069 9.79986e-05 0.0143992 931.473 0.0702674 570.408 0.00154341 5.86694e-07 1.02734e-12 8.2294e-10 0.0003567 3.04131e-05 0.00036509 0.0953246 0.000817554 0.0745817 0.000122489 2.36061e-06 3.03467e-09 8.83793e-08 2.75887e-05 5.66162e-06 8.55884e-05 0.0030885 0.000133431 0.00281157 8.28496e-06 3.96104e-07 9.07358e-10 1.50181e-08 102401 0.00104986 
1535.5 40.1174 4.0782 54.657 10775.3 116.618 8930.44 12.437 0.201871 0.000446672 0.0115254 0.0137771 0.000147047 0.0271005 990.67 0.119181 680.647 0.00133134 3.57742e-07 1.81493e-12 1.15312e-09 0.000341905 3.47569e-05 0.00046582 0.0918332 0.000993886 0.0761106 0.000105996 1.72047e-06 3.80681e-09 9.82267e-08 2.2757e-05 6.72156e-06 0.000118233 0.0031223 0.000167109 0.00283955 1.05539e-05 2.98123e-07 9.87966e-10 1.33826e-08 117335 0.00120297 
1560.5 44.7105 5.51167 83.2275 12244.3 168.147 10771.7 12.0442 0.179663 0.000608417 0.0139025 0.0144461 0.000227917 0.0537357 1081.46 0.209965 837.025 0.00106999 2.38132e-07 2.78344e-12 1.41734e-09 0.000322105 3.97075e-05 0.000599592 0.0882106 0.00121137 0.0776022 8.67693e-05 1.29434e-06 4.38319e-09 1.00157e-07 1.79335e-05 8.07994e-06 0.000166179 0.0031604 0.000212654 0.00283574 1.33992e-05 2.00613e-07 9.1665e-10 1.33954e-08 138807 0.0014231 
1585.5 51.0802 7.82297 133.78 14580 255.035 13639.2 11.4088 0.178928 0.000757629 0.0154151 0.0151683 0.000371244 0.112955 1233.78 0.3896 1079.51 0.000794556 1.88043e-07 3.4676e-12 1.45414e-09 0.000296043 4.53392e-05 0.000775341 0.084501 0.0014781 0.0790483 6.61215e-05 1.037e-06 4.39096e-09 8.93407e-08 1.63939e-05 9.79585e-06 0.000231288 0.00318817 0.000270586 0.00280017 1.52618e-05 1.20238e-07 9.0361e-10 2.11178e-08 172543 0.00176898 
1610.5 59.6049 11.4629 219.805 18195.6 400.36 18085.3 10.6092 0.200735 0.000805615 0.014892 0.0158609 0.000611003 0.232397 1473.01 0.734231 1454.53 0.000545354 1.80359e-07 3.23687e-12 1.17496e-09 0.000264778 5.09209e-05 0.000976419 0.0808288 0.00177848 0.0803387 4.71285e-05 8.91707e-07 3.57871e-09 6.61532e-08 1.87126e-05 1.10123e-05 0.000281005 0.0031843 0.000314015 0.00265365 1.41945e-05 7.77973e-08 1.25367e-09 2.90375e-08 225113 0.00230795 
1635.5 68.5901 16.1975 340.301 22784.1 609.401 23935.9 9.67926 0.236307 0.000669645 0.0116325 0.0160926 0.000927852 0.41772 1767.07 1.29213 1948.83 0.000351349 1.91178e-07 2.09036e-12 7.04797e-10 0.000233111 5.50489e-05 0.00115655 0.0774344 0.00207112 0.0813487 3.2896e-05 8.03114e-07 2.27586e-09 3.95344e-08 1.87589e-05 1.10916e-05 0.000286458 0.00308461 0.000319251 0.00238925 1.05807e-05 6.88835e-08 1.38736e-09 2.88506e-08 294238 0.00301665 
1660.5 77.019 20.9637 472.101 27863.6 861.607 30677.6 8.99675 0.272805 0.000425267 0.00725903 0.0159661 0.00121208 0.619078 2080.28 2.01631 2519.49 0.000232854 2.00514e-07 9.40877e-13 3.21578e-10 0.000206055 5.60858e-05 0.00126305 0.0745456 0.00230512 0.0820742 2.40697e-05 7.29857e-07 1.13775e-09 1.94206e-08 1.60182e-05 9.85653e-06 0.000246937 0.00291454 0.000284237 0.00209963 6.60458e-06 6.13097e-08 1.10577e-09 2.19814e-08 373779 0.00383213 
1685.5 85.757 25.0732 599.639 33637.4 1148.19 38484.9 8.78962 0.305624 0.000209278 0.00366923 0.0158812 0.00138118 0.789328 2433.79 2.8562 3182.9 0.000171872 2.01809e-07 3.08486e-13 1.15264e-10 0.000184203 5.38562e-05 0.001288 0.0722518 0.00246628 0.0826641 1.88797e-05 6.56469e-07 4.49521e-10 7.88137e-09 1.34744e-05 8.13755e-06 0.000191046 0.00271117 0.000229093 0.0018384 3.56789e-06 5.02745e-08 6.78636e-10 1.36186e-08 465558 0.00477309 
1710.5 96.3906 28.2946 721.301 41177.2 1486.71 48609.3 9.09068 0.338159 8.17206e-05 0.00153449 0.0160071 0.00139665 0.902329 2907.33 3.80197 4047.93 0.000143427 1.96733e-07 7.50484e-14 3.28763e-11 0.000165068 4.84543e-05 0.00123522 0.0705156 0.00254598 0.0832431 1.55677e-05 5.79094e-07 1.39946e-10 2.6278e-09 1.28231e-05 6.62804e-06 0.000139491 0.00251633 0.000169803 0.00162545 1.80641e-06 3.94252e-08 3.30053e-10 7.02816e-09 583944 0.00598683 
1735.5 110.137 30.6236 844.943 52544.2 1925.12 63685.6 9.85224 0.378018 2.58759e-05 0.000539498 0.0161274 0.00126237 0.949897 3641.19 4.89454 5344.74 0.000128717 1.89061e-07 1.34896e-14 7.28593e-12 0.000145095 4.03434e-05 0.00111313 0.0692217 0.00253615 0.0838993 1.29793e-05 4.98001e-07 3.40889e-11 7.10734e-10 1.39151e-05 5.9542e-06 0.000111094 0.00229232 0.000126522 0.00143622 1.05288e-06 3.26224e-08 1.28876e-10 3.01552e-09 759072 0.00778231 
1760.5 129.153 32.3007 992.382 72865 2585.83 90376.7 11.2004 0.441031 6.2705e-06 0.000151542 0.0159132 0.00101625 0.937232 4979.42 6.28513 7655.34 0.000118588 1.8339e-07 1.66165e-15 1.19284e-12 0.000121022 3.02673e-05 0.000929908 0.0682779 0.00242304 0.0846872 1.04953e-05 4.13267e-07 5.87575e-12 1.42002e-10 1.62771e-05 6.01402e-06 0.000116197 0.00201866 0.00013544 0.00122081 9.85766e-07 3.24846e-08 3.90194e-11 1.04766e-09 1.06718e+06 0.0109412 
1785.5 159.873 33.6285 1217.21 121346 3863.47 153594 13.7997 0.571796 1.02621e-06 3.01759e-05 0.0149445 0.000696334 0.86231 8214.79 8.40314 13154.5 0.00010896 1.85174e-07 1.01636e-16 9.70595e-14 8.91339e-05 1.87489e-05 0.00067863 0.0676539 0.002154 0.0856331 7.69372e-06 3.18794e-07 5.72143e-13 1.6824e-11 1.9676e-05 6.0585e-06 0.000142213 0.001716 0.000212813 0.0010098 1.24699e-06 4.01348e-08 7.50586e-12 2.32014e-10 1.79362e+06 0.018389 
1810.5 237.66 37.3561 1786.83 320970 7874.05 413994 21.2966 0.993781 5.54611e-08 2.2872e-06 0.0135926 0.000387687 0.763639 21581.8 13.4251 35895.2 0.000103907 2.17705e-07 6.73379e-19 9.65508e-16 4.97709e-05 7.82314e-06 0.0003742 0.0672178 0.00164899 0.0866989 4.45996e-06 2.08118e-07 1.16147e-14 4.78988e-13 1.92207e-05 4.47081e-06 0.000141055 0.0012064 0.000303855 0.000716786 1.36716e-06 4.77363e-08 3.75346e-13 1.42115e-11 4.77508e+06 0.048956 
1835.5 432.612 34.7572 3246.79 2.7839e+06 31442.1 3.64916e+06 53.3188 3.12204 -1.19061e-07 -1.34717e-06 0.00750754 8.7968e-05 0.415945 186253 26.424 320012 8.59127e-05 2.75753e-07 7.2324e-22 4.44482e-19 1.03962e-05 8.35258e-07 7.80242e-05 0.0669006 0.000755591 0.0876937 1.28131e-06 7.50264e-08 -2.86117e-15 -3.23742e-14 8.50499e-06 1.19009e-06 6.2513e-05 0.000450508 0.000253145 0.000303536 6.50245e-07 3.15865e-08 3.03217e-15 9.81496e-14 4.16126e+07 0.426629 
1860.5 0.333889 0.0268373 2.4497 1568.52 21.7837 2097.01 0.0354409 0.00208184 -1.10537e-10 -1.11422e-09 5.60581e-06 4.47558e-08 0.000298799 102.761 0.0206598 183.664 5.7012e-08 1.91674e-10 5.87159e-25 5.92658e-23 1.39452e-05 1.12088e-06 0.000102314 0.0655106 0.000909816 0.0875834 1.48022e-06 8.69499e-08 -4.61668e-15 -4.65364e-14 6.29794e-06 7.82867e-07 4.485e-05 0.000512739 0.000187378 0.000213451 4.36005e-07 2.10979e-08 1.79151e-15 1.75971e-14 23943 0.000245473 
1885.5 0 0 0 0 0 0 0 0 0 0 0 0 0 0 0 0 0 0 0 0 0.0 0.0 0.0 0.0 0.0 0.0 0.0 0.0 0.0 0.0 0.0 0.0 0.0 0.0 0.0 0.0 0.0 0.0 0.0 0.0 0 0 
