310.5 0.000128371 5.21214e-08 0.0496497 -2.48359e-07 0.0255236 1.00786e-07 9.01252 0.00905495 0.034408 5.89841e-06 2.45242e-09 1.67615e-19 1.56388e-09 1.71521e-16 4.1329e-10 8.10614e-17 2.89659e-05 2.11786e-07 3.60531e-09 1.41333e-13 3.61741e-12 1.46874e-15 1.39909e-09 -6.99857e-15 7.19237e-10 2.84008e-15 2.53966e-07 2.55162e-10 9.69592e-10 1.66213e-13 8.31309e-09 6.87103e-14 6.48934e-09 2.19847e-12 3.336e-09 1.51137e-12 8.67029e-07 7.72523e-08 1.00327e-08 6.31081e-11 3.54871e+07 0.363828 
335.5 -0.0142538 6.64417e-09 0.0539045 -7.54841e-08 0.0277109 3.44787e-06 7.39902 0.0796998 0.0769751 0.000101991 6.12346e-07 4.77733e-19 8.42056e-08 2.4838e-14 2.22532e-08 1.10683e-13 0.000367748 1.18498e-05 2.60343e-06 3.91138e-11 -7.57989e-09 3.53323e-15 2.86653e-08 -4.01408e-14 1.47361e-08 1.8335e-12 3.93464e-06 4.23826e-08 4.09337e-08 5.42368e-11 5.70592e-07 5.0402e-13 2.09659e-07 1.14927e-10 1.0778e-07 2.42602e-10 1.34194e-05 2.50991e-06 1.17591e-06 4.56037e-09 1.88048e+06 0.0192795 
360.5 -0.0756035 2.23275e-08 0.0848283 -2.96037e-06 0.043608 2.56434e-05 8.22074 0.267338 0.278127 0.000522285 9.73118e-06 2.68295e-16 1.15798e-06 4.93572e-12 3.06021e-07 4.71971e-12 0.00304952 0.000104118 9.82608e-05 8.85198e-10 -7.42659e-08 2.19324e-14 8.33275e-08 -2.90799e-12 4.28365e-08 2.51897e-11 8.0753e-06 2.62608e-07 2.73206e-07 5.13044e-10 3.09087e-06 1.62342e-11 1.06327e-06 2.20191e-09 5.466e-07 2.15304e-09 5.41328e-05 1.01098e-05 9.82078e-06 2.94834e-08 1.01801e+06 0.0104371 
385.5 -0.231001 1.0177e-07 0.171906 -1.20639e-05 0.0883723 9.53116e-05 12.6418 0.629019 0.92719 0.00153602 5.3262e-05 2.46377e-15 6.61542e-06 3.39121e-11 1.74827e-06 5.28038e-11 0.0130695 0.000415771 0.000978164 5.60096e-09 -3.26129e-07 1.43679e-13 2.42698e-07 -1.7032e-11 1.24765e-07 1.34562e-10 1.78479e-05 8.88055e-07 1.30902e-06 2.16856e-09 8.66542e-06 5.89775e-11 3.04644e-06 6.91933e-09 1.5661e-06 8.63312e-09 0.000134659 2.42116e-05 3.71385e-05 8.88976e-08 708311 0.00726189 
410.5 -0.514033 2.60595e-07 0.336628 -2.79923e-05 0.173052 0.000277635 20.5932 1.18261 2.52601 0.00362563 0.00018434 1.39043e-14 2.71953e-05 1.95144e-10 7.18695e-06 3.71135e-10 0.0426216 0.00128171 0.00574778 3.03544e-08 -9.00415e-07 4.56476e-13 5.89662e-07 -4.90332e-11 3.0313e-07 4.86325e-10 3.60725e-05 2.07154e-06 4.42474e-06 6.35091e-09 1.79469e-05 1.56063e-10 6.87673e-06 1.84885e-08 3.53515e-06 2.54925e-08 0.000270846 4.73374e-05 0.000100243 2.30501e-07 570884 0.00585293 
435.5 -0.993906 3.02766e-07 0.614724 -2.94007e-05 0.316013 0.00067015 32.7032 2.0748 5.9179 0.0074834 0.000534387 1.26034e-14 8.68707e-05 1.46926e-10 2.29575e-05 1.36952e-09 0.115993 0.00346203 0.024717 9.60371e-08 -2.26457e-06 6.89839e-13 1.40062e-06 -6.69883e-11 7.20024e-07 1.52691e-09 7.4513e-05 4.72736e-06 1.34837e-05 1.70506e-08 3.48203e-05 1.69458e-10 1.39989e-05 1.82965e-08 7.19648e-06 5.58397e-08 0.000508658 8.86891e-05 0.000236928 4.67468e-07 438893 0.00449971 
460.5 -1.70177 3.82461e-07 1.05661 -3.36029e-05 0.543178 0.00139194 50.3808 3.36281 12.2622 0.0137871 0.00110456 1.19855e-14 0.000228453 1.17796e-10 6.03738e-05 4.31228e-09 0.268972 0.00718886 0.0770034 2.66527e-07 -4.68682e-06 1.05333e-12 2.91001e-06 -9.25451e-11 1.49596e-06 3.83353e-09 0.000138753 9.26148e-06 3.37711e-05 3.79709e-08 5.49554e-05 1.81681e-10 2.49141e-05 1.80114e-08 1.28077e-05 1.08911e-07 0.000849422 0.000140403 0.000459275 8.55919e-07 363097 0.00372262 
485.5 -2.69765 5.91883e-07 1.7555 -3.7736e-05 0.902459 0.00270267 76.3917 5.25718 23.6042 0.0240918 0.00196454 2.27243e-14 0.000561098 1.58972e-10 0.000148283 1.20549e-08 0.578163 0.013708 0.22201 6.13092e-07 -8.97012e-06 1.96811e-12 5.83734e-06 -1.25478e-10 3.00082e-06 8.98682e-09 0.000254015 1.7481e-05 7.84878e-05 8.01091e-08 8.0324e-05 2.74879e-10 4.2798e-05 2.29911e-08 2.20014e-05 2.00009e-07 0.00136307 0.000212781 0.000855605 1.42556e-06 300737 0.00308328 
510.5 -3.91304 9.88343e-07 2.75918 -3.62259e-05 1.41842 0.00517822 111.179 7.85994 42.721 0.0408011 0.00328884 5.23308e-14 0.00136565 2.3623e-10 0.000360902 6.37474e-08 1.1736 0.031471 0.771334 2.30693e-06 -1.52373e-05 3.84858e-12 1.07442e-05 -1.41063e-10 5.52331e-06 2.01639e-08 0.000432929 3.06064e-05 0.000166354 1.58878e-07 0.000112136 4.51398e-10 7.21273e-05 3.03291e-08 3.70788e-05 4.9782e-07 0.00209346 0.000348727 0.00172507 2.99297e-06 256807 0.00263289 
535.5 -5.77912 1.46251e-06 4.46242 -3.29349e-05 2.29401 0.00986391 166.498 12.4825 78.6212 0.0717681 0.00568086 6.14326e-14 0.00312755 2.75228e-10 0.000826525 1.426e-07 2.45408 0.0623132 1.89851 5.04525e-06 -2.55514e-05 6.46626e-12 1.97299e-05 -1.45616e-10 1.01426e-05 4.36117e-08 0.000736145 5.51893e-05 0.000347611 3.17311e-07 0.00015641 5.21126e-10 0.000115925 3.48835e-08 5.95942e-05 7.92831e-07 0.00321067 0.000521979 0.0028763 4.71233e-06 226176 0.00231885 
560.5 -7.74927 2.58723e-06 6.7339 -2.38299e-05 3.46173 0.017421 237.246 18.4202 131.853 0.116676 0.00844884 8.27325e-14 0.00626959 2.47812e-10 0.00165688 4.06078e-07 4.60829 0.121863 4.42462 1.29539e-05 -3.7356e-05 1.2472e-11 3.24613e-05 -1.14874e-10 1.66875e-05 8.39792e-08 0.00114366 8.87962e-05 0.000635609 5.62447e-07 0.000198325 6.31398e-10 0.00017079 3.45628e-08 8.77988e-05 1.3966e-06 0.00457238 0.000761293 0.00457441 7.88219e-06 207444 0.0021268 
585.5 -9.88916 4.54624e-06 10.1284 1.39983e-07 5.20674 0.0289891 338.235 26.811 216.747 0.182287 0.0110934 1.81086e-13 0.0120918 4.23279e-10 0.00319554 7.83504e-07 8.35354 0.205377 9.33224 2.24321e-05 -5.23663e-05 2.40738e-11 5.3633e-05 7.41257e-13 2.75713e-05 1.53507e-07 0.00179106 0.000141973 0.00114774 9.65267e-07 0.000236645 9.78943e-10 0.000247293 4.73434e-08 0.000127127 2.03109e-06 0.00640521 0.00103314 0.00693541 1.0856e-05 188846 0.00193612 
610.5 -11.8031 7.16501e-06 14.7708 0.000100453 7.59327 0.047423 473.206 37.9556 342.499 0.28005 0.0132584 2.22958e-13 0.0226683 1.16138e-10 0.00599061 1.89274e-06 14.685 0.371179 19.8167 4.91675e-05 -6.75625e-05 4.10135e-11 8.45498e-05 5.75005e-10 4.34649e-05 2.71455e-07 0.00270869 0.000217263 0.00196051 1.60304e-06 0.000267074 1.12896e-09 0.000350154 2.5777e-08 0.000180005 3.28034e-06 0.00875911 0.00144135 0.0104685 1.66995e-05 174699 0.00179108 
635.5 -13.441 1.39152e-05 21.7814 0.000247692 11.1973 0.0786695 668.368 54.985 544.357 0.438475 0.0150135 8.46159e-13 0.0429049 2.85156e-10 0.0113386 4.92621e-06 25.7673 0.665442 41.0048 0.00011336 -8.31992e-05 8.61343e-11 0.000134826 1.5332e-09 6.93107e-05 4.86961e-07 0.00413717 0.000340355 0.00336955 2.71414e-06 0.000293276 2.28698e-09 0.000497395 4.19852e-08 0.000255698 5.50054e-06 0.0119324 0.0020008 0.0155713 2.63501e-05 161552 0.0016563 
660.5 -13.6382 2.26527e-05 31.445 0.000515601 16.1651 0.123303 931.963 77.399 839.144 0.654602 0.0147832 1.38262e-12 0.0754457 4.76405e-10 0.0199382 8.5119e-06 44.103 1.0723 76.9835 0.000189081 -9.07133e-05 1.50672e-10 0.000209154 3.42948e-09 0.000107521 8.20137e-07 0.00619887 0.000514813 0.00558149 4.35403e-06 0.000300167 3.02881e-09 0.000676813 5.61872e-08 0.000347932 7.47954e-06 0.0159663 0.00262054 0.0219293 3.51951e-05 150344 0.00154139 
685.5 -11.7524 4.06115e-05 45.69 0.00106862 23.4881 0.200954 1311.17 111.92 1303.44 1.01357 0.0157275 3.794e-12 0.135126 8.55839e-10 0.0357101 1.86889e-05 76.8953 1.88626 152.652 0.000370009 -8.33378e-05 2.87982e-10 0.000323994 7.57772e-09 0.000166557 1.42499e-06 0.0092977 0.000793639 0.0092429 7.18735e-06 0.00032339 5.17889e-09 0.000923703 7.75336e-08 0.000474852 1.14234e-05 0.0214203 0.00357013 0.0315761 5.07161e-05 141021 0.0014458 
710.5 -5.65226 7.21853e-05 66.3661 0.00212017 34.1171 0.325494 1836.97 162.566 2011.24 1.57366 0.0178409 6.45629e-12 0.248112 2.05133e-09 0.0655692 3.39505e-05 134.144 3.23489 295.67 0.00066458 -4.25481e-05 5.43384e-10 0.000499579 1.59599e-08 0.000256821 2.4502e-06 0.013828 0.00122374 0.0151399 1.18459e-05 0.000363991 6.9502e-09 0.00127205 1.23235e-07 0.00065393 1.57976e-05 0.0286107 0.00478054 0.0446819 6.97308e-05 132844 0.00136197 
735.5 7.59555 0.000133668 94.7917 0.00409736 48.73 0.525838 2541.63 232.713 3037.49 2.42346 0.0455937 2.32029e-11 0.449999 6.31517e-09 0.118922 8.25744e-05 230.007 5.80567 581.778 0.00144033 5.99212e-05 1.05451e-09 0.000747811 3.2324e-08 0.00038443 4.14833e-06 0.0200509 0.00183587 0.0239627 1.91187e-05 0.000596739 1.34883e-08 0.0017294 2.20852e-07 0.000889038 2.51837e-05 0.037583 0.00651386 0.0633674 0.000104868 126759 0.00129958 
760.5 31.5604 0.000241302 135.823 0.00778928 69.8231 0.853091 3541.15 335.993 4585.67 3.76856 0.133252 5.57028e-11 0.816533 1.68825e-08 0.215787 0.000177907 399.42 10.2737 1126 0.00293662 0.000261312 1.99791e-09 0.00112458 6.44931e-08 0.000578116 7.06335e-06 0.0293197 0.00278193 0.0379681 3.12026e-05 0.00101735 2.13825e-08 0.00234435 3.6827e-07 0.00120517 3.77244e-05 0.0494716 0.00879342 0.0887774 0.000152777 120777 0.00123825 
785.5 70.0967 0.000399445 190.072 0.0138784 97.7113 1.32435 4828.66 473.043 6723.08 5.64223 0.33188 8.75529e-11 1.39317 3.34377e-08 0.368175 0.000308229 666.204 17.0191 2040.84 0.00490312 0.000609627 3.47394e-09 0.00165305 1.207e-07 0.000849789 1.15178e-05 0.0419946 0.00411403 0.0584702 4.90702e-05 0.00158578 2.73747e-08 0.00306328 5.25582e-07 0.00157476 5.04776e-05 0.0634854 0.0114494 0.119709 0.000200585 114983 0.00117885 
810.5 131.117 0.000702329 266.315 0.0249631 136.906 2.1151 6588.27 674.34 9849.14 8.67002 0.862249 2.13739e-10 2.45624 8.40313e-08 0.649118 0.000675269 1131.73 29.9735 3829.04 0.0101689 0.00120055 6.43076e-09 0.00243847 2.28571e-07 0.00125356 1.93665e-05 0.0603244 0.00617448 0.090182 7.93856e-05 0.00254042 4.37688e-08 0.00406744 8.46861e-07 0.00209097 7.62098e-05 0.0819966 0.0153728 0.164095 0.000294631 109214 0.00111971 
835.5 223.455 0.00123527 371.057 0.0443241 190.751 3.36144 8935.68 958.121 14286.5 13.2672 2.00837 6.21049e-10 4.31241 2.14313e-07 1.13965 0.00146394 1907.81 52.0254 7052.91 0.0203885 0.00212632 1.17544e-08 0.00353085 4.21773e-07 0.00181512 3.19863e-05 0.0850288 0.00911714 0.135945 0.000126246 0.00381965 7.59705e-08 0.00534495 1.36434e-06 0.0027477 0.00011361 0.104519 0.0202961 0.220527 0.000421986 105090 0.00107742 
860.5 361.964 0.00216465 516.95 0.0781065 265.751 5.41234 12125 1373.39 20680.3 20.6194 4.49973 1.16606e-09 7.61029 5.04936e-07 2.01119 0.00301578 3247.83 92.5105 13139.7 0.0403058 0.00356117 2.12968e-08 0.00508599 7.68447e-07 0.00261458 5.3249e-05 0.119291 0.013512 0.203463 0.000202863 0.00562036 1.0497e-07 0.00700044 2.09219e-06 0.00359875 0.000163814 0.133129 0.0269738 0.296441 0.000596149 101642 0.00104207 
885.5 543.39 0.00359954 695.161 0.130543 357.364 8.30977 15903.9 1889.91 28718.4 30.6054 8.96428 2.70356e-09 12.798 1.14548e-06 3.38215 0.0061107 5286.26 153.956 22922.6 0.0770649 0.00563595 3.73339e-08 0.00721009 1.35397e-06 0.00370652 8.61876e-05 0.164952 0.0196019 0.297862 0.000317434 0.00782382 1.63239e-07 0.00898626 3.16978e-06 0.00461961 0.000236539 0.166189 0.034822 0.386041 0.000835787 96415 0.000988485 
910.5 802.6 0.00611003 940.717 0.218433 483.599 13.0059 20972.1 2633.31 40005.8 46.3049 17.709 6.29187e-09 21.7688 2.642e-06 5.75292 0.0126732 8673.27 263.952 40532.2 0.150338 0.00863392 6.57283e-08 0.0101197 2.34978e-06 0.00520228 0.00013991 0.225606 0.0283276 0.43036 0.000498122 0.0107684 2.51722e-07 0.011479 4.78536e-06 0.00590109 0.000341696 0.205923 0.045133 0.500813 0.0011701 92959 0.000953053 
935.5 1155.76 0.0105098 1263.66 0.362463 649.613 20.5275 27413.4 3660.23 55116.9 70.6799 34.153 1.58607e-08 37.2637 6.23771e-06 9.84782 0.0275986 14256.5 458.598 71621 0.307555 0.0130096 1.18302e-07 0.0142241 4.08e-06 0.00731225 0.000231065 0.308574 0.0412007 0.620414 0.000795596 0.0146693 4.05633e-07 0.0147352 7.31897e-06 0.00757503 0.000507216 0.255455 0.058861 0.649058 0.00168195 88839 0.000910813 
960.5 1631.26 0.0181914 1695.19 0.597033 871.453 32.42 35679.2 5060.38 75249.5 108.074 63.9293 4.2188e-08 64.1033 1.49258e-05 16.9408 0.0616925 23298.9 794.155 125106 0.647596 0.0189584 2.1142e-07 0.0197014 6.9387e-06 0.010128 0.000376784 0.414663 0.0588115 0.874546 0.00125603 0.0195847 6.6754e-07 0.0188908 1.11947e-05 0.00971131 0.000758302 0.314378 0.0759661 0.830145 0.002439 86044 0.000882157 
985.5 2281.8 0.0304774 2277.89 0.966962 1171.01 50.9347 46611.2 7012.22 102614 164.763 115.044 8.42779e-08 108.071 3.24009e-05 28.5603 0.124096 37958.8 1349.59 214915 1.24411 0.0270193 3.60889e-07 0.0269729 1.145e-05 0.0138661 0.000603127 0.551932 0.083033 1.21508 0.00195099 0.0251438 9.31509e-07 0.0234977 1.58922e-05 0.0120797 0.00105152 0.38059 0.0953222 1.03365 0.00330535 84451 0.000865825 
1010.5 3084.64 0.0509185 2989.84 1.52317 1537.01 78.6383 59318.1 9459.13 135747 246.876 200.632 1.99324e-07 179.308 7.16522e-05 47.3865 0.260677 60059.8 2257.55 358367 2.47433 0.037814 6.242e-07 0.0366519 1.86723e-05 0.0188419 0.000964012 0.727169 0.115958 1.66409 0.0030264 0.0320876 1.43313e-06 0.0292358 2.30156e-05 0.0150295 0.00150541 0.455506 0.119284 1.27434 0.00460144 81574 0.000836329 
1035.5 4101.28 0.0846822 3902.13 2.36913 2005.99 121.033 74928.6 12625.3 177177 369.194 341.883 4.57963e-07 297.552 0.000157795 78.6358 0.54859 94527.3 3747.06 588459 4.95732 0.0519755 1.07318e-06 0.0494517 3.00239e-05 0.0254219 0.00153385 0.949569 0.16 2.24536 0.00467879 0.0403885 2.15686e-06 0.0364062 3.31406e-05 0.0187157 0.00214467 0.544299 0.14794 1.55432 0.00639789 78908 0.000808996 
1060.5 5410.11 0.142233 5093.15 3.66024 2618.27 187.362 94373.8 16784.4 229539 556.167 577.928 1.14328e-06 494.416 0.000346417 130.662 1.19399 148245 6232.65 957800 10.2433 0.0706217 1.85666e-06 0.0664841 4.77794e-05 0.034178 0.00244575 1.23192 0.219097 2.99632 0.00726 0.0505633 3.38774e-06 0.0450975 4.73194e-05 0.0231838 0.00309906 0.646149 0.182634 1.87746 0.00900025 76607 0.000785406 
1085.5 7128.05 0.240556 6687.64 5.64122 3437.97 291.872 119055 22347.3 296697 844.791 970.255 2.7578e-06 828.648 0.000757922 218.993 2.58296 232344 10376.2 1.54888e+06 21.173 0.09499 3.2057e-06 0.089121 7.51761e-05 0.0458151 0.00388956 1.58655 0.297806 3.95385 0.0112579 0.0625039 5.14534e-06 0.0556795 6.66992e-05 0.0286239 0.00439232 0.761003 0.222683 2.23781 0.0124666 75040 0.00076934 
1110.5 9175.78 0.396341 8661.54 8.48844 4452.72 443.814 148086 28985 374839 1255.36 1566.99 6.57131e-06 1358.58 0.00160128 359.043 5.46081 355986 16628.8 2.41165e+06 42.9391 0.124671 5.38507e-06 0.117684 0.000115332 0.0604989 0.00603008 2.01204 0.393818 5.09293 0.0170565 0.0758141 7.76435e-06 0.0678926 9.19514e-05 0.0349026 0.00615093 0.88796 0.266163 2.61324 0.0171023 73600 0.000754577 
1135.5 11826.6 0.66165 11318.2 12.7994 5818.48 680.609 184746 37636.8 472710 1884.06 2529.38 1.58649e-05 2260.75 0.00341434 597.473 11.7005 546870 26703.4 3.73658e+06 88.3884 0.162803 9.10812e-06 0.155804 0.000176194 0.0800958 0.0093691 2.54317 0.518099 6.50721 0.0259356 0.0911819 1.16376e-05 0.0827412 0.00012632 0.0425363 0.00856073 1.02973 0.314908 3.01547 0.0233255 72644 0.000744775 
1160.5 14866.8 1.0824 14512.9 18.7676 7460.85 1019.34 225500 47487.8 579192 2770.4 3953 3.82624e-05 3684.1 0.00703992 973.647 24.6227 817228 41405.2 5.56469e+06 179.917 0.209683 1.52664e-05 0.204693 0.000264701 0.105229 0.014377 3.18049 0.669776 8.16903 0.0390742 0.108566 1.75099e-05 0.10031 0.000170955 0.0515686 0.0118569 1.18776 0.367948 3.42817 0.0317928 70901 0.000726905 
1185.5 18739.8 1.78936 18848.9 27.6681 9689.94 1537.29 277347 59929.3 709489 4114.96 6160.46 9.36603e-05 6106.57 0.014642 1613.88 52.4347 1.22865e+06 63904.6 8.22047e+06 372.444 0.267338 2.55266e-05 0.268893 0.000394706 0.138234 0.0219306 3.95657 0.854936 10.1214 0.0587029 0.128117 2.61635e-05 0.121702 0.000230404 0.0625666 0.0163423 1.36866 0.425123 3.85078 0.0432107 70098 0.000718673 
1210.5 23488.2 2.96003 24504.3 40.5016 12597.4 2303.7 339347 74862.2 859284 6091.78 9484.02 0.000232497 10134.2 0.0301374 2678.36 110.777 1.82627e+06 96793.2 1.18724e+07 769.947 0.337965 4.2591e-05 0.352585 0.000582765 0.18126 0.0331472 4.88276 1.07717 12.364 0.0876528 0.14914 3.91323e-05 0.146634 0.000306632 0.0753849 0.0222531 1.56086 0.482114 4.23792 0.0582711 69499 0.000712531 
1235.5 29241.7 4.86355 31899.1 58.8355 16399.1 3419.06 413667 92377.3 1.02854e+06 8969.53 14374.2 0.000571087 16810.6 0.0610889 4442.94 230.638 2.68499e+06 143147 1.6713e+07 1580.91 0.421344 7.0079e-05 0.459635 0.000847762 0.236296 0.0492653 5.96053 1.33107 14.8202 0.129242 0.17201 5.75998e-05 0.175952 0.000401909 0.0904587 0.0299366 1.77765 0.539328 4.60205 0.0779477 69401 0.000711527 
1260.5 36200.4 8.00928 41561 84.9264 21366.4 5042.98 501174 112637 1.21503e+06 13177.2 21578.9 0.00143049 27975.4 0.122757 7393.9 478.177 3.90219e+06 207408 2.29545e+07 3258.43 0.522191 0.000115534 0.599517 0.00122506 0.308211 0.0727451 7.22944 1.62479 17.5269 0.190081 0.19645 8.53625e-05 0.210059 0.000519602 0.107995 0.0400732 2.00607 0.593231 4.89149 0.10427 69324 0.000710737 
1285.5 44043 12.9161 53636.5 120.312 27574.7 7267.73 598441 134101 1.40201e+06 19006.9 31450.5 0.00347325 45962.5 0.24003 12148.1 956.036 5.53902e+06 288781 3.02654e+07 6537.2 0.636744 0.000186732 0.775441 0.0017394 0.398658 0.105072 8.65187 1.93874 20.2693 0.27479 0.221918 0.000123875 0.25137 0.000666858 0.129236 0.052741 2.28574 0.645197 5.16846 0.137844 69169 0.000709148 
1310.5 53638.2 20.8983 69686.2 170.193 35826.4 10445.8 715233 158616 1.60588e+06 27473.3 45612.6 0.00851362 75976.8 0.465275 20081.6 1898.14 7.81574e+06 394322 3.9027e+07 13150.1 0.770742 0.000300293 1.00134 0.00244555 0.514799 0.150098 10.2774 2.2792 23.0753 0.394771 0.247741 0.000179328 0.298414 0.000839601 0.153426 0.0688878 2.58496 0.686557 5.32167 0.181971 69593 0.000713495 
1335.5 65080.6 33.811 90811.8 239.827 46688 14883.7 850223 185269 1.81464e+06 39585.9 65346.6 0.0209227 125904 0.893861 33279 3702 1.08545e+07 523237 4.87609e+07 26282.6 0.923128 0.000479589 1.28811 0.00340179 0.662241 0.211116 12.0599 2.62793 25.7396 0.561501 0.27338 0.000258401 0.355877 0.00105198 0.182973 0.0891107 2.91959 0.718178 5.39582 0.239832 70500 0.000722794 
1360.5 78407.2 54.2775 118478 335.798 60912.8 20955.3 1.00545e+06 213051 2.01821e+06 56714 91891.3 0.0506139 208258 1.69081 55048.4 7040.76 1.48449e+07 670449 5.87443e+07 51841.9 1.09117 0.000755364 1.64883 0.00467321 0.847707 0.291629 13.9926 2.96497 28.0868 0.789273 0.296937 0.000365794 0.423824 0.00130065 0.217913 0.11374 3.28647 0.734435 5.35329 0.313876 71856 0.000736696 
1385.5 94454.2 87.1298 154965 467.849 79673 29264.2 1.18269e+06 242044 2.21367e+06 81155.1 127880 0.12198 343147 3.14319 90706.5 13083.2 1.98716e+07 830557 6.81292e+07 101351 1.27455 0.00117571 2.09107 0.00631307 1.07509 0.394886 15.959 3.2661 29.8709 1.09509 0.317996 0.000513495 0.507733 0.00159963 0.261061 0.143552 3.66816 0.734828 5.20103 0.410345 74108 0.000759785 
1410.5 113634 139.366 203557 649.824 104658 40576.2 1.39025e+06 271630 2.39667e+06 116073 175402 0.290073 564098 5.7524 149117 23735.1 2.62316e+07 992111 7.60536e+07 196114 1.46799 0.00180041 2.62966 0.0083948 1.35203 0.524186 17.96 3.50907 30.9615 1.4995 0.333076 0.000711228 0.610096 0.00195963 0.313698 0.178474 4.03896 0.709267 4.88739 0.533863 77408 0.000793618 
1435.5 133637 217.898 262775 881.877 135107 54571.2 1.5924e+06 293569 2.4967e+06 162472 230964 0.666274 900804 10.1136 238133 40843.8 3.29948e+07 1.10449e+06 7.89251e+07 366844 1.65691 0.00270164 3.25805 0.0109341 1.67514 0.676609 19.7436 3.63986 30.9557 2.01443 0.343922 0.000980831 0.744211 0.00241689 0.382664 0.22047 4.39115 0.667487 4.50624 0.700325 80654 0.000826897 
1460.5 156307 337.529 337733 1183.86 173651 72290.9 1.80425e+06 310249 2.53964e+06 225918 296482 1.48813 1.40699e+06 17.1895 371962 67236.2 3.99687e+07 1.15961e+06 7.70547e+07 668389 1.83242 0.00395692 3.95931 0.0138786 2.03574 0.84748 21.1515 3.63711 29.7727 2.64848 0.343461 0.00133732 0.9046 0.00298347 0.46514 0.264578 4.6014 0.60481 4.11242 0.906195 85301 0.00087454 
1485.5 182655 522.781 434779 1581.77 223553 94997.7 2.03008e+06 320263 2.51734e+06 315409 371239 3.26726 2.15574e+06 28.3089 569930 106503 4.65725e+07 1.13691e+06 6.99648e+07 1.20384e+06 1.97702 0.00565847 4.70596 0.0171207 2.41969 1.02824 21.9732 3.46646 27.2472 3.41392 0.331048 0.00182918 1.08961 0.0036456 0.56028 0.309036 4.61185 0.537918 3.85702 1.17272 92389 0.000947209 
1510.5 210574 799.153 553021 2078.41 284356 121852 2.23343e+06 316793 2.38598e+06 435901 441966 6.82864 3.14309e+06 44.0181 831000 156266 5.05464e+07 1.00541e+06 5.71847e+07 2.06883e+06 2.05637 0.00780415 5.40055 0.0202968 2.77689 1.18995 21.8107 3.09365 23.3003 4.2568 0.295618 0.00240428 1.23614 0.00423094 0.63564 0.331719 4.23172 0.497677 3.94133 1.44321 102401 0.00104986 
1535.5 238208 1199.97 690351 2665.31 354978 151462 2.38212e+06 295571 2.12821e+06 595627 490871 13.3455 4.26062e+06 62.9873 1.12652e+06 207638 4.98881e+07 778328 4.08849e+07 3.36273e+06 2.03015 0.0102269 5.88359 0.0227154 3.02534 1.29085 20.3018 2.51903 18.1379 5.07629 0.24894 0.00302475 1.30189 0.0045635 0.669466 0.321422 3.60729 0.536523 4.41155 1.70013 117335 0.00120297 
1560.5 256054 1693.61 809090 3195.9 416046 174256 2.35848e+06 248879 1.71039e+06 770776 480962 21.8844 4.88499e+06 75.9695 1.29167e+06 227392 4.15169e+07 498383 2.42289e+07 4.63889e+06 1.84467 0.0122012 5.82889 0.0230241 2.9973 1.25538 16.9911 1.79298 12.3221 5.55286 0.249296 0.00296507 1.10308 0.00414673 0.567237 0.24941 3.22522 0.612932 4.76623 1.60792 138807 0.0014231 
1585.5 253150 2136.54 852997 3436.75 438638 177392 2.08841e+06 182103 1.19538e+06 900842 393953 27.52 4.46974e+06 73.1744 1.18194e+06 193196 2.79853e+07 254791 1.15479e+07 4.92862e+06 1.46717 0.0123826 4.94368 0.0199182 2.5422 1.0281 12.1037 1.05541 6.92804 5.22097 0.361426 0.00248331 1.21042 0.00523042 0.622384 0.25041 3.96153 0.602329 4.35087 1.14283 172543 0.00176898 
1610.5 218080 2253.5 765015 3136.63 393410 150240 1.57024e+06 110354 693913 886286 255466 25.9463 3.20827e+06 55.2385 848416 123188 1.48553e+07 100965 4.30828e+06 3.88389e+06 0.968757 0.0100105 3.39836 0.0139336 1.74761 0.667397 6.97536 0.490216 3.08251 3.93707 0.443111 0.00387924 1.64407 0.00715801 0.845396 0.319072 4.16349 0.456287 3.10426 1.32384 225113 0.00230795 
1635.5 152137 1858.61 548545 2282.67 282103 99072.6 943586 52497 317989 686165 124228 17.9678 1.76348e+06 31.8728 466370 57267 6.04658e+06 30443.9 1.23834e+06 2.24812e+06 0.517053 0.00631668 1.86429 0.00775791 0.958756 0.336709 3.20688 0.178417 1.08072 2.33201 0.39352 0.00460056 1.58675 0.00693817 0.815962 0.285053 3.20404 0.267646 1.74376 1.48399 294238 0.00301665 
1660.5 85360 1200.59 316415 1333.69 162731 51149.8 457692 20063.5 117923 419372 46667.8 9.52646 777345 14.7294 205586 20371.3 1.98414e+06 7352.8 288006 998918 0.22837 0.00321202 0.84653 0.00356813 0.435367 0.136845 1.2245 0.0536775 0.31549 1.12198 0.269631 0.00389484 1.16751 0.00516479 0.600395 0.189141 1.95165 0.129577 0.81914 1.18897 373779 0.00383213 
1685.5 39213.5 624.539 150491 640.515 77400.1 21282.8 183502 6267.57 35853 207837 14037.5 4.02758 280997 5.52938 74318.4 5734.58 529633 1370.29 51650.7 357178 0.084229 0.00134148 0.323248 0.0013758 0.166252 0.0457145 0.394156 0.0134625 0.0770107 0.446426 0.151847 0.00261754 0.706456 0.00315976 0.363309 0.101133 0.991096 0.0525557 0.324057 0.753597 465558 0.00477309 
1710.5 15088 269.057 60353.4 258.211 31042.1 7287.22 61802.8 1606.94 8992.11 85973.6 3406.12 1.34865 82106.9 1.6564 21716.4 1254.06 113183 202.941 7536.12 102832 0.025838 0.000460758 0.103355 0.000442185 0.0531593 0.0124793 0.105837 0.00275187 0.0153989 0.147229 0.0718704 0.00144819 0.360452 0.00162513 0.185373 0.0446299 0.427345 0.0184381 0.112554 0.392966 583944 0.00598683 
1735.5 4925.85 96.9591 20483.3 87.3479 10535.8 2052.27 17336 318.538 1737.44 30146.4 635.751 0.338927 18109.8 0.36533 4790.01 197.765 17551.8 19.1289 680.229 22842.4 0.0064893 0.000127734 0.0269847 0.000115072 0.0138798 0.00270366 0.0228384 0.000419641 0.0022889 0.0397148 0.0282033 0.000655885 0.152084 0.000684137 0.0782157 0.0159131 0.150337 0.00500243 0.0298478 0.168865 759072 0.00778231 
1760.5 1293.17 27.0455 5473.91 23.0836 2815.66 438.699 3773.63 47.1354 252.669 8344.22 85.9937 0.057699 2783.8 0.0549637 736.32 20.999 1896.61 1.24122 42.251 3451.56 0.00121176 2.53429e-05 0.00512931 2.16304e-05 0.0026384 0.000411081 0.00353607 4.4168e-05 0.000236762 0.00781892 0.00889448 0.000231137 0.0508158 0.000225911 0.0261344 0.0044168 0.0420084 0.00107756 0.0062877 0.0563306 1.06718e+06 0.0109412 
1785.5 243.604 5.0794 1000.57 4.11539 514.688 60.331 535.939 3.56779 18.4146 1609.61 5.87452 0.00439888 188.956 0.00345672 49.9814 0.88714 78.1839 0.0152604 0.456573 258.042 0.000135816 2.83192e-06 0.000557845 2.29446e-06 0.000286954 3.36363e-05 0.000298802 1.98915e-06 1.02667e-05 0.000897408 0.00180465 4.94418e-05 0.0102488 4.38402e-05 0.00527104 0.000702478 0.0065955 9.2218e-05 0.000504428 0.0119608 1.79362e+06 0.018389 
1810.5 19.396 0.325698 64.7385 0.256755 33.3042 2.50561 23.8104 0.0418288 0.20074 121.9 0.0581501 3.0441e-05 1.23405 2.00951e-05 0.326482 0.00239911 0.219573 2.16208e-06 5.34476e-05 2.59532 4.06192e-06 6.82078e-08 1.35576e-05 5.37698e-08 6.9746e-06 5.24727e-07 4.9864e-06 8.75983e-09 4.20391e-08 2.55285e-05 0.000110278 2.52395e-06 0.000508186 2.05072e-06 0.000261387 2.24087e-05 0.000214379 6.72835e-07 3.34534e-06 0.000736792 4.77508e+06 0.048956 
1835.5 0.261404 0.00298279 0.721875 0.00283712 0.371358 0.0126129 0.180585 0.0019869 0.160837 1.4499 3.02994e-05 4.54184e-09 0.000194656 2.9583e-09 5.15244e-05 1.20889e-07 1.22524e-05 1.27607e-07 1.52847e-06 0.000948773 6.28185e-09 7.168e-11 1.73475e-08 6.81795e-11 8.92418e-09 3.03102e-10 4.33967e-09 4.77475e-11 3.86511e-09 3.48428e-08 8.53283e-07 1.0447e-08 2.16276e-06 8.4313e-09 1.11271e-06 5.38981e-08 5.42605e-07 5.53765e-08 1.91614e-07 4.77482e-06 4.16126e+07 0.426629 
1860.5 4.31113e-07 2.69826e-07 7.75143e-05 2.97854e-07 3.9849e-05 1.36846e-06 2.32697e-05 7.91921e-08 1.99951e-06 7.29311e-06 2.93197e-15 8.58903e-16 5.45777e-11 8.30423e-16 1.44238e-11 2.40117e-14 4.98428e-12 9.67487e-17 6.00503e-14 2.98111e-13 1.80058e-11 1.12695e-11 3.23745e-09 1.24401e-11 1.66433e-09 5.7155e-11 9.71879e-10 3.30753e-12 8.35114e-11 3.04603e-10 3.49474e-10 1.89066e-10 4.76341e-08 1.85819e-10 2.44878e-08 9.99802e-10 1.43954e-08 6.34811e-11 1.58148e-09 3.51541e-09 23943 0.000245473 
1885.5 0 0 0 0 0 0 0 0 0 0 0 0 0 0 0 0 0 0 0 0 0.0 0.0 0.0 0.0 0.0 0.0 0.0 0.0 0.0 0.0 0.0 0.0 0.0 0.0 0.0 0.0 0.0 0.0 0.0 0.0 0 0 
