310.5 2.92787e-08 0.00020102 1.52082 2.78387e-13 1.80873e-08 21.4997 -8.9871e-06 0.0364499 2.72563e-11 2.14743e-07 6.0364e-18 4.30991e-13 0.000222045 4.45873e-28 1.96072e-18 0.0534997 1.48092e-09 9.74979e-08 9.40729e-25 2.59539e-17 8.25052e-16 5.66461e-12 4.28555e-08 7.84474e-21 5.09687e-16 6.05847e-07 -2.5325e-13 1.02713e-09 7.68064e-19 6.05129e-15 4.12433e-13 1.10059e-10 2.50105e-06 3.54462e-18 2.35056e-13 3.88229e-05 6.45998e-09 5.24058e-08 1.62814e-16 8.55176e-13 3.54871e+07 0.363828 
335.5 1.31656e-05 0.00341852 1.87872 6.97551e-13 2.51e-07 23.1603 -0.0109038 0.102061 3.02549e-10 1.33712e-06 5.51481e-12 2.53758e-09 0.000319666 1.68408e-27 8.01071e-17 0.023451 3.76537e-06 4.55458e-07 8.91734e-21 1.30657e-14 7.0012e-12 1.8179e-09 9.9906e-07 3.70943e-19 1.33476e-13 1.23161e-05 -5.79839e-09 5.42736e-08 1.60889e-16 7.1105e-13 1.71249e-09 3.66896e-08 1.29998e-05 2.99235e-17 6.52544e-12 0.000110991 1.41503e-06 4.89139e-07 6.88624e-14 8.3352e-11 1.88048e+06 0.0192795 
360.5 0.000381537 0.0271754 1.82136 3.55626e-12 7.32268e-07 21.1245 -0.0898217 0.147142 4.81949e-09 7.87977e-06 2.58585e-09 2.1262e-07 0.000330407 5.14822e-25 3.78812e-16 0.0207922 0.000145226 1.01868e-06 1.25889e-18 1.14755e-12 3.74786e-10 2.66946e-08 1.78914e-06 3.49334e-18 7.19313e-13 2.07508e-05 -8.82325e-08 1.44538e-07 4.73422e-15 7.74036e-12 5.0398e-08 4.5623e-07 1.79265e-05 7.11127e-16 1.92767e-11 0.000141399 1.19436e-05 9.8983e-07 1.11202e-12 1.06169e-09 1.01801e+06 0.0104371 
385.5 0.0031334 0.135849 1.83245 2.54877e-11 1.4997e-06 19.8724 -0.302545 0.186527 2.61526e-08 2.9492e-05 9.53709e-08 3.00332e-06 0.000347532 9.07129e-23 1.37656e-15 0.0137583 0.00131342 1.72673e-06 5.61694e-17 2.77516e-11 4.42376e-09 1.91793e-07 2.58708e-06 3.59838e-17 2.11729e-12 2.8056e-05 -4.27136e-07 2.6334e-07 3.69225e-14 4.1637e-11 3.66914e-07 2.0502e-06 2.1999e-05 1.13167e-14 4.40335e-11 0.000136517 4.30594e-05 1.53898e-06 8.905e-12 6.25925e-09 708311 0.00726189 
410.5 0.0167563 0.503637 1.69343 1.28276e-10 2.38856e-06 18.2622 -0.798542 0.216416 9.99914e-08 9.26159e-05 9.0527e-07 2.38548e-05 0.000317907 2.3259e-21 3.54465e-15 0.012737 0.00751111 5.76273e-06 7.61775e-16 2.72281e-10 2.93515e-08 8.82206e-07 2.96633e-06 2.24697e-16 4.18397e-12 3.19893e-05 -1.39878e-06 3.79089e-07 1.75152e-13 1.62232e-10 1.25892e-06 6.4037e-06 2.34109e-05 6.38291e-14 7.86864e-11 0.000145903 0.000114695 3.15447e-06 3.65287e-11 2.18385e-08 570884 0.00585293 
435.5 0.0651758 1.47379 1.47819 2.84304e-10 3.38732e-06 15.3405 -1.78358 0.227462 2.3913e-07 0.000226309 6.7739e-06 0.000137698 0.000286502 5.98968e-21 7.51931e-15 0.0203213 0.0208138 1.50711e-05 1.90805e-15 7.75734e-10 1.485e-07 3.35798e-06 3.36799e-06 6.47775e-16 7.71786e-12 3.49527e-05 -4.06381e-06 5.18262e-07 5.44847e-13 5.15635e-10 3.92581e-06 1.73915e-05 2.53267e-05 1.1682e-13 1.30663e-10 0.000212319 0.000217731 5.83698e-06 6.59327e-11 4.20382e-08 438893 0.00449971 
460.5 0.208194 3.75274 1.32145 6.02045e-10 4.46746e-06 14.4346 -3.25247 0.262077 4.70978e-07 0.000448116 3.29691e-05 0.000589935 0.000260275 2.09783e-20 1.89046e-14 0.0379517 0.0496629 3.85666e-05 6.13639e-15 2.37944e-09 5.73385e-07 1.03354e-05 3.63937e-06 1.65808e-15 1.23038e-11 3.97541e-05 -8.95758e-06 7.21784e-07 1.29711e-12 1.23415e-09 9.51163e-06 3.89604e-05 2.6525e-05 2.40361e-13 2.27845e-10 0.000320846 0.000369724 1.02808e-05 1.29994e-10 8.09423e-08 363097 0.00372262 
485.5 0.576281 8.44282 1.12848 1.13283e-09 5.55463e-06 14.3025 -5.46675 0.315013 8.25394e-07 0.000823427 0.000174832 0.00216007 0.000230437 6.63502e-20 4.6316e-14 0.0567718 0.0821794 7.10034e-05 1.30354e-14 5.34688e-09 1.91623e-06 2.80738e-05 3.75238e-06 3.76686e-15 1.847e-11 4.7558e-05 -1.81778e-05 1.04747e-06 2.74457e-12 2.73803e-09 2.40348e-05 7.99654e-05 2.74256e-05 4.69693e-13 3.92004e-10 0.000431873 0.000522427 1.53297e-05 2.08176e-10 1.33311e-07 300737 0.00308328 
510.5 1.44988 17.3544 1.02604 4.60795e-09 9.08969e-06 16.3343 -9.49234 0.43517 2.19916e-06 0.00180544 0.000947908 0.00739906 0.00023024 1.9864e-18 6.82466e-13 0.203472 0.318359 0.000335378 1.74268e-13 4.30761e-08 5.64581e-06 6.75777e-05 3.99539e-06 1.79432e-14 3.5395e-11 6.36052e-05 -3.69629e-05 1.69454e-06 8.56347e-12 7.03033e-09 6.04918e-05 0.000155708 2.96747e-05 2.78113e-12 1.6298e-09 0.000887846 0.0011128 3.60982e-05 8.23725e-10 4.09497e-07 256807 0.00263289 
535.5 3.57877 34.0619 0.941572 7.15926e-09 1.27561e-05 20.0432 -16.3778 0.626787 3.73001e-06 0.0032724 0.00316305 0.0234415 0.000226931 2.49714e-18 1.00672e-12 0.35115 0.553787 0.000603634 2.53686e-13 7.3691e-08 1.5823e-05 0.000150599 4.163e-06 3.16535e-14 5.63992e-11 8.86177e-05 -7.24119e-05 2.77124e-06 1.64916e-11 1.44684e-08 0.000117194 0.000284539 3.14008e-05 3.3226e-12 2.109e-09 0.00124286 0.00156308 5.15867e-05 1.05894e-09 5.70617e-07 226176 0.00231885 
560.5 7.73227 62.2112 0.850312 1.79554e-08 2.10227e-05 27.042 -26.75 0.954234 7.6386e-06 0.00605739 0.00883214 0.0636242 0.000216102 1.4175e-17 4.48126e-12 0.847875 1.34466 0.00161513 1.01042e-12 2.34344e-07 3.7274e-05 0.000299894 4.09899e-06 8.65553e-14 1.01342e-10 0.000130358 -0.00012895 4.59996e-06 3.68225e-11 2.92001e-08 0.000202945 0.000465585 3.20146e-05 8.26585e-12 4.64672e-09 0.00201749 0.00254272 8.81176e-05 2.20668e-09 1.06246e-06 207444 0.0021268 
585.5 16.1537 107.952 0.78624 2.38255e-08 2.80517e-05 35.538 -39.2747 1.35671 1.07207e-05 0.00924877 0.0255405 0.165856 0.000216675 1.91514e-17 6.43605e-12 1.10145 1.73541 0.00223878 1.32004e-12 3.38407e-07 8.55391e-05 0.000571642 4.16339e-06 1.26164e-13 1.48543e-10 0.000188185 -0.000207972 7.1842e-06 5.67695e-11 4.89752e-08 0.000357671 0.000742622 3.36159e-05 1.00696e-11 5.836e-09 0.00240772 0.00302428 0.000108644 2.64326e-09 1.33775e-06 188846 0.00193612 
610.5 31.6568 179.227 0.764662 4.84794e-08 4.73475e-05 49.9059 -58.4318 2.03272 1.9077e-05 0.0153426 0.0664364 0.404208 0.00023589 6.72487e-17 1.97161e-11 2.27249 3.60718 0.00502529 3.8222e-12 8.47787e-07 0.000181208 0.00102592 4.37703e-06 2.77502e-13 2.71023e-10 0.000285668 -0.000334471 1.16356e-05 1.092e-10 8.78228e-08 0.000589453 0.00112304 3.64843e-05 1.96179e-11 1.062e-08 0.00359534 0.00453168 0.000169204 4.6762e-09 2.20117e-06 174699 0.00179108 
635.5 60.4371 286.026 0.696154 1.14574e-07 8.51462e-05 71.6442 -87.3664 3.08449 3.52437e-05 0.0257092 0.171575 0.950694 0.000238606 6.1076e-16 1.13468e-10 4.75941 7.54414 0.011844 1.90483e-11 2.73259e-06 0.000374103 0.00177049 4.30916e-06 7.09209e-13 5.27052e-10 0.000443475 -0.000540795 1.90928e-05 2.18157e-10 1.59139e-07 0.000960254 0.00165835 3.81889e-05 6.14823e-11 2.64969e-08 0.00540961 0.00681215 0.000270091 1.08564e-08 4.10966e-06 161552 0.0016563 
660.5 110.201 440.278 0.658958 1.4851e-07 0.000116485 98.5039 -122.101 4.40608 4.87425e-05 0.0374473 0.419091 2.13705 0.000249943 6.3737e-16 1.36455e-10 6.52361 10.3383 0.0168905 2.28839e-11 3.735e-06 0.000732994 0.00292847 4.383e-06 9.87803e-13 7.74787e-10 0.00065519 -0.000812147 2.93067e-05 3.24206e-10 2.49078e-07 0.00150009 0.00237455 4.05372e-05 6.51033e-11 3.01167e-08 0.00655454 0.00825257 0.000333897 1.23331e-08 4.97805e-06 150344 0.00154139 
685.5 195.218 658.479 0.624953 2.94126e-07 0.000198212 143.136 -179.298 6.67558 8.25391e-05 0.0599595 1.04238 4.63941 0.00026101 3.92172e-15 5.1078e-10 11.6699 18.4501 0.0332303 7.7766e-11 8.6857e-06 0.00138432 0.00466937 4.43163e-06 2.08569e-12 1.40555e-09 0.001015 -0.00127143 4.73375e-05 5.85296e-10 4.25181e-07 0.00233994 0.00333102 4.27928e-05 1.66749e-10 6.01668e-08 0.00904007 0.0113673 0.000483115 2.34757e-08 7.8365e-06 141021 0.0014458 
710.5 334.067 955.128 0.552287 4.06515e-07 0.000292639 207.299 -260.719 10.0056 0.000122575 0.0926608 2.5181 9.643 0.000245349 4.38062e-15 6.20706e-10 16.7524 26.4608 0.048489 9.31622e-11 1.17774e-05 0.00251473 0.00718985 4.15741e-06 3.06009e-12 2.20288e-09 0.00156047 -0.00196259 7.53187e-05 9.22699e-10 6.97516e-07 0.00355408 0.00457111 4.27739e-05 1.81566e-10 6.83198e-08 0.0111207 0.0139762 0.000599445 2.64658e-08 9.38984e-06 132844 0.00136197 
735.5 550.424 1348.59 0.532861 8.37932e-07 0.000531217 300.759 -378.568 15.113 0.000217224 0.150568 5.87218 19.0357 0.000290315 1.96503e-14 2.12602e-09 32.5944 51.295 0.10433 3.06471e-10 3.03748e-05 0.00434229 0.010639 4.20373e-06 6.61044e-12 4.19076e-09 0.00237268 -0.00298651 0.000119226 1.71368e-09 1.18783e-06 0.00524119 0.00608144 4.7672e-05 3.93671e-10 1.29439e-07 0.015859 0.0198934 0.000899357 4.91407e-08 1.54342e-05 126759 0.00129958 
760.5 883.562 1858.49 0.584404 1.4736e-06 0.000899614 435.726 -547.777 22.732 0.000360759 0.239223 13.6518 36.3134 0.000376324 3.29833e-14 3.83423e-09 55.4919 87.105 0.188032 5.48631e-10 5.65e-05 0.00731564 0.0153878 4.8387e-06 1.2201e-11 7.44855e-09 0.00360769 -0.00453544 0.000188214 2.98698e-09 1.9807e-06 0.00771456 0.00799258 5.56097e-05 5.2244e-10 1.78019e-07 0.0211292 0.0264695 0.00123346 6.73319e-08 2.15379e-05 120777 0.00123825 
785.5 1365.55 2489.87 0.682624 2.15146e-06 0.00134842 608.334 -763.852 32.7845 0.000532751 0.356247 29.6646 65.7526 0.000431366 6.65113e-14 5.91694e-09 80.6222 126.159 0.282747 8.28783e-10 8.0917e-05 0.0118761 0.0216543 5.93674e-06 1.87111e-11 1.17271e-08 0.00529064 -0.00664317 0.000285125 4.6333e-09 3.09826e-06 0.0108144 0.0101459 6.09616e-05 7.60325e-10 2.26543e-07 0.0259456 0.032451 0.00154199 8.47727e-08 2.63464e-05 114983 0.00117885 
810.5 2056.6 3252.04 0.981135 3.77188e-06 0.00230012 873.888 -1095.56 48.8905 0.000890377 0.56267 63.9414 114.654 0.000763633 9.56171e-14 1.09321e-08 143.569 223.896 0.536092 1.51593e-09 0.000161613 0.018831 0.0297768 8.9836e-06 3.45366e-11 2.10607e-08 0.00800161 -0.0100313 0.000447658 8.15259e-09 5.152e-06 0.0151942 0.012773 8.31347e-05 9.35045e-10 3.15681e-07 0.035363 0.0441525 0.00216985 1.17532e-07 3.81214e-05 109214 0.00111971 
835.5 3036.31 4192.9 1.51778 7.18314e-06 0.00394097 1247.26 -1560.72 72.4123 0.00150211 0.882332 133.181 193.673 0.00174819 5.47485e-13 3.51407e-08 250.437 388.851 1.01182 4.9017e-09 0.000349248 0.0288924 0.0398982 1.44426e-05 6.83523e-11 3.75009e-08 0.0118685 -0.0148513 0.00068905 1.42936e-08 8.39596e-06 0.0207974 0.0158449 0.000128166 2.28145e-09 5.77044e-07 0.047352 0.0589883 0.00302545 2.15496e-07 5.70336e-05 105090 0.00107742 
860.5 4408.26 5334.68 2.41972 1.20064e-05 0.00664673 1812.62 -2263.87 109.188 0.00249291 1.40454 272.973 318.32 0.0025761 3.6181e-13 4.07668e-08 423.61 655.584 1.78183 5.45533e-09 0.00057969 0.0433705 0.052485 2.38063e-05 1.18124e-10 6.53935e-08 0.0178334 -0.022273 0.00107424 2.45263e-08 1.38185e-05 0.028366 0.0194193 0.000157411 1.883e-09 6.29926e-07 0.0620454 0.0771611 0.00404678 2.3037e-07 7.42449e-05 101642 0.00104207 
885.5 6129.57 6533.11 3.65157 2.06801e-05 0.0107169 2501.9 -3118.08 156.131 0.00397909 2.10857 524.43 495.297 0.00515223 1.03444e-12 9.41606e-08 706.535 1089.02 3.17837 1.26193e-08 0.00112449 0.0635748 0.0677603 3.78734e-05 2.1449e-10 1.11154e-07 0.0259493 -0.0323402 0.00161937 4.12704e-08 2.18697e-05 0.0373836 0.0233599 0.000228043 3.26849e-09 9.81969e-07 0.0815763 0.101238 0.00550846 3.59419e-07 0.000105758 96415 0.000988485 
910.5 8479.78 7999.26 5.72383 3.69706e-05 0.0179498 3551.31 -4415.98 229.85 0.0066148 3.27432 994.657 759.329 0.0107562 3.50925e-12 2.31329e-07 1225.57 1880.89 5.89139 3.12962e-08 0.00224823 0.0912206 0.0860515 6.15737e-05 3.97709e-10 1.93094e-07 0.038203 -0.0475046 0.0024726 7.11582e-08 3.52233e-05 0.0487724 0.0276327 0.000334541 6.13126e-09 1.56564e-06 0.10828 0.134078 0.0075672 5.7585e-07 0.000151474 92959 0.000953053 
935.5 11507.4 9595.05 9.16249 6.84609e-05 0.0308939 5089.36 -6312.79 342.029 0.0113133 5.16167 1845.7 1128.59 0.0223531 9.28913e-12 5.26107e-07 2194.53 3351.2 11.3007 7.15453e-08 0.00459889 0.129531 0.108005 0.000103136 7.70618e-10 3.47752e-07 0.0572874 -0.0710588 0.00384999 1.27346e-07 5.81014e-05 0.0632264 0.0322292 0.000490894 1.01964e-08 2.40855e-06 0.146357 0.180756 0.010601 8.88324e-07 0.000219979 88839 0.000910813 
960.5 15467.9 11464.9 14.7578 0.000131957 0.0539777 7299.34 -9029.82 509.818 0.0197454 8.17157 3347.91 1647.98 0.0518094 2.76924e-11 1.40788e-06 4065.15 6174.72 22.6127 1.93353e-07 0.010234 0.179768 0.133245 0.000171515 1.5336e-09 6.27327e-07 0.0848326 -0.104944 0.00592509 2.29481e-07 9.49697e-05 0.0811959 0.0373972 0.000756776 1.78742e-08 3.9961e-06 0.200121 0.246473 0.0150897 1.48138e-06 0.000331542 86044 0.000882157 
985.5 20757 13704 22.9211 0.000216457 0.0873312 10447.7 -12890.3 755.133 0.0318686 12.6052 5974.62 2378.24 0.0822411 3.76178e-11 2.10416e-06 6643.46 10045 38.6618 2.86723e-07 0.0170738 0.245787 0.162272 0.000271413 2.56311e-09 1.0341e-06 0.123713 -0.152636 0.00894167 3.77362e-07 0.000149261 0.101662 0.0427671 0.000948772 2.09492e-08 4.88327e-06 0.251717 0.309268 0.0194383 1.80353e-06 0.000424141 84451 0.000865825 
1010.5 27020.3 15940.9 36.0941 0.000396301 0.147133 14787.5 -18192.9 1108.33 0.0537686 19.471 10236.1 3303.26 0.172302 8.97872e-11 4.85604e-06 11763.6 17695.8 73.0957 6.62115e-07 0.0346495 0.331237 0.195417 0.000442471 4.85818e-09 1.80368e-06 0.181277 -0.223023 0.0135868 6.59139e-07 0.000238691 0.125556 0.0480242 0.00138435 3.28189e-08 7.50174e-06 0.333687 0.408889 0.0266733 2.77169e-06 0.000606455 81574 0.000836329 
1035.5 34742.5 18368.6 56.4404 0.00070105 0.243841 20861.1 -25587.5 1621.61 0.0893766 29.8385 17157 4503.24 0.334708 1.84337e-10 9.76566e-06 20471.8 30623.4 135.342 1.33425e-06 0.0662109 0.440292 0.232786 0.000715269 8.88439e-09 3.0902e-06 0.264373 -0.32427 0.0205506 1.13267e-06 0.000378143 0.153537 0.0536687 0.00193136 4.75097e-08 1.06869e-05 0.435368 0.53192 0.0359564 3.95298e-06 0.000834325 78908 0.000808996 
1060.5 44376.6 21014.6 90.7121 0.00132726 0.419056 29795.9 -36428.4 2403.74 0.154369 46.4972 28373.8 6032.98 0.750652 5.8318e-10 2.46503e-05 37623.3 55934.4 266.875 3.43484e-06 0.139592 0.579277 0.274317 0.00118412 1.73256e-08 5.47021e-06 0.388945 -0.475523 0.0313776 2.01508e-06 0.000606958 0.186599 0.0591833 0.00289769 8.55128e-08 1.70837e-05 0.58296 0.709947 0.0499914 6.38566e-06 0.00120573 76607 0.000785406 
1085.5 56410.5 23971 147.126 0.00246952 0.72106 43099.2 -52519.6 3605.99 0.267041 73.0471 46154.4 7973.14 1.56485 1.29448e-09 5.39979e-05 68917 101862 520.27 7.57721e-06 0.283237 0.751739 0.319443 0.00196064 3.29094e-08 9.609e-06 0.574349 -0.699888 0.0480543 3.55864e-06 0.000973443 0.223498 0.0648677 0.00412425 1.27152e-07 2.50451e-05 0.767155 0.931448 0.0680002 9.39743e-06 0.00168134 75040 0.00076934 
1110.5 70838.2 27091.7 231.937 0.00451598 1.20269 60688.9 -73698.9 5264.41 0.448426 111.018 73328.9 10335.6 3.37361 3.87002e-09 0.000127257 123504 181382 996.072 1.81398e-05 0.565695 0.962475 0.368094 0.00315131 6.13585e-08 1.63409e-05 0.824577 -1.00134 0.0715273 6.09274e-06 0.0015084 0.264495 0.0702564 0.00599219 2.20945e-07 3.82362e-05 0.999056 1.20903 0.0917466 1.44687e-05 0.00232611 73600 0.000754577 
1135.5 88571.3 30531 371.469 0.0083298 2.03314 86585.2 -104777 7787.31 0.763443 170.657 114928 13244.4 7.16928 9.20144e-09 0.000285037 224896 328193 1933.64 4.09512e-05 1.13698 1.21925 0.420283 0.00511355 1.14666e-07 2.79878e-05 1.19191 -1.44233 0.107198 1.05094e-05 0.00234923 0.309022 0.0753807 0.00851717 3.36922e-07 5.60396e-05 1.2943 1.56126 0.12299 2.12903e-05 0.00318316 72644 0.000744775 
1160.5 108231 33636.3 585.346 0.0152251 3.37372 121119 -146036 11296.2 1.27791 256.248 174310 16412.7 15.3717 2.4267e-08 0.000649584 405164 587322 3720.49 9.4969e-05 2.25751 1.52651 0.474412 0.00825582 2.14738e-07 4.75836e-05 1.70829 -2.05972 0.159323 1.80239e-05 0.00361416 0.358153 0.0801326 0.0121921 5.442e-07 8.30521e-05 1.6722 2.01029 0.164592 3.18528e-05 0.00433337 70901 0.000726905 
1185.5 132608 37168.4 927.894 0.0278488 5.6064 170406 -204694 16480.7 2.14291 385.112 262786 20202.9 33.0177 6.09725e-08 0.00146485 734299 1.05703e+06 7203.55 0.000217288 4.47533 1.89176 0.530235 0.0132371 3.97284e-07 7.99794e-05 2.43096 -2.92011 0.235109 3.05702e-05 0.00549391 0.412428 0.0840235 0.0171989 8.43791e-07 0.000120418 2.13676 2.55974 0.217917 4.65322e-05 0.0058018 70098 0.000718673 
1210.5 160933 40749.2 1473.17 0.051241 9.30377 239470 -286581 24013 3.59286 575.617 387882 24416 72.1646 1.59014e-07 0.0033597 1.33714e+06 1.91133e+06 14011.7 0.000507545 8.89375 2.31562 0.586328 0.0211971 7.37291e-07 0.000133869 3.44567 -4.12352 0.345516 5.16966e-05 0.00828238 0.467996 0.0868001 0.0242701 1.32076e-06 0.000174415 2.71425 3.24008 0.286756 6.80468e-05 0.0077053 69499 0.000712531 
1235.5 194244 44452.5 2314.33 0.0927607 15.1766 333403 -397485 34653.5 5.92196 846.07 562967 29016.6 156.815 4.16488e-07 0.00760061 2.40403e+06 3.41181e+06 26921.4 0.00116876 17.2682 2.79887 0.640517 0.0333472 1.33659e-06 0.000218679 4.804 -5.72737 0.499323 8.53296e-05 0.012191 0.527377 0.0885392 0.033875 2.05298e-06 0.000248388 3.40019 4.04452 0.372273 9.77726e-05 0.0100098 69401 0.000711527 
1260.5 232316 48011.1 3648.09 0.169209 24.7448 463350 -550318 49938.9 9.76078 1235.58 802254 33791.7 350.702 1.14363e-06 0.017653 4.3563e+06 6.13786e+06 52211.6 0.00276277 33.6776 3.35116 0.692561 0.0526237 2.44084e-06 0.000356944 6.68383 -7.93835 0.72037 0.000140799 0.0178233 0.585043 0.0883525 0.04785 3.24642e-06 0.000356702 4.26217 5.05188 0.483963 0.000141522 0.0129665 69324 0.000710737 
1285.5 273287 51066.2 5580.2 0.294909 38.7802 628592 -743731 70202.4 15.4673 1744.09 1.10877e+06 38225.3 742.784 2.88113e-06 0.0382149 7.57709e+06 1.05979e+07 97037.1 0.00609431 61.9838 3.95101 0.738281 0.0806749 4.26361e-06 0.000560658 9.08777 -10.7524 1.01494 0.000223617 0.0252148 0.647621 0.0870533 0.0650404 4.84511e-06 0.000488005 5.19201 6.13219 0.610569 0.0001952 0.0161348 69169 0.000709148 
1310.5 320799 54169.4 8556.56 0.514144 60.4826 852537 -1.00485e+06 98669.6 24.3902 2442.19 1.51367e+06 42653 1604.51 7.5453e-06 0.0835894 1.32e+07 1.83268e+07 180899 0.0135777 113.041 4.60964 0.778375 0.122951 7.38788e-06 0.000869091 12.2503 -14.439 1.41781 0.000350469 0.0350925 0.708198 0.0838119 0.0890991 7.33756e-06 0.000667681 6.29317 7.40661 0.767591 0.000268837 0.0198201 69593 0.000713495 
1335.5 373923 57005 13030.5 0.882981 92.8859 1.149e+06 -1.34911e+06 137843 37.9 3369.13 2.02456e+06 46535.7 3426.54 1.93491e-05 0.178249 2.26882e+07 3.1267e+07 332911 0.0295499 200.518 5.30388 0.808581 0.18483 1.25246e-05 0.00131753 16.2978 -19.1363 1.95522 0.000537588 0.0477891 0.765555 0.0792306 0.120172 1.0844e-05 0.000890209 7.4966 8.79238 0.948284 0.000360757 0.0236735 70500 0.000722794 
1360.5 432619 59465.3 19520.8 1.47122 138.806 1.52776e+06 -1.78696e+06 189943 57.3001 4535.43 2.65262e+06 49600.1 7100.14 4.71288e-05 0.361835 3.79291e+07 5.18806e+07 595793 0.0612015 339.284 6.02065 0.827562 0.271665 2.04745e-05 0.00193172 21.2614 -24.8686 2.64338 0.00079743 0.0631183 0.817091 0.0735582 0.158142 1.53841e-05 0.00114193 8.70634 10.1765 1.14193 0.000464575 0.0271625 71856 0.000736696 
1385.5 498445 61560.7 29194.7 2.42482 204.818 2.02555e+06 -2.3602e+06 261016 85.5587 6021.47 3.40723e+06 51479.1 14634.6 0.000113074 0.717376 6.26893e+07 8.51181e+07 1.05458e+06 0.123852 557.046 6.72593 0.830689 0.393948 3.272e-05 0.00276377 27.3324 -31.8481 3.5221 0.00115451 0.0812526 0.859298 0.0678606 0.205624 2.13354e-05 0.00142888 9.94281 11.5873 1.35094 0.000581665 0.0302438 74108 0.000759785 
1410.5 572420 63352.7 43201.4 3.89284 295.063 2.66242e+06 -3.09057e+06 355623 124.696 7820.3 4.29303e+06 52167.6 29391.7 0.000258437 1.35243 1.00979e+08 1.36097e+08 1.82027e+06 0.238405 869.775 7.39484 0.818425 0.558099 5.02899e-05 0.00381178 34.3947 -39.9257 4.59414 0.00161089 0.101027 0.880952 0.0641113 0.261197 2.84529e-05 0.00171516 11.023 12.8109 1.55211 0.000696329 0.0320902 77408 0.000793618 
1435.5 642411 63337.3 62031.3 5.97064 406.58 3.40153e+06 -3.93359e+06 471143 174.004 9733.31 5.18102e+06 50072.5 56196.9 0.000547831 2.36285 1.54906e+08 2.0724e+08 2.99528e+06 0.426203 1259.95 7.96502 0.785297 0.769104 7.40278e-05 0.00504104 42.1744 -48.7711 5.84154 0.00215741 0.12068 0.892211 0.064345 0.324414 3.62249e-05 0.00197079 11.9138 13.8156 1.73604 0.00079367 0.0325283 80654 0.000826897 
1460.5 715257 62389.6 88106.8 8.90938 545.17 4.29799e+06 -4.95196e+06 617596 236.204 11784.2 6.06148e+06 46061.1 104274 0.00109834 3.88633 2.29802e+08 3.0525e+08 4.7727e+06 0.717457 1712.92 8.38509 0.731405 1.03289 0.000104446 0.00639114 50.3861 -58.0528 7.24019 0.00276907 0.138149 0.866091 0.0709207 0.394399 4.43505e-05 0.00217107 12.4598 14.4354 1.87909 0.000862065 0.0315569 85301 0.00087454 
1485.5 794235 60473.5 124634 12.9549 711.682 5.3971e+06 -6.1957e+06 805347 312.109 13866.5 6.88722e+06 40204.2 188206 0.00205707 5.94861 3.29656e+08 4.34798e+08 7.36914e+06 1.12478 2160.16 8.59664 0.654553 1.34901 0.000140222 0.0077031 58.4171 -67.061 8.71691 0.00337821 0.150088 0.802302 0.0819863 0.466117 5.10222e-05 0.00224696 12.473 14.4565 1.9436 0.000872964 0.0292362 92389 0.000947209 
1510.5 870840 56817.9 173467 18.0672 889.272 6.65479e+06 -7.61238e+06 1.03299e+06 395.057 15589.5 7.45497e+06 32469.4 321571 0.00348453 8.19812 4.46217e+08 5.84482e+08 1.07749e+07 1.59362 2451.52 8.50421 0.554857 1.694 0.000176436 0.00868421 64.9876 -74.3389 10.0877 0.00385794 0.15224 0.692924 0.0959908 0.520255 5.38391e-05 0.00215488 11.5826 13.4722 1.86041 0.000823899 0.0276302 102401 0.00104986 
1535.5 941397 51181.5 236328 23.7631 1044.91 8.00575e+06 -9.1264e+06 1.29527e+06 470.679 16452 7.59516e+06 23730.2 509811 0.00512405 9.7704 5.57768e+08 7.25678e+08 1.46053e+07 1.96295 2415.09 8.02315 0.4362 2.01413 0.000202523 0.00890531 68.2298 -77.7807 11.039 0.00401141 0.140214 0.599676 0.109421 0.536852 5.15232e-05 0.00199114 9.91586 11.6113 1.61692 0.000798774 0.0303772 117335 0.00120297 
1560.5 981602 42640.1 305413 28.2202 1105.7 9.11714e+06 -1.03604e+07 1.54164e+06 506.368 15645.2 7.00532e+06 14959 703335 0.00610401 9.45928 6.10647e+08 7.89243e+08 1.74145e+07 1.98489 1961.18 7.0717 0.30719 2.20027 0.000203305 0.00796576 65.6821 -74.6386 11.1064 0.003648 0.112712 0.677528 0.115771 0.475179 5.13973e-05 0.0021665 9.22543 10.7228 1.45155 0.00099588 0.0377462 138807 0.0014231 
1585.5 980259 31979.1 360273 28.7022 1003.52 9.51855e+06 -1.07838e+07 1.68651e+06 469.93 12867.8 5.71493e+06 7913.56 783999 0.00550815 7.01288 5.54597e+08 7.11586e+08 1.72809e+07 1.56379 1257.01 5.68125 0.18534 2.08802 0.000166348 0.00581606 55.1663 -62.4994 9.77445 0.00272355 0.0745774 0.919363 0.1073 0.428923 6.5205e-05 0.00261107 13.0742 14.7626 2.14813 0.00128275 0.0415141 172543 0.00176898 
1610.5 928850 20800 361520 23.3453 733.763 8.62528e+06 -9.73418e+06 1.60272e+06 355.34 8696.96 4.0599e+06 3414.24 650559 0.00354727 3.77538 3.94564e+08 5.01046e+08 1.34328e+07 0.918636 613.067 4.12615 0.0923982 1.60595 0.000103705 0.00325953 38.3154 -43.2413 7.11962 0.0015785 0.0386337 1.00489 0.0814208 0.557544 7.0732e-05 0.00247921 16.8723 18.8665 2.99709 0.0012606 0.0350829 225113 0.00230795 
1635.5 822864 11168.6 282747 14.1096 403.725 6.29987e+06 -7.06447e+06 1.22605e+06 205.854 4566.47 2.50115e+06 1169 372913 0.00155613 1.41915 2.077e+08 2.5939e+08 7.70235e+06 0.391244 222.613 2.79659 0.0379578 0.960947 4.79531e-05 0.0013721 21.4108 -24.0094 4.16687 0.000699617 0.0155196 0.824319 0.0503208 0.586488 5.46734e-05 0.00171478 15.7311 17.4675 2.96892 0.000916635 0.0227094 294238 0.00301665 
1660.5 701878 5028.19 168933 6.38647 169.059 3.67228e+06 -4.07169e+06 745889 92.9823 1901.26 1.43038e+06 330.316 148948 0.000488161 0.391691 8.29089e+07 1.00759e+08 3.32849e+06 0.127792 63.5161 1.87779 0.0134523 0.451961 1.70862e-05 0.000452297 9.82475 -10.8933 1.99553 0.000248763 0.00508658 0.548367 0.0265095 0.440708 3.18446e-05 0.00091834 11.1932 12.2844 2.21874 0.00052916 0.0120023 373779 0.00383213 
1685.5 597341 1916.87 78278.5 2.23625 55.3636 1.73553e+06 -1.88939e+06 366360 33.5997 639.462 814171 74.5999 43466.8 0.000111414 0.0792351 2.60343e+07 3.03859e+07 1.12534e+06 0.0317123 13.8182 1.28306 0.00411737 0.168139 4.80338e-06 0.000118919 3.72786 -4.05832 0.786927 7.21709e-05 0.00137354 0.320238 0.0119702 0.255135 1.47051e-05 0.000395034 6.48257 6.98553 1.34087 0.000250815 0.00527204 465558 0.00477309 
1710.5 515949 627.7 28829.3 0.610797 14.261 679685 -719931 148552 9.78229 174.964 474929 13.9438 9424.2 1.79733e-05 0.0115627 6.48291e+06 7.14618e+06 300254 0.00600849 2.36826 0.883559 0.00107493 0.0493701 1.04599e-06 2.44219e-05 1.16396 -1.23288 0.254395 1.67521e-05 0.000299625 0.180656 0.00476688 0.117053 5.44839e-06 0.000138581 3.12204 3.27381 0.670422 0.000100044 0.00199144 583944 0.00598683 
1735.5 451367 173.984 8603.73 0.12572 2.77097 223732 -228054 50480.3 2.19284 36.8311 278545 1.78369 1480.34 1.82272e-06 0.00105778 1.22944e+06 1.25489e+06 60881.6 0.00073991 0.256827 0.594629 0.000229207 0.0113345 1.65624e-07 3.65047e-06 0.294744 -0.300438 0.0665027 2.88884e-06 4.85212e-05 0.115632 0.00151568 0.0426817 1.54072e-06 3.71509e-05 1.23806 1.25017 0.275287 3.10872e-05 0.000579646 759072 0.00778231 
1760.5 398555 39.5744 1951.57 0.0180832 0.38126 58536.4 -56534.9 13585.5 0.358458 5.72888 157245 0.167087 151.905 1.20484e-07 6.35395e-05 166284 152672 8734.52 6.06562e-05 0.0185889 0.373464 3.70831e-05 0.00182871 1.69448e-08 3.57259e-07 0.0548513 -0.0529759 0.0127302 3.35892e-07 5.36822e-06 0.0887153 0.000393945 0.0117897 3.35577e-07 7.70791e-06 0.390905 0.374506 0.0895689 7.53159e-06 0.000131871 1.06718e+06 0.0109412 
1785.5 353776 6.39785 296.806 0.00130455 0.0260515 10823.2 -9689.35 2574.62 0.0295608 0.444212 79109.3 0.00599806 7.60538 1.69411e-09 7.41733e-07 11251.3 9018.12 625.565 9.62179e-07 0.000238652 0.197241 3.567e-06 0.000165478 7.27326e-10 1.45245e-08 0.00603424 -0.0054021 0.00143543 1.6481e-08 2.47662e-07 0.0721247 5.77181e-05 0.00205252 3.07244e-08 6.42905e-07 0.0789715 0.0707014 0.0186202 7.32238e-07 1.15323e-05 1.79362e+06 0.018389 
1810.5 325310 0.447275 17.0939 1.23044e-05 0.000234869 820.548 -656.588 199.141 0.000338636 0.00486508 31594.9 3.33556e-05 0.0480696 2.08731e-13 7.73116e-11 104.64 68.9934 6.12331 1.54004e-10 3.22929e-08 0.0681267 9.36688e-08 3.57983e-06 2.57679e-12 4.91865e-11 0.00017184 -0.000137503 4.17043e-05 7.09173e-11 1.01885e-09 0.0444453 2.64132e-06 0.000100269 2.0906e-10 4.02346e-09 0.00467806 0.00379865 0.00113164 5.67861e-09 8.22299e-08 4.77508e+06 0.048956 
1835.5 188632 0.00566495 0.188642 5.27437e-09 1.00615e-07 11.0637 -6.86602 2.73001 1.77142e-07 2.55462e-06 4371.2 1.30304e-08 1.83964e-05 1.73722e-19 5.60277e-17 0.047702 0.0263649 0.00293345 1.13003e-16 2.1151e-14 0.00453307 1.36136e-10 4.53328e-09 1.26749e-16 2.41791e-15 2.65873e-07 -1.64999e-07 6.56054e-08 4.25693e-15 6.13905e-14 0.0091922 1.76951e-08 6.64882e-07 6.46122e-14 1.16035e-12 3.38565e-05 2.51705e-05 8.39583e-06 1.64791e-12 2.2545e-11 4.16126e+07 0.426629 
1860.5 139.172 -4.86201e-08 2.52416e-06 -3.13307e-16 1.51015e-15 0.000193015 -7.92698e-05 4.82298e-05 1.72049e-15 -2.57932e-12 1.49466 1.20774e-18 1.35863e-13 1.29865e-33 1.29543e-31 4.12073e-10 8.50454e-11 2.57718e-11 7.51391e-32 1.02205e-25 0.00581264 -2.03066e-12 1.05424e-10 -1.30855e-20 6.30727e-20 8.06145e-09 -3.31077e-09 2.01436e-09 7.18576e-20 -1.07727e-16 0.00535155 6.80578e-12 2.37977e-09 2.32525e-19 2.32519e-18 1.30941e-07 5.95066e-08 3.27463e-08 1.77005e-18 2.06327e-15 23943 0.000245473 
1885.5 0 0 0 0 0 0 0 0 0 0 0 0 0 0 0 0 0 0 0 0 0.0 0.0 0.0 0.0 0.0 0.0 0.0 0.0 0.0 0.0 0.0 0.0 0.0 0.0 0.0 0.0 0.0 0.0 0.0 0.0 0 0 
