310.5 7.21081e-07 5.70256 0.699044 0.0657552 0.000101198 0.000101198 2.32847 5.18897e-07 1.43492 0.00781495 3.63055e-16 0.00254131 2.65676e-06 3.2403e-08 2.49808e-12 2.49808e-12 3.92791e-05 8.5518e-17 0.000254676 8.49503e-10 3.693e-14 2.92055e-07 3.58014e-08 3.36764e-09 5.18281e-12 5.18281e-12 1.19252e-07 2.65752e-14 7.34894e-08 4.00241e-10 4.31189e-12 1.14047e-05 3.67129e-07 4.05977e-08 3.57647e-10 3.57647e-10 1.41331e-06 2.09263e-12 3.61079e-06 6.58384e-09 1.95256e+07 0.227579 
335.5 8.4006e-06 25.1796 2.00349 0.210112 0.00115986 0.00115986 9.18602 6.0671e-06 9.33971 0.0434606 3.79799e-14 0.0543523 0.000182362 9.59515e-07 2.45198e-10 2.45198e-10 0.0021203 8.76255e-15 0.00816283 8.74928e-08 8.72853e-12 2.61625e-05 2.0817e-06 2.18314e-07 1.20514e-09 1.20514e-09 9.54461e-06 6.30394e-12 9.7043e-06 4.51571e-08 1.9846e-10 0.000236198 1.36069e-05 9.74326e-07 1.59159e-08 1.59159e-08 4.59561e-05 9.52096e-11 9.15822e-05 2.98109e-07 962430 0.0112175 
360.5 3.56115e-05 58.5437 7.56965 0.508142 0.00455119 0.00455119 27.6177 2.43355e-05 24.0713 0.166835 7.48048e-13 0.328701 0.00359785 7.48985e-06 3.69635e-09 3.69635e-09 0.0255306 1.54672e-13 0.0533612 1.65709e-06 6.92177e-11 0.000113791 1.47131e-05 9.87671e-07 8.8461e-09 8.8461e-09 5.36802e-05 4.73006e-11 4.67873e-05 3.24275e-07 1.20382e-09 0.000791167 8.23203e-05 3.68544e-06 8.4299e-08 8.4299e-08 0.000216199 5.46257e-10 0.000318636 1.76514e-06 514485 0.00599653 
385.5 0.000115273 115.161 23.1736 1.01076 0.0128005 0.0128005 65.2926 7.20491e-05 46.7806 0.483616 9.04642e-12 1.48066 0.0428165 3.58144e-05 3.42879e-08 3.42879e-08 0.172514 1.72479e-12 0.212543 1.74262e-05 3.09988e-10 0.000309686 6.23177e-05 2.71811e-06 3.44225e-08 3.44225e-08 0.000175582 1.93752e-10 0.000125801 1.30052e-06 4.92252e-09 0.00197125 0.000333552 9.42988e-06 3.01697e-07 3.01697e-07 0.000658094 2.14493e-09 0.000745477 6.72089e-06 371863 0.00433421 
410.5 0.000272346 198.211 58.0006 1.77642 0.0281967 0.0281967 131.435 0.00016627 76.102 1.14135 4.73695e-11 4.29921 0.257265 0.000115747 1.56111e-07 1.56111e-07 0.716038 9.09008e-12 0.528132 9.49018e-05 9.16562e-10 0.000667063 0.000195197 5.97842e-06 9.48938e-08 9.48938e-08 0.000442336 5.5957e-10 0.000256116 3.84114e-06 1.25928e-08 0.00374482 0.000909783 1.88095e-05 7.18593e-07 7.18593e-07 0.00148799 5.50263e-09 0.00130836 1.74537e-05 297139 0.00346328 
435.5 0.000611719 330.432 130.679 2.92703 0.0580082 0.0580082 243.212 0.000365264 116.303 2.44072 2.60687e-10 12.0512 1.2961 0.000325837 6.75901e-07 6.75901e-07 2.51199 4.86264e-11 1.18204 0.000437739 2.45212e-09 0.00132456 0.000523833 1.17332e-05 2.32529e-07 2.32529e-07 0.000974932 1.46418e-09 0.000466207 9.78377e-06 3.2233e-08 0.00682302 0.00221835 3.41829e-05 1.62952e-06 1.62952e-06 0.00301977 1.38845e-08 0.00212625 4.07306e-05 249466 0.00290763 
460.5 0.0012097 524.679 266.628 4.60436 0.10898 0.10898 420.881 0.000729272 166.653 4.77124 7.91499e-10 28.4847 4.9846 0.000793027 2.15964e-06 2.15964e-06 7.28735 1.71297e-10 2.2399 0.00157674 5.46931e-09 0.00237218 0.00120548 2.08173e-05 4.92723e-07 4.92723e-07 0.00190289 3.29719e-09 0.000753471 2.15717e-05 5.95703e-08 0.0110976 0.00459165 5.61434e-05 3.08567e-06 3.08567e-06 0.00541541 2.76333e-08 0.00309182 8.16298e-05 221180 0.00257794 
485.5 0.00227183 809.743 507.56 6.96765 0.195525 0.195525 691.493 0.00139623 228.71 8.75747 2.1069e-09 63.5534 16.762 0.00177283 6.24029e-06 6.24029e-06 18.9745 5.24277e-10 3.91088 0.0049872 1.14066e-08 0.00406561 0.00254839 3.49836e-05 9.81706e-07 9.81706e-07 0.00347189 7.01026e-09 0.00114832 4.397e-05 1.02217e-07 0.0173944 0.0088128 8.76201e-05 5.51071e-06 5.51071e-06 0.00912218 5.0825e-08 0.00427987 0.000152009 199169 0.0023214 
510.5 0.0041614 1242 926.807 10.3698 0.344146 0.344146 1108.04 0.00262687 309.717 15.5517 7.56039e-09 140.725 50.7451 0.00376523 1.89452e-05 1.89452e-05 46.0238 1.99135e-09 6.61186 0.0146379 2.27017e-08 0.00677546 0.00505601 5.65702e-05 1.87742e-06 1.87742e-06 0.00604468 1.43304e-08 0.0016896 8.48393e-05 2.01814e-07 0.0268662 0.0158514 0.000131683 9.99135e-06 9.99135e-06 0.014647 1.03238e-07 0.00576324 0.000269549 183308 0.00213653 
535.5 0.00754402 1904.5 1641.69 15.2371 0.601595 0.601595 1738.5 0.00490789 413.732 26.9214 2.12904e-08 311.832 147.89 0.00781783 5.34402e-05 5.34402e-05 107.917 6.19679e-09 10.9286 0.0409643 4.48688e-08 0.0113272 0.00976409 9.06239e-05 3.57805e-06 3.57805e-06 0.0103399 2.91902e-08 0.00246071 0.000160118 3.53007e-07 0.0415493 0.0280045 0.000195665 1.74654e-05 1.74654e-05 0.0231287 1.89747e-07 0.00767747 0.000466907 168135 0.00195968 
560.5 0.0125119 2808.51 2750.4 21.7206 0.992384 0.992384 2626.19 0.00852777 531.786 44.3195 4.29682e-08 601.907 366.711 0.0148775 0.000122429 0.000122429 228.041 1.44382e-08 16.2526 0.099042 8.01393e-08 0.0179886 0.0176164 0.000139121 6.35626e-06 6.35626e-06 0.0168208 5.46207e-08 0.00340611 0.000283868 5.18451e-07 0.0594277 0.0451493 0.000275565 2.72719e-05 2.72719e-05 0.0343172 2.99155e-07 0.00961755 0.000744168 156127 0.00181972 
585.5 0.0213813 4215.99 4573.43 31.0443 1.67306 1.67306 3956.44 0.0152063 686.718 72.7647 1.02355e-07 1240.66 926.908 0.0287434 0.000310123 0.000310123 486.049 3.88742e-08 24.7711 0.244744 1.469e-07 0.0289659 0.0314217 0.000213289 1.14948e-05 1.14948e-05 0.0271827 1.04474e-07 0.00471809 0.00049993 8.25622e-07 0.0876636 0.0733553 0.000389858 4.47053e-05 4.47053e-05 0.0509951 5.06132e-07 0.0121626 0.00119649 145550 0.00169644 
610.5 0.0337966 6097.2 7263.63 43.3316 2.67171 2.67171 5778.67 0.0253439 855.896 114.488 2.09751e-07 2280.88 2049.47 0.0519811 0.000678474 0.000678474 948.701 9.01027e-08 34.6066 0.537012 2.44903e-07 0.0441826 0.052635 0.000313997 1.93602e-05 1.93602e-05 0.0418744 1.83652e-07 0.00620215 0.000829623 1.20829e-06 0.120731 0.109913 0.000527334 6.73918e-05 6.73918e-05 0.0715624 7.86886e-07 0.0145707 0.00178973 138000 0.00160845 
635.5 0.0573433 9149.53 11691.2 61.2434 4.48514 4.48514 8533.79 0.0448806 1083.99 183.204 5.84949e-07 4837.96 4955.73 0.0983753 0.00182807 0.00182807 1949.56 2.7324e-07 51.4079 1.28735 4.37321e-07 0.0697777 0.0891615 0.000467064 3.42053e-05 3.42053e-05 0.0650818 3.42276e-07 0.00826688 0.00139718 2.06635e-06 0.178961 0.172755 0.00072945 0.000113011 0.000113011 0.103114 1.40238e-06 0.0179921 0.00280459 131124 0.0015283 
660.5 0.0887589 13247.6 18118.2 85.0978 7.10697 7.10697 12315.4 0.0734153 1331.68 282.683 1.1055e-06 8725.74 10400.4 0.17345 0.0038107 0.0038107 3677.14 5.83691e-07 68.4777 2.67513 7.06022e-07 0.105376 0.144119 0.000676899 5.65315e-05 5.65315e-05 0.0979613 5.83973e-07 0.0105927 0.00224857 2.88012e-06 0.241462 0.248914 0.000959943 0.000164669 0.000164669 0.140189 2.0741e-06 0.0207964 0.00402777 125717 0.00146528 
685.5 0.141308 19277.4 27753.2 117.462 11.4306 11.4306 17598.7 0.122732 1622.24 433.05 2.37031e-06 16777.6 22345.9 0.309976 0.00876896 0.00876896 7008.11 1.40101e-06 93.196 5.75768 1.17407e-06 0.160168 0.230591 0.000975943 9.49724e-05 9.49724e-05 0.146221 1.01973e-06 0.0134786 0.00359805 4.27966e-06 0.337261 0.363994 0.00127397 0.000252662 0.000252662 0.191956 3.25586e-06 0.0243446 0.00590698 120357 0.00140281 
710.5 0.219492 27731.2 41657.7 160.379 18.0135 18.0135 24777.4 0.199624 1943.67 650.153 5.07469e-06 31319.7 45843.4 0.53975 0.0193628 0.0193628 12893.5 3.26145e-06 122.138 11.771 1.9009e-06 0.240166 0.360776 0.00138896 0.000156005 0.000156005 0.214584 1.72884e-06 0.0168331 0.00563064 6.35105e-06 0.46213 0.516592 0.00165689 0.000378621 0.000378621 0.25616 5.02561e-06 0.0278284 0.00838082 115467 0.00134581 
735.5 0.337982 39701.2 61606.6 217.609 28.2304 28.2304 34543.5 0.321936 2307.71 965.051 9.96418e-06 57083 91213.6 0.932572 0.0409628 0.0409628 23378.7 7.09153e-06 157.497 23.5852 3.05112e-06 0.358402 0.556151 0.00196446 0.000254849 0.000254849 0.311841 2.90627e-06 0.0208328 0.00871197 8.98009e-06 0.621984 0.717025 0.00213534 0.000552125 0.000552125 0.337351 7.45468e-06 0.0314292 0.0117054 110773 0.0012911 
760.5 0.521569 56640 89973 293.156 44.062 44.062 47660 0.516971 2707.25 1415.64 2.12874e-05 105858 180296 1.59804 0.0898381 0.0898381 41868.5 1.63423e-05 200.215 46.8581 4.87749e-06 0.529673 0.841389 0.00274147 0.000412048 0.000412048 0.445695 4.83448e-06 0.025317 0.0132384 1.32394e-05 0.842249 0.988997 0.00272552 0.000818745 0.000818745 0.439195 1.13778e-05 0.0350909 0.0162154 106934 0.00124636 
785.5 0.810664 81097.8 130591 395.061 69.0145 69.0145 65592.8 0.832593 3180.65 2069.77 4.53131e-05 196219 350627 2.7348 0.1958 0.1958 74458.1 3.7286e-05 255.294 92.3224 7.78265e-06 0.778566 1.25372 0.00379272 0.000662562 0.000662562 0.629713 7.99318e-06 0.0305353 0.0198705 1.93508e-05 1.13031 1.33952 0.00344534 0.00120032 0.00120032 0.564167 1.71484e-05 0.038968 0.0221695 104163 0.00121406 
810.5 1.2486 114460 184934 522.216 106.554 106.554 88189.5 1.32102 3668.62 2956.81 9.28194e-05 359306 665377 4.60465 0.418745 0.418745 129430 8.23308e-05 318.89 177.754 1.2464e-05 1.14258 1.84607 0.00521293 0.00106366 0.00106366 0.880337 1.31869e-05 0.0366214 0.0295158 2.77706e-05 1.51037 1.79834 0.0043348 0.00174605 0.00174605 0.719038 2.54551e-05 0.0429202 0.0300535 100177 0.0011676 
835.5 1.93332 161860 260833 691.628 164.569 164.569 118468 2.09586 4239.93 4212.53 0.000196235 657539 1.24287e+06 7.72387 0.89559 0.89559 222669 0.000183804 398.187 337.892 1.97747e-05 1.65557 2.6679 0.00707425 0.00168328 0.00168328 1.21174 2.14373e-05 0.0433677 0.0430874 4.02011e-05 1.99616 2.36534 0.00538125 0.00251536 0.00251536 0.899573 3.7689e-05 0.0468195 0.0399945 97767 0.00113951 
860.5 2.93522 224476 359366 900.772 248.915 248.915 155993 3.25099 4804.65 5869.94 0.000397668 1.16964e+06 2.24373e+06 12.644 1.85496 1.85496 372327 0.000393111 481.307 621.905 3.07304e-05 2.35016 3.76241 0.00943068 0.00260603 0.00260603 1.63318 3.40364e-05 0.0503025 0.0614556 5.67367e-05 2.59275 3.05535 0.00659086 0.00355376 0.00355376 1.10943 5.43804e-05 0.0500872 0.0522903 95515 0.00111327 
885.5 4.54501 312371 491756 1168.76 378.834 378.834 203974 5.09376 5464.3 8135.24 0.000857265 2.12244e+06 4.03771e+06 20.723 3.95414 3.95414 619180 0.000877912 593.789 1145.21 4.86873e-05 3.3462 5.26781 0.0125201 0.00405817 0.00405817 2.18502 5.45657e-05 0.058535 0.0871468 8.25396e-05 3.39692 3.93741 0.00807695 0.00508813 0.00508813 1.36327 8.01686e-05 0.0541708 0.0683606 93351 0.00108804 
910.5 6.86503 423983 654298 1483.28 561.277 561.277 260093 7.76299 6087.21 10970.9 0.00179771 3.7175e+06 6.97315e+06 32.9511 8.12638 8.12638 993537 0.00189411 709.671 2027.42 7.58307e-05 4.68329 7.22734 0.0163842 0.00619983 0.00619983 2.87298 8.57495e-05 0.0672389 0.121184 0.000118773 4.37379 4.97902 0.00977415 0.00716419 0.00716419 1.64941 0.000116487 0.0576014 0.0878019 90531 0.00105518 
935.5 10.475 579910 873274 1898.32 837.063 837.063 333319 11.9048 6870.1 14857.3 0.00365374 6.49323e+06 1.19459e+07 52.5584 16.4597 16.4597 1.59025e+06 0.00396868 856.786 3564.77 0.000117533 6.50678 9.79841 0.0212998 0.00939212 0.00939212 3.73995 0.000133576 0.0770847 0.166704 0.00016487 5.5243 6.16668 0.0116636 0.00982199 0.00982199 1.96364 0.000163363 0.0605918 0.110489 89124 0.00103878 
960.5 15.9591 782845 1.14467e+06 2397.29 1235.12 1235.12 420210 18.131 7695.35 19791.9 0.00778195 1.13007e+07 2.00559e+07 82.72 33.7411 33.7411 2.49438e+06 0.00858135 1037.02 6174.46 0.000182554 8.95489 13.0938 0.0274224 0.0141284 0.0141284 4.80674 0.000207399 0.0880263 0.226398 0.000235989 7.00555 7.61386 0.013937 0.013651 0.013651 2.32984 0.000234834 0.0641384 0.139187 87421 0.00101893 
985.5 24.4263 1.05341e+06 1.48762e+06 3013.79 1817.49 1817.49 525521 27.5911 8656.88 26150.7 0.0166616 1.95961e+07 3.31989e+07 129.235 68.8124 68.8124 3.85986e+06 0.018471 1267.38 10539.5 0.000284291 12.2604 17.314 0.0350767 0.0211532 0.0211532 6.1164 0.000321125 0.100755 0.304361 0.000336301 8.81798 9.30687 0.0165455 0.0187997 0.0187997 2.74109 0.000334451 0.0678169 0.173294 85920 0.00100143 
1010.5 36.6185 1.39015e+06 1.89551e+06 3737.29 2618.9 2618.9 646677 41.107 9632 33911.4 0.0344681 3.28991e+07 5.3097e+07 197.467 135.654 135.654 5.81323e+06 0.038399 1523.45 17435.2 0.000435028 16.515 22.5187 0.044399 0.0311126 0.0311126 7.68254 0.000488351 0.114428 0.402868 0.000469288 10.8672 11.1222 0.0193556 0.0253688 0.0253688 3.16859 0.000466576 0.0707447 0.211726 84175 0.000981094 
1035.5 56.0907 1.84707e+06 2.41767e+06 4652.51 3809.24 3809.24 795785 62.1478 10863.6 44007.5 0.0757332 5.62945e+07 8.51226e+07 303.357 275.332 275.332 8.73424e+06 0.083467 1889.4 28912.3 0.000673843 22.1896 29.0446 0.0558927 0.0457622 0.0457622 9.56013 0.00074661 0.13051 0.528682 0.000675095 13.5614 13.3802 0.0228116 0.0348354 0.0348354 3.67863 0.000667309 0.0752692 0.260446 83240 0.000970196 
1060.5 85.1041 2.43397e+06 3.05474e+06 5772.2 5495.68 5495.68 973256 93.1455 12260.2 56666.6 0.160721 9.43798e+07 1.33704e+08 462.664 545.473 545.473 1.29623e+07 0.17591 2335.4 47115.3 0.00103352 29.5586 37.0973 0.0700986 0.0667405 0.0667405 11.8194 0.00113117 0.148891 0.688169 0.000940035 16.5063 15.7326 0.0265493 0.0465836 0.0465836 4.20931 0.000925593 0.0786961 0.314006 82344 0.000959753 
1085.5 127.24 3.14767e+06 3.78288e+06 7055.62 7784.72 7784.72 1.16955e+06 137.338 13713.9 71565.9 0.338038 1.54694e+08 2.04012e+08 692.011 1060.16 1060.16 1.87516e+07 0.365608 2876.44 74700.1 0.00157071 38.8562 46.6977 0.0870978 0.0960982 0.0960982 14.4375 0.00169536 0.169291 0.883442 0.00130605 19.9951 18.378 0.030927 0.0620661 0.0620661 4.7997 0.00128023 0.082757 0.37638 81008 0.000944181 
1110.5 191.92 4.08602e+06 4.69288e+06 8675.1 11077 11077 1.40902e+06 203.845 15493.4 90488.6 0.72876 2.54417e+08 3.104e+08 1039.66 2079.22 2079.22 2.70643e+07 0.773191 3592.3 118000 0.00238611 50.8009 58.3459 0.107856 0.137719 0.137719 17.5182 0.00253438 0.192627 1.12503 0.00183495 24.133 21.3288 0.0359571 0.082971 0.082971 5.44057 0.00178603 0.0869331 0.448757 80432 0.000937468 
1135.5 285.984 5.241e+06 5.75192e+06 10611.7 15586.6 15586.6 1.68344e+06 299.189 17447.7 113182 1.53529 4.09731e+08 4.61901e+08 1548.73 3994.38 3994.38 3.84857e+07 1.59902 4474.02 182708 0.00358152 65.6356 72.0341 0.132896 0.195199 0.195199 21.0826 0.00374688 0.218506 1.41743 0.00252981 28.6921 24.4069 0.0416434 0.109183 0.109183 6.12373 0.00244666 0.0910252 0.528236 79850 0.000930684 
1160.5 422.986 6.66405e+06 6.98507e+06 12923.2 21742.3 21742.3 1.99697e+06 435.648 19620.3 140241 3.21429 6.50602e+08 6.7585e+08 2289.63 7581.89 7581.89 5.40006e+07 3.27746 5570.33 278127 0.00533238 84.0106 88.0574 0.162916 0.274095 0.274095 25.1749 0.00549201 0.247343 1.76795 0.00347659 33.8238 27.677 0.0481928 0.143014 0.143014 6.85458 0.00333995 0.0950991 0.616891 79324 0.000924553 
1185.5 623.826 8.4317e+06 8.43735e+06 15732.3 30203.2 30203.2 2.35993e+06 631.929 22077 172607 6.7021 1.02289e+09 9.77047e+08 3376.14 14281.5 14281.5 7.50692e+07 6.67239 6948.16 417329 0.00789333 106.687 106.759 0.199062 0.382164 0.382164 29.8605 0.00799587 0.279343 2.18401 0.00474318 39.5047 31.0687 0.0556142 0.186161 0.186161 7.62966 0.00452686 0.0994144 0.714554 79032 0.00092115 
1210.5 928.364 1.07327e+07 1.02459e+07 19394.9 42382.9 42382.9 2.81487e+06 926.486 25151.8 214076 14.1325 1.61381e+09 1.41384e+09 5057.98 27228.7 27228.7 1.05249e+08 13.7653 8799.41 629661 0.0116553 134.745 128.633 0.243495 0.532101 0.532101 35.3396 0.0116317 0.315772 2.68764 0.00644847 45.875 34.6953 0.0648934 0.242312 0.242312 8.51322 0.00612552 0.103738 0.82567 79652 0.000928376 
1235.5 1356.19 1.34463e+07 1.22662e+07 23699.8 58487.7 58487.7 3.31859e+06 1333.41 28319.5 261216 28.9626 2.47891e+09 1.99582e+09 7469.49 50503 50503 1.44603e+08 27.5552 10942.3 922811 0.0169261 167.819 153.09 0.295789 0.729965 0.729965 41.4182 0.0166418 0.353446 3.26015 0.00865903 52.6794 38.3757 0.075715 0.312188 0.312188 9.4489 0.00818279 0.107904 0.942723 80124 0.000933878 
1260.5 1965.86 1.66909e+07 1.45512e+07 28906.6 80239.2 80239.2 3.89037e+06 1906.18 31733.5 315987 58.7706 3.75299e+09 2.77591e+09 11029.8 92976.6 92976.6 1.97095e+08 54.6784 13524.1 1.33385e+06 0.024475 207.802 181.162 0.359888 0.998982 0.998982 48.4353 0.023732 0.395083 3.93405 0.0115182 59.5253 41.7172 0.0883292 0.399497 0.399497 10.3857 0.0108416 0.110838 1.06289 80321 0.000936174 
1285.5 2844.52 2.07097e+07 1.72819e+07 35542 110217 110217 4.58224e+06 2722.27 35645.9 382215 118.372 5.63014e+09 3.83296e+09 16386.1 170426 170426 2.68386e+08 107.696 16650.4 1.90889e+06 0.0349249 254.272 212.186 0.436382 1.35323 1.35323 56.2604 0.0334238 0.437657 4.69281 0.0152847 66.8726 45.1441 0.103723 0.511109 0.511109 11.4012 0.0143225 0.113528 1.18941 81447 0.000949298 
1310.5 4046.43 2.52989e+07 2.02392e+07 43437.4 149394 149394 5.34248e+06 3826.19 39505.4 455501 231.735 8.23643e+09 5.17401e+09 24184.1 305877 305877 3.59952e+08 206.543 20082 2.66631e+06 0.0492141 307.694 246.156 0.528301 1.81698 1.81698 64.977 0.0465354 0.480478 5.53995 0.0199102 74.1515 48.3241 0.122612 0.647112 0.647112 12.4837 0.0186145 0.115694 1.31815 82221 0.000958319 
1335.5 5812.81 3.11931e+07 2.3952e+07 54170.7 205320 205320 6.32207e+06 5437.26 44262.3 548338 455.677 1.20718e+10 7.01061e+09 36524.6 555096 555096 4.88644e+08 398.417 24332.6 3.73414e+06 0.0687882 369.136 283.446 0.64105 2.42974 2.42974 74.8148 0.064344 0.523796 6.48898 0.0257024 81.2101 51.1977 0.145887 0.815671 0.815671 13.6132 0.0239723 0.116562 1.44314 84503 0.000984917 
1360.5 8212.97 3.79445e+07 2.80392e+07 67385.6 278949 278949 7.43066e+06 7607.73 48940.4 651599 868.881 1.72271e+10 9.29044e+09 54913.1 985975 985975 6.54022e+08 746.679 28715 5.09509e+06 0.0944367 436.304 322.408 0.774832 3.20749 3.20749 85.4413 0.0874774 0.562741 7.4924 0.0327496 87.8877 53.6564 0.176218 1.02431 1.02431 14.8339 0.0305512 0.116196 1.56517 86968 0.00101365 
1385.5 11576.9 4.60594e+07 3.28185e+07 84868.9 380062 380062 8.77407e+06 10631.9 53957.6 773156 1634.2 2.42581e+10 1.21933e+10 83826.3 1.74419e+06 1.74419e+06 8.75018e+08 1382.65 33389.9 6.86543e+06 0.128124 509.749 363.209 0.939262 4.20623 4.20623 97.1044 0.117666 0.59716 8.55668 0.0408685 92.8721 55.0037 0.213333 1.26924 1.26924 15.9606 0.0381686 0.113725 1.66264 90357 0.00105315 
1410.5 16065.7 5.51e+07 3.79552e+07 106879 512536 512536 1.02866e+07 14641.8 58518.7 904740 2983.35 3.31953e+10 1.56275e+10 127980 3.0243e+06 3.0243e+06 1.15377e+09 2488.57 37580.6 8.99711e+06 0.171054 586.657 404.114 1.13796 5.45704 5.45704 109.523 0.155894 0.623056 9.63289 0.0500469 96.2725 55.5003 0.260137 1.55588 1.55588 17.0038 0.0468326 0.109206 1.73228 93922 0.0010947 
1435.5 22338.5 6.60912e+07 4.41475e+07 137382 696554 696554 1.21851e+07 20221.2 63413.2 1.06144e+06 5368.96 4.4787e+10 1.98616e+10 199763 5.22654e+06 5.22654e+06 1.52217e+09 4422.3 41400.7 1.16173e+07 0.224222 663.387 443.127 1.37896 6.99162 6.99162 122.307 0.202969 0.636506 10.6542 0.0601274 97.289 54.7501 0.321829 1.89164 1.89164 17.8794 0.0564992 0.102061 1.7598 99627 0.00116119 
1460.5 30476.6 7.78509e+07 5.05834e+07 177221 934968 934968 1.42974e+07 27437.6 67212 1.22366e+06 9279.38 5.81251e+10 2.44297e+10 313078 8.78109e+06 8.78109e+06 1.96396e+09 7563.39 43529.5 1.44407e+07 0.287515 734.443 477.202 1.6719 8.82045 8.82045 134.881 0.258846 0.634075 11.5439 0.06983 94.5725 52.4127 0.397898 2.24501 2.24501 18.3058 0.0659669 0.092761 1.72363 106000 0.00123547 
1485.5 41736.5 9.19324e+07 5.83068e+07 235728 1.26799e+06 1.26799e+06 1.69725e+07 37402.8 70941.8 1.41412e+06 15731.9 7.37503e+10 2.95795e+10 508150 1.46535e+07 1.46535e+07 2.52151e+09 12706.9 44156 1.75397e+07 0.359747 792.412 502.576 2.03186 10.9295 10.9295 146.295 0.322394 0.611483 12.189 0.0786324 88.1726 48.7676 0.501531 2.61765 2.61765 18.2213 0.0747628 0.0818016 1.616 116016 0.00135221 
1510.5 56144.9 1.06493e+08 6.61997e+07 318683 1.70033e+06 1.70033e+06 1.99599e+07 50119.5 72722.4 1.60186e+06 25298.2 8.85651e+10 3.4176e+10 838716 2.34797e+07 2.34797e+07 3.12178e+09 20268.7 41577.1 2.01219e+07 0.434733 824.582 512.588 2.46758 13.1657 13.1657 154.551 0.388078 0.563093 12.4033 0.0830193 76.3468 43.3604 0.636597 2.91002 2.91002 16.9169 0.0796055 0.0697089 1.40152 129148 0.00150527 
1535.5 74057.5 1.20737e+08 7.39317e+07 441867 2.25014e+06 2.25014e+06 2.32057e+07 65872.6 72111.1 1.77246e+06 38000.4 9.91799e+10 3.71885e+10 1.41745e+06 3.55304e+07 3.55304e+07 3.67021e+09 30196 35734.6 2.14359e+07 0.500595 816.125 499.745 2.98682 15.2099 15.2099 156.86 0.445269 0.487438 11.981 0.0791815 65.9626 40.4055 0.812568 2.97115 2.97115 14.2754 0.0764669 0.0628784 1.16262 147939 0.00172429 
1560.5 94611.3 1.3202e+08 8.00699e+07 637267 2.9046e+06 2.9046e+06 2.63163e+07 83868 67917.7 1.88596e+06 51461.4 9.99011e+10 3.67709e+10 2.49455e+06 4.89571e+07 4.89571e+07 3.95335e+09 40528.8 26924.8 2.0424e+07 0.536065 748.025 453.674 3.61074 16.4574 16.4574 149.107 0.475195 0.38482 10.6858 0.0649092 80.603 50.2294 1.04721 2.5582 2.5582 12.9065 0.061849 0.0668494 1.23922 176492 0.00205709 
1585.5 111997 1.33985e+08 8.09747e+07 944719 3.48449e+06 3.48449e+06 2.79342e+07 98832.3 58616.1 1.85477e+06 57926.6 8.47628e+10 3.09273e+10 4.39462e+06 5.59358e+07 5.59358e+07 3.62433e+09 45071.5 16785.7 1.62946e+07 0.506635 606.101 366.302 4.27358 15.7627 15.7627 126.365 0.447083 0.265159 8.39036 0.0732177 126.804 75.6785 1.27132 2.1385 2.1385 20.6669 0.0632829 0.07499 1.82014 221060 0.00257654 
1610.5 113977 1.1797e+08 7.13649e+07 1.37267e+06 3.58137e+06 3.58137e+06 2.57966e+07 99920.5 43680.6 1.57602e+06 48959.2 5.53408e+10 2.01373e+10 7.00468e+06 4.73853e+07 4.73853e+07 2.55888e+09 37493.7 8013.44 9.96466e+06 0.395572 409.43 247.68 4.76403 12.4296 12.4296 89.5302 0.346786 0.151599 5.46976 0.115938 156.315 92.4311 1.27066 3.15636 3.15636 29.415 0.0993265 0.0694944 2.15991 288133 0.00335831 
1635.5 90957.5 8.30442e+07 5.03485e+07 1.80889e+06 2.85785e+06 2.85785e+06 1.89499e+07 79010.2 26328.1 1.06936e+06 27999.5 2.54472e+10 9.23956e+09 9.03118e+06 2.6566e+07 2.6566e+07 1.25789e+09 21010.8 2747.97 4.3017e+06 0.240812 219.862 133.299 4.78909 7.56623 7.56623 50.1703 0.209182 0.0697045 2.83115 0.127038 137.96 81.8128 0.987349 3.6175 3.6175 28.5173 0.108948 0.0491591 1.83669 377711 0.00440238 
1660.5 53221.2 4.39403e+07 2.66326e+07 2.08197e+06 1.64935e+06 1.64935e+06 1.03493e+07 45681.5 12208.9 546932 10224.6 7.82283e+09 2.81959e+09 9.11915e+06 9.2294e+06 9.2294e+06 4.05759e+08 7481.22 650.761 1.25287e+06 0.109458 90.3705 54.7744 4.28192 3.39217 3.39217 21.2851 0.0939516 0.0251096 1.12486 0.0951182 89.0062 52.9029 0.648245 2.73404 2.73404 19.5309 0.0809904 0.0266065 1.14518 486224 0.00566714 
1685.5 22555.8 1.73331e+07 1.04455e+07 2.09693e+06 681258 681259 4.15386e+06 19078.7 4334.54 210204 2436.96 1.65793e+09 5.87438e+08 7.29139e+06 2.01871e+06 2.01871e+06 8.80201e+07 1728.72 110.635 256297 0.0367394 28.2324 17.0138 3.41552 1.10965 1.10965 6.7659 0.0310758 0.00706019 0.342385 0.051182 43.628 25.8333 0.458867 1.43416 1.43416 9.87885 0.0430124 0.0114174 0.547937 613941 0.00715573 
1710.5 7063.44 5.18633e+06 3.0876e+06 1.92133e+06 209106 209107 1.24888e+06 5872.55 1189.02 61932.4 397.318 2.53493e+08 8.72221e+07 4.85783e+06 290742 290742 1.34487e+07 271.503 13.9624 38699.7 0.00904978 6.6448 3.95587 2.46163 0.26791 0.26791 1.60008 0.00752399 0.00152339 0.0793486 0.0206676 16.7519 9.80313 0.405341 0.548385 0.548385 3.83019 0.0170659 0.00394564 0.208054 780510 0.00909716 
1735.5 1709.51 1.2304e+06 718631 1.64508e+06 52666.4 52666.8 294373 1393.07 261.088 14648 49.6716 3.11276e+07 1.02692e+07 2.78313e+06 30834 30834 1.61878e+06 32.4883 1.43143 4790.89 0.00167097 1.20265 0.702429 1.60799 0.051479 0.0514794 0.287736 0.00136166 0.000255202 0.0143177 0.00676458 5.38325 3.08938 0.367063 0.165797 0.165797 1.22454 0.00546825 0.001155 0.0669169 1.02307e+06 0.0119242 
1760.5 328.248 236587 134671 1.35443e+06 12971.8 12972.3 55787.6 261.419 46.5005 2840.11 4.70833 2.87339e+06 906230 1.40267e+06 2473.07 2473.08 147960 2.94618 0.11033 445.427 0.000226717 0.163408 0.0930154 0.935486 0.00895949 0.00895984 0.0385318 0.000180559 3.21173e-05 0.00196163 0.00178902 1.39925 0.785665 0.306061 0.0403466 0.0403466 0.317348 0.00141502 0.000274175 0.0174299 1.44783e+06 0.0168751 
1785.5 48.742 35902.6 19772.7 1.08974e+06 3823.58 3824.1 8283.38 37.8272 6.50591 438.511 0.257822 153170 45950.3 611175 119.098 119.101 7822.95 0.154267 0.00497425 23.8164 1.99939e-05 0.0147272 0.00811072 0.447009 0.00156842 0.00156864 0.00339782 1.55166e-05 2.66871e-06 0.000179876 0.000324589 0.250226 0.137051 0.225578 0.0068113 0.00681132 0.0565456 0.000251076 4.50922e-05 0.00312043 2.43785e+06 0.0284141 
1810.5 4.60621 3576.83 1884.52 866643 1270.81 1271.43 797.391 3.47073 0.591717 44.9072 0.00478419 2922.47 819.108 208611 2.55045 2.5509 144.314 0.00272216 8.06136e-05 0.46282 7.0718e-07 0.000549142 0.000289325 0.133054 0.000195105 0.000195199 0.000122421 5.32852e-07 9.08449e-08 6.89449e-06 2.70925e-05 0.0211749 0.0112103 0.119684 0.000594558 0.000594584 0.00470544 2.04363e-05 3.51684e-06 0.000266473 6.51349e+06 0.0759174 
1835.5 0.129336 114.764 56.0784 506073 243.443 244.111 23.6016 0.0942122 0.0116127 1.48928 6.40079e-06 4.62744 1.15392 31780.2 0.035738 0.035777 0.208072 3.40989e-06 3.6888e-07 0.000787081 2.93744e-09 2.60649e-06 1.27363e-06 0.0114937 5.529e-06 5.54417e-06 5.36031e-07 2.13971e-09 2.63743e-10 3.38241e-08 3.81266e-07 0.000324176 0.000161882 0.0242832 2.79481e-05 2.7961e-05 6.87412e-05 2.7828e-07 9.15303e-08 4.22785e-06 4.40303e+07 0.513191 
1860.5 -8.58303e-06 0.00838532 0.00542737 6712.58 2.21101 2.22098 0.00040369 1.87617e-06 -0.000244978 2.48956e-05 2.67691e-12 2.44119e-07 8.98964e-08 263.686 0.000140659 0.000140922 8.42247e-08 3.2621e-14 3.84722e-08 1.45551e-10 -1.21566e-11 1.18766e-08 7.6871e-09 0.00950741 3.13158e-06 3.14571e-06 5.7177e-10 2.65733e-12 -3.46977e-10 3.52611e-11 1.94713e-09 5.87894e-07 3.56744e-07 0.0168251 1.37629e-05 1.37732e-05 3.45387e-07 2.14933e-10 2.33431e-07 1.4358e-08 706036 0.00822914 
1885.5 0 0 0 0 0 0 0 0 0 0 0 0 0 0 0 0 0 0 0 0 0.0 0.0 0.0 0.0 0.0 0.0 0.0 0.0 0.0 0.0 0.0 0.0 0.0 0.0 0.0 0.0 0.0 0.0 0.0 0.0 0 0 
