310.5 7.28569e-07 5.71774e-08 0.260796 -0.00147056 6.31372e-07 6.65229e-06 0.00108006 0.000348658 0.00369823 1.98453e-09 4.01374e-15 3.02188e-17 9.61737e-05 6.8182e-11 1.46424e-15 2.0867e-13 9.31629e-10 5.75693e-11 1.42527e-08 2.71056e-20 3.73135e-14 2.92833e-15 1.33566e-08 -7.53147e-11 3.23356e-14 3.40695e-13 5.53149e-11 1.78565e-11 1.89404e-10 1.01637e-16 1.43374e-11 1.24404e-12 2.21931e-06 1.86715e-09 8.65965e-12 1.03377e-10 6.90725e-09 1.717e-09 2.70169e-08 3.72585e-14 1.95256e+07 0.227579 
335.5 3.29232e-05 3.3866e-06 6.48243 -0.00942791 2.80507e-05 0.000374123 0.0418961 -0.0230155 0.172838 1.27412e-07 3.22947e-12 4.49064e-14 0.0341729 2.84983e-07 1.08917e-12 2.65404e-10 8.94184e-07 1.53742e-06 2.12394e-05 4.23726e-17 3.42084e-11 3.5188e-12 6.73548e-06 -9.79595e-09 2.91457e-11 3.88727e-10 4.35316e-08 -2.39139e-08 1.79585e-07 1.32386e-13 1.83149e-09 2.15979e-10 0.000188312 5.4407e-07 1.06341e-09 1.66016e-08 9.62909e-07 1.26367e-06 4.69428e-06 6.63394e-12 962430 0.0112175 
360.5 0.000302978 3.85345e-05 43.607 0.0844689 0.000246108 0.0040023 0.392211 -0.867236 1.90301 1.47788e-06 2.34999e-10 4.89604e-12 1.02037 3.83e-05 5.22829e-11 1.82628e-08 4.33302e-05 0.000412687 0.00135145 4.0665e-15 5.88896e-10 7.48992e-11 8.47586e-05 1.64182e-07 4.78359e-10 7.77923e-09 7.62336e-07 -1.68564e-06 3.69886e-06 2.87255e-12 2.1364e-08 3.08396e-09 0.00140574 8.62649e-06 1.00694e-08 1.88246e-07 9.14545e-06 2.82718e-05 5.11186e-05 8.88581e-11 514485 0.00599653 
385.5 0.00164768 0.000256187 180.254 1.36218 0.00121197 0.0238928 1.98509 -9.97196 11.266 9.44052e-06 4.77999e-09 1.49536e-10 14.9386 0.00250397 1.01513e-09 5.31576e-07 0.000915863 0.0389307 0.0402695 1.26065e-13 4.43087e-09 6.88927e-10 0.000484732 3.66314e-06 3.2592e-09 6.42515e-08 5.33823e-06 -2.68162e-05 3.02961e-05 2.53871e-11 1.1329e-07 2.00412e-08 0.0063196 8.19766e-05 5.21463e-08 1.19389e-06 4.93397e-05 0.000322447 0.000327679 5.8169e-10 371863 0.00433421 
410.5 0.00503594 0.000897191 489.178 7.2083 0.00363378 0.0824887 6.4721 -58.2781 41.5618 3.33614e-05 3.34057e-08 1.32495e-09 79.0911 0.0329617 6.42002e-09 4.35604e-06 0.0065934 0.747901 0.364532 1.10375e-12 1.69481e-08 3.01943e-09 0.00164629 2.4259e-05 1.22292e-08 2.7761e-07 2.17814e-05 -0.000196131 0.000139873 1.12275e-10 3.34869e-07 6.67077e-08 0.0162316 0.000332177 1.46481e-07 3.81875e-06 0.000147361 0.00157434 0.00109875 1.92405e-09 297139 0.00346328 
435.5 0.0136068 0.00275961 1159.51 28.8402 0.00940276 0.2448 17.4059 -249.235 126.134 0.000101572 2.31131e-07 1.17819e-08 362.103 0.346544 3.60345e-08 3.23516e-05 0.0367212 9.889 2.60149 9.0666e-12 5.45436e-08 1.10621e-08 0.00464798 0.000115608 3.76916e-08 9.81297e-07 6.97727e-05 -0.000999076 0.000505614 4.07158e-10 9.61003e-07 2.1704e-07 0.0378141 0.00117294 3.78188e-07 1.13455e-05 0.000377268 0.00621631 0.00318945 6.01484e-09 249466 0.00290763 
460.5 0.0298164 0.00671956 2359.83 88.032 0.0204255 0.597717 39.4616 -819.266 318.251 0.000250213 6.90748e-07 4.52857e-08 1121 2.16712 1.22764e-07 0.000141122 0.144002 72.7494 12.5271 3.75817e-11 1.34806e-07 3.03805e-08 0.0106693 0.000398011 9.23477e-08 2.7024e-06 0.000178414 -0.00370407 0.00143888 1.13126e-09 1.76206e-06 4.51467e-07 0.0703879 0.00310477 7.39266e-07 2.51145e-05 0.000786912 0.0177537 0.00738696 1.29859e-08 221180 0.00257794 
485.5 0.0600075 0.0149367 4403.7 233.842 0.0405229 1.3274 80.1344 -2279.24 717.67 0.000559361 1.8296e-06 1.39057e-07 3065.99 10.9984 3.6675e-07 0.000515698 0.472678 426.395 50.5332 1.26909e-10 3.0129e-07 7.49949e-08 0.0221104 0.00117409 2.0346e-07 6.6647e-06 0.000402344 -0.0114438 0.00360332 2.80847e-09 3.01586e-06 8.32202e-07 0.122086 0.00733776 1.34164e-06 5.04463e-05 0.00148707 0.044832 0.0155157 2.50859e-08 199169 0.0023214 
510.5 0.114585 0.0311961 7790.39 558.602 0.0760677 2.76141 151.839 -5634.27 1501.51 0.00117194 6.47294e-06 6.2084e-07 7918.13 46.8977 1.11712e-06 0.00198977 1.35846 1933.88 175.202 5.26785e-10 6.25096e-07 1.70184e-07 0.0424989 0.00304734 4.14972e-07 1.50643e-05 0.000828327 -0.0307366 0.00819119 6.39328e-09 5.90941e-06 1.83246e-06 0.203444 0.0157021 2.43352e-06 0.000103092 0.0025932 0.098006 0.0298108 5.32249e-08 183308 0.00213653 
535.5 0.211849 0.062879 13303.4 1252.45 0.137881 5.54516 271.84 -12699.8 2973.36 0.00235864 1.72846e-05 1.94291e-06 19283.4 184.243 3.02357e-06 0.00653377 3.62614 7924.06 570.307 1.66485e-09 1.25999e-06 3.73979e-07 0.0791232 0.00744908 8.20063e-07 3.29804e-05 0.0016168 -0.0755335 0.0176844 1.40282e-08 1.00605e-05 3.37873e-06 0.329286 0.032254 4.16059e-06 0.000194352 0.00435348 0.203529 0.0554907 9.85145e-08 168135 0.00195968 
560.5 0.351785 0.112406 21086.9 2524.2 0.230087 10.1256 452.377 -25747.4 5432.06 0.0042755 3.33155e-05 4.16596e-06 38986.2 560.381 6.58704e-06 0.0164656 8.30047 25595 1542.21 3.88516e-09 2.25319e-06 7.19966e-07 0.135062 0.0161676 1.47371e-06 6.48549e-05 0.00289749 -0.164913 0.0347926 2.73848e-08 1.4433e-05 5.11515e-06 0.481109 0.0576877 6.32601e-06 0.000318209 0.00669099 0.369784 0.0930988 1.55354e-07 156127 0.00181972 
585.5 0.593399 0.204406 33233.3 4956.38 0.384885 18.5676 732.738 -49325 9691.97 0.00779183 7.36229e-05 1.05353e-05 81676.4 1742.02 1.53547e-05 0.0454882 18.6079 78666.4 4156.59 1.01439e-08 4.07695e-06 1.40437e-06 0.228329 0.0340528 2.64435e-06 0.000127568 0.00503427 -0.338887 0.0665886 5.35337e-08 2.21179e-05 8.39111e-06 0.713458 0.103966 9.92481e-06 0.000544291 0.0101243 0.652405 0.155318 2.58511e-07 145550 0.00169644 
610.5 0.918216 0.337374 49305.7 8975.17 0.601854 31.4823 1121.99 -87331 16252 0.0130474 0.000140759 2.25286e-05 149030 4462.13 3.09434e-05 0.105464 37.1024 204229 9714.01 2.26349e-08 6.65374e-06 2.44474e-06 0.357288 0.0650375 4.36126e-06 0.000228133 0.00813036 -0.632833 0.117768 9.45465e-08 3.12366e-05 1.25409e-05 0.975845 0.167644 1.4325e-05 0.000843911 0.0142392 1.03896 0.237744 3.93804e-07 138000 0.00160845 
635.5 1.49584 0.591771 74272.6 16303.7 0.968041 55.4 1698.7 -149992 27163.1 0.0227256 0.000341369 6.43924e-05 300166 12711.1 7.18889e-05 0.29627 75.2499 529257 23926.6 6.18036e-08 1.14079e-05 4.51307e-06 0.56643 0.124338 7.38264e-06 0.000422501 0.0129549 -1.14389 0.207156 1.73314e-07 4.97319e-05 2.16959e-05 1.40297 0.285447 2.22204e-05 0.00144255 0.0201508 1.65161 0.373577 6.64304e-07 131124 0.0015283 
660.5 2.22272 0.933771 106320 27722.9 1.4634 90.4123 2464.75 -242322 43251.7 0.0363084 0.000583673 0.000122427 511404 29672.9 0.00013354 0.628307 137.776 1.19666e+06 51548.7 1.2204e-07 1.76803e-05 7.42757e-06 0.845711 0.220518 1.16404e-05 0.000719173 0.0196056 -1.92752 0.34404 2.8881e-07 6.5804e-05 3.03094e-05 1.83103 0.432899 3.04423e-05 0.00211674 0.0266748 2.40901 0.540069 9.41988e-07 125717 0.00146528 
685.5 3.34989 1.50196 150235 45965 2.20972 148.049 3471.8 -373587 67139.8 0.058342 0.0011145 0.000262523 901382 70705.9 0.000266321 1.45513 247.364 2.57791e+06 111108 2.66084e-07 2.78329e-05 1.24792e-05 1.24825 0.381905 1.83597e-05 0.00123009 0.0288459 -3.10399 0.557839 4.84741e-07 9.21158e-05 4.50052e-05 2.43539 0.664542 4.33091e-05 0.00325222 0.0349738 3.4328 0.782284 1.40564e-06 120357 0.00140281 
710.5 4.89302 2.33327 206888 73408.3 3.24272 234.698 4735.35 -551094 100932 0.0903282 0.00205887 0.000548906 1.51052e+06 157054 0.000500666 3.16863 419.659 5.14331e+06 225316 5.44641e-07 4.23759e-05 2.02073e-05 1.79175 0.635751 2.80835e-05 0.0020326 0.0410104 -4.77274 0.874116 7.82286e-07 0.00012663 6.59201e-05 3.14189 0.977744 5.95594e-05 0.00482808 0.0441881 4.66525 1.08962 2.02605e-06 115467 0.00134581 
735.5 7.05752 3.57028 280217 113936 4.70291 366.835 6296.31 -781591 148142 0.13776 0.0035915 0.00105828 2.45598e+06 332697 0.000916898 6.59895 688.955 9.6747e+06 442309 1.06722e-06 6.37115e-05 3.22306e-05 2.52965 1.02856 4.24554e-05 0.00331159 0.0568397 -7.05579 1.33734 1.24363e-06 0.000168413 9.22756e-05 3.97142 1.39481 8.04662e-05 0.00697174 0.0546696 6.12812 1.48474 2.84389e-06 110773 0.0012911 
760.5 10.0927 5.42708 373190 172496 6.72253 565.679 8163.91 -1.07247e+06 212503 0.206701 0.00650326 0.00216712 3.94545e+06 691113 0.00167782 13.9627 1089.07 1.72845e+07 844093 2.11539e-06 9.43822e-05 5.07517e-05 3.48991 1.61311 6.28662e-05 0.00528998 0.0763453 -10.0293 1.98724 1.93298e-06 0.000227832 0.000133005 4.97158 1.96491 0.000108343 0.0101286 0.0659996 7.81353 1.98607 4.00573e-06 106934 0.00124636 
785.5 14.4813 8.26403 494202 256806 9.59763 869.731 10432.9 -1.43618e+06 300830 0.309245 0.0118116 0.0044059 6.27505e+06 1.39285e+06 0.00306072 29.2023 1681.32 2.95645e+07 1.57526e+06 4.16678e-06 0.000139026 7.93375e-05 4.74451 2.46543 9.21405e-05 0.00834971 0.100159 -13.7878 2.88807 2.96885e-06 0.000306704 0.000189746 6.14266 2.70065 0.000144548 0.0145132 0.0781629 9.68122 2.60424 5.58466e-06 104163 0.00121406 
810.5 20.4849 12.4047 638931 369701 13.4268 1310.18 12876.9 -1.84568e+06 412354 0.452682 0.0206382 0.00858786 9.72289e+06 2.70709e+06 0.0054504 59.5181 2486.55 4.78268e+07 2.8362e+06 7.91509e-06 0.000204487 0.000123828 6.37802 3.69047 0.000134031 0.0130786 0.128542 -18.4242 4.11625 4.51882e-06 0.000405219 0.000265318 7.50853 3.66108 0.000190902 0.0205689 0.0910965 11.7461 3.3717 7.65449e-06 100177 0.0011676 
835.5 29.0423 18.6424 822568 526073 18.7435 1965.98 15757.6 -2.3407e+06 560694 0.659827 0.0369325 0.0171384 1.4906e+07 5.12071e+06 0.0096725 120.532 3593.1 7.48097e+07 4.99459e+06 1.50683e-05 0.000297056 0.000190682 8.41356 5.38088 0.000191716 0.0201089 0.161175 -23.9416 5.735 6.74897e-06 0.000538069 0.000372745 9.03753 4.83971 0.000249358 0.0287834 0.103799 13.8557 4.26572 1.042e-05 97767 0.00113951 
860.5 40.2747 27.3837 1.03298e+06 726927 25.5684 2879.48 18779.5 -2.88199e+06 743299 0.936995 0.0631177 0.032612 2.19812e+07 9.2757e+06 0.0165495 235.048 4978.32 1.11448e+08 8.47125e+06 2.73588e-05 0.000421658 0.000286695 10.8149 7.61061 0.00026769 0.0301469 0.196613 -30.1732 7.78201 9.80992e-06 0.000694996 0.000509156 10.6383 6.26028 0.00031876 0.0393957 0.116035 16.0121 5.30382 1.37913e-05 95515 0.00111327 
885.5 56.7363 40.8997 1.29359e+06 993080 34.9621 4230.24 22066.5 -3.49152e+06 974413 1.33681 0.114022 0.0657369 3.27091e+07 1.66305e+07 0.0289528 469.52 6759.95 1.61746e+08 1.41841e+07 5.13539e-05 0.000607774 0.000438129 13.8573 10.6381 0.000374523 0.0453154 0.236382 -37.4021 10.4382 1.43202e-05 0.000923061 0.000715705 12.5843 8.06106 0.000412168 0.0545539 0.128601 18.2687 6.55653 1.85755e-05 93351 0.00108804 
910.5 77.9611 59.5009 1.57636e+06 1.31447e+06 46.5608 6041.62 25191.4 -4.10721e+06 1.24204e+06 1.85289 0.199129 0.128255 4.66741e+07 2.84264e+07 0.0486956 900.661 8780.97 2.24259e+08 2.27814e+07 9.24647e-05 0.000861154 0.000657244 17.4123 14.5196 0.000514307 0.0667354 0.278263 -45.368 13.7195 2.0467e-05 0.00120747 0.000992335 14.5729 10.1577 0.000522855 0.0741286 0.13987 20.467 7.96354 2.45451e-05 90531 0.00105518 
935.5 108.356 87.4188 1.93203e+06 1.74075e+06 62.4732 8680.11 28794 -4.84085e+06 1.58791e+06 2.58406 0.342342 0.243535 6.64033e+07 4.79669e+07 0.081502 1705.74 11289.5 3.07924e+08 3.63429e+07 0.000163661 0.00121579 0.000980867 21.678 19.5318 0.000700969 0.0973937 0.323078 -54.3159 17.8169 2.8994e-05 0.00153722 0.00133058 16.5871 12.5185 0.000650478 0.0982518 0.149307 22.4674 9.50464 3.15545e-05 89124 0.00103878 
960.5 150.155 128.095 2.33209e+06 2.25982e+06 82.8876 12327.2 32249.1 -5.59948e+06 1.99455e+06 3.57039 0.609086 0.481709 9.33348e+07 7.90275e+07 0.13685 3254.04 14070.8 4.10877e+08 5.66528e+07 0.000294687 0.00171761 0.00146526 26.6765 25.8498 0.000948143 0.141009 0.368894 -64.0518 22.8155 4.08413e-05 0.00200427 0.00183391 18.8683 15.3549 0.000816358 0.131678 0.157707 24.4405 11.2915 4.12659e-05 87421 0.00101893 
985.5 209.166 188.535 2.80322e+06 2.90526e+06 109.748 17455.7 35692.2 -6.41929e+06 2.48385e+06 4.92592 1.09278 0.958037 1.30376e+08 1.28015e+08 0.228897 6172.18 17142.7 5.39087e+08 8.69661e+07 0.000528188 0.00243443 0.00219431 32.626 33.8136 0.00127733 0.203162 0.415412 -74.7124 28.9088 5.73315e-05 0.00260616 0.00251701 21.2829 18.6166 0.00101612 0.174818 0.164169 26.3126 13.2836 5.3484e-05 85920 0.00100143 
1010.5 285.905 271.84 3.30625e+06 3.65731e+06 142.637 24209.6 38709.2 -7.24876e+06 3.04142e+06 6.66148 1.89953 1.83985 1.76331e+08 1.99751e+08 0.371433 11311.5 20138.5 6.88761e+08 1.29675e+08 0.000915836 0.00339655 0.00322946 39.2783 43.4489 0.00169453 0.28761 0.459866 -86.1154 36.1321 7.91385e-05 0.00332113 0.00338053 23.4951 22.028 0.00124145 0.227291 0.166642 27.6881 15.3302 6.79503e-05 84175 0.000981094 
1035.5 398.79 400.36 3.92019e+06 4.6061e+06 186.936 33880.2 41640.6 -8.18604e+06 3.72395e+06 9.11897 3.49019 3.74882 2.4193e+08 3.12146e+08 0.617695 21314.1 23165.4 8.75689e+08 1.92867e+08 0.00164763 0.00479084 0.00480971 47.095 55.3352 0.00224575 0.407018 0.500248 -98.3426 44.7374 0.00010955 0.00435626 0.00468007 26.2388 26.2291 0.00154184 0.300654 0.167475 29.1339 17.764 8.82747e-05 83240 0.000970196 
1060.5 552.206 584.242 4.6126e+06 5.74194e+06 243.601 47041.7 44101.4 -9.18256e+06 4.53022e+06 12.3969 6.23316 7.38267 3.25576e+08 4.76715e+08 1.00849 39211.7 25816.6 1.09853e+09 2.82944e+08 0.0028902 0.00670609 0.00709514 56.0162 69.7311 0.00295833 0.571283 0.535575 -111.515 55.0158 0.00015055 0.00554301 0.0062702 28.5665 30.4449 0.00186962 0.387078 0.163342 30.0876 20.2332 0.000111507 82344 0.000959753 
1085.5 754.506 840.387 5.3334e+06 7.01098e+06 312.29 64150.7 45300.1 -1.01291e+07 5.41342e+06 16.5945 11.0495 14.406 4.28989e+08 7.06405e+08 1.61856 70761 27301.6 1.34373e+09 4.04367e+08 0.00499887 0.00931396 0.0103741 65.838 86.5468 0.00385505 0.791906 0.559206 -125.038 66.8258 0.00020485 0.00704633 0.00837924 30.9999 35.0692 0.00226249 0.496378 0.155923 30.8744 22.9348 0.000140517 81008 0.000944181 
1110.5 1039.05 1218.46 6.18462e+06 8.56775e+06 401.949 87807.8 45558.4 -1.11948e+07 6.48178e+06 22.3286 19.9554 28.7149 5.64951e+08 1.04146e+09 2.61014 128480 27440.3 1.63639e+09 5.75804e+08 0.00873775 0.0129184 0.015149 76.8925 106.522 0.00499738 1.0917 0.566422 -139.184 80.5871 0.000277609 0.00901206 0.0112923 33.3391 40.0189 0.00273453 0.636836 0.142575 31.1907 25.78 0.000177676 80432 0.000937468 
1135.5 1415.9 1745.48 7.09432e+06 1.03346e+07 512.598 118857 43946.1 -1.22536e+07 7.69127e+06 29.7535 35.365 55.965 7.30475e+08 1.49891e+09 4.14156 228572 25482.2 1.95819e+09 8.06635e+08 0.0149931 0.017732 0.0218595 88.8455 129.425 0.00641951 1.4885 0.550359 -153.458 96.3215 0.000372618 0.0113345 0.0149345 35.4198 44.9531 0.00326445 0.80429 0.1274 31.2089 28.7062 0.000221183 79850 0.000930684 
1160.5 1915.24 2479.79 8.07051e+06 1.2335e+07 648.401 159360 39743.3 -1.33004e+07 9.05081e+06 39.3348 62.1992 108.144 9.31045e+08 2.11544e+09 6.49083 400890 20976.6 2.30533e+09 1.11235e+09 0.0254608 0.0241445 0.0312616 101.741 155.501 0.00817408 2.00897 0.501025 -167.672 114.099 0.000495875 0.014183 0.0196477 37.2289 49.8775 0.00387443 1.00888 0.115831 30.7944 31.6889 0.000274006 79324 0.000924553 
1185.5 2581.87 3509.55 9.13349e+06 1.46248e+07 816.449 212550 32044.5 -1.43434e+07 1.05971e+07 51.7647 108.892 207.81 1.17461e+09 2.94246e+09 10.0876 696330 14148.6 2.67396e+09 1.51601e+09 0.0428932 0.0326686 0.0444067 115.567 185.049 0.0103306 2.68942 0.405462 -181.489 134.086 0.000654984 0.0176233 0.0256413 38.8169 54.6644 0.00457364 1.25609 0.120932 29.9286 34.6852 0.000337236 79032 0.00092115 
1210.5 3508.9 5004.29 1.03966e+07 1.73997e+07 1038.38 285935 19883.8 -1.55213e+07 1.25007e+07 68.8344 192.291 402.458 1.48492e+09 4.08116e+09 15.8494 1.21999e+06 6970 3.09052e+09 2.07612e+09 0.0731159 0.0440529 0.062827 130.525 218.446 0.0130364 3.58981 0.249634 -194.864 156.942 0.000864189 0.0217597 0.0332487 40.072 59.319 0.00538838 1.55879 0.158709 28.7812 37.869 0.000413665 79652 0.000928376 
1235.5 4678.48 6993.48 1.16433e+07 2.0363e+07 1297.78 377625 1039.4 -1.65459e+07 1.45419e+07 89.7887 329.505 755.194 1.82655e+09 5.49934e+09 24.1863 2.07251e+06 4128.97 3.47715e+09 2.77399e+09 0.120719 0.0583905 0.0872832 145.315 254.143 0.0161971 4.71301 0.0129725 -206.504 181.493 0.00112062 0.0265139 0.0425083 40.9879 63.6142 0.00628592 1.9115 0.226636 27.4446 41.0072 0.000500857 80124 0.000933878 
1260.5 6179.71 9675.99 1.29086e+07 2.35541e+07 1610.48 494610 -26244.8 -1.74078e+07 1.6775e+07 116.208 556.872 1396.26 2.20986e+09 7.26351e+09 36.5215 3.47686e+06 16957.3 3.82412e+09 3.6566e+09 0.196991 0.0769377 0.120467 160.713 293.25 0.0200506 6.15791 -0.326749 -216.728 208.849 0.0014468 0.0318382 0.0535846 41.0383 66.5997 0.00725736 2.31671 0.323039 25.2846 43.6681 0.000599435 80321 0.000936174 
1285.5 8136.71 13336.8 1.4294e+07 2.7207e+07 1998.38 647232 -64601 -1.82785e+07 1.9389e+07 150.094 930.51 2551.53 2.64392e+09 9.47735e+09 54.7202 5.78104e+06 67194.2 4.14491e+09 4.78976e+09 0.318072 0.0999019 0.163748 175.5 334.045 0.024536 7.94667 -0.793166 -224.422 238.057 0.00184284 0.0380045 0.0671879 40.7621 69.1082 0.00835679 2.79815 0.442599 22.9257 46.229 0.000713588 81447 0.000949298 
1310.5 10513.1 18024.2 1.55563e+07 3.088e+07 2441.94 833231 -116080 -1.88315e+07 2.20991e+07 190.508 1507.36 4511.02 3.07544e+09 1.20085e+10 80.0086 9.35918e+06 191181 4.34802e+09 6.13359e+09 0.499049 0.127864 0.219216 189.201 375.574 0.0296997 10.134 -1.4118 -229.035 268.777 0.00231702 0.0445391 0.082516 40.095 70.6812 0.00954049 3.33626 0.576222 20.6164 48.5574 0.000837262 82221 0.000958319 
1335.5 13681.6 24527.5 1.70525e+07 3.52901e+07 3018.2 1.08413e+06 -187034 -1.94656e+07 2.54641e+07 244.022 2438.78 7964.46 3.56856e+09 1.5166e+10 117.672 1.5223e+07 458264 4.51254e+09 7.88904e+09 0.784171 0.161906 0.290256 201.798 417.619 0.0357171 12.8295 -2.21335 -230.354 301.34 0.00288773 0.0514455 0.100011 38.8289 71.1866 0.0108082 3.94364 0.723981 18.388 50.519 0.000969951 84503 0.000984917 
1360.5 17477 32736.4 1.84068e+07 3.97426e+07 3678.83 1.38995e+06 -278806 -1.97858e+07 2.9022e+07 307.23 3809.1 13556.1 4.01536e+09 1.85934e+10 168.513 2.4073e+07 960750 4.52491e+09 9.92124e+09 1.1925 0.200959 0.376419 211.65 456.979 0.042301 15.9823 -3.20584 -227.507 333.709 0.00353268 0.0584311 0.119092 37.0794 70.4691 0.0121764 4.62262 0.877357 16.4333 52.1305 0.00111002 86968 0.00101365 
1385.5 22195.7 43426.5 1.97574e+07 4.45323e+07 4480.83 1.77962e+06 -398604 -1.99015e+07 3.30566e+07 385.268 5829.48 22596.3 4.42875e+09 2.23644e+10 238.715 3.76081e+07 1.85225e+06 4.40414e+09 1.23449e+10 1.7822 0.245644 0.48061 218.66 492.849 0.0495903 19.6954 -4.41143 -220.254 365.845 0.00426384 0.0646137 0.138174 34.6674 67.9062 0.0135171 5.32056 1.01908 15.1536 52.7358 0.00124243 90357 0.00105315 
1410.5 27649.4 56504.1 2.08192e+07 4.9058e+07 5381.59 2.24591e+06 -546723 -1.95737e+07 3.71855e+07 474.669 8597.47 36299.6 4.71017e+09 2.60123e+10 329.029 5.71271e+07 3.30409e+06 4.09969e+09 1.49811e+10 2.57351 0.294387 0.601607 221.664 522.327 0.0572985 23.9125 -5.82103 -208.404 395.919 0.00505387 0.069819 0.156703 31.8539 64.2655 0.0148355 6.03604 1.13782 14.7577 52.4737 0.00136344 93922 0.0010947 
1435.5 34370.3 73374.8 2.19e+07 5.40659e+07 6485.94 2.84391e+06 -736915 -1.91115e+07 4.20298e+07 584.419 12395 57031.8 4.89557e+09 2.96937e+10 448.022 8.57196e+07 5.59671e+06 3.6898e+09 1.79908e+10 3.64176 0.344989 0.736495 219.82 542.683 0.0651023 28.5456 -7.39673 -191.831 421.871 0.00586607 0.0734566 0.173287 28.601 59.5269 0.0160838 6.74949 1.21037 15.3947 51.0499 0.00146395 99627 0.00116119 
1460.5 41750.9 93116.6 2.25177e+07 5.8348e+07 7691.39 3.54138e+06 -959886 -1.81074e+07 4.67742e+07 704.717 17029.4 85403.8 4.85156e+09 3.24345e+10 588.873 1.24025e+08 8.84889e+06 3.12339e+09 2.08873e+10 4.92977 0.393877 0.878459 212.431 550.453 0.0725603 33.4092 -9.05553 -170.824 441.266 0.00664827 0.0742673 0.184409 25.3485 54.6564 0.0170413 7.33941 1.21553 16.8825 48.3183 0.00151915 106000 0.00123547 
1485.5 50567.8 117958 2.30482e+07 6.28905e+07 9160.79 4.42978e+06 -1.23777e+06 -1.69242e+07 5.22889e+07 849.094 22641.3 124070 4.6363e+09 3.43911e+10 759.536 1.76167e+08 1.33585e+07 2.50951e+09 2.37963e+10 6.4822 0.435869 1.01674 198.664 542.085 0.0789614 38.1825 -10.6689 -145.878 450.705 0.00731876 0.0719373 0.188867 22.2517 50.7781 0.017661 7.78221 1.1477 18.7152 44.469 0.00151956 116016 0.00135221 
1510.5 59687.1 145845 2.29369e+07 6.62281e+07 10707.3 5.44382e+06 -1.55157e+06 -1.52243e+07 5.74668e+07 998.596 28122.1 168879 4.12411e+09 3.42764e+10 926.514 2.37285e+08 1.87777e+07 1.8476e+09 2.57713e+10 7.97979 0.46216 1.12929 177.601 512.808 0.082907 42.1518 -12.0139 -117.883 444.969 0.00773218 0.0644913 0.17986 19.7727 49.317 0.0173345 7.78041 1.03096 20.2409 39.3825 0.00141467 129148 0.00150527 
1535.5 68478.3 175674 2.21444e+07 6.80677e+07 12253.3 6.56105e+06 -1.88879e+06 -1.31305e+07 6.19909e+07 1143.36 32123.6 212258 3.36989e+09 3.17462e+10 1051.04 2.98419e+08 2.42941e+07 1.23029e+09 2.61789e+10 9.04789 0.462882 1.18747 149.686 460.106 0.0828268 44.3497 -12.7673 -88.7565 419.03 0.00772861 0.0536752 0.157073 19.315 53.7808 0.0156292 7.09085 1.10101 20.94 37.0337 0.0011951 147939 0.00172429 
1560.5 75190.2 203250 2.03848e+07 6.72063e+07 13535.3 7.65341e+06 -2.20375e+06 -1.06334e+07 6.46853e+07 1255.66 32496.5 237574 2.43335e+09 2.63338e+10 1066.01 3.3785e+08 2.80433e+07 7.11625e+08 2.40702e+10 9.09866 0.426026 1.15161 115.5 380.789 0.0766906 43.3641 -12.4864 -60.2484 366.506 0.00711453 0.0512474 0.141024 21.1435 64.8551 0.0125912 5.81464 1.727 20.0546 45.3274 0.000967649 176492 0.00205709 
1585.5 75884.8 216806 1.72869e+07 6.1621e+07 13767 8.26467e+06 -2.38251e+06 -7.87856e+06 6.29189e+07 1267.29 27177.9 220406 1.46875e+09 1.8487e+10 885.063 3.173e+08 2.73326e+07 3.44837e+08 1.88063e+10 7.53137 0.343277 0.980755 78.2002 278.752 0.062277 37.3866 -10.7776 -35.6399 284.624 0.0057328 0.071447 0.187515 22.9969 76.9792 0.0111937 6.13215 2.73603 17.0212 63.739 0.00109746 221060 0.00257654 
1610.5 65807.7 199020 1.27016e+07 4.92843e+07 11908.9 7.66577e+06 -2.2467e+06 -5.0999e+06 5.33748e+07 1095.56 17185.2 154537 6.8328e+08 1.00974e+10 538.6 2.23259e+08 2.0803e+07 1.32205e+08 1.14132e+10 4.6739 0.228393 0.690721 44.0826 171.047 0.0413312 26.605 -7.79745 -17.6998 185.244 0.00380228 0.0864863 0.243398 20.6913 76.0736 0.012689 8.18677 3.37624 12.0643 72.771 0.00132816 288133 0.00335831 
1635.5 45245.3 144495 7.52925e+06 3.18567e+07 7941 5.5731e+06 -1.71489e+06 -2.76263e+06 3.63879e+07 745.62 7522.87 74497.8 2.27754e+08 3.95494e+09 212.936 1.05849e+08 1.14505e+07 3.92131e+07 4.91559e+09 1.97895 0.119788 0.382554 19.9339 84.3415 0.021024 14.7549 -4.54023 -7.31414 96.3379 0.00197405 0.0746179 0.225583 14.3396 57.9425 0.0110338 7.90759 3.11477 7.09373 61.0998 0.00115864 377711 0.00440238 
1660.5 23211.5 77822.8 3.39945e+06 1.56382e+07 3758.85 2.9654e+06 -1.00088e+06 -1.20654e+06 1.86849e+07 374.73 2162.68 23308.2 5.16582e+07 1.04824e+09 49.55 3.16474e+07 4.35201e+06 8.69119e+06 1.41528e+09 0.539365 0.0477384 0.160055 6.99154 32.1625 0.00773069 6.09884 -2.05847 -2.48144 38.4286 0.000770695 0.046572 0.149397 7.57377 33.488 0.00649186 5.28131 2.17102 3.42305 37.8682 0.000717861 486224 0.00566714 
1685.5 8795.2 30678.1 1.15955e+06 5.75945e+06 1206.43 1.14056e+06 -444439 -428364 7.13302e+06 137.199 417.868 4816.29 8.22786e+06 1.92522e+08 6.31961 6.02515e+06 1.18689e+06 1.55013e+06 2.77993e+08 0.0961358 0.0143258 0.0499691 1.8887 9.38112 0.00196505 1.85776 -0.723912 -0.697728 11.6184 0.000223473 0.0218037 0.0731298 3.136 15.0193 0.00253615 2.52242 1.18709 1.42761 17.8273 0.00032657 613941 0.00715573 
1710.5 2493.94 8964.73 301552 1.60512e+06 248.41 326731 -152608 -124119 2.04781e+06 37.0164 56.2246 680.141 949247 2.5224e+07 0.367942 753869 242894 226292 3.84888e+07 0.0115404 0.00319527 0.0114857 0.386353 2.0565 0.000318266 0.418613 -0.195523 -0.159022 2.62369 4.74259e-05 0.00786294 0.0271934 1.03292 5.29983 0.000608373 0.889174 0.522465 0.514432 6.51373 0.000111966 780510 0.00909716 
1735.5 549.776 2017.4 62051.4 351073 26.8985 76311.1 -42300.3 -30296.6 459415 7.62028 5.83616 72.8426 86965 2.5863e+06 0.0157769 68758.1 40968.3 28263.8 4.14798e+06 0.00102792 0.00053738 0.00197191 0.0606524 0.343158 2.6292e-05 0.0745906 -0.0413466 -0.0296136 0.449057 7.44847e-06 0.00232719 0.00820438 0.285176 1.55249 0.000121367 0.248282 0.195794 0.163553 1.96286 3.08102e-05 1.02307e+06 0.0119242 
1760.5 95.6225 355.729 10221.1 61053.4 -0.324282 17058.7 -9649.35 -6251.98 81841.1 1.2078 0.442365 5.71966 5750.73 191996 0.00814862 4591.24 5154.73 2615.6 327848 6.51457e-05 6.60453e-05 0.000245697 0.00705961 0.0421688 -2.23978e-07 0.0117822 -0.00666469 -0.00431817 0.0565267 8.34213e-07 0.000548794 0.00197234 0.0626268 0.361706 7.50207e-05 0.0550663 0.0592949 0.0422837 0.472489 6.65578e-06 1.44783e+06 0.0168751 
1785.5 12.6516 47.5458 1299.96 8154.35 0.144027 4388.51 -1766.07 -1058.16 11196.3 0.13924 0.0185824 0.251292 211.811 7968.57 0.00185903 177.578 378.834 149.368 14551.4 2.16157e-06 5.18964e-06 1.95031e-05 0.00053324 0.00334489 5.90795e-08 0.00180015 -0.000724438 -0.000434053 0.00459269 5.7116e-08 8.71524e-05 0.000320467 0.00930591 0.0570745 2.76146e-05 0.00834276 0.0124448 0.0078155 0.0771223 9.39898e-07 2.43785e+06 0.0284141 
1810.5 1.03485 3.92259 104.701 685.481 0.582363 1204.94 -217.648 -124.416 962.658 0.00867468 0.00025681 0.00362558 2.69098 112.821 0.000116146 2.92469 10.389 3.47968 218.354 1.95766e-08 1.58878e-07 6.02225e-07 1.60744e-05 0.00010524 8.94088e-08 0.000184992 -3.3415e-05 -1.91012e-05 0.000147794 1.3318e-09 6.27711e-06 2.35853e-05 0.000642558 0.00416053 4.2218e-06 0.000644049 0.00126249 0.000730658 0.00578804 5.48067e-08 6.51349e+06 0.0759174 
1835.5 0.0235386 0.0902961 2.47444 16.8059 0.152929 174.029 -9.20955 11.5141 23.8842 3.32062e-05 2.31804e-07 3.38847e-06 0.00246384 0.113034 6.59816e-07 0.0283665 0.0268663 0.72388 0.229768 3.83964e-12 5.34601e-10 2.05077e-09 5.61986e-08 3.8169e-07 3.47327e-09 3.95247e-06 -2.09164e-07 2.61504e-07 5.42449e-07 7.54168e-13 7.25559e-08 2.77405e-07 7.48028e-06 5.06661e-05 1.22366e-07 2.50724e-05 2.47009e-05 0.00012822 7.22364e-05 2.95303e-10 4.40303e+07 0.513191 
1860.5 -9.08619e-07 -5.64203e-06 3.39997e-05 0.000818581 0.00157543 1.41626 -0.000332621 0.411718 0.000169439 -1.1258e-08 2.42486e-14 1.06108e-12 1.17104e-10 1.36992e-09 1.24576e-10 8.88422e-05 6.72228e-09 0.106777 1.54888e-08 1.23688e-16 -1.28693e-12 -7.99113e-12 4.81557e-11 1.1594e-09 2.23138e-09 2.00593e-06 -4.71111e-10 5.83141e-07 2.39986e-10 -1.59454e-14 1.85319e-10 1.22589e-09 1.28786e-08 4.40336e-08 1.30945e-08 1.10367e-05 9.75753e-08 0.000388888 1.48113e-07 1.32358e-11 706036 0.00822914 
1885.5 0 0 0 0 0 0 0 0 0 0 0 0 0 0 0 0 0 0 0 0 0.0 0.0 0.0 0.0 0.0 0.0 0.0 0.0 0.0 0.0 0.0 0.0 0.0 0.0 0.0 0.0 0.0 0.0 0.0 0.0 0 0 
