310.5 0.586203 0.000282744 7.9919e-14 0.00029478 1.48981e-12 16.7938 7.35518e-08 5.88131e-14 0.000786988 6.03889e-06 6.74317e-05 1.51316e-11 4.17194e-30 1.63053e-11 6.35887e-26 0.0026751 1.54656e-18 4.96628e-29 3.26334e-10 3.46781e-15 3.00223e-08 1.44807e-11 4.09303e-21 1.50971e-11 7.63002e-20 8.60093e-07 3.76694e-15 3.0121e-21 4.03054e-11 3.0928e-13 1.85812e-06 8.80201e-10 4.62221e-19 9.13698e-10 5.70673e-17 1.16733e-05 2.81412e-13 1.59482e-18 4.08797e-09 1.33232e-11 1.95256e+07 0.227579 
335.5 0.607731 0.000845915 1.72404e-12 0.000954737 3.67271e-12 25.49 1.596e-06 1.03616e-11 0.00993078 7.107e-05 0.000400669 8.10824e-10 5.89109e-27 1.12117e-09 6.98705e-25 0.0416849 1.06473e-15 1.574e-24 3.50515e-08 1.96626e-12 6.31454e-07 8.78937e-10 1.79134e-18 9.92007e-10 3.81608e-18 2.6485e-05 1.6583e-12 1.07661e-17 1.03184e-08 7.38443e-11 2.03939e-05 2.90121e-08 7.82167e-17 3.41168e-08 8.52036e-16 0.000206423 3.32197e-11 1.2788e-15 1.90561e-07 1.42743e-09 962430 0.0112175 
360.5 0.891578 0.0019698 3.00633e-11 0.00249993 1.12811e-11 63.5516 1.3455e-05 2.8182e-10 0.0434639 0.000558131 0.00207904 1.21261e-08 7.31073e-24 2.02005e-08 2.27407e-24 0.351162 6.10332e-14 7.97939e-22 6.06066e-07 1.02074e-10 1.73295e-06 3.82869e-09 5.84338e-17 4.8591e-09 2.19269e-17 0.000123525 2.61524e-11 5.47771e-16 8.44804e-08 1.08484e-09 6.35453e-05 1.53475e-07 3.76914e-15 1.9809e-07 2.10229e-15 0.00081688 3.43432e-10 3.93783e-14 1.08207e-06 1.40436e-08 514485 0.00599653 
385.5 0.843912 0.00239122 5.13405e-10 0.00333464 9.66256e-12 138.838 7.03984e-05 4.52995e-09 0.138465 0.00286202 0.000984518 8.97206e-09 4.4348e-21 1.80187e-08 8.75213e-25 1.95195 1.82455e-12 1.6161e-19 7.09464e-06 3.12329e-09 2.26942e-06 6.43037e-09 1.38063e-15 8.9674e-09 2.59842e-17 0.000373359 1.89313e-10 1.21818e-14 3.72355e-07 7.69643e-09 5.14041e-05 1.55197e-07 1.09197e-13 2.19942e-07 1.53392e-15 0.00226047 2.20696e-09 6.59126e-13 4.35201e-06 9.13225e-08 371863 0.00433421 
410.5 0.792712 0.00267856 4.19828e-09 0.00413357 2.66943e-11 258.028 0.000243967 2.69752e-08 0.327818 0.00979273 0.000341647 4.25919e-09 1.79736e-19 1.19645e-08 6.03795e-24 6.42932 1.63854e-11 3.71969e-18 3.55074e-05 2.89039e-08 2.66782e-06 9.0145e-09 1.4129e-14 1.39112e-08 8.98378e-17 0.000868374 8.21053e-10 9.0783e-14 1.10325e-06 3.29567e-08 3.38034e-05 1.19385e-07 7.77617e-13 2.0018e-07 4.50691e-15 0.00456983 7.38035e-09 3.53696e-12 1.08757e-05 3.10141e-07 297139 0.00346328 
435.5 0.721982 0.00275177 3.13549e-08 0.0047198 1.22989e-10 451.345 0.000712937 1.39784e-07 0.723087 0.0288926 0.000172733 3.06088e-09 7.29043e-18 1.30615e-08 1.23127e-22 19.3068 1.13694e-10 9.20919e-17 0.000168878 2.27059e-07 2.89411e-06 1.10306e-08 1.25688e-13 1.89196e-08 4.93007e-16 0.00180925 2.85785e-09 5.60334e-13 2.89854e-06 1.15818e-07 2.61541e-05 1.10218e-07 5.40447e-12 2.28035e-07 2.22108e-14 0.00860925 2.11561e-08 1.92053e-11 2.58565e-05 9.46978e-07 249466 0.00290763 
460.5 0.678455 0.00282149 1.47556e-07 0.00551363 4.04959e-10 737.663 0.00174335 5.0598e-07 1.42237 0.0718363 0.000271879 5.29456e-09 2.11294e-16 2.86473e-08 1.23938e-21 47.3182 5.16881e-10 1.25831e-15 0.000549568 1.15506e-06 3.06743e-06 1.27565e-08 6.67132e-13 2.49282e-08 1.8309e-15 0.00333513 7.88203e-09 2.28764e-12 6.43081e-06 3.24787e-07 3.49258e-05 1.54192e-07 3.09008e-11 3.59025e-07 7.48342e-14 0.0142412 4.76949e-08 7.53914e-11 4.94303e-05 2.26203e-06 221180 0.00257794 
485.5 0.607682 0.00267068 5.90031e-07 0.00629104 1.20928e-09 1149.34 0.00376846 1.6096e-06 2.63286 0.161809 0.000738859 1.5074e-08 1.01028e-15 1.04125e-07 3.57605e-21 105.653 1.8354e-09 4.74405e-15 0.00158418 4.84928e-06 3.05109e-06 1.34091e-08 2.96246e-12 3.15864e-08 6.07163e-15 0.00577068 1.89209e-08 8.08156e-12 1.32192e-05 8.1242e-07 6.08309e-05 2.74781e-07 7.11597e-11 7.22357e-07 1.33858e-13 0.0222973 9.41131e-08 1.54123e-10 8.81998e-05 4.86698e-06 199169 0.0023214 
510.5 0.60216 0.00266891 2.179e-06 0.00830455 3.58741e-09 1756.75 0.00742407 4.76161e-06 4.7029 0.33946 0.00117853 2.50449e-08 2.62279e-14 2.19248e-07 6.20346e-20 224.923 5.29604e-09 7.29631e-14 0.00465725 1.827e-05 3.28496e-06 1.45597e-08 1.18871e-11 4.53038e-08 1.95704e-14 0.00958359 4.05005e-08 2.5976e-11 2.56557e-05 1.85186e-06 8.01153e-05 3.69345e-07 3.78074e-10 1.09271e-06 5.81407e-13 0.0336924 1.65079e-07 6.30366e-10 0.000157317 9.81014e-06 183308 0.00213653 
535.5 0.792576 0.00339474 7.13595e-06 0.0142058 9.69404e-09 2639.43 0.0133418 1.29185e-05 8.27812 0.68324 0.00214775 4.6937e-08 1.98366e-13 4.89431e-07 3.26696e-19 466.595 1.39187e-08 3.96459e-13 0.0127198 6.3414e-05 4.71393e-06 2.01905e-08 4.24418e-11 8.44905e-08 5.76563e-14 0.0156983 7.93515e-08 7.68343e-11 4.92349e-05 4.06364e-06 0.000112924 5.27972e-07 1.08536e-09 1.70406e-06 1.39274e-12 0.050286 2.76561e-07 1.53365e-09 0.000270607 1.89907e-05 168135 0.00195968 
560.5 1.0356 0.00418194 1.82771e-05 0.0227085 2.10639e-08 3787.14 0.0214375 2.88766e-05 13.488 1.25478 0.00459072 1.00765e-07 5.24537e-13 1.19789e-06 6.66528e-19 847.458 3.08692e-08 9.20466e-13 0.0272254 0.00017047 6.63309e-06 2.67855e-08 1.17066e-10 1.45449e-07 1.34915e-13 0.0242568 1.37308e-07 1.84956e-10 8.63915e-05 8.03692e-06 0.000171347 8.02925e-07 1.8292e-09 2.76612e-06 2.06178e-12 0.0695673 4.22924e-07 2.42104e-09 0.000408554 3.20511e-05 156127 0.00181972 
585.5 2.05471 0.00830743 4.93326e-05 0.0477502 4.94272e-08 5438.21 0.0304156 6.74783e-05 22.2527 2.28048 0.00696151 1.52063e-07 2.46613e-12 2.39441e-06 2.39643e-18 1581.82 8.4297e-08 3.45266e-12 0.0635298 0.000479102 1.41169e-05 5.70761e-08 3.38939e-10 3.28068e-07 3.39589e-13 0.0373632 2.0897e-07 4.63609e-10 0.000152887 1.5668e-05 0.000218242 1.02053e-06 4.10227e-09 4.04266e-06 4.04343e-12 0.0973235 7.31774e-07 4.84835e-09 0.000642733 5.51922e-05 145550 0.00169644 
610.5 3.68733 0.0151742 0.000111349 0.0899188 9.92535e-08 7491.15 0.036351 0.000135475 34.2917 3.84176 0.0121451 2.6551e-07 8.54936e-12 5.02875e-06 6.79041e-18 2649.21 2.3212e-07 1.01881e-11 0.125632 0.00111031 2.67198e-05 1.09958e-07 8.06874e-10 6.51586e-07 7.19228e-13 0.0542837 2.63413e-07 9.81701e-10 0.000248491 2.78388e-05 0.000295455 1.38271e-06 7.82949e-09 6.00131e-06 6.97772e-12 0.127477 1.2699e-06 8.536e-09 0.00092121 8.52685e-05 138000 0.00160845 
635.5 7.10296 0.0294837 0.00029289 0.180997 2.35411e-07 10497.9 0.0202265 0.000312034 55.2427 6.61523 0.0203009 3.94238e-07 6.48026e-11 1.09083e-05 4.65484e-17 4815.48 1.55753e-06 6.09552e-11 0.303309 0.00299097 5.41698e-05 2.24854e-07 2.23368e-09 1.38035e-06 1.79533e-12 0.0800608 1.54254e-07 2.37969e-09 0.000421302 5.04502e-05 0.000389728 1.71932e-06 2.21183e-08 9.01583e-06 1.87556e-11 0.174112 3.44304e-06 2.1429e-08 0.00146139 0.000142355 131124 0.0015283 
660.5 11.7182 0.049135 0.000615452 0.314312 4.48531e-07 14200.4 -0.0348484 0.000590299 83.2382 10.6562 0.0333025 6.23268e-07 2.16257e-10 2.13437e-05 1.32551e-16 7699.81 5.60095e-06 1.68837e-10 0.56444 0.00637794 9.32112e-05 3.90838e-07 4.89553e-09 2.50016e-06 3.56778e-12 0.112955 -2.77197e-07 4.69546e-09 0.000662108 8.47632e-05 0.000506174 2.19202e-06 4.11853e-08 1.27877e-05 3.22743e-11 0.220201 6.66897e-06 3.63448e-08 0.0020128 0.000208681 125717 0.00146528 
685.5 19.6274 0.0827372 0.00136029 0.556388 9.18622e-07 19053.5 -0.203668 0.00118269 126.383 16.9917 0.0595132 1.04853e-06 6.84914e-10 4.51997e-05 3.58615e-16 12702.9 2.17749e-05 4.6908e-10 1.14863 0.0143438 0.000163076 6.87432e-07 1.13022e-08 4.62281e-06 7.63247e-12 0.158308 -1.6922e-06 9.8265e-09 0.00105007 0.000141178 0.000684016 2.87042e-06 7.45852e-08 1.88196e-05 5.40494e-11 0.283694 1.33437e-05 6.1651e-08 0.00290532 0.000315034 120357 0.00140281 
710.5 30.847 0.130047 0.00285792 0.925263 1.81154e-06 25145.1 -0.586477 0.00227332 187.842 26.2975 0.113853 1.92171e-06 2.7259e-09 9.89641e-05 1.37202e-15 20200.4 8.12418e-05 1.6421e-09 2.25432 0.0303921 0.00026715 1.12627e-06 2.4751e-08 8.01323e-06 1.56888e-11 0.217768 -5.07918e-06 1.96881e-08 0.0016268 0.000227749 0.000956375 3.92103e-06 1.51641e-07 2.81579e-05 1.07871e-10 0.357102 2.60345e-05 1.17617e-07 0.00410816 0.000459718 115467 0.00134581 
735.5 47.7367 0.20198 0.00570779 1.51587 3.42737e-06 32891.8 -1.36441 0.0042145 276.47 39.9339 0.20352 3.38176e-06 7.47817e-09 0.000200163 3.37223e-15 31572.3 0.000241496 4.04387e-09 4.22132 0.0613705 0.000430942 1.82337e-06 5.15269e-08 1.36845e-05 3.09405e-11 0.296929 -1.23172e-05 3.80463e-08 0.00249583 0.000360502 0.00128513 5.21575e-06 2.54664e-07 4.02455e-05 1.71713e-10 0.443679 4.50376e-05 1.87239e-07 0.00564612 0.000651198 110773 0.0012911 
760.5 72.3157 0.305257 0.0115809 2.4327 6.70079e-06 42669.3 -2.9266 0.0079934 405.543 59.7989 0.396183 6.42839e-06 2.78689e-08 0.000439374 1.23378e-14 49307.9 0.00079918 1.36618e-08 8.19774 0.124922 0.000676264 2.85463e-06 1.08299e-07 2.27495e-05 6.26629e-11 0.399025 -2.73683e-05 7.47508e-08 0.00379246 0.000559213 0.00180211 7.20878e-06 4.98888e-07 5.99274e-05 3.33843e-10 0.549441 8.20034e-05 3.4953e-07 0.0078917 0.00092493 106934 0.00124636 
785.5 109.457 0.461217 0.0230874 3.89628 1.30346e-05 55522.6 -5.8707 0.0150968 597.486 89.0214 0.773685 1.24268e-05 9.18682e-08 0.000957072 3.90202e-14 77324.6 0.00239583 4.12965e-08 15.9172 0.250127 0.00105082 4.42784e-06 2.21647e-07 3.74056e-05 1.25136e-10 0.533036 -5.63607e-05 1.44934e-07 0.00573607 0.000854636 0.00251464 9.98476e-06 9.126e-07 8.82555e-05 5.99123e-10 0.676916 0.000140799 6.12743e-07 0.0109503 0.00129264 104163 0.00121406 
810.5 162.602 0.684038 0.0449595 6.12337 2.49701e-05 71189.7 -11.1475 0.028106 870.8 129.75 1.45118 2.31897e-05 2.7186e-07 0.00201435 1.12683e-13 119884 0.00679839 1.14697e-07 30.3771 0.4894 0.00162315 6.82829e-06 4.48801e-07 6.11256e-05 2.4926e-10 0.710639 -0.000111278 2.80563e-07 0.00869262 0.00129521 0.00344261 1.35964e-05 1.58505e-06 0.000127952 1.03088e-09 0.831695 0.000235544 1.03258e-06 0.0150888 0.00179103 100177 0.0011676 
835.5 240.852 1.0123 0.0868632 9.58017 4.80929e-05 91771.5 -20.4351 0.0525118 1273.99 188.47 2.79928 4.49179e-05 8.42953e-07 0.0043076 3.47339e-13 186712 0.0185666 3.37886e-07 58.5199 0.947414 0.00246353 1.03542e-05 8.88472e-07 9.79898e-05 4.91914e-10 0.938675 -0.000209018 5.37111e-07 0.0130309 0.00192774 0.00475007 1.87678e-05 2.79869e-06 0.000185628 1.81954e-09 1.01422 0.000382385 1.77976e-06 0.0207066 0.00244424 97767 0.00113951 
860.5 348.281 1.46443 0.162701 14.6363 9.04053e-05 116513 -35.7592 0.0957209 1830.46 267.493 5.14146 8.27466e-05 2.45702e-06 0.00883115 1.00206e-12 284371 0.0482952 9.34662e-07 109.556 1.77278 0.00364635 1.5332e-05 1.70341e-06 0.000153235 9.46503e-10 1.21984 -0.000374383 1.00216e-06 0.0191641 0.00280053 0.00636654 2.51247e-05 4.77727e-06 0.000262635 3.09762e-09 1.22034 0.000604538 2.96331e-06 0.0279239 0.00327372 95515 0.00111327 
885.5 510.665 2.14692 0.309757 22.6229 0.000175633 149010 -61.866 0.179435 2665.49 380.479 9.97732 0.000161421 7.53129e-06 0.0189851 3.20483e-12 444498 0.12562 2.80139e-06 213.485 3.37458 0.00547037 2.29983e-05 3.31819e-06 0.000242342 1.88143e-09 1.59623 -0.000662725 1.92216e-06 0.0285534 0.00407579 0.00877238 3.46448e-05 8.34666e-06 0.000380321 5.54898e-09 1.48782 0.000952086 5.12976e-06 0.0383616 0.0044201 93351 0.00108804 
910.5 728.27 3.0694 0.569621 33.995 0.000330843 187164 -102.304 0.326237 3792.89 526.995 18.6745 0.00030454 2.26711e-05 0.0393739 1.00714e-11 677372 0.309223 8.2611e-06 403.085 6.17773 0.00804443 3.39044e-05 6.292e-06 0.000375507 3.65447e-09 2.0674 -0.00113004 3.6036e-06 0.0418961 0.00582116 0.0118981 4.70577e-05 1.45202e-05 0.000542141 9.89408e-09 1.79111 0.00146241 8.84679e-06 0.0519343 0.00586114 90531 0.00105518 
935.5 1047.52 4.43684 1.04051 51.4764 0.000622168 238556 -167.736 0.592448 5459.32 735.049 34.0519 0.00056558 6.09974e-05 0.0796103 2.77202e-11 1.0438e+06 0.729823 2.17356e-05 755.46 11.2153 0.0117535 4.97827e-05 1.16748e-05 0.000577581 6.98093e-09 2.67668 -0.00188205 6.64746e-06 0.0612553 0.00824749 0.0156182 6.21906e-05 2.34117e-05 0.0007481 1.61956e-08 2.1324 0.00215563 1.41312e-05 0.0687335 0.00760382 89124 0.00103878 
960.5 1499.12 6.39386 1.8927 77.4658 0.00118051 302022 -268.678 1.08027 7801.47 1012.24 64.2081 0.00108971 0.000177331 0.166058 8.62259e-11 1.61537e+06 1.71474 6.30352e-05 1438.9 20.3166 0.0171483 7.31388e-05 2.16504e-05 0.000886123 1.35038e-08 3.4548 -0.00307338 1.23571e-05 0.0892402 0.0115789 0.0209859 8.4355e-05 3.94934e-05 0.00105561 2.83545e-08 2.55783 0.00318889 2.38402e-05 0.0921717 0.00991603 87421 0.00101893 
985.5 2151.98 9.25137 3.44862 116.711 0.00225339 383726 -425.049 1.97586 11176 1390.82 121.513 0.00210535 0.000510822 0.346349 2.66645e-10 2.51977e+06 3.9574 0.000181258 2754.19 36.6708 0.0250463 0.000107674 4.01376e-05 0.00135837 2.62267e-08 4.46609 -0.00494703 2.29965e-05 0.130075 0.0161873 0.0280525 0.000113622 6.58354e-05 0.00147848 4.91485e-08 3.06284 0.00464607 3.9759e-05 0.123028 0.0128363 85920 0.00100143 
1010.5 3019.04 13.1363 6.06888 171.909 0.00417585 481323 -651.131 3.5051 15680.4 1871.41 221.01 0.00395298 0.0013808 0.69581 7.71999e-10 3.84768e+06 8.66034 0.000491434 5089.9 63.7788 0.0358662 0.00015606 7.20984e-05 0.00204228 4.96091e-08 5.71813 -0.00773544 4.16406e-05 0.186283 0.0222324 0.0365953 0.000150356 0.000105857 0.00202369 8.19164e-08 3.60743 0.00656108 6.40648e-05 0.16052 0.01623 84175 0.000981094 
1035.5 4317.58 19.0126 10.9665 257.4 0.0079985 611136 -1000.62 6.39231 22316.4 2540.98 424.495 0.00781654 0.00406027 1.46683 2.48459e-09 6.04044e+06 19.3131 0.00145361 9770.33 113.631 0.051869 0.000228407 0.000131746 0.00309226 9.60896e-08 7.34186 -0.0120209 7.67938e-05 0.268097 0.030526 0.0490842 0.000204289 0.000177259 0.00283895 1.4358e-07 4.32015 0.00935496 0.000107544 0.213306 0.020815 83240 0.000970196 
1060.5 6100.57 27.3201 19.3112 381.144 0.0149863 773349 -1508.94 11.3821 31413.8 3414.5 784.13 0.0150351 0.0110542 2.98566 7.45148e-09 9.37298e+06 41.2862 0.00399708 18197.4 196.864 0.0740863 0.00033178 0.000234518 0.00462868 1.81996e-07 9.39168 -0.0183248 0.000138226 0.381495 0.0414663 0.0635125 0.000269278 0.000281505 0.00385145 2.3952e-07 5.06196 0.0128682 0.000171566 0.274689 0.0259094 82344 0.000959753 
1085.5 8476.23 38.7088 33.341 554.335 0.0276162 964730 -2214.81 19.8547 43363.7 4497.68 1428.4 0.0287112 0.0295886 5.98206 2.21675e-08 1.43302e+07 85.2664 0.010802 33196.4 332.723 0.104635 0.00047784 0.000411577 0.00684297 3.40907e-07 11.9091 -0.0273406 0.000245096 0.535301 0.0555215 0.0817588 0.000355096 0.000442561 0.00519799 3.96773e-07 5.92224 0.017466 0.000270691 0.351062 0.0320101 81008 0.000944181 
1110.5 11835.7 55.2394 57.9497 809.646 0.0512543 1.2117e+06 -3245.47 34.7865 60046.8 5940.54 2637.66 0.0557469 0.0815889 12.1327 6.8523e-08 2.20869e+07 175.719 0.0300674 60901.9 563.127 0.147151 0.000686784 0.00072048 0.0100662 6.37237e-07 15.0649 -0.0403504 0.000432496 0.746554 0.0738579 0.105547 0.000470554 0.000703769 0.00703674 6.67732e-07 6.90299 0.0235911 0.00043217 0.447038 0.0393229 80432 0.000937468 
1135.5 16278.5 78.0287 98.5261 1165.29 0.0932452 1.50749e+06 -4658.08 59.4706 81753.3 7725.49 4737.79 0.106292 0.216632 23.9522 2.05073e-07 3.34946e+07 348.702 0.0800345 108414 926.224 0.203863 0.000977191 0.00123389 0.0145936 1.16776e-06 18.879 -0.0583354 0.000744779 1.02384 0.0967501 0.133317 0.000613388 0.0010911 0.00932701 1.09753e-06 7.94055 0.0310475 0.00066904 0.556312 0.0473178 79850 0.000930684 
1160.5 22133.6 109.248 165.228 1657 0.166924 1.8627e+06 -6580.23 99.9355 109861 9928.32 8379.54 0.200601 0.566792 46.4969 6.02812e-07 5.02364e+07 674.55 0.208779 189098 1492.85 0.279027 0.00137724 0.00208295 0.020889 2.10433e-06 23.4822 -0.0829539 0.00125984 1.38496 0.125162 0.166675 0.000795043 0.0016753 0.0122398 1.78077e-06 9.04952 0.0402789 0.00102214 0.682458 0.0561627 79324 0.000924553 
1185.5 29891 152.32 275.114 2338.67 0.295964 2.29268e+06 -9192.93 165.861 146259 12659 14654.2 0.376049 1.46019 89.0955 1.74617e-06 7.47552e+07 1277.55 0.53256 324214 2368.55 0.378213 0.00192732 0.00348104 0.0295915 3.74487e-06 29.0096 -0.116319 0.00209866 1.85064 0.160176 0.205852 0.00102158 0.00252155 0.0158644 2.84086e-06 10.2142 0.0513303 0.0015278 0.823082 0.065675 79032 0.00092115 
1210.5 40448.9 213.99 457.299 3312.03 0.52478 2.83744e+06 -12824.8 274.029 194379 16139.6 25545.7 0.71104 3.74217 170.662 5.05821e-06 1.1147e+08 2396.69 1.34271 550085 3724.78 0.50782 0.00268656 0.00574121 0.0415812 6.58841e-06 35.6229 -0.161011 0.00344032 2.44035 0.202627 0.25067 0.00130737 0.00374434 0.0203372 4.48294e-06 11.4222 0.0645377 0.00224085 0.975081 0.0755349 79652 0.000928376 
1235.5 53488.1 294.55 743.195 4582.11 0.902914 3.45656e+06 -17483.3 439.047 252315 20153.3 42900.1 1.30107 9.27742 314.498 1.40081e-05 1.61864e+08 4321.76 3.228 896934 5652.79 0.667567 0.00367618 0.00927556 0.0571878 1.1269e-05 43.1401 -0.218203 0.00547959 3.14905 0.251527 0.299626 0.00165045 0.00545457 0.0255872 6.91675e-06 12.6135 0.0795365 0.00320337 1.13039 0.0853504 80124 0.000933878 
1260.5 69654.6 401.241 1188.4 6248.46 1.52278 4.16604e+06 -23441.7 687.943 321521 24764.6 70230.3 2.34284 22.497 565.928 3.76607e-05 2.30982e+08 7578.4 7.49242 1.41668e+06 8339.57 0.867203 0.00499547 0.0147956 0.0777936 1.89587e-05 51.8674 -0.29185 0.00856492 4.00294 0.30832 0.349757 0.00205273 0.0078216 0.0315273 1.04616e-05 13.62 0.095785 0.00446352 1.2705 0.0936307 80321 0.000936174 
1285.5 89957.5 544.125 1886.74 8455.5 2.53182 5.01138e+06 -31199.3 1060.92 405548 30205.8 112586 4.15947 53.7115 997.657 9.84083e-05 3.25571e+08 13005.5 16.8416 2.17874e+06 12033.5 1.10449 0.00668072 0.0231653 0.103816 3.10855e-05 61.5293 -0.383063 0.0130259 4.97928 0.370865 0.403011 0.00253726 0.0110831 0.0383589 1.55545e-05 14.5425 0.113767 0.00609145 1.39895 0.10102 81447 0.000949298 
1310.5 113285 722.971 2921.48 11167.4 4.07461 5.92218e+06 -40572.5 1583.01 497944 35965.6 172848 7.13672 122.781 1686.31 0.000242748 4.45666e+08 21447.1 35.6982 3.19852e+06 16657.9 1.37781 0.00879302 0.0355321 0.135822 4.95568e-05 72.0276 -0.493456 0.0192531 6.05616 0.437426 0.451529 0.00307927 0.0151913 0.0454069 2.22826e-05 15.2435 0.131714 0.00796811 1.49145 0.106102 82221 0.000958319 
1335.5 142667 966.538 4531.99 14772.2 6.52638 7.04164e+06 -52868.8 2345.23 609379 42802.9 261535 12.2023 278.945 2816.31 0.00058624 6.07484e+08 34966 73.7804 4.59538e+06 22679.4 1.68831 0.0114379 0.0536311 0.174813 7.72325e-05 83.3301 -0.625644 0.0277532 7.21133 0.506525 0.49457 0.00368438 0.0206084 0.0526153 3.11873e-05 15.6526 0.149513 0.0101424 1.54204 0.108709 84503 0.000984917 
1360.5 175131 1265.32 6872.55 19067.3 10.1123 8.23925e+06 -67470.2 3360.85 726292 49769.4 376591 20.0565 607.055 4485.5 0.00133162 8.02066e+08 54730.9 143.156 6.2703e+06 29493.9 2.01374 0.0145492 0.0790239 0.219245 0.000116276 94.7389 -0.775805 0.0386447 8.35125 0.572273 0.524462 0.00435195 0.0271191 0.0592293 4.23251e-05 15.7192 0.165679 0.012356 1.53476 0.107882 86968 0.00101365 
1385.5 211765 1644.72 10315.2 24288.6 15.3661 9.58054e+06 -85266.9 4713.23 850217 57010.5 522075 32.2051 1285.96 6900.16 0.00288829 1.03678e+09 83306.4 264.396 8.19226e+06 36930.1 2.34364 0.0182025 0.11416 0.268807 0.00017006 106.03 -0.943667 0.0521623 9.40953 0.630947 0.534091 0.00500909 0.0346327 0.0640961 5.51813e-05 15.2287 0.177375 0.0143255 1.45813 0.103053 90357 0.00105315 
1410.5 248735 2090.66 15139.1 30113.5 22.5527 1.09362e+07 -105440 6385.21 964812 63502 684646 49.5326 2614.77 10074.1 0.00586574 1.29259e+09 121564 457.665 1.0081e+07 43811 2.64832 0.0222595 0.161188 0.320623 0.000240122 116.44 -1.12263 0.0679842 10.2725 0.676114 0.525289 0.00564747 0.0431088 0.0667917 6.92447e-05 14.2902 0.184381 0.0158422 1.34536 0.0966007 93922 0.0010947 
1435.5 288307 2645.19 22152.2 36913 32.503 1.24593e+07 -129811 8488.67 1.07732e+06 69839.5 858908 74.1081 5195.2 14117 0.0113047 1.57462e+09 172536 750.415 1.18015e+07 49772.4 2.89386 0.0265509 0.222351 0.370512 0.000326247 125.06 -1.30297 0.0852045 10.8135 0.701009 0.496789 0.00623724 0.0520233 0.0664775 8.38642e-05 12.8553 0.184637 0.0165054 1.23473 0.0904087 99627 0.00116119 
1460.5 321791 3260.27 31598.2 43693.5 44.9267 1.38645e+07 -155743 10810.1 1.15447e+06 73948.9 999126 104.937 9815.32 18428.3 0.0200219 1.82666e+09 232158 1130.85 1.27324e+07 52435 3.03576 0.0307573 0.298096 0.412203 0.000423837 130.797 -1.46928 0.101983 10.8913 0.697631 0.458099 0.00663054 0.0611247 0.0627766 9.61656e-05 11.1689 0.177187 0.0163684 1.22358 0.0893356 106000 0.00123547 
1485.5 351203 3991.01 44887.3 50759.6 60.6817 1.53656e+07 -185875 13420.9 1.20512e+06 76547.8 1.08432e+06 142.677 17934.2 22587.7 0.0330205 2.04637e+09 300942 1582.8 1.27391e+07 51581.4 3.02719 0.0344005 0.386906 0.437523 0.000523046 132.444 -1.60215 0.115682 10.3875 0.659803 0.427142 0.00681233 0.0699116 0.05717 0.000105087 9.86613 0.164582 0.0161466 1.38016 0.0962557 116016 0.00135221 
1510.5 364134 4731.87 62417 56285.3 77.9545 1.65896e+07 -215995 15824.1 1.19103e+06 75310.3 1.0507e+06 178.85 30968.7 24905.2 0.0484484 2.14414e+09 364233 1979.67 1.1342e+07 45466.1 2.81951 0.0366391 0.483299 0.435821 0.000603606 128.454 -1.67246 0.122527 9.2222 0.583132 0.431253 0.00651299 0.0788341 0.0538798 0.000103917 10.0892 0.152141 0.0177752 1.66525 0.109564 129148 0.00150527 
1535.5 355071 5405.13 84979.3 58968.3 94.0048 1.74002e+07 -243971 17544.1 1.10264e+06 69726.8 887586 202.19 50030.9 24082.6 0.0608826 2.07195e+09 406354 2161.43 8.78734e+06 35137.5 2.40012 0.0365362 0.574421 0.398599 0.000635429 117.618 -1.64913 0.11859 7.45335 0.471322 0.488988 0.00564038 0.0906979 0.0624993 8.81387e-05 13.0965 0.164731 0.0233819 1.96111 0.123975 147939 0.00172429 
1560.5 314519 5830.95 111768 56493.9 103.098 1.74364e+07 -263863 17709.1 923345 58678.3 614928 196.591 73072.7 19264 0.0618419 1.78091e+09 403484 1949.9 5.59425e+06 22459 1.78206 0.033038 0.633277 0.320093 0.000584151 98.7943 -1.49504 0.10034 5.23165 0.33247 0.55537 0.00472985 0.113968 0.0817907 9.57207e-05 18.1734 0.225799 0.0313059 2.08008 0.12929 176492 0.00205709 
1585.5 239830 5639.98 137183 46808.5 96.6553 1.61532e+07 -263939 15450.8 666760 42771.6 324820 150.163 90806.9 11805.1 0.0470826 1.2935e+09 336560 1357.55 2.76007e+06 11171.7 1.08491 0.0255133 0.620571 0.211746 0.000437236 73.0717 -1.19397 0.069894 3.01619 0.193484 0.540694 0.00532492 0.160224 0.092554 0.000147684 22.6245 0.311311 0.035439 1.84071 0.11446 221060 0.00257654 
1610.5 144916 4498.18 147200 30798.2 71.1662 1.30536e+07 -229594 10763 385339 25017.3 119069 80.175 87608.9 5024.25 0.0247339 7.37655e+08 217313 670.612 977701 3990.2 0.502947 0.0156115 0.510876 0.106889 0.000246991 45.3042 -0.796832 0.0373543 1.33737 0.0868256 0.400361 0.00587701 0.207517 0.0775375 0.000157599 22.5311 0.345356 0.0305302 1.26676 0.079434 288133 0.00335831 
1635.5 63958.3 2666.74 126591 14745.7 37.7546 8.60803e+06 -161006 5539.36 166844 10943.6 28645 26.2889 59307.3 1389.42 0.0084175 3.10477e+08 100175 225.022 244341 995.862 0.169331 0.00706027 0.335154 0.0390396 9.99563e-05 22.79 -0.426269 0.0146656 0.441723 0.0289736 0.217176 0.00444446 0.211399 0.0464159 0.00011088 17.3958 0.288982 0.0195108 0.672146 0.0423923 377711 0.00440238 
1660.5 19497.3 1062.83 81468.8 4846.62 13.6803 4.40281e+06 -85715.8 2003.18 51606.6 3402.55 4359.58 4.64465 26374.7 240.773 0.00181772 9.27691e+07 31225.9 50.0151 41842.1 168.056 0.0400994 0.00218588 0.167554 0.00996787 2.81359e-05 9.0551 -0.176289 0.00411987 0.106137 0.00699791 0.0857801 0.00218505 0.161771 0.0198955 5.42846e-05 10.4307 0.182054 0.00926774 0.273478 0.017224 486224 0.00566714 
1685.5 4228.06 249.118 38560.6 1122.09 3.49755 1.74931e+06 -34271.9 528.885 11944.5 783.597 474.952 0.362335 7782.47 29.2115 0.00028085 2.07539e+07 6751.31 8.46685 5712.05 22.159 0.00688675 0.000405769 0.0628083 0.00182768 5.69688e-06 2.84931 -0.0558228 0.00086146 0.0194555 0.00127634 0.0269478 0.000652327 0.0934418 0.00665131 2.06155e-05 5.06812 0.0887721 0.00361232 0.0944743 0.0058706 613941 0.00715573 
1710.5 677.634 11.6327 13573.8 190.405 0.662793 548971 -10391.3 106.475 2151.95 138.916 40.108 0.0207387 1575.13 2.72733 3.42621e-05 3.63139e+06 1044.99 1.1443 617.282 2.3119 0.000868194 1.4904e-05 0.017391 0.000243949 8.49179e-07 0.70335 -0.0133135 0.000136418 0.00275711 0.000177981 0.0071157 0.000162322 0.0414203 0.00185332 6.57084e-06 2.03909 0.0340824 0.00120311 0.0279869 0.00171183 780510 0.00909716 
1735.5 88.566 -16.756 3692.24 26.2397 0.103691 142112 -2477.85 17.9106 327.26 20.6286 2.39799 0.018554 243.191 0.18715 3.07981e-06 538403 127.005 0.106018 43.2702 0.159657 8.65692e-05 -1.63782e-05 0.003609 2.56481e-05 1.01353e-07 0.138908 -0.00242199 1.75068e-05 0.000319881 2.01635e-05 0.00152854 0.000133669 0.0149894 0.000426934 1.73208e-06 0.712017 0.0108754 0.000321436 0.00649556 0.000394527 1.02307e+06 0.0119242 
1760.5 8.64966 -8.50904 792.47 2.72596 0.0121856 30804.9 -470.989 2.25582 36.9109 2.27617 0.0552928 0.00714379 27.809 0.00511579 1.06154e-07 59267 11.214 0.0037488 1.12898 0.0041412 5.97422e-06 -5.87709e-06 0.00054735 1.88279e-06 8.41644e-09 0.0212766 -0.000325306 1.55806e-06 2.54939e-05 1.57212e-06 0.000195331 6.9997e-05 0.00434831 5.94127e-05 2.70645e-07 0.201202 0.00276397 5.08608e-05 0.000882679 5.34584e-05 1.44783e+06 0.0168751 
1785.5 0.491461 -2.48691 131.178 0.165157 0.00080683 5430.65 -69.0482 0.166892 2.46667 0.147682 0.000300239 0.00107856 1.8426 3.26991e-05 8.09746e-10 3848.21 0.55788 3.30444e-05 0.00764667 2.71807e-05 2.01596e-07 -1.02012e-06 5.38089e-05 6.77471e-08 3.30959e-10 0.00222764 -2.83234e-05 6.84588e-08 1.01182e-06 6.05787e-08 1.10958e-05 2.10091e-05 0.000867718 3.66176e-06 1.82221e-08 0.0396682 0.000477534 3.68104e-06 5.59966e-05 3.33853e-06 2.43785e+06 0.0284141 
1810.5 0.0102104 -0.425827 13.9172 0.00362928 1.81745e-05 654.636 -6.41879 0.00465321 0.0641538 0.00364389 1.65026e-07 4.78305e-05 0.04205 2.0546e-08 5.37764e-13 96.6603 0.00956924 3.1943e-08 6.16968e-06 2.01288e-08 1.56758e-09 -6.53762e-08 2.13667e-06 5.57195e-10 2.79028e-12 0.000100505 -9.85461e-07 7.14395e-10 9.84937e-09 5.59438e-10 1.59165e-07 2.70906e-06 8.03197e-05 5.6161e-08 2.87322e-10 0.00385096 3.83167e-05 7.00259e-08 9.732e-07 5.55879e-08 6.51349e+06 0.0759174 
1835.5 1.82755e-05 -0.0221326 0.471528 6.67265e-06 3.18679e-08 27.7307 -0.177658 1.25006e-05 0.000170311 8.67224e-06 6.79968e-13 1.6479e-07 7.28198e-05 9.29745e-14 2.10317e-18 0.243326 1.20413e-05 2.83082e-13 5.21661e-11 1.39297e-13 4.15067e-13 -5.02668e-10 1.07092e-08 1.51547e-13 7.23773e-16 6.29809e-07 -4.03491e-09 2.83908e-13 3.86805e-12 1.96961e-13 1.2427e-10 6.1175e-08 1.28598e-06 4.59519e-11 2.18554e-13 7.43366e-05 5.22936e-07 8.01821e-11 1.08847e-09 5.62461e-11 4.40303e+07 0.513191 
1860.5 -1.2778e-11 -3.42548e-06 0.000377984 -1.81539e-11 -5.99335e-14 -0.00181993 -1.29704e-05 5.59295e-11 -3.23329e-12 -1.7067e-11 1.23054e-22 7.6171e-14 1.84264e-09 8.47107e-24 1.1832e-28 4.59152e-07 9.55534e-13 4.71279e-22 1.04291e-20 7.08886e-23 -1.80982e-17 -4.8517e-12 5.35361e-10 -2.57124e-17 -8.48873e-20 -2.57768e-09 -1.83707e-11 7.92162e-17 -4.5795e-18 -2.4173e-17 1.32018e-14 3.28423e-10 5.10837e-08 3.46373e-15 1.29452e-17 8.06423e-07 1.1632e-09 2.58359e-14 1.21537e-13 1.00201e-14 706036 0.00822914 
1885.5 0 0 0 0 0 0 0 0 0 0 0 0 0 0 0 0 0 0 0 0 0.0 0.0 0.0 0.0 0.0 0.0 0.0 0.0 0.0 0.0 0.0 0.0 0.0 0.0 0.0 0.0 0.0 0.0 0.0 0.0 0 0 
