310.5 1.95426e-08 0.000206431 0.000515797 3.54739e-06 5.43268e-08 0.00135653 0.0017123 0.0874769 0.000536386 1.38854e-20 8.86624e-13 4.18041e-11 3.70081e-14 1.41044e-17 2.76159e-10 7.05089e-11 2.05808e-07 2.77082e-11 1.00087e-15 1.05723e-11 2.64164e-11 1.81679e-13 2.78234e-15 6.94745e-11 8.76951e-11 4.48011e-09 2.74709e-11 2.66484e-14 2.1283e-10 1.46297e-09 4.35354e-11 8.49909e-13 3.76013e-09 1.89827e-09 1.02569e-07 1.19093e-09 1.95256e+07 0.227579 
335.5 4.3629e-07 0.00258412 0.00441514 0.00015638 3.70848e-06 0.0136162 0.0130291 0.739419 0.00512641 1.30958e-17 1.80291e-10 2.45171e-09 3.06157e-11 3.00979e-14 1.81086e-08 3.76974e-09 1.3458e-05 1.86095e-09 4.53321e-13 2.68499e-09 4.58749e-09 1.62485e-10 3.85325e-12 1.41477e-08 1.35377e-08 7.68283e-07 5.32652e-09 3.66081e-12 1.34209e-08 5.0263e-08 5.63777e-09 1.76799e-10 1.36438e-07 6.11034e-08 3.65966e-06 4.36489e-08 962430 0.0112175 
360.5 3.70077e-06 0.0133721 0.0149933 0.00144598 4.71318e-05 0.0478443 0.038952 2.40412 0.0183036 9.25594e-16 5.2212e-09 2.64779e-08 1.33267e-09 2.20303e-12 2.01807e-07 3.52691e-08 0.000146286 2.18558e-08 7.19315e-12 2.59913e-08 2.91424e-08 2.81053e-09 9.16097e-11 9.29946e-08 7.57107e-08 4.67286e-06 3.55766e-08 4.1801e-11 9.73286e-08 2.24979e-07 5.08172e-08 2.06727e-09 6.19356e-07 2.50639e-07 1.62018e-05 2.03015e-07 514485 0.00599653 
385.5 1.93578e-05 0.0468659 0.0378598 0.00754056 0.000328731 0.119597 0.0840565 5.54139 0.0468913 2.87368e-14 6.83886e-08 1.86324e-07 3.0084e-08 8.98238e-11 1.33674e-06 1.72433e-07 0.000808962 1.48166e-07 5.20563e-11 1.2603e-07 1.01811e-07 2.02778e-08 8.84011e-10 3.21616e-07 2.26042e-07 1.49017e-05 1.26098e-07 2.73072e-10 4.09908e-07 7.00493e-07 2.83707e-07 1.55167e-08 1.8685e-06 6.42344e-07 4.41969e-05 6.18499e-07 371863 0.00433421 
410.5 7.22365e-05 0.128229 0.0773788 0.0239117 0.00128148 0.240415 0.152139 10.5689 0.0976906 3.52562e-13 4.7888e-07 7.12399e-07 2.02387e-07 8.83599e-10 4.93477e-06 5.54188e-07 0.00285127 5.90864e-07 2.43107e-10 4.31545e-07 2.60413e-07 8.0473e-08 4.31272e-09 8.09098e-07 5.12014e-07 3.55688e-05 3.28771e-07 1.0618e-09 1.1939e-06 1.52634e-06 8.21366e-07 5.43607e-08 3.99412e-06 1.26607e-06 9.12721e-05 1.37128e-06 297139 0.00346328 
435.5 0.000223865 0.300931 0.147523 0.0644095 0.00420415 0.444336 0.25029 18.1718 0.185559 3.26019e-12 2.46607e-06 2.49463e-06 1.13489e-06 7.37337e-09 1.61017e-05 1.48373e-06 0.00826167 2.02752e-06 8.97377e-10 1.2063e-06 5.91354e-07 2.58189e-07 1.68526e-08 1.78115e-06 1.0033e-06 7.28428e-05 7.43824e-07 3.50191e-09 2.90348e-06 3.10648e-06 2.11722e-06 1.71092e-07 7.83404e-06 2.22284e-06 0.000166767 2.75212e-06 249466 0.00290763 
460.5 0.000596966 0.630942 0.260206 0.144898 0.0111653 0.75854 0.387646 29.1993 0.326641 1.98131e-11 9.51087e-06 7.04885e-06 4.20844e-06 3.81408e-08 4.26745e-05 3.39295e-06 0.020156 5.73199e-06 2.699e-09 2.85262e-06 1.17645e-06 6.55114e-07 5.04805e-08 3.42951e-06 1.75263e-06 0.000132016 1.47681e-06 9.07162e-09 5.9045e-06 5.52135e-06 4.31254e-06 4.12182e-07 1.34603e-05 3.50264e-06 0.000271479 4.87181e-06 221180 0.00257794 
485.5 0.00143042 1.19265 0.436542 0.293229 0.0265516 1.22178 0.566246 44.0327 0.54076 1.02357e-10 2.95191e-05 1.80696e-05 1.3179e-05 1.62142e-07 0.000101475 6.9256e-06 0.0435239 1.4468e-05 7.18196e-09 5.98811e-06 2.19182e-06 1.47226e-06 1.33312e-07 6.13441e-06 2.84304e-06 0.000221082 2.71508e-06 2.15021e-08 1.05997e-05 9.26936e-06 8.00015e-06 8.92367e-07 2.17224e-05 5.1662e-06 0.000411886 8.079e-06 199169 0.0023214 
510.5 0.00318808 2.08364 0.716198 0.553431 0.0580299 1.92014 0.806231 64.4756 0.870021 4.43931e-10 7.96654e-05 4.38142e-05 3.68447e-05 6.11856e-07 0.000225688 1.33053e-05 0.0878228 3.36896e-05 1.73919e-08 1.13669e-05 3.90707e-06 3.01913e-06 3.1657e-07 1.0475e-05 4.39823e-06 0.000351734 4.74622e-06 4.60358e-08 1.74755e-05 1.49584e-05 1.38522e-05 1.79934e-06 3.34884e-05 7.29657e-06 0.00059614 1.26988e-05 183308 0.00213653 
535.5 0.00674183 3.30427 1.15815 0.994755 0.121161 2.94893 1.11489 91.3949 1.36289 1.84011e-09 0.000191594 0.000104869 9.67505e-05 2.13959e-06 0.000488541 2.41603e-05 0.166696 7.61716e-05 4.00977e-08 1.96525e-05 6.88821e-06 5.91641e-06 7.20617e-07 1.75391e-05 6.63089e-06 0.00054358 8.10591e-06 9.66251e-08 2.74464e-05 2.40056e-05 2.32471e-05 3.49373e-06 5.09708e-05 9.98635e-06 0.000834243 1.96808e-05 168135 0.00195968 
560.5 0.013234 4.65581 1.77414 1.63448 0.227698 4.30529 1.49103 124.897 2.03395 6.0895e-09 0.0004416 0.000214871 0.000207402 5.79816e-06 0.000923555 4.04608e-05 0.290002 0.000151783 8.47645e-08 2.98206e-05 1.13635e-05 1.04689e-05 1.45841e-06 2.75756e-05 9.55011e-06 0.000799972 1.30275e-05 1.78377e-07 4.40363e-05 3.53147e-05 3.49116e-05 5.91697e-06 7.17983e-05 1.29595e-05 0.00110341 2.83278e-05 156127 0.00181972 
585.5 0.0252647 5.33483 2.73105 2.63528 0.421744 6.25365 1.95309 166.844 2.99883 2.0285e-08 0.00137021 0.000454465 0.000444939 1.6112e-05 0.00176282 6.59192e-05 0.489365 0.000300746 1.73581e-07 3.66529e-05 1.87636e-05 1.81057e-05 2.89759e-06 4.29656e-05 1.34187e-05 0.0011463 2.06034e-05 3.30511e-07 8.98364e-05 5.26338e-05 5.22411e-05 1.01144e-05 0.000101318 1.65177e-05 0.00143114 4.05188e-05 145550 0.00169644 
610.5 0.0456454 3.8668 4.00597 3.95671 0.718645 8.68364 2.48142 215.683 4.24101 5.767e-08 0.00448838 0.000849509 0.000823183 3.71841e-05 0.00301681 0.000100366 0.768442 0.000538912 3.30764e-07 2.80203e-05 2.90288e-05 2.86718e-05 5.20758e-06 6.2925e-05 1.79813e-05 0.00156292 3.0732e-05 5.55422e-07 0.000178155 7.28916e-05 7.17149e-05 1.5567e-05 0.000133796 2.00988e-05 0.00176796 5.44124e-05 138000 0.00160845 
635.5 0.08222 -4.32137 5.97855 5.91451 1.23477 12.1309 3.11186 274.86 5.98601 1.75595e-07 0.0223374 0.00172229 0.00158794 9.45706e-05 0.00539976 0.000150414 1.18589 0.000985361 6.2704e-07 -3.29563e-05 4.55946e-05 4.51063e-05 9.41678e-06 9.25144e-05 2.37322e-05 0.00209618 4.56515e-05 9.72613e-07 0.000411421 0.000105147 0.000100378 2.51506e-05 0.000180615 2.4164e-05 0.0021564 7.3693e-05 131124 0.0015283 
660.5 0.142056 -24.7074 8.54807 8.34207 1.97539 16.3149 3.80525 340.95 8.16965 4.66418e-07 0.0804741 0.00301571 0.00262641 0.000194551 0.00860809 0.000213278 1.72563 0.00164479 1.12996e-06 -0.000196532 6.79945e-05 6.63559e-05 1.5713e-05 0.000129775 3.02684e-05 0.00271205 6.49845e-05 1.55989e-06 0.000775562 0.000139157 0.000128407 3.60643e-05 0.000227223 2.79342e-05 0.0025241 9.41291e-05 125717 0.00146528 
685.5 0.239671 -70.2177 12.0618 11.4055 3.0862 21.5132 4.52162 410.488 10.8522 1.23392e-06 0.296091 0.00540717 0.00431364 0.000410376 0.0137458 0.000290122 2.40512 0.00267901 1.99133e-06 -0.000583412 0.000100217 9.47642e-05 2.56421e-05 0.000178745 3.75684e-05 0.00341059 9.01665e-05 2.50734e-06 0.00145593 0.000186769 0.00016389 5.24609e-05 0.000286808 3.16089e-05 0.00288984 0.000118865 120357 0.00140281 
710.5 0.394274 -156.738 16.5648 14.9617 4.61717 27.5942 5.22321 479.883 14.012 3.0933e-06 0.939655 0.00913609 0.00655994 0.000794028 0.0207257 0.000375442 3.18229 0.00413276 3.4146e-06 -0.00135743 0.00014346 0.000129576 3.9987e-05 0.000238979 4.52355e-05 0.00415602 0.000121351 3.88973e-06 0.00250904 0.000241955 0.000200056 7.26478e-05 0.000349834 3.47169e-05 0.00320744 0.00014514 115467 0.00134581 
735.5 0.635023 -308.673 22.379 19.0548 6.71629 34.7542 5.88103 546.295 17.6687 7.45516e-06 2.69834 0.0150344 0.00957449 0.00147252 0.0304545 0.000467592 4.04601 0.00614155 5.73265e-06 -0.00278653 0.000202026 0.000172017 6.06311e-05 0.000313743 5.30908e-05 0.00493167 0.000159503 5.86838e-06 0.00407363 0.000308071 0.000238419 9.80665e-05 0.00042011 3.74505e-05 0.00349341 0.000173209 110773 0.0012911 
760.5 1.00571 -558.279 29.6024 23.4364 9.47043 42.7933 6.45363 605.616 21.6846 1.76702e-05 7.26137 0.024098 0.0132765 0.00263199 0.04328 0.000555974 4.90464 0.00874022 9.40495e-06 -0.00522078 0.000276828 0.000219167 8.85633e-05 0.000400184 6.03515e-05 0.00566345 0.000202785 8.76301e-06 0.00637562 0.000385642 0.000275901 0.000129498 0.000494558 3.94578e-05 0.00371367 0.000201526 106934 0.00124636 
785.5 1.57268 -949.2 38.8319 28.2536 13.1244 52.2285 6.96407 659.714 26.1661 4.05773e-05 18.0563 0.0381385 0.0178756 0.00458476 0.0607253 0.000640513 5.75341 0.0120628 1.50983e-05 -0.00911264 0.000372799 0.000271244 0.000125999 0.000501411 6.68575e-05 0.00633347 0.000251203 1.27121e-05 0.00950295 0.000476616 0.000313111 0.000167749 0.000575822 4.09783e-05 0.00388867 0.000229573 104163 0.00121406 
810.5 2.38824 -1510.62 49.6287 32.777 17.5889 62.0584 7.24951 692.829 30.4468 9.0214e-05 41.7689 0.0586242 0.0228955 0.00767743 0.0825749 0.000701635 6.41048 0.015871 2.38402e-05 -0.0150795 0.00049541 0.000327191 0.000175578 0.000619487 7.2367e-05 0.00691605 0.00030393 1.82261e-05 0.013768 0.000582902 0.000348564 0.000214035 0.000663721 4.20353e-05 0.00401992 0.000257014 100177 0.0011676 
835.5 3.59566 -2315.8 63.082 37.441 23.2852 73.4546 7.48748 721.535 34.9512 0.000195018 90.6381 0.0889345 0.0284315 0.0125517 0.110906 0.000749358 6.95781 0.0202044 3.67778e-05 -0.023687 0.000645228 0.000382961 0.00023817 0.000751323 7.6585e-05 0.00738015 0.000357495 2.534e-05 0.0191314 0.000702381 0.00037967 0.000267691 0.000754923 4.24202e-05 0.00408663 0.000280813 97767 0.00113951 
860.5 5.28174 -3391.26 78.329 41.3495 29.9493 85.0791 7.55416 733.742 38.8369 0.000406569 184.441 0.130199 0.033381 0.0196424 0.143926 0.000767794 7.24033 0.0243558 5.52975e-05 -0.0355049 0.00082007 0.000432912 0.000313556 0.000890741 7.90887e-05 0.00768195 0.000406605 3.46234e-05 0.0258924 0.000831031 0.000402581 0.000327612 0.000844641 4.22309e-05 0.00409763 0.000299445 95515 0.00111327 
885.5 7.66556 -4842.15 97.4203 45.2276 38.4122 98.8653 7.55192 739.085 42.4891 0.000831241 362.092 0.193673 0.038954 0.031013 0.189949 0.000774621 7.41398 0.028723 8.21154e-05 -0.0518704 0.00104359 0.00048449 0.000411481 0.00105907 8.08981e-05 0.00791726 0.000455154 4.64922e-05 0.0344716 0.000992768 0.000427265 0.000403611 0.000955587 4.1874e-05 0.00409114 0.000317054 93351 0.00108804 
910.5 10.7837 -6643.27 118.6 48.0131 48.0076 112.898 7.40076 729.576 44.8789 0.00162162 668.836 0.27871 0.0431618 0.0469994 0.243763 0.000757017 7.35048 0.0319535 0.000119116 -0.0733812 0.00131005 0.000530349 0.000530289 0.00124706 8.17484e-05 0.00805885 0.00049573 6.10215e-05 0.0447563 0.00116721 0.000442145 0.000487797 0.0010665 4.09776e-05 0.00403088 0.000327426 90531 0.00105518 
935.5 15.1465 -9070.77 146.549 51.3132 60.6668 131.449 7.35066 729.749 47.2143 0.00311834 1210.73 0.40606 0.0476676 0.0715359 0.319093 0.00074645 7.3502 0.0348442 0.000169949 -0.101777 0.00164433 0.000575751 0.000680701 0.0014749 8.24768e-05 0.00818802 0.00052976 7.81418e-05 0.0568002 0.00136099 0.00045095 0.000582497 0.00118532 3.9661e-05 0.00392783 0.000332141 89124 0.00103878 
960.5 20.7897 -12103.8 180.351 54.2031 76.1084 153.224 7.26685 726.363 48.3343 0.00578499 2118.5 0.595754 0.0519636 0.109082 0.423489 0.000731572 7.30279 0.0364295 0.000237811 -0.138454 0.00206302 0.000620024 0.000870597 0.00175271 8.31247e-05 0.00830879 0.000552891 9.80807e-05 0.0711606 0.0015996 0.000458232 0.000699882 0.00133126 3.81923e-05 0.00380786 0.000333203 87421 0.00101893 
985.5 28.0722 -15942.7 223.689 57.445 95.9369 181.148 7.24057 728.485 48.6068 0.0104297 3621.17 0.88579 0.0568167 0.167445 0.575703 0.000725888 7.34193 0.0369385 0.000326725 -0.185552 0.00260346 0.000668588 0.00111658 0.00210834 8.42711e-05 0.00847864 0.000565722 0.000120995 0.0878419 0.00187923 0.000462888 0.000837906 0.00150179 3.66988e-05 0.00368285 0.000331476 85920 0.00100143 
1010.5 37.0502 -20576.1 275.238 60.1731 119.579 213.85 7.21572 730.636 47.1695 0.0180599 5966.53 1.30056 0.0607101 0.252117 0.781265 0.000720185 7.3788 0.0352067 0.000440157 -0.244444 0.00326983 0.000714858 0.0014206 0.00254054 8.57229e-05 0.00867996 0.000560375 0.000144271 0.105496 0.00218149 0.000458492 0.000988456 0.0016814 3.47476e-05 0.00350978 0.000322856 84175 0.000981094 
1035.5 48.5466 -26502.8 344.904 64.0877 151.516 258.836 7.32453 746.219 45.136 0.0306786 9762.56 1.98528 0.0671237 0.39346 1.11563 0.000737231 7.64739 0.0330617 0.000583213 -0.31839 0.00414348 0.000769915 0.00182024 0.00310951 8.79929e-05 0.00896467 0.000542239 0.000168581 0.126134 0.00258488 0.00046219 0.00118893 0.00193224 3.33759e-05 0.00339209 0.000321189 83240 0.000970196 
1060.5 62.3961 -33747.7 433.362 68.328 192.046 315.938 7.50242 768.991 41.6112 0.0503002 15617.5 3.02853 0.0738058 0.609933 1.60848 0.000766337 8.04714 0.0292152 0.000757749 -0.409838 0.00526283 0.000829787 0.00233224 0.0038368 9.11107e-05 0.00933877 0.000505334 0.000191496 0.14729 0.00301358 0.000455811 0.00140278 0.00219376 3.17077e-05 0.00324243 0.000315329 82344 0.000959753 
1085.5 77.906 -41994.7 539.614 72.3761 240.822 384.376 7.67657 791.502 36.4887 0.078565 24103.7 4.60393 0.0812596 0.939119 2.33597 0.000802701 8.52915 0.0246011 0.000961708 -0.518402 0.00666125 0.000893444 0.00297282 0.00474491 9.47631e-05 0.00977066 0.000450434 0.000212037 0.169724 0.00352999 0.000452618 0.0016599 0.00251438 3.04771e-05 0.003134 0.000317485 81008 0.000944181 
1110.5 96.3242 -52097.1 678.336 77.3769 304.392 474.178 7.96257 825.857 30.587 0.119548 36715.5 7.09394 0.0904847 1.461 3.46627 0.000856679 9.21068 0.020006 0.00119759 -0.647716 0.00843366 0.000962017 0.00378446 0.00589539 9.89976e-05 0.0102678 0.000380284 0.000228293 0.192203 0.00413174 0.000446663 0.00196018 0.00288793 2.91625e-05 0.00301464 0.000322671 80432 0.000937468 
1135.5 116.506 -63654.7 848.836 82.5078 382.549 584.324 8.27703 863.607 23.795 0.174542 54403.8 10.8708 0.100767 2.2545 5.15044 0.000921467 10.0248 0.0160788 0.00145906 -0.797178 0.0106304 0.00103329 0.00479084 0.00731778 0.000103657 0.0108154 0.000297996 0.000238794 0.214084 0.00480995 0.00044077 0.00229827 0.00330932 2.81984e-05 0.0029281 0.0003355 79850 0.000930684 
1160.5 137.704 -76520.5 1055.52 87.5964 477.041 717.608 8.59438 902.166 16.6922 0.243782 78162.5 16.5039 0.111592 3.4365 7.62231 0.000990131 10.9012 0.0133366 0.00173597 -0.964657 0.0133064 0.00110429 0.00601383 0.00904654 0.000108345 0.0113732 0.00021043 0.000244224 0.234082 0.00556737 0.000432827 0.0026751 0.00377503 2.72654e-05 0.00284199 0.000351919 79324 0.000924553 
1185.5 159.646 -90770.2 1307.37 92.7358 591.914 879.577 8.90932 941.106 10.152 0.327142 109231 24.8827 0.123155 5.19171 11.247 0.00105986 11.8131 0.0123946 0.00202002 -1.14852 0.0165423 0.0011734 0.00748955 0.0111294 0.000112731 0.0119079 0.000128454 0.000242627 0.251004 0.00641826 0.000425959 0.00309803 0.00429487 2.65017e-05 0.00277018 0.000374606 79032 0.00092115 
1210.5 182.576 -107292 1632.38 98.9657 739.875 1087.67 9.31275 990.099 4.9558 0.423135 150228 37.8136 0.136912 7.89293 16.7495 0.00114237 12.8953 0.0127558 0.00229217 -1.347 0.0204939 0.00124248 0.00928885 0.0136553 0.000116918 0.0124303 6.22181e-05 0.000241322 0.267639 0.0073984 0.000418488 0.0035791 0.00488014 2.59278e-05 0.00271704 0.000395314 79652 0.000928376 
1235.5 203.034 -123806 1998.91 103.653 905.205 1320.08 9.57789 1025.26 1.03292 0.519267 197684 55.5846 0.147573 11.5657 24.1632 0.0011971 13.6942 0.0138239 0.00253399 -1.54518 0.0249477 0.00129365 0.0112975 0.0164754 0.000119538 0.0127959 1.28915e-05 0.000244252 0.282209 0.0084466 0.000410205 0.00408815 0.00548929 2.55186e-05 0.00267899 0.000415169 80124 0.000933878 
1260.5 218.885 -139798 2418.32 107.246 1092.64 1582.68 9.7191 1047.75 -0.226411 0.601513 250108 80.079 0.155914 16.5594 34.1524 0.00122544 14.2137 0.0144826 0.00272513 -1.74049 0.0301082 0.00133522 0.0136034 0.0197044 0.000121003 0.0130445 -2.81883e-06 0.000250114 0.290808 0.00951228 0.000397897 0.00459481 0.00607738 2.47997e-05 0.00260795 0.000424618 80321 0.000936174 
1285.5 232.138 -156170 2909.62 110.339 1309.49 1886.25 9.81058 1065.53 0.852318 0.667398 306651 113.125 0.161468 23.1795 47.2911 0.00122865 14.4609 0.0148998 0.00285017 -1.91744 0.0357241 0.00135474 0.0160778 0.0231592 0.000120454 0.0130825 1.04647e-05 0.000266078 0.297407 0.0106178 0.000383636 0.00510888 0.00665493 2.4004e-05 0.00252949 0.000427585 81447 0.000949298 
1310.5 237.33 -169397 3421.1 110.806 1529.83 2195.01 9.65562 1057.02 4.47338 0.691595 356488 153.64 0.160493 31.0428 62.8509 0.00117775 14.0778 0.014663 0.00288648 -2.06026 0.0416086 0.00134766 0.0186064 0.0266965 0.000117435 0.0128558 5.44068e-05 0.000282188 0.301728 0.0117197 0.000368473 0.00559977 0.0071911 2.30912e-05 0.00243854 0.000418779 82221 0.000958319 
1335.5 238.995 -182711 4032.36 111.375 1788.25 2557.04 9.48453 1046.91 10.9483 0.683463 402925 206.188 0.157142 40.9307 82.3202 0.00110546 13.4299 0.0147356 0.00282825 -2.16219 0.0477185 0.001318 0.021162 0.0302598 0.000112239 0.0123891 0.000129561 0.000298405 0.305148 0.0127654 0.000349979 0.00604469 0.00764959 2.20066e-05 0.00233213 0.000396981 84503 0.000984917 
1360.5 232.417 -191550 4639.13 109.101 2034.47 2904.11 9.06705 1009.76 18.7267 0.629362 429937 263.819 0.14616 51.172 102.543 0.000981493 12.1339 0.0157004 0.00267244 -2.20253 0.053343 0.0012545 0.0233933 0.0333928 0.000104257 0.0116107 0.000215328 0.000307802 0.30409 0.0137129 0.000326888 0.00641504 0.00800033 2.03984e-05 0.00217075 0.000366285 86968 0.00101365 
1385.5 218.497 -196330 5259.49 104.993 2273.81 3243.81 8.47652 952.98 27.6687 0.536839 434299 324.653 0.130042 61.1437 122.401 0.000825448 10.3961 0.0181765 0.00241815 -2.17283 0.0582079 0.00116198 0.0251647 0.0359 9.38115e-05 0.0105468 0.000306215 0.000306348 0.292079 0.0143123 0.000298353 0.00658998 0.0081138 1.8298e-05 0.00195455 0.000327713 90357 0.00105315 
1410.5 196.156 -194198 5790.51 97.7217 2459.39 3512.69 7.63468 867.278 35.7315 0.418499 408568 376.717 0.108176 68.4184 137.331 0.000644173 8.2804 0.0212641 0.0020885 -2.06765 0.0616523 0.00104046 0.0261855 0.0374 8.12874e-05 0.00923402 0.000380438 0.000306575 0.273666 0.0144896 0.000263089 0.00654065 0.00796356 1.58414e-05 0.00170156 0.000285778 93922 0.0010947 
1435.5 169.919 -187611 6268.3 88.9842 2605.93 3732.47 6.68806 768.568 42.257 0.299225 359434 413.783 0.0842935 71.9224 145.32 0.000465985 6.12909 0.0235069 0.00170555 -1.88314 0.0629176 0.000893173 0.0261569 0.0374645 6.7131e-05 0.00771445 0.000424152 0.000307502 0.248186 0.0139533 0.000219847 0.00614276 0.00742002 1.30664e-05 0.00141691 0.000236736 99627 0.00116119 
1460.5 137.919 -172708 6519.26 77.4221 2642.22 3800.79 5.55071 646.2 45.3906 0.189006 287031 418.205 0.0598738 69.0285 140.933 0.000302952 4.08898 0.0229336 0.00130112 -1.62932 0.0615024 0.000730397 0.0249266 0.0358565 5.23652e-05 0.00609622 0.000428213 0.000300259 0.23058 0.0127586 0.000177107 0.00546603 0.00662368 1.07665e-05 0.00118798 0.000181627 106000 0.00123547 
1485.5 105.599 -153065 6592.35 64.9003 2591.04 3752.18 4.38965 518.869 44.9703 0.105237 207648 388.411 0.0384152 60.2635 125.077 0.000175075 2.43661 0.0192614 0.000910209 -1.31935 0.0568228 0.000559409 0.0223335 0.0323419 3.78366e-05 0.00447239 0.000387622 0.000280375 0.221706 0.0109124 0.00013484 0.00454504 0.00566587 8.80063e-06 0.00100006 0.000125589 116016 0.00135221 
1510.5 73.4275 -126356 6268.21 50.521 2374.3 3473.9 3.17886 382.957 39.6762 0.0491533 129819 314.367 0.0210263 45.3665 96.5748 8.49229e-05 1.22844 0.0130626 0.000568553 -0.978379 0.0485351 0.000391187 0.0183844 0.0268986 2.46141e-05 0.00296525 0.000307215 0.000239466 0.219028 0.00886058 9.88971e-05 0.00364557 0.00492435 7.19091e-06 0.000848029 8.22404e-05 129148 0.00150527 
1535.5 45.4836 -95619.6 5510.18 35.9109 1999.14 2967.35 2.06245 254.67 30.6673 0.0188333 68323.6 214.487 0.00953455 28.5633 62.962 3.34809e-05 0.509157 0.00697694 0.000307448 -0.646345 0.0372463 0.000242741 0.0135133 0.0200579 1.39412e-05 0.00172145 0.000207297 0.000181052 0.20994 0.00790855 7.43372e-05 0.00323512 0.00482425 5.65311e-06 0.000691573 6.47217e-05 147939 0.00172429 
1560.5 23.7856 -63571.1 4297.85 22.2857 1482.99 2244.66 1.1352 145.078 19.8045 0.00553376 28443.3 115.799 0.00334671 14.1266 32.6076 9.93427e-06 0.161773 0.00275411 0.000134769 -0.360193 0.0243515 0.00012627 0.00840258 0.0127182 6.43201e-06 0.000822009 0.000112212 0.000114855 0.177258 0.00794455 5.49381e-05 0.0030721 0.00479598 3.8622e-06 0.000490821 5.48921e-05 176492 0.00205709 
1585.5 10.0174 -35318.4 2800.38 11.4205 914.437 1421.88 0.49877 67.0902 10.0736 0.00122498 8911.14 46.1247 0.000856862 5.13604 12.6079 2.09665e-06 0.0376417 0.000758341 4.53155e-05 -0.159768 0.012668 5.16623e-05 0.0041366 0.0064321 2.25626e-06 0.000303493 4.55696e-05 5.90583e-05 0.121594 0.00694086 3.47442e-05 0.00247431 0.00395751 2.09614e-06 0.000279589 3.67951e-05 221060 0.00257654 
1610.5 3.15485 -15166.7 1394.82 4.44087 430.247 693.811 0.159191 23.2442 3.72091 0.00019097 1954.23 12.3892 0.000146718 1.25809 3.35706 2.87575e-07 0.00597872 0.000136563 1.09493e-05 -0.052638 0.00484087 1.54126e-05 0.00149322 0.00240795 5.5249e-07 8.06716e-05 1.29138e-05 2.33001e-05 0.0633376 0.00442315 1.6482e-05 0.00146172 0.00241926 8.32356e-07 0.00011934 1.75269e-05 288133 0.00335831 
1635.5 0.738645 -4780.55 492.9 1.23088 144.139 244.19 0.034695 5.82157 0.957596 2.50891e-05 309.687 2.18568 1.67351e-05 0.203272 0.611439 2.66724e-08 0.000700228 1.68272e-05 1.95558e-06 -0.0126566 0.00130497 3.25879e-06 0.000381612 0.000646499 9.1856e-08 1.54128e-05 2.53526e-06 7.91199e-06 0.0256849 0.00202082 5.80403e-06 0.000626531 0.00109583 2.49356e-07 4.02035e-05 6.17438e-06 377711 0.00440238 
1660.5 0.123142 -1062.08 118.308 0.232724 32.9261 59.5076 0.00468457 1.01793 0.167845 2.30975e-06 34.1832 0.248065 1.23116e-06 0.0210675 0.0746128 1.50389e-09 5.75673e-05 1.45074e-06 2.53262e-07 -0.00218434 0.000243319 4.78634e-07 6.77179e-05 0.000122387 9.6346e-09 2.09354e-06 3.45202e-07 2.16477e-06 0.00809519 0.000671552 1.51756e-06 0.000196833 0.000372122 5.47739e-08 1.06777e-05 1.69249e-06 486224 0.00566714 
1685.5 0.0167427 -180 20.4706 0.0320038 5.44362 10.7368 0.000359458 0.13862 0.022714 1.40964e-07 3.07475 0.0215288 6.96061e-08 0.00166833 0.00729398 4.98462e-11 3.70084e-06 1.0749e-07 2.72708e-08 -0.000293187 3.33429e-05 5.21284e-08 8.86668e-06 1.74883e-05 5.85493e-10 2.25788e-07 3.69971e-08 4.78395e-07 0.00221862 0.000184268 3.32654e-07 5.13692e-05 0.000107586 8.99154e-09 2.4448e-06 4.16788e-07 613941 0.00715573 
1710.5 0.00181549 -24.2775 2.69633 0.00333957 0.684301 1.51046 -6.28394e-06 0.0151426 0.00251139 4.64559e-09 0.201295 0.00147848 2.96647e-09 0.000103201 0.000555748 5.3371e-13 1.51082e-07 5.20249e-09 2.32603e-09 -3.11047e-05 3.45457e-06 4.2787e-09 8.76736e-07 1.93522e-06 -8.05107e-12 1.94009e-08 3.21762e-09 7.71141e-08 0.000506887 4.33857e-05 6.1501e-08 1.14653e-05 2.66137e-05 8.26881e-10 4.39536e-07 8.15791e-08 780510 0.00909716 
1735.5 0.000136828 -2.73217 0.297246 0.000284652 0.0714456 0.178862 -7.11473e-06 0.00129781 0.000211936 5.18035e-11 0.00689113 6.04652e-05 6.83128e-11 3.69797e-06 2.40316e-05 3.26386e-14 2.56878e-09 9.3517e-11 1.33743e-10 -2.67057e-06 2.90544e-07 2.78234e-10 6.98348e-08 1.74829e-07 -6.95432e-12 1.26855e-09 2.07157e-10 7.11461e-09 8.20282e-05 7.68229e-06 8.16671e-09 1.89993e-06 4.84347e-06 1.78478e-10 5.00925e-08 9.55854e-09 1.02307e+06 0.0119242 
1760.5 4.54804e-06 -0.198271 0.0220593 1.54928e-05 0.00496841 0.0140945 -9.89546e-07 6.34509e-05 8.28456e-06 1.07641e-13 6.70501e-05 7.18036e-07 4.2052e-13 3.80309e-08 3.01558e-07 1.4207e-15 1.02817e-11 2.91617e-13 3.14127e-12 -1.36943e-07 1.52361e-08 1.07007e-11 3.43162e-09 9.73493e-09 -6.83467e-13 4.38247e-11 5.72205e-12 2.72647e-10 6.80382e-06 7.04064e-07 5.38826e-10 1.62036e-07 4.56276e-07 3.13177e-11 2.6645e-09 4.48758e-10 1.44783e+06 0.0168751 
1785.5 5.09328e-08 -0.00731823 0.000812574 3.87482e-07 0.000170531 0.00056016 -5.42846e-08 1.54048e-06 1.0297e-07 1.57323e-17 1.15847e-07 1.36745e-09 3.64994e-16 6.21044e-11 6.42487e-10 5.79015e-18 6.38391e-15 6.007e-17 2.08925e-14 -3.00192e-09 3.33316e-10 1.58944e-13 6.99514e-11 2.29776e-10 -2.22674e-14 6.31899e-13 4.2238e-14 2.54026e-12 2.1797e-07 2.36815e-08 1.2235e-11 5.0468e-09 1.62325e-08 1.54098e-12 5.1169e-11 4.96374e-12 2.43785e+06 0.0284141 
1810.5 1.21318e-10 -0.00109165 6.90289e-05 1.07797e-08 1.03803e-05 7.0709e-05 -5.41858e-09 1.00387e-07 2.36811e-10 6.8087e-23 1.19948e-08 3.31863e-11 1.27866e-18 5.71338e-13 4.37115e-11 3.88748e-20 7.40285e-17 2.8479e-22 1.86257e-17 -1.67599e-10 1.05978e-11 1.65498e-15 1.59365e-12 1.08558e-11 -8.319e-16 1.54121e-14 3.6357e-17 3.23309e-15 4.29128e-08 2.25719e-09 4.43064e-13 2.96165e-10 2.59052e-09 7.72506e-14 3.37123e-12 6.61224e-15 6.51349e+06 0.0759174 
1835.5 -6.87563e-12 0.0112881 -4.49372e-05 -6.12554e-08 2.0612e-06 -0.000241651 -3.93051e-08 -1.62373e-07 -8.45981e-11 3.54929e-26 3.47305e-07 7.72044e-11 2.15293e-17 6.9406e-13 3.32314e-10 7.35206e-18 2.61786e-16 4.51058e-24 -1.56157e-19 2.56371e-10 -1.0206e-12 -1.39121e-15 4.68132e-14 -5.48828e-12 -8.92684e-16 -3.68775e-15 -1.92136e-18 2.83915e-17 8.88132e-08 1.32417e-09 6.99259e-13 1.25552e-10 2.74724e-09 4.08628e-13 2.43835e-12 3.20061e-16 4.40303e+07 0.513191 
1860.5 9.72601e-15 6.23e-05 -9.39898e-07 -6.11639e-09 -6.04833e-08 -2.20052e-06 -3.43901e-09 -1.74492e-09 -4.55065e-13 2.03735e-29 5.46298e-09 1.06803e-12 3.92955e-19 5.01126e-15 6.03901e-12 1.23707e-19 3.84819e-18 1.82854e-25 1.37755e-20 8.82392e-11 -1.33123e-12 -8.663e-15 -8.5666e-14 -3.11672e-12 -4.87087e-15 -2.47143e-15 -6.44535e-19 5.37177e-18 8.79633e-08 1.22992e-09 7.45982e-13 8.4248e-11 2.92462e-09 4.18557e-13 2.33461e-12 5.08908e-16 706036 0.00822914 
1885.5 0 0 0 0 0 0 0 0 0 0 0 0 0 0 0 0 0 0 0.0 0.0 0.0 0.0 0.0 0.0 0.0 0.0 0.0 0.0 0.0 0.0 0.0 0.0 0.0 0.0 0.0 0.0 0 0 
