310.5 4.34508 -8.41747e-07 0.217087 -3.90616e-09 8.70931 1.70782e-05 18.1025 -8.65558e-08 1.71221 0.000392838 5.97375e-06 1.55152e-19 1.47095e-08 2.80455e-22 2.4036e-05 5.75152e-15 0.000104247 5.51547e-21 9.70276e-07 5.0374e-14 2.22533e-07 -4.31099e-14 1.11181e-08 -2.00053e-16 4.46046e-07 8.74656e-13 9.27115e-07 -4.43294e-15 8.76906e-08 2.01191e-11 5.06383e-07 7.80233e-14 2.50944e-08 3.78463e-15 1.0159e-06 1.71405e-11 2.11647e-06 1.62118e-14 2.04946e-07 4.66381e-11 1.95256e+07 0.227579 
335.5 3.67497 -1.04117e-07 0.17515 2.97856e-10 7.04265 7.42679e-05 14.7219 1.68521e-08 1.34703 0.000304657 1.50458e-05 1.48139e-20 3.44719e-08 3.8076e-22 5.63323e-05 1.12614e-13 0.000247329 6.20472e-21 2.19661e-06 1.12094e-13 3.81843e-06 -1.08182e-13 1.81987e-07 3.09483e-16 7.31757e-06 7.7167e-11 1.52966e-05 1.751e-14 1.39962e-06 3.1655e-10 1.02603e-06 6.07369e-14 5.19438e-08 1.98879e-14 2.23261e-06 3.3325e-10 4.7957e-06 7.83603e-14 5.68718e-07 1.27537e-10 962430 0.0112175 
360.5 3.456 -5.18516e-08 0.157346 3.01999e-09 6.29469 0.000165805 13.3478 5.66299e-08 1.17202 0.000265828 2.41311e-05 7.45372e-21 5.0817e-08 1.14515e-21 8.22403e-05 6.16659e-13 0.000370157 6.53773e-20 3.05286e-06 1.56594e-13 6.7174e-06 -1.00783e-13 3.05831e-07 5.86993e-15 1.22349e-05 3.22273e-10 2.59439e-05 1.10071e-13 2.27805e-06 5.16687e-10 1.33416e-06 6.5806e-14 7.23859e-08 4.68121e-14 3.18686e-06 1.0463e-09 6.81051e-06 3.39054e-13 8.62718e-07 1.93401e-10 514485 0.00599653 
385.5 3.61014 -3.49309e-08 0.159522 9.93708e-09 6.38367 0.000299265 13.6687 1.33126e-07 1.17644 0.000266733 3.60135e-05 6.11423e-21 7.15998e-08 3.79816e-21 0.000115941 2.18523e-12 0.0005301 3.95696e-19 4.20256e-06 2.15175e-13 9.70825e-06 -9.39348e-14 4.2898e-07 2.67224e-14 1.71667e-05 8.04773e-10 3.67573e-05 3.57997e-13 3.16363e-06 7.17289e-10 1.61123e-06 8.72836e-14 9.23027e-08 9.74668e-14 4.13376e-06 2.28665e-09 8.62725e-06 9.67434e-13 1.13703e-06 2.53252e-10 371863 0.00433421 
410.5 3.81363 -2.56618e-08 0.165023 2.48378e-08 6.60913 0.000481827 14.2727 2.65176e-07 1.21538 0.000275823 4.99665e-05 1.50544e-20 9.54587e-08 2.11954e-20 0.000154802 5.76235e-12 0.000717648 1.57553e-18 5.58668e-06 2.8675e-13 1.28345e-05 -8.63631e-14 5.55375e-07 8.35898e-14 2.22426e-05 1.62155e-09 4.80336e-05 8.92429e-13 4.09027e-06 9.28262e-10 1.85318e-06 2.0786e-13 1.13219e-07 2.53662e-13 5.12287e-06 4.09431e-09 1.03906e-05 2.12271e-12 1.43919e-06 3.21504e-10 297139 0.00346328 
435.5 4.01615 -1.99974e-08 0.170248 5.5311e-08 6.82345 0.000737369 14.862 4.81989e-07 1.25015 0.000283859 6.57362e-05 2.03876e-20 1.20558e-07 1.02881e-19 0.000195785 1.3765e-11 0.000920841 5.37305e-18 6.9999e-06 3.59591e-13 1.6099e-05 -8.01609e-14 6.8245e-07 2.21718e-13 2.73522e-05 2.95579e-09 5.95753e-05 1.93208e-12 5.01132e-06 1.13787e-09 2.08083e-06 2.74407e-13 1.32392e-07 6.02699e-13 6.05584e-06 6.81478e-09 1.19179e-05 4.21963e-12 1.71646e-06 3.83018e-10 249466 0.00290763 
460.5 4.31855 -1.5556e-08 0.179878 1.12525e-07 7.22427 0.00109036 15.8542 8.22969e-07 1.32175 0.000299378 8.54932e-05 7.27933e-20 1.51301e-07 4.07143e-19 0.000246712 2.94912e-11 0.00117558 1.55498e-17 8.77109e-06 4.48034e-13 1.95251e-05 -7.03319e-14 8.13266e-07 5.08747e-13 3.26624e-05 4.92976e-09 7.16801e-05 3.72081e-12 5.97588e-06 1.35355e-09 2.3031e-06 5.69357e-13 1.50536e-07 1.25776e-12 6.97167e-06 1.04419e-08 1.33034e-05 7.51394e-12 1.98614e-06 4.39956e-10 221180 0.00257794 
485.5 4.59524 -1.2614e-08 0.188403 2.13699e-07 7.58145 0.00155804 16.7539 1.33341e-06 1.38511 0.000312952 0.00010726 9.71398e-20 1.83765e-07 1.40545e-18 0.000300698 5.88502e-11 0.00145068 4.05678e-17 1.06218e-05 5.39902e-13 2.3072e-05 -6.33333e-14 9.45945e-07 1.07295e-12 3.80654e-05 7.82269e-09 8.41188e-05 6.69489e-12 6.95445e-06 1.57129e-09 2.49363e-06 6.95496e-13 1.6687e-07 2.43009e-12 7.79664e-06 1.53063e-08 1.44116e-05 1.26041e-11 2.22851e-06 4.9176e-10 199169 0.0023214 
510.5 4.90575 -1.03368e-08 0.198397 3.89124e-07 7.99779 0.0022047 17.799 2.1022e-06 1.46205 0.000329536 0.00013263 7.8246e-20 2.20969e-07 4.3848e-18 0.00036279 1.13261e-10 0.00177277 9.8497e-17 1.28052e-05 6.47555e-13 2.67623e-05 -5.63905e-14 1.08232e-06 2.12279e-12 4.36303e-05 1.20273e-08 9.70986e-05 1.14681e-11 7.97591e-06 1.79772e-09 2.70489e-06 6.50903e-13 1.84507e-07 4.40615e-12 8.69041e-06 2.17536e-08 1.55839e-05 2.01448e-11 2.49818e-06 5.48468e-10 183308 0.00213653 
535.5 5.14025 -7.69451e-09 0.205241 6.87149e-07 8.28474 0.00308543 18.5638 3.24878e-06 1.51435 0.000340478 0.00015859 1.32274e-19 2.5738e-07 1.31243e-17 0.00042361 2.13844e-10 0.00209591 2.32553e-16 1.49265e-05 7.515e-13 3.05721e-05 -4.57639e-14 1.22069e-06 4.08689e-12 4.92744e-05 1.83509e-08 0.00011041 1.93225e-11 9.00677e-06 2.02502e-09 2.92825e-06 8.85787e-13 2.01757e-07 7.83298e-12 9.56569e-06 3.05795e-08 1.65901e-05 3.1777e-11 2.76674e-06 6.07368e-10 168135 0.00195968 
560.5 5.38502 -6.27601e-09 0.212526 1.15736e-06 8.58555 0.00422571 19.375 4.86206e-06 1.56905 0.000352107 0.000187307 1.62149e-19 2.96739e-07 3.44355e-17 0.000489 3.79523e-10 0.00245187 4.9987e-16 1.7192e-05 8.63029e-13 3.44913e-05 -4.01981e-14 1.36124e-06 7.41294e-12 5.49908e-05 2.70658e-08 0.000124098 3.11417e-11 1.00498e-05 2.25526e-09 3.17195e-06 1.01831e-12 2.18319e-07 1.28689e-11 1.03958e-05 4.12104e-08 1.74381e-05 4.72428e-11 3.01938e-06 6.64483e-10 156127 0.00181972 
585.5 5.61354 -4.15145e-09 0.219034 1.91708e-06 8.85551 0.00575933 20.1237 7.21069e-06 1.6179 0.000361975 0.00021821 1.91934e-19 3.37716e-07 8.92288e-17 0.000557318 6.72824e-10 0.00283112 1.07234e-15 1.95527e-05 9.76049e-13 3.85678e-05 -2.85225e-14 1.50487e-06 1.31713e-11 6.08417e-05 3.95695e-08 0.00013826 4.9541e-11 1.11157e-05 2.48695e-09 3.42572e-06 1.14798e-12 2.35878e-07 2.09658e-11 1.12842e-05 5.52891e-08 1.83139e-05 7.00941e-11 3.28284e-06 7.21829e-10 145550 0.00169644 
610.5 5.88829 -2.78952e-09 0.227978 3.06873e-06 9.22719 0.0077132 21.0908 1.04536e-05 1.68829 0.000376448 0.000253153 2.29268e-19 3.85493e-07 2.13251e-16 0.000637424 1.14219e-09 0.00327383 2.16603e-15 2.23917e-05 1.11101e-12 4.26688e-05 -2.02139e-14 1.65201e-06 2.22371e-11 6.68637e-05 5.58927e-08 0.000152832 7.57505e-11 1.2234e-05 2.72789e-09 3.7171e-06 1.28878e-12 2.5353e-07 3.24161e-11 1.21761e-05 7.17827e-08 1.91247e-05 9.97885e-11 3.54792e-06 7.80643e-10 138000 0.00160845 
635.5 6.1485 -1.01571e-09 0.236457 4.88522e-06 9.57111 0.0103444 22.0264 1.51643e-05 1.75526 0.000390442 0.000290439 3.48288e-19 4.36024e-07 5.13781e-16 0.000721039 1.95396e-09 0.00375139 4.43556e-15 2.54014e-05 1.2551e-12 4.68907e-05 -7.74617e-15 1.8033e-06 3.72565e-11 7.29928e-05 7.88899e-08 0.000167981 1.15648e-10 1.33863e-05 2.97766e-09 4.03161e-06 1.62976e-12 2.70867e-07 5.03015e-11 1.30748e-05 9.31558e-08 1.97939e-05 1.43013e-10 3.81146e-06 8.39907e-10 131124 0.0015283 
660.5 6.43006 -1.07546e-09 0.246005 7.59054e-06 9.95782 0.0137262 23.0618 2.16994e-05 1.83094 0.000405995 0.000331277 1.2582e-19 4.91797e-07 1.14963e-15 0.000813183 3.23858e-09 0.00428274 8.643e-15 2.87372e-05 1.41225e-12 5.11471e-05 -8.55462e-15 1.95682e-06 6.0378e-11 7.92082e-05 1.09184e-07 0.000183442 1.72605e-10 1.4564e-05 3.22944e-09 4.36739e-06 1.00037e-12 2.87751e-07 7.4156e-11 1.39434e-05 1.17643e-07 2.03864e-05 1.97375e-10 4.05912e-06 8.96832e-10 125717 0.00146528 
685.5 6.67788 6.84353e-10 0.254335 1.15803e-05 10.2976 0.0179789 23.9929 3.06682e-05 1.89815 0.00041889 0.000373183 3.59831e-19 5.48643e-07 2.53847e-15 0.000907617 5.29617e-09 0.00483599 1.66971e-14 3.21674e-05 1.56597e-12 5.5484e-05 5.68603e-15 2.11318e-06 9.6216e-11 8.5559e-05 1.4938e-07 0.000199348 2.5481e-10 1.5771e-05 3.4804e-09 4.70822e-06 1.72907e-12 3.04879e-07 1.08782e-10 1.48557e-05 1.47274e-07 2.09928e-05 2.71665e-10 4.30619e-06 9.47553e-10 120357 0.00140281 
710.5 6.90941 1.16671e-09 0.2623 1.73585e-05 10.6168 0.0232993 24.8963 4.29102e-05 1.96366 0.000431481 0.000416366 3.262e-19 6.0788e-07 5.4373e-15 0.00100492 8.5098e-09 0.00542182 3.17256e-14 3.57943e-05 1.72866e-12 5.98389e-05 1.01043e-14 2.27164e-06 1.50333e-10 9.19469e-05 2.01783e-07 0.000215614 3.71623e-10 1.70062e-05 3.73684e-09 5.02404e-06 1.68076e-12 3.22771e-07 1.56492e-10 1.57743e-05 1.81611e-07 2.15896e-05 3.69669e-10 4.55895e-06 1.00355e-09 115467 0.00134581 
735.5 7.10596 1.54145e-09 0.269895 2.56617e-05 10.9156 0.0299249 25.7438 5.9587e-05 2.03034 0.000444233 0.000459029 1.6256e-19 6.70445e-07 1.13747e-14 0.00110656 1.35194e-08 0.00603651 5.93815e-14 3.97811e-05 1.90781e-12 6.41488e-05 1.39154e-14 2.43647e-06 2.31661e-10 9.85407e-05 2.70146e-07 0.000232401 5.3792e-10 1.83289e-05 4.0103e-09 5.36706e-06 1.21133e-12 3.40629e-07 2.21401e-10 1.67075e-05 2.21511e-07 2.20018e-05 4.96696e-10 4.81404e-06 1.06778e-09 110773 0.0012911 
760.5 7.3157 3.0646e-09 0.278345 3.75795e-05 11.2418 0.0381954 26.6618 8.24086e-05 2.1037 0.000458234 0.00050398 4.57166e-19 7.3829e-07 2.34808e-14 0.00121496 2.12605e-08 0.00670107 1.10637e-13 4.41225e-05 2.10091e-12 6.84133e-05 2.86588e-14 2.60296e-06 3.51427e-10 0.000105128 3.57187e-07 0.000249329 7.70649e-10 1.96729e-05 4.2852e-09 5.71243e-06 2.06746e-12 3.58866e-07 3.09971e-10 1.76044e-05 2.66901e-07 2.23673e-05 6.63872e-10 5.05884e-06 1.13305e-09 106934 0.00124636 
785.5 7.55979 4.04838e-09 0.288757 5.48426e-05 11.6428 0.0487123 27.7534 0.00011412 2.19559 0.000476158 0.000552479 4.85494e-20 8.15309e-07 4.8065e-14 0.00133725 3.33436e-08 0.00744804 2.05778e-13 4.92103e-05 2.32686e-12 7.25765e-05 3.88658e-14 2.77216e-06 5.26507e-10 0.000111775 4.67655e-07 0.000266442 1.09559e-09 2.10784e-05 4.57128e-09 6.05298e-06 6.81601e-13 3.77298e-07 4.29221e-10 1.85594e-05 3.18448e-07 2.2634e-05 8.80467e-10 5.30425e-06 1.20085e-09 104163 0.00121406 
810.5 7.6769 6.82577e-09 0.29501 7.84299e-05 11.8573 0.0609183 28.4149 0.000155601 2.25713 0.00048754 0.000592412 8.40608e-20 8.84393e-07 9.62787e-14 0.00144166 5.12759e-08 0.0081119 3.774e-13 5.39271e-05 2.53198e-12 7.66334e-05 6.81371e-14 2.94489e-06 7.82913e-10 0.000118364 6.08107e-07 0.000283647 1.55326e-09 2.25315e-05 4.86679e-09 6.40094e-06 9.13499e-13 3.94865e-07 5.90028e-10 1.9523e-05 3.76907e-07 2.28015e-05 1.16392e-09 5.53641e-06 1.26073e-09 100177 0.0011676 
835.5 7.8721 1.12999e-08 0.304884 0.000112585 12.2083 0.0765265 29.3908 0.000213658 2.34855 0.000505491 0.000638287 3.2444e-20 9.67389e-07 1.92786e-13 0.00156521 7.87956e-08 0.00888642 6.9505e-13 5.96485e-05 2.785e-12 8.0519e-05 1.1558e-13 3.11848e-06 1.15156e-09 0.000124871 7.82744e-07 0.000300621 2.18538e-09 2.40219e-05 5.17037e-09 6.73402e-06 5.64351e-13 4.12226e-07 8.03613e-10 2.04179e-05 4.39618e-07 2.28239e-05 1.52754e-09 5.74933e-06 1.32415e-09 97767 0.00113951 
860.5 8.04298 1.86232e-08 0.315052 0.000159145 12.5736 0.0947397 30.3341 0.000289853 2.45008 0.000524572 0.000682 6.2471e-20 1.05698e-06 3.76142e-13 0.00169893 1.18434e-07 0.00968353 1.25353e-12 6.62802e-05 3.06627e-12 8.42065e-05 1.94977e-13 3.29846e-06 1.66618e-09 0.000131641 9.91883e-07 0.000317584 3.03464e-09 2.56513e-05 5.49204e-09 7.0363e-06 7.84874e-13 4.31644e-07 1.07791e-09 2.13969e-05 5.06083e-07 2.28559e-05 1.9786e-09 5.99459e-06 1.39287e-09 95515 0.00111327 
885.5 8.18405 2.99873e-08 0.32511 0.000225 12.9076 0.116835 31.1956 0.000394446 2.55439 0.000545173 0.000722542 2.00124e-20 1.15118e-06 7.38898e-13 0.00183142 1.77454e-07 0.0104733 2.28675e-12 7.35167e-05 3.38453e-12 8.76697e-05 3.21232e-13 3.48266e-06 2.41026e-09 0.00013827 1.25157e-06 0.000334176 4.22541e-09 2.73633e-05 5.84004e-09 7.35393e-06 3.3345e-13 4.50424e-07 1.45118e-09 2.23624e-05 5.78368e-07 2.27984e-05 2.57725e-09 6.22748e-06 1.46626e-09 93351 0.00108804 
910.5 8.22253 4.78652e-08 0.332691 0.000312567 13.1268 0.141318 31.7137 0.000528448 2.64505 0.000563404 0.000752143 5.27673e-20 1.24271e-06 1.41818e-12 0.00195294 2.59177e-07 0.011156 4.08634e-12 8.10953e-05 3.72385e-12 9.08256e-05 5.28716e-13 3.67489e-06 3.45259e-09 0.000144998 1.56099e-06 0.000350308 5.8372e-09 2.92171e-05 6.22333e-09 7.67015e-06 5.50749e-13 4.71277e-07 1.93512e-09 2.34051e-05 6.52811e-07 2.26634e-05 3.32633e-09 6.49133e-06 1.55037e-09 90531 0.00105518 
935.5 8.35519 7.61777e-08 0.344452 0.000438672 13.4838 0.172243 32.5563 0.000716478 2.77002 0.000590007 0.000788832 1.04235e-19 1.35252e-06 2.7378e-12 0.00209224 3.79557e-07 0.0119376 7.36635e-12 9.00724e-05 4.14341e-12 9.37479e-05 8.54739e-13 3.86486e-06 4.92204e-09 0.000151293 1.93263e-06 0.000365293 8.03912e-09 3.10805e-05 6.62007e-09 7.89177e-06 6.62548e-13 4.88438e-07 2.54803e-09 2.42074e-05 7.23674e-07 2.24857e-05 4.24564e-09 6.68176e-06 1.63251e-09 89124 0.00103878 
960.5 8.42607 1.19552e-07 0.355237 0.000609739 13.7882 0.207026 33.1755 0.000963325 2.89454 0.000616558 0.000817835 2.45689e-19 1.46593e-06 5.22857e-12 0.00223005 5.45151e-07 0.0126339 1.31602e-11 9.99881e-05 4.60239e-12 9.63849e-05 1.36754e-12 4.06352e-06 6.97474e-09 0.000157722 2.36815e-06 0.000379491 1.10194e-08 3.31103e-05 7.05275e-09 8.0676e-06 9.69658e-13 5.06472e-07 3.34097e-09 2.51623e-05 7.9233e-07 2.24522e-05 5.39547e-09 6.88917e-06 1.7044e-09 87421 0.00101893 
985.5 8.47606 1.87353e-07 0.366594 0.00084746 14.0669 0.247195 33.6801 0.00129719 3.02605 0.000647796 0.000842073 5.85171e-19 1.58771e-06 1.00034e-11 0.00236136 7.7471e-07 0.0132456 2.3632e-11 0.000110919 5.16442e-12 9.86506e-05 2.18056e-12 4.26669e-06 9.86336e-09 0.000163721 2.87703e-06 0.000391993 1.50977e-08 3.52194e-05 7.53952e-09 8.29019e-06 1.43381e-12 5.23683e-07 4.37511e-09 2.60499e-05 8.59844e-07 2.2424e-05 6.86342e-09 7.10999e-06 1.80638e-09 85920 0.00100143 
1010.5 8.46693 2.87203e-07 0.376915 0.00116315 14.2767 0.290958 33.9186 0.00172609 3.15174 0.000679449 0.00085761 1.33485e-18 1.71268e-06 1.87033e-11 0.00248145 1.07457e-06 0.0137111 4.14921e-11 0.000122479 5.79257e-12 0.000100587 3.41198e-12 4.47775e-06 1.38183e-08 0.000169608 3.45658e-06 0.000402953 2.05059e-08 3.74427e-05 8.07187e-09 8.4036e-06 2.05339e-12 5.44474e-07 5.59023e-09 2.66994e-05 9.04397e-07 2.27361e-05 8.51079e-09 7.2872e-06 1.91331e-09 84175 0.000981094 
1035.5 8.49402 4.43802e-07 0.391403 0.00160551 14.5855 0.341919 34.2835 0.00231608 3.31582 0.000723357 0.000872655 3.10532e-18 1.8667e-06 3.52745e-11 0.00261983 1.47884e-06 0.0141661 7.38523e-11 0.000136751 6.6208e-12 0.000102043 5.3316e-12 4.7021e-06 1.92878e-08 0.000175222 4.10762e-06 0.000411863 2.78241e-08 3.98344e-05 8.69002e-09 8.42164e-06 2.97989e-12 5.61919e-07 7.19372e-09 2.77587e-05 9.45196e-07 2.35078e-05 1.0632e-08 7.48798e-06 2.00554e-09 83240 0.000970196 
1060.5 8.49636 6.77382e-07 0.405629 0.00220429 14.8402 0.39779 34.4235 0.00309144 3.47642 0.000770447 0.000882509 7.01979e-18 2.0255e-06 6.57562e-11 0.00273997 1.99834e-06 0.0144387 1.29977e-10 0.00015151 7.57339e-12 0.000103181 8.22625e-12 4.92603e-06 2.67692e-08 0.000180222 4.83084e-06 0.000418045 3.7543e-08 4.22183e-05 9.35644e-09 8.42399e-06 4.19266e-12 5.76402e-07 9.05338e-09 2.81945e-05 9.64972e-07 2.41756e-05 1.29997e-08 7.58823e-06 2.10463e-09 82344 0.000959753 
1085.5 8.41854 1.01625e-06 0.41811 0.00298069 14.9883 0.453897 34.1543 0.00406923 3.62281 0.00081859 0.000880587 1.55388e-17 2.18675e-06 1.20116e-10 0.00284063 2.62018e-06 0.0144514 2.24776e-10 0.000166901 8.67297e-12 0.000103922 1.25451e-11 5.16134e-06 3.6795e-08 0.000185023 5.60311e-06 0.000421617 5.02324e-08 4.47216e-05 1.01051e-08 8.39745e-06 5.86849e-12 5.9559e-07 1.13532e-08 2.88566e-05 9.7462e-07 2.51761e-05 1.58571e-08 7.76431e-06 2.22508e-09 81008 0.000944181 
1110.5 8.37454 1.53088e-06 0.434946 0.00404409 15.2024 0.516872 33.9265 0.00538606 3.80154 0.000882615 0.000877427 3.44338e-17 2.38175e-06 2.1911e-10 0.00294235 3.39581e-06 0.0143652 3.89725e-10 0.000184641 1.01248e-11 0.000104119 1.90333e-11 5.40762e-06 5.02796e-08 0.000189009 6.4262e-06 0.000421804 6.69641e-08 4.72641e-05 1.09734e-08 8.25042e-06 8.1145e-12 6.07948e-07 1.40047e-08 2.92792e-05 9.61011e-07 2.61062e-05 1.90053e-08 7.85648e-06 2.33743e-09 80432 0.000937468 
1135.5 8.29735 2.27776e-06 0.452453 0.00543338 15.3934 0.58059 33.4564 0.00706959 3.98625 0.000952755 0.000867435 7.47841e-17 2.59474e-06 3.93178e-10 0.00303811 4.29201e-06 0.014076 6.66863e-10 0.000204116 1.18439e-11 0.000103912 2.85255e-11 5.66628e-06 6.80448e-08 0.000192779 7.27101e-06 0.000418991 8.85359e-08 4.99218e-05 1.19318e-08 8.10277e-06 1.10839e-11 6.23259e-07 1.71425e-08 2.97314e-05 9.39841e-07 2.69823e-05 2.26459e-08 8.00341e-06 2.44107e-09 79850 0.000930684 
1160.5 8.1848 3.36e-06 0.470654 0.00722851 15.5147 0.643759 32.7087 0.00921013 4.16819 0.00103382 0.000849478 1.5995e-16 2.82468e-06 6.92488e-10 0.00310558 5.29011e-06 0.0135476 1.12527e-09 0.000224225 1.39955e-11 0.000103182 4.23579e-11 5.93331e-06 9.11264e-08 0.000195587 8.11556e-06 0.000412343 1.16108e-07 5.25463e-05 1.30328e-08 7.90389e-06 1.49069e-11 6.36568e-07 2.0636e-08 2.99373e-05 9.09656e-07 2.75923e-05 2.65477e-08 8.09842e-06 2.56526e-09 79324 0.000924553 
1185.5 8.04468 4.94557e-06 0.492086 0.00955308 15.6127 0.70594 31.7559 0.0119612 4.36587 0.00113351 0.000823426 3.40472e-16 3.0978e-06 1.20203e-09 0.00315623 6.3643e-06 0.0128205 1.88407e-09 0.000246589 1.68329e-11 0.00010179 6.25768e-11 6.22642e-06 1.20876e-07 0.000197549 8.93233e-06 0.000401811 1.51346e-07 5.52418e-05 1.43425e-08 7.59302e-06 1.98034e-11 6.54586e-07 2.44613e-08 3.01707e-05 8.61149e-07 2.77057e-05 3.05584e-08 8.27429e-06 2.69859e-09 79032 0.00092115 
1210.5 7.97049 7.30016e-06 0.519085 0.0126543 15.8014 0.772643 30.8581 0.0155933 4.60023 0.00125531 0.000801785 7.22811e-16 3.41797e-06 2.07672e-09 0.00320572 7.54842e-06 0.0120138 3.15037e-09 0.000271174 2.04184e-11 0.000100066 9.16506e-11 6.51691e-06 1.5887e-07 0.00019838 9.70023e-06 0.000387412 1.95768e-07 5.7754e-05 1.57599e-08 7.26762e-06 2.59763e-11 6.64218e-07 2.88553e-08 2.98668e-05 8.20339e-07 2.72267e-05 3.50212e-08 8.30357e-06 2.82326e-09 79652 0.000928376 
1235.5 7.82156 1.06312e-05 0.547398 0.0164666 15.8892 0.829926 29.5937 0.0200523 4.82926 0.0013971 0.000767309 1.5016e-15 3.77661e-06 3.47657e-09 0.00322194 8.64707e-06 0.010986 5.14703e-09 0.000296813 2.5053e-11 9.76182e-05 1.32684e-10 6.83189e-06 2.05514e-07 0.000198307 1.0358e-05 0.000369348 2.50266e-07 6.02724e-05 1.74367e-08 6.87131e-06 3.3704e-11 6.78126e-07 3.39676e-08 2.97691e-05 7.95285e-07 2.6361e-05 4.00659e-08 8.46528e-06 2.93929e-09 80124 0.000933878 
1260.5 7.60471 1.53278e-05 0.574111 0.0211218 15.7879 0.875229 27.8965 0.0255054 5.02089 0.00155147 0.000723284 3.07084e-15 4.14205e-06 5.67805e-09 0.00317067 9.58159e-06 0.00973818 8.26114e-09 0.000319665 3.0728e-11 9.4679e-05 1.90832e-10 7.14771e-06 2.62967e-07 0.00019656 1.08966e-05 0.000347313 3.17543e-07 6.25103e-05 1.93159e-08 6.38859e-06 4.26044e-11 6.92082e-07 3.92446e-08 2.89689e-05 7.4457e-07 2.47927e-05 4.49239e-08 8.50317e-06 3.07582e-09 80321 0.000936174 
1285.5 7.42071 2.21013e-05 0.609094 0.0269816 15.7718 0.917856 26.2473 0.0324416 5.26061 0.00174808 0.000678921 6.22808e-15 4.59624e-06 9.1064e-09 0.00311893 1.03839e-05 0.00850184 1.31316e-08 0.000345828 3.83486e-11 9.11109e-05 2.71358e-10 7.47841e-06 3.31278e-07 0.000193645 1.12694e-05 0.000322263 3.98315e-07 6.45894e-05 2.14628e-08 5.8771e-06 5.32222e-11 7.11024e-07 4.54147e-08 2.82077e-05 7.03081e-07 2.30591e-05 5.07362e-08 8.61741e-06 3.19212e-09 81447 0.000949298 
1310.5 7.14522 3.13534e-05 0.641848 0.0337411 15.5412 0.940088 24.1802 0.0405833 5.45369 0.00196486 0.000623291 1.2309e-14 5.05565e-06 1.40783e-08 0.00299804 1.07846e-05 0.00714692 2.03137e-08 0.000368049 4.78822e-11 8.69026e-05 3.81331e-10 7.80638e-06 4.10371e-07 0.000189018 1.14337e-05 0.000294088 4.93588e-07 6.63296e-05 2.38973e-08 5.3492e-06 6.55185e-11 7.40981e-07 5.31092e-08 2.71184e-05 6.61601e-07 2.08636e-05 5.85842e-08 8.75894e-06 3.35816e-09 82221 0.000958319 
1335.5 6.93983 4.47938e-05 0.686108 0.0422849 15.4301 0.961279 22.2647 0.0511233 5.71628 0.00224647 0.000571923 2.42853e-14 5.62114e-06 2.14892e-08 0.00287348 1.09681e-05 0.00589588 3.13323e-08 0.000393357 6.07497e-11 8.21252e-05 5.30086e-10 8.11933e-06 5.00396e-07 0.000182598 1.13757e-05 0.000263478 6.04988e-07 6.76459e-05 2.65846e-08 4.85056e-06 7.99921e-11 7.72276e-07 6.24926e-08 2.5738e-05 6.23989e-07 1.87217e-05 6.9088e-08 8.88709e-06 3.48827e-09 84503 0.000984917 
1360.5 6.67143 6.31529e-05 0.731716 0.0519898 15.1593 0.962477 20.1181 0.0635402 5.95104 0.00257516 0.000513397 4.66841e-14 6.21398e-06 3.15585e-08 0.00269193 1.06817e-05 0.00467855 4.70393e-08 0.000414167 7.74285e-11 7.67113e-05 7.26163e-10 8.41362e-06 5.97803e-07 0.000174309 1.1067e-05 0.000231327 7.30616e-07 6.84279e-05 2.96105e-08 4.31985e-06 9.73858e-11 8.13861e-07 7.42046e-08 2.38667e-05 5.86725e-07 1.6847e-05 8.41448e-08 8.9394e-06 3.67838e-09 86968 0.00101365 
1385.5 6.38666 8.86001e-05 0.782086 0.0632092 14.7988 0.947957 17.8821 0.0786314 6.19128 0.00297147 0.000452811 8.81595e-14 6.83712e-06 4.48825e-08 0.00246459 9.97352e-06 0.0035605 6.93907e-08 0.000431346 9.91226e-11 7.06825e-05 9.80556e-10 8.65551e-06 6.99549e-07 0.000163782 1.04912e-05 0.000197905 8.7023e-07 6.85202e-05 3.28858e-08 3.91578e-06 1.19116e-10 8.65977e-07 8.57578e-08 2.12542e-05 5.59305e-07 1.54436e-05 1.0325e-07 8.87568e-06 3.94101e-09 90357 0.00105315 
1410.5 6.0214 0.000122181 0.828426 0.0750797 14.2028 0.907608 15.4542 0.0956955 6.36595 0.00341635 0.000387281 1.61017e-13 7.38632e-06 6.08937e-08 0.0021801 8.80223e-06 0.00256394 9.89878e-08 0.000438548 1.26013e-10 6.41107e-05 1.30088e-09 8.82037e-06 7.99384e-07 0.000151219 9.66343e-06 0.000164543 1.01888e-06 6.77791e-05 3.63743e-08 3.64157e-06 1.48639e-10 9.18857e-07 9.65845e-08 1.85605e-05 5.80245e-07 1.49711e-05 1.25759e-07 8.67597e-06 4.31188e-09 93922 0.0010947 
1435.5 5.68104 0.000168317 0.883363 0.0884623 13.5971 0.856655 13.1651 0.116463 6.57539 0.00397708 0.000325211 2.87992e-13 7.92511e-06 7.96164e-08 0.00188036 7.4094e-06 0.00176216 1.38393e-07 0.000440812 1.61027e-10 5.70231e-05 1.68947e-09 8.8667e-06 8.87935e-07 0.00013648 8.59862e-06 0.000132144 1.16899e-06 6.60001e-05 3.99197e-08 3.5572e-06 1.90745e-10 9.64075e-07 1.03515e-07 1.5724e-05 6.59573e-07 1.50148e-05 1.50229e-07 8.28334e-06 4.76685e-09 99627 0.00116119 
1460.5 5.24399 0.000226833 0.926782 0.101246 12.6905 0.776732 10.7562 0.138952 6.68158 0.00458515 0.000260878 4.91724e-13 8.20537e-06 9.78384e-08 0.00153788 5.75504e-06 0.0011152 1.85241e-07 0.000427313 2.01367e-10 4.94716e-05 2.13993e-09 8.74322e-06 9.55151e-07 0.000119721 7.32766e-06 0.000101474 1.31087e-06 6.30337e-05 4.32561e-08 3.69813e-06 2.44094e-10 9.82466e-07 1.03399e-07 1.32331e-05 7.73449e-07 1.49594e-05 1.70835e-07 7.61614e-06 5.3479e-09 106000 0.00123547 
1485.5 4.82373 0.000304635 0.973515 0.114435 11.7349 0.686011 8.54333 0.165644 6.80748 0.00533881 0.000202456 8.10717e-13 8.28106e-06 1.13915e-07 0.00120298 4.14956e-06 0.000653951 2.40436e-07 0.000404775 2.49868e-10 4.15782e-05 2.6258e-09 8.39121e-06 9.86373e-07 0.000101149 5.91307e-06 7.36393e-05 1.42777e-06 5.86771e-05 4.60178e-08 4.04076e-06 3.05214e-10 9.82928e-07 9.46363e-08 1.17467e-05 8.9595e-07 1.46284e-05 1.84189e-07 6.77868e-06 6.00775e-09 116016 0.00135221 
1510.5 4.32143 0.000399531 1.00133 0.124814 10.4949 0.573342 6.40054 0.193286 6.81076 0.00615997 0.000147131 1.25184e-12 7.89055e-06 1.21493e-07 0.000870314 2.66616e-06 0.000340436 2.93396e-07 0.000363628 2.99858e-10 3.34611e-05 3.09359e-09 7.75339e-06 9.66442e-07 8.12625e-05 4.43942e-06 4.95598e-05 1.49662e-06 5.27361e-05 4.76969e-08 4.42704e-06 3.50379e-10 9.90947e-07 8.1953e-08 1.16318e-05 9.67361e-07 1.34107e-05 1.78611e-07 5.87366e-06 6.84229e-09 129148 0.00150527 
1535.5 3.7608 0.000508069 1.00085 0.130267 9.00745 0.44838 4.47498 0.219515 6.66072 0.00700112 9.89566e-05 1.76403e-12 6.93715e-06 1.15927e-07 0.000571012 1.49443e-06 0.000154382 3.29077e-07 0.000304057 3.40292e-10 2.54213e-05 3.43431e-09 6.76528e-06 8.80545e-07 6.08863e-05 3.03084e-06 3.02488e-05 1.48382e-06 4.50234e-05 4.73244e-08 4.76021e-06 3.59891e-10 1.05966e-06 9.08362e-08 1.23548e-05 9.56876e-07 1.13384e-05 1.50635e-07 5.3078e-06 7.78614e-09 147939 0.00172429 
1560.5 3.1202 0.0006149 0.951318 0.127177 7.23924 0.316578 2.81288 0.238801 6.26816 0.00770613 5.93244e-05 2.18306e-12 5.41004e-06 9.49626e-08 0.00032568 6.90829e-07 5.75926e-05 3.27562e-07 0.00022877 3.52732e-10 1.7679e-05 3.48401e-09 5.39015e-06 7.20582e-07 4.10174e-05 1.79373e-06 1.59377e-05 1.35304e-06 3.55153e-05 4.36628e-08 4.85627e-06 4.80461e-10 1.26469e-06 1.37178e-07 1.2762e-05 8.34727e-07 8.50332e-06 1.58884e-07 5.9051e-06 9.59855e-09 176492 0.00205709 
1585.5 2.40057 0.000679585 0.829163 0.111492 5.26035 0.193182 1.52529 0.239603 5.49321 0.00794088 3.04144e-05 2.241e-12 3.57034e-06 6.31504e-08 0.000154452 2.5059e-07 1.69234e-05 2.73828e-07 0.000147546 3.19305e-10 1.08593e-05 3.07421e-09 3.75085e-06 5.04351e-07 2.3796e-05 8.73891e-07 6.8999e-06 1.08388e-06 2.48494e-05 3.59218e-08 4.43386e-06 8.287e-10 1.44295e-06 1.76919e-07 1.15081e-05 6.08194e-07 5.38023e-06 2.52784e-07 7.06788e-06 1.24117e-08 221060 0.00257654 
1610.5 1.62423 0.000640646 0.621866 0.081952 3.2459 0.094873 0.666155 0.20801 4.22152 0.00720495 1.24897e-05 1.76374e-12 1.85442e-06 3.14798e-08 5.68347e-05 6.6751e-08 3.68118e-06 1.78619e-07 7.5954e-05 2.3553e-10 5.63708e-06 2.22344e-09 2.15826e-06 2.84424e-07 1.12653e-05 3.29268e-07 2.31197e-06 7.21922e-07 1.46513e-05 2.50056e-08 3.40149e-06 1.08517e-09 1.33338e-06 1.68396e-07 8.38719e-06 3.5107e-07 2.72594e-06 3.1424e-07 6.99623e-06 1.38619e-08 288133 0.00335831 
1635.5 0.911666 0.000475694 0.375 0.0469431 1.59997 0.0353798 0.222524 0.145383 2.66128 0.00536497 3.92598e-06 9.93998e-13 7.2667e-07 1.11541e-08 1.58295e-05 1.31251e-08 6.06339e-07 8.53116e-08 2.94974e-05 1.34996e-10 2.41366e-06 1.25941e-09 9.92822e-07 1.24283e-07 4.23597e-06 9.36691e-08 5.89138e-07 3.84906e-07 7.04582e-06 1.42039e-08 2.13738e-06 1.02251e-09 9.68599e-07 1.18678e-07 4.89546e-06 1.61168e-07 1.1217e-06 2.78769e-07 5.334e-06 1.24762e-08 377711 0.00440238 
1660.5 0.405629 0.000262286 0.172622 0.0198953 0.601467 0.00962419 0.0546445 0.0775395 1.30477 0.00309757 9.14117e-07 3.88779e-13 2.09098e-07 2.74334e-09 3.25817e-06 1.86724e-09 7.37276e-08 2.89466e-08 8.34587e-06 5.82333e-11 8.34243e-07 5.39434e-10 3.55026e-07 4.0918e-08 1.23702e-06 1.97937e-08 1.12385e-07 1.59473e-07 2.68348e-06 6.37066e-09 1.08815e-06 7.13162e-10 5.51362e-07 6.2991e-08 2.27393e-06 5.87239e-08 3.7283e-07 1.84667e-07 3.15652e-06 8.89838e-09 486224 0.00566714 
1685.5 0.143811 0.000108215 0.0615576 0.00632833 0.176254 0.00200602 0.0104032 0.0317057 0.498057 0.00140187 1.67299e-07 1.13844e-13 4.83291e-08 5.092e-10 5.45218e-07 2.14283e-10 7.24681e-09 7.43457e-09 1.82279e-06 2.06952e-11 2.34242e-07 1.76262e-10 1.00266e-07 1.03077e-08 2.87087e-07 3.26745e-09 1.6945e-08 5.16428e-08 8.11245e-07 2.2834e-09 4.66509e-07 3.9289e-10 2.62042e-07 2.68914e-08 8.97577e-07 1.83943e-08 1.07316e-07 9.71731e-08 1.52016e-06 5.33805e-09 613941 0.00715573 
1710.5 0.0413333 3.45948e-05 0.0175798 0.00156258 0.0415855 0.000335321 0.0016052 0.0102384 0.151503 0.000515637 2.52006e-08 2.68344e-14 9.4247e-09 7.61204e-11 7.65307e-08 1.91893e-11 5.4454e-10 1.54171e-09 3.23775e-07 6.38633e-12 5.29568e-08 4.43233e-11 2.25235e-08 2.00199e-09 5.32799e-08 4.29618e-10 2.05661e-09 1.31176e-08 1.94108e-07 6.60642e-10 1.71706e-07 1.80044e-10 1.07553e-07 9.6705e-09 3.08567e-07 4.93973e-09 2.63333e-08 4.2464e-08 6.14123e-07 2.78313e-09 780510 0.00909716 
1735.5 0.0100246 9.18439e-06 0.00429525 0.000319896 0.00839985 4.7171e-05 0.000208549 0.00276006 0.0385705 0.000165604 3.2346e-09 5.31494e-15 1.53056e-09 9.1066e-12 8.43309e-09 1.0506e-12 2.43876e-11 2.74019e-10 4.90672e-08 1.74906e-12 9.79858e-09 8.97732e-12 4.19841e-09 3.12684e-10 8.21047e-09 4.61075e-11 2.03847e-10 2.69783e-09 3.77009e-08 1.6187e-10 5.53684e-08 7.15159e-11 3.84503e-08 2.96707e-09 9.04187e-08 1.01232e-09 4.87814e-09 1.6142e-08 2.1573e-07 1.29747e-09 1.02307e+06 0.0119242 
1760.5 0.00207044 2.0517e-06 0.000898921 5.38613e-05 0.00142042 4.76209e-06 1.88105e-05 0.000631275 0.00834406 4.74722e-05 2.99804e-10 6.70745e-16 1.54308e-10 6.24107e-13 5.20304e-10 2.05477e-14 3.83117e-13 3.44781e-11 5.35188e-09 3.34206e-13 1.43003e-09 1.41708e-12 6.20874e-10 3.72013e-11 9.81064e-10 3.28912e-12 1.29922e-11 4.36014e-10 5.76314e-09 3.27885e-11 1.43187e-08 2.14771e-11 1.0305e-08 6.55499e-10 1.89316e-08 1.19085e-10 5.14243e-10 4.8604e-09 6.05249e-08 4.79329e-10 1.44783e+06 0.0168751 
1785.5 0.000355458 3.64063e-07 0.000152528 6.88109e-06 0.000186628 2.57677e-07 5.45369e-07 0.000117724 0.00148575 1.18033e-05 1.72832e-11 4.14523e-17 8.00623e-12 1.91956e-14 1.53452e-11 1.18779e-16 1.82681e-15 2.4257e-12 3.42879e-10 3.7195e-14 1.45808e-10 1.49338e-13 6.25666e-11 2.82261e-12 7.65545e-11 1.05699e-13 2.23709e-13 4.82902e-11 6.09451e-10 4.84167e-12 2.65862e-09 4.12084e-12 1.81114e-09 8.86907e-11 2.50773e-09 6.97938e-12 2.73734e-11 9.96336e-10 1.18438e-08 1.23426e-10 2.43785e+06 0.0284141 
1810.5 4.28896e-05 3.99696e-08 1.65676e-05 4.97063e-07 1.45443e-05 -6.91694e-08 -2.31255e-07 1.43015e-05 0.000178801 2.13188e-06 4.1121e-13 7.41697e-19 1.32168e-13 1.49e-16 1.27406e-13 4.24141e-19 1.80429e-18 5.86304e-14 8.09812e-12 1.62177e-15 6.58474e-12 6.13643e-15 2.54358e-12 7.63129e-14 2.23295e-12 -1.06194e-14 -3.55039e-14 2.19568e-12 2.74509e-11 3.27302e-13 2.51174e-10 3.37392e-13 1.42425e-10 4.78223e-12 1.39841e-10 2.5496e-13 5.25117e-13 9.48502e-11 1.11469e-09 1.57759e-11 6.51349e+06 0.0759174 
1835.5 -1.0523e-06 7.98957e-10 -1.3141e-06 -1.24503e-07 -3.35054e-06 -3.43675e-06 -4.37664e-06 -8.27191e-07 -2.53559e-06 3.6804e-07 1.17741e-15 8.53048e-22 1.70151e-16 7.00989e-20 1.56782e-16 1.16282e-17 7.82938e-17 1.17098e-16 1.86112e-14 9.32397e-18 -2.38994e-14 1.81456e-17 -2.98453e-14 -2.82767e-15 -7.60961e-14 -7.80542e-14 -9.94006e-14 -1.87868e-14 -5.75874e-14 8.35879e-15 5.1711e-12 4.40157e-15 1.96558e-12 3.98003e-14 1.88547e-12 5.07941e-13 1.32977e-12 1.63068e-12 2.05594e-11 4.60101e-13 4.40303e+07 0.513191 
1860.5 -4.2381e-08 -1.14744e-11 -6.88095e-08 -3.11828e-09 -5.60059e-08 -4.28132e-08 -6.51649e-08 -2.53483e-08 -1.30523e-07 8.39809e-10 1.49875e-19 4.21383e-27 2.58528e-20 1.5853e-22 2.68754e-19 2.18285e-19 2.14566e-19 7.00273e-21 3.53734e-17 1.91638e-22 -6.00266e-14 -1.62519e-17 -9.74589e-14 -4.4166e-15 -7.93245e-14 -6.06388e-14 -9.22969e-14 -3.59022e-14 -1.84868e-13 1.18947e-15 4.56808e-13 7.5526e-17 1.64677e-13 1.43188e-14 6.11849e-13 5.52714e-13 5.43492e-13 9.28946e-14 7.07582e-12 1.64321e-14 706036 0.00822914 
1885.5 0 0 0 0 0 0 0 0 0 0 0 0 0 0 0 0 0 0 0 0 0.0 0.0 0.0 0.0 0.0 0.0 0.0 0.0 0.0 0.0 0.0 0.0 0.0 0.0 0.0 0.0 0.0 0.0 0.0 0.0 0 0 
