255 0 0 0 0 0 0 0 0 0 0 0 0 0 0 0 0 0 0 0 0 0 0 0.0 0.0 0.0 0.0 0.0 0.0 0.0 0.0 0.0 0.0 0.0 0.0 0.0 0.0 0.0 0.0 0.0 0.0 0.0 0.0 0.0 0.0 0 -nan 
265 0 0 0 0 0 0 0 0 0 0 0 0 0 0 0 0 0 0 0 0 0 0 0.0 0.0 0.0 0.0 0.0 0.0 0.0 0.0 0.0 0.0 0.0 0.0 0.0 0.0 0.0 0.0 0.0 0.0 0.0 0.0 0.0 0.0 0 -nan 
275 0 0 0 0 0 0 0 0 0 0 0 0 0 0 0 0 0 0 0 0 0 0 0.0 0.0 0.0 0.0 0.0 0.0 0.0 0.0 0.0 0.0 0.0 0.0 0.0 0.0 0.0 0.0 0.0 0.0 0.0 0.0 0.0 0.0 0 -nan 
285 0 0 0 0 0 0 0 0 0 0 0 0 0 0 0 0 0 0 0 0 0 0 0.0 0.0 0.0 0.0 0.0 0.0 0.0 0.0 0.0 0.0 0.0 0.0 0.0 0.0 0.0 0.0 0.0 0.0 0.0 0.0 0.0 0.0 0 -nan 
295 0.442735 154.822 97.9538 0.000660974 1758.01 -0.0358084 0.00019061 4.66724e-07 0.00342148 0.872906 5.3606e-05 1.20689e-07 0.00491501 0.00563843 7.50855e-14 0.513604 3.61466e-09 1.65256e-14 1.02486e-19 1.9088e-12 3.09392e-07 1.19316e-15 5.0599e-10 1.76942e-07 1.11949e-07 7.5541e-13 2.00919e-06 -4.09245e-11 2.17843e-13 5.33407e-16 3.91032e-12 9.97622e-10 6.12649e-14 1.17336e-08 2.36346e-06 2.53604e-06 9.23269e-12 2.41443e-05 2.0321e-09 4.34042e-12 1.08095e-14 4.65427e-11 1.87777e-08 1.16614e-12 8.74987e+08 inf 
305 103.51 10603 18995.1 0.147995 227449 -6.8491 0.0494033 0.000144809 0.271715 169.522 0.0153525 0.00562437 21.113 144.003 3.7126e-09 7338.65 6.67941e-05 9.42249e-10 8.52889e-15 1.16976e-08 0.00844797 7.80033e-11 5.71556e-06 0.000585473 0.00104887 8.17194e-09 0.0125592 -3.78191e-07 2.72793e-09 7.99601e-12 1.50035e-08 9.36063e-06 8.47731e-10 1.66702e-05 0.000907212 0.00261751 1.17567e-08 0.0157318 1.88287e-06 6.67737e-09 2.01745e-11 2.05137e-08 1.94642e-05 1.89434e-09 1.81101e+07 inf 
315 835.569 36646.2 103897 1.10794 910522 -40.1515 0.449388 0.00158896 1.14642 919.899 0.128932 0.566051 369.516 5123.28 2.73085e-07 158673 0.00239506 1.18787e-07 1.56823e-12 3.02177e-07 0.302105 6.61805e-09 0.000116206 0.00509652 0.0144493 1.54085e-07 0.12663 -5.58402e-06 6.24981e-08 2.20983e-10 1.59437e-07 0.000127934 1.79311e-08 0.00025538 0.00504137 0.0224439 1.19318e-07 0.0776669 1.73755e-05 1.12313e-07 4.1142e-10 1.28859e-07 0.000160149 2.44719e-08 7.19043e+06 inf 
325 3999.66 76048.8 288774 4.29544 1.86911e+06 -122.982 2.41622 0.0102962 2.90859 2516.19 0.54987 18.2635 2184.8 49713 5.36824e-06 913224 0.0256417 4.85528e-06 9.24263e-11 2.64761e-06 2.88118 1.49564e-07 0.000828582 0.0157545 0.0598232 8.89856e-07 0.387211 -2.54773e-05 5.00552e-07 2.13299e-09 6.02553e-07 0.000521262 1.13913e-07 0.00175982 0.014297 0.0819748 5.65912e-07 0.198126 6.82855e-05 8.6907e-07 3.82069e-09 4.30601e-07 0.000570227 1.34194e-07 4.82712e+06 inf 
335 14778.5 131643 621867 12.6581 2.99389e+06 -296.11 9.98949 0.0508449 6.08129 5301.14 1.77494 293.971 8229.03 275152 5.75104e-05 2.96963e+06 0.164606 9.96051e-05 2.68573e-09 1.4504e-05 15.456 1.85205e-06 0.00396401 0.0353103 0.166802 3.39526e-06 0.803044 -7.9425e-05 2.67946e-06 1.3638e-08 1.63117e-06 0.00142191 4.76088e-07 0.00794593 0.0309909 0.214431 1.97436e-06 0.389431 0.000194534 4.42011e-06 2.31169e-08 1.1089e-06 0.00145736 5.19722e-07 3.72818e+06 inf 
345 45194.4 207726 1.17215e+06 31.8664 4.2209e+06 -629.472 34.0447 0.205113 11.4565 9739.21 4.8953 2934.63 24390.1 1.12101e+06 0.000430765 7.10168e+06 0.800884 0.00125952 4.73028e-08 6.12292e-05 60.4758 1.61458e-05 0.0146746 0.0674484 0.380595 1.0347e-05 1.37052 -0.000204389 1.10543e-05 6.66001e-08 3.71992e-06 0.00316231 1.5895e-06 0.0271575 0.0580529 0.468123 5.72787e-06 0.653896 0.000467195 1.69342e-05 1.04516e-07 2.4583e-06 0.00310423 1.64803e-06 3.07978e+06 inf 
355 118288 309915 2.03158e+06 72.1175 5.51324e+06 -1233.75 98.7777 0.698269 20.1879 16419.2 12.134 20497.7 62134.6 3.7385e+06 0.00252273 1.40312e+07 3.22537 0.0110048 5.66034e-07 0.000217794 192.81 0.000110323 0.0445567 0.116739 0.765256 2.71652e-05 2.07673 -0.000464729 3.72076e-05 2.63024e-07 7.60438e-06 0.00618477 4.57064e-06 0.075735 0.0988782 0.906974 1.4571e-05 0.986153 0.000999479 5.25442e-05 3.79516e-07 4.92058e-06 0.00586314 4.54594e-06 2.65477e+06 inf 
365 274393 445529 3.32589e+06 150.9 6.84966e+06 -2287.85 252.24 2.07548 33.9315 26099.1 27.8101 110911 143132 1.08811e+07 0.0123291 2.43975e+07 11.4427 0.073315 5.09043e-06 0.000686951 534.149 0.00063168 0.116432 0.189049 1.41126 6.40306e-05 2.90648 -0.000970793 0.000107032 8.80679e-07 1.4398e-05 0.0110745 1.18005e-05 0.183046 0.158097 1.62033 3.36393e-05 1.38015 0.00197812 0.000140191 1.17661e-06 9.17542e-06 0.0101984 1.13484e-05 2.35668e+06 inf 
375 574351 620599 5.18756e+06 295.637 8.18135e+06 -4029.67 577.666 5.48997 54.7814 39508.2 59.5844 483719 303731 2.8221e+07 0.0519586 3.85004e+07 36.0435 0.388646 3.58694e-05 0.00196481 1318.9 0.00310704 0.269717 0.291435 2.43609 0.000138832 3.84198 -0.00189234 0.000271273 2.5781e-06 2.57255e-05 0.0185531 2.79809e-05 0.392948 0.240205 2.7052 7.15934e-05 1.82183 0.0036531 0.00033003 3.19339e-06 1.61518e-05 0.0165872 2.60027e-05 2.12946e+06 inf 
385 1.11029e+06 845655 7.80511e+06 549.36 9.50208e+06 -6842.36 1213.5 13.2272 85.815 57647.9 120.955 1.80368e+06 608675 6.74411e+07 0.194223 5.65472e+07 104.892 1.73581 0.000210186 0.00521937 2992.52 0.013589 0.567943 0.432575 3.99252 0.000281013 4.86057 -0.00350005 0.000620739 6.76606e-06 4.38966e-05 0.0294884 6.18716e-05 0.774642 0.352466 4.30786 0.000142766 2.30223 0.00643465 0.000708939 7.85724e-06 2.72567e-05 0.0257136 5.5884e-05 1.95493e+06 inf 
395 1.99995e+06 1.13027e+06 1.13585e+07 975.712 1.07948e+07 -11159.7 2364.98 29.3659 131.037 81455.3 233.921 5.79518e+06 1.15477e+06 1.48389e+08 0.653925 7.82941e+07 277.408 6.62201 0.0010379 0.0129858 6274.33 0.053151 1.09996 0.621643 6.24712 0.000536637 5.93708 -0.00613779 0.00130073 1.61511e-05 7.20699e-05 0.0448001 0.000128656 1.4062 0.498678 6.52584 0.000267725 2.79508 0.0107192 0.00139649 1.76063e-05 4.41369e-05 0.0379974 0.000112608 1.8182e+06 inf 
405 3.39383e+06 1.48301e+06 1.60336e+07 1660.51 1.20028e+07 -17596.2 4320.49 60.7437 195.238 111682 432.557 1.65992e+07 2.0976e+06 3.05837e+08 2.00718 1.02993e+08 684.564 22.2732 0.00446562 0.0305619 12324.6 0.189223 1.99085 0.869944 9.40546 0.000974066 7.04091 -0.0103221 0.00253444 3.56327e-05 0.000114528 0.0655136 0.000253742 2.40286 0.688235 9.53645 0.000478145 3.29274 0.0171763 0.00257726 3.67407e-05 6.93623e-05 0.0542004 0.000215904 1.70472e+06 inf 
415 5.4875e+06 1.91978e+06 2.20912e+07 2725.3 1.3141e+07 -26979.6 7487.39 118.47 285.371 149592 770.013 4.32134e+07 3.67697e+06 5.96379e+08 5.67687 1.3012e+08 1594.01 67.382 0.0170772 0.068634 22932 0.619685 3.40473 1.19113 13.7065 0.00169092 8.15336 -0.0167396 0.00464557 7.35049e-05 0.000177059 0.0928146 0.000477756 3.90124 0.928757 13.4965 0.000814267 3.77566 0.0266232 0.00449733 7.20595e-05 0.000105992 0.0749241 0.000395265 1.61173e+06 inf 
425 8.49227e+06 2.45243e+06 2.97155e+07 4327.23 1.41754e+07 -40154.8 12381.6 219.328 409.867 195919 1323.39 1.03001e+08 6.22829e+06 1.10096e+09 14.9305 1.58407e+08 3481.21 185.458 0.058832 0.147848 40525.7 1.88119 5.53949 1.59972 19.3834 0.00282265 9.2466 -0.026193 0.00807651 0.000143068 0.000267356 0.127797 0.000863243 6.04165 1.22622 18.5052 0.00133109 4.2224 0.0398085 0.00746618 0.00013382 0.000157993 0.100512 0.000694196 1.53304e+06 inf 
435 1.26238e+07 3.08888e+06 3.90183e+07 6654.47 1.50686e+07 -58080.4 19608.5 386.891 578.27 250868 2196.52 2.27193e+08 1.02133e+07 1.93273e+09 36.6323 1.86227e+08 7180.38 469.028 0.184326 0.305899 68271.7 5.3098 8.60678 2.10596 26.6022 0.00453694 10.2736 -0.0395985 0.0133689 0.000263778 0.000394258 0.171039 0.00149756 8.99004 1.59004 24.6989 0.00209562 4.62823 0.0576841 0.0118765 0.000236839 0.000230476 0.131501 0.00117365 1.46673e+06 inf 
445 1.81408e+07 3.84506e+06 5.01761e+07 9941.71 1.58156e+07 -81883.1 29945.7 655.018 803.482 315108 3535.89 4.6875e+08 1.62876e+07 3.24354e+09 84.4752 2.12471e+08 14088.8 1102.74 0.531964 0.6113 110234 14.047 12.8871 2.7315 35.6448 0.00706253 11.2353 -0.0581692 0.0212732 0.00046532 0.000570788 0.22385 0.00251187 12.9197 2.02719 32.1503 0.00318298 4.97049 0.0813936 0.0181888 0.000401722 0.000329339 0.167929 0.00191556 1.40767e+06 inf 
455 2.53734e+07 4.74773e+06 6.34726e+07 14486.3 1.64472e+07 -113172 44389.6 1071.49 1103.27 389824 5544.21 9.14796e+08 2.5408e+07 5.24291e+09 184.251 2.36558e+08 26435.1 2438.86 1.43133 1.18659 171862 35.107 18.6732 3.49402 46.7117 0.010661 12.1041 -0.0832868 0.0326678 0.000788545 0.000811934 0.286885 0.00408017 18.0151 2.54763 40.9446 0.00468403 5.25189 0.111883 0.026975 0.000656933 0.000462622 0.210182 0.00303128 1.35882e+06 inf 
465 3.44124e+07 5.78193e+06 7.85508e+07 20542.9 1.68816e+07 -152283 63707.7 1690 1490.87 472784 8438.32 1.68462e+09 3.85219e+07 8.11752e+09 379.919 2.56048e+08 47238.1 5068.02 3.58861 2.22723 257473 82.6523 26.17 4.39706 59.7365 0.0156225 12.8382 -0.115808 0.0484485 0.00128521 0.00113378 0.359544 0.00641719 24.4183 3.15612 51.0371 0.00669764 5.4682 0.150041 0.0388186 0.00103793 0.000638994 0.257937 0.00465566 1.31496e+06 inf 
475 4.55737e+07 6.98282e+06 9.56224e+07 28507.3 1.71795e+07 -200582 89148.8 2589.05 1993.2 565048 12540.3 2.9521e+09 5.7141e+07 1.21101e+10 746.574 2.71045e+08 80704.8 9988.29 8.46944 4.07199 372926 184.736 35.6602 5.46386 74.8218 0.0223062 13.4425 -0.15695 0.0697564 0.00202586 0.00155963 0.442135 0.00981239 32.2225 3.85454 62.2696 0.00930636 5.6022 0.196255 0.0543102 0.0015884 0.000868208 0.310357 0.00694747 1.278e+06 inf 
485 5.92117e+07 8.36867e+06 1.14822e+08 38750.3 1.73465e+07 -260000 122197 3870.77 2638.14 667230 18248.1 4.98159e+09 8.32473e+07 1.75552e+10 1403.51 2.81529e+08 133580 18889.2 19.0412 7.27572 526335 395.319 47.4746 6.70982 92.0617 0.0310691 13.908 -0.208462 0.0979752 0.00310349 0.0021152 0.53497 0.0146309 41.7168 4.66092 74.8334 0.0126495 5.68254 0.252279 0.0744701 0.00237385 0.00116595 0.368525 0.0101437 1.24723e+06 inf 
495 7.52163e+07 9.92673e+06 1.35505e+08 51553.5 1.7345e+07 -329975 163599 5632.36 3450.16 775911 25930.1 8.04992e+09 1.18696e+08 2.45881e+10 2521.82 2.86185e+08 212657 34106.3 40.5815 12.6726 720129 806.107 61.6492 8.1362 111.064 0.0422546 14.2164 -0.270456 0.13409 0.00461643 0.00282784 0.635956 0.021253 52.8895 5.57571 88.4192 0.0167781 5.69721 0.318045 0.0998715 0.00345692 0.00154601 0.43104 0.0144574 1.22007e+06 inf 
505 9.39025e+07 1.16895e+07 1.57803e+08 67325 1.72228e+07 -411764 215053 8020.27 4471.26 892059 36137.4 1.25457e+10 1.66238e+08 3.34494e+10 4354.78 2.85997e+08 326612 59272.6 82.7042 21.6039 960309 1577.15 78.4855 9.77027 131.895 0.0562715 14.3951 -0.34416 0.179745 0.00670349 0.00373716 0.745599 0.0302043 65.7721 6.59447 102.769 0.0217561 5.64113 0.393119 0.131273 0.00491822 0.00202252 0.496715 0.0201473 1.19643e+06 inf 
515 1.15376e+08 1.36553e+07 1.81414e+08 86398.7 1.69755e+07 -505619 278010 11197.9 5739.32 1.01423e+06 49449.7 1.89374e+10 2.28782e+08 4.43011e+10 7253.47 2.81286e+08 486211 99547.7 161.933 36.0752 1.25036e+06 2970.74 98.3582 11.6411 154.656 0.073655 14.4717 -0.431042 0.237004 0.00954624 0.00489278 0.86463 0.0421559 80.4353 7.71495 117.679 0.0275415 5.51069 0.478224 0.169392 0.00684962 0.00261054 0.564223 0.0274852 1.17302e+06 inf 
525 1.39471e+08 1.58316e+07 2.05804e+08 109025 1.66156e+07 -610802 353148 15318.4 7298.32 1.13927e+06 66391 2.7699e+10 3.09717e+08 5.71347e+10 11657.7 2.72232e+08 702637 161472 304.476 59.0016 1.58786e+06 5383.12 120.893 13.7228 178.391 0.0945027 14.4023 -0.529441 0.306108 0.013278 0.00632616 0.987515 0.0575475 96.9237 8.95246 133.045 0.0342649 5.34254 0.573355 0.215084 0.00936027 0.00333498 0.633375 0.0368017 1.15367e+06 inf 
535 1.66454e+08 1.82398e+07 2.31031e+08 135487 1.61726e+07 -728225 442374 20605.9 9204.94 1.26786e+06 87708.1 3.94513e+10 4.1333e+08 7.20537e+10 18143.7 2.60163e+08 986872 254416 552.945 94.7471 1.97617e+06 9430.09 146.275 16.0286 203.023 0.119063 14.212 -0.639944 0.388746 0.0181079 0.00808904 1.11416 0.0770754 115.205 10.3105 148.662 0.042051 5.1617 0.67654 0.269167 0.0125705 0.00422237 0.703744 0.0484384 1.13795e+06 inf 
545 1.96465e+08 2.09068e+07 2.5695e+08 166079 1.56646e+07 -858159 547321 27306.3 11526 1.39905e+06 114181 5.48984e+10 5.45021e+08 8.90709e+10 27440 2.45882e+08 1.35324e+06 390485 973.141 149.686 2.41393e+06 16014.7 174.924 18.6145 228.778 0.14787 13.9471 -0.764068 0.487311 0.0243124 0.0102623 1.24566 0.101662 135.207 11.7798 164.212 0.0506552 4.93983 0.788079 0.331962 0.0165937 0.00528767 0.773042 0.0626389 1.12314e+06 inf 
555 2.28467e+08 2.37451e+07 2.82049e+08 200581 1.50716e+07 -995166 666717 35540.9 14284.6 1.52579e+06 146058 7.43909e+10 7.06537e+08 1.07515e+11 40271.5 2.29226e+08 1.80664e+06 582222 1655.61 231.688 2.88432e+06 26291.9 205.735 21.3826 253.987 0.180625 13.5721 -0.896152 0.600382 0.0320048 0.0128634 1.37398 0.131526 157.042 13.38 179.745 0.0603276 4.71362 0.907634 0.404766 0.0216004 0.00657042 0.84233 0.0798552 1.11049e+06 inf 
565 2.63972e+08 2.69413e+07 3.08086e+08 240116 1.44874e+07 -1.14527e+06 805923 45800.3 17648.7 1.65684e+06 185026 9.89754e+10 9.09141e+08 1.27782e+11 57838.8 2.12369e+08 2.35943e+06 850640 2748.28 354.732 3.39847e+06 42131.2 239.482 24.4418 279.504 0.217839 13.1434 -1.03902 0.731153 0.0415512 0.0160113 1.50313 0.16786 180.115 15.0795 194.435 0.0708437 4.463 1.03004 0.486967 0.0276914 0.00809074 0.907626 0.100227 1.10226e+06 inf 
575 3.00871e+08 3.02771e+07 3.32351e+08 283089 1.38209e+07 -1.29902e+06 960126 58035.6 21566.1 1.7786e+06 230446 1.28709e+11 1.15149e+09 1.48709e+11 80766.1 1.94281e+08 3.01129e+06 1.21156e+06 4426.62 532.578 3.92603e+06 65457.9 275.574 27.7314 304.408 0.259287 12.6588 -1.1898 0.879401 0.0531562 0.0197529 1.62906 0.21107 204.809 16.9009 208.668 0.0821316 4.20718 1.15865 0.579956 0.0350551 0.0098805 0.970623 0.124112 1.0918e+06 inf 
585 3.40958e+08 3.39777e+07 3.56908e+08 331231 1.31831e+07 -1.46327e+06 1.13613e+06 72887.5 26268 1.90213e+06 284463 1.6481e+11 1.44751e+09 1.70756e+11 110612 1.76883e+08 3.77702e+06 1.69528e+06 6974.98 790.591 4.48027e+06 99449.6 313.896 31.2809 328.58 0.30494 12.1368 -1.34713 1.04595 0.0671023 0.0241831 1.75116 0.261885 230.647 18.8183 221.898 0.0940431 3.94228 1.28937 0.683155 0.0438024 0.0119591 1.02864 0.151566 1.08621e+06 inf 
595 3.82913e+08 3.79133e+07 3.80095e+08 383432 1.25157e+07 -1.63176e+06 1.33096e+06 90460.8 31767.4 2.01837e+06 346900 2.0743e+11 1.8004e+09 1.92997e+11 148343 1.59625e+08 4.64618e+06 2.32616e+06 10738 1157.41 5.0361e+06 147530 354.547 35.1048 351.938 0.355028 11.5886 -1.51088 1.23237 0.0837597 0.0294142 1.86885 0.321202 257.604 20.849 234.178 0.106345 3.67502 1.421 0.796945 0.0541007 0.0143692 1.08187 0.182839 1.08e+06 inf 
605 4.26508e+08 4.21152e+07 4.01946e+08 439005 1.18404e+07 -1.80386e+06 1.54391e+06 110928 38149.7 2.12691e+06 417926 2.56894e+11 2.21835e+09 2.15063e+11 194667 1.43076e+08 5.62442e+06 3.13037e+06 16142.6 1670.35 5.58261e+06 213601 397.152 39.2164 374.28 0.408788 11.0254 -1.6797 1.43764 0.103293 0.0355239 1.98051 0.38916 285.451 22.9726 245.306 0.118996 3.41591 1.55431 0.920916 0.0660459 0.0171299 1.12957 0.217837 1.07392e+06 inf 
615 4.71646e+08 4.65927e+07 4.22254e+08 499025 1.11779e+07 -1.97592e+06 1.77731e+06 134797 45596 2.22838e+06 498869 3.13358e+11 2.70795e+09 2.36244e+11 251312 1.27418e+08 6.68226e+06 4.14336e+06 23803.8 2383.1 6.10587e+06 303140 440.441 43.5101 394.317 0.466009 10.4383 -1.84519 1.65972 0.125879 0.0425793 2.08095 0.465863 314.066 25.2123 255.202 0.132365 3.16698 1.68387 1.05572 0.0798959 0.0203084 1.17113 0.257013 1.07085e+06 inf 
625 5.18863e+08 5.14181e+07 4.41722e+08 562642 1.05383e+07 -2.15235e+06 2.03187e+06 162347 54222 2.32456e+06 590066 3.77602e+11 3.28324e+09 2.56899e+11 318897 1.13068e+08 7.83021e+06 5.39993e+06 34422.2 3360.66 6.61079e+06 421781 485.314 48.0935 413.161 0.526262 9.85686 -2.01319 1.90049 0.15185 0.050716 2.17425 0.551913 343.012 27.5312 263.792 0.146032 2.93245 1.80859 1.19955 0.0955937 0.0239008 1.20664 0.299835 1.06913e+06 inf 
635 5.66402e+08 5.64757e+07 4.58902e+08 629255 9.90543e+06 -2.32418e+06 2.30239e+06 193506 64079 2.40865e+06 690746 4.48614e+11 3.94555e+09 2.75759e+11 398058 9.97209e+07 9.04162e+06 6.9178e+06 48779.5 4680.02 7.06298e+06 574863 530.971 52.9428 430.196 0.589892 9.2858 -2.17879 2.15837 0.181402 0.0600706 2.25798 0.647537 372.319 29.9298 270.999 0.158696 2.69384 1.93104 1.35148 0.113232 0.0279068 1.23397 0.34583 1.06673e+06 inf 
645 6.15319e+08 6.18484e+07 4.7474e+08 698762 9.29726e+06 -2.49685e+06 2.59268e+06 228831 75351.8 2.48511e+06 801959 5.2772e+11 4.71204e+09 2.93418e+11 489516 8.76288e+07 1.03294e+07 8.74911e+06 68018.4 6448.75 7.47797e+06 770384 576.85 57.9817 445.059 0.655076 8.71601 -2.34075 2.43059 0.214525 0.0706409 2.32974 0.751822 402.458 32.4895 277.481 0.172588 2.48627 2.05048 1.51471 0.133211 0.0324877 1.25808 0.396213 1.06669e+06 inf 
655 6.66289e+08 6.76698e+07 4.89821e+08 772367 8.72582e+06 -2.67065e+06 2.90633e+06 269019 88375.1 2.55664e+06 925478 6.15025e+11 5.60078e+09 3.09681e+11 595172 7.68241e+07 1.1658e+07 1.09354e+07 93487.7 8813.78 7.8501e+06 1.01729e+06 623.142 63.2877 458.102 0.722351 8.16077 -2.49771 2.71813 0.251598 0.0826522 2.39109 0.865548 432.31 35.1107 282.435 0.186652 2.29153 2.15975 1.68495 0.155346 0.0375718 1.27454 0.449709 1.06924e+06 inf 
665 7.17191e+08 7.37563e+07 5.02865e+08 847305 8.17225e+06 -2.83919e+06 3.23338e+06 313388 103019 2.61635e+06 1.05835e+06 7.08713e+11 6.61152e+09 3.23776e+11 713227 6.71069e+07 1.3018e+07 1.34667e+07 126206 11906.7 8.15627e+06 1.31955e+06 669.523 68.8541 469.442 0.79099 7.62909 -2.65048 3.01848 0.292559 0.0961717 2.44246 0.988009 461.896 37.8311 286.148 0.200395 2.10799 2.26443 1.86024 0.179519 0.0432013 1.28397 0.505655 1.0712e+06 inf 
675 7.67792e+08 8.01343e+07 5.13896e+08 924339 7.64309e+06 -3.00053e+06 3.57385e+06 362251 119545 2.66536e+06 1.2013e+06 8.08386e+11 7.75231e+09 3.35449e+11 844310 5.83918e+07 1.43788e+07 1.63711e+07 167765 15925.5 8.39359e+06 1.68533e+06 714.966 74.6208 478.538 0.860741 7.11722 -2.79408 3.32796 0.337327 0.11132 2.48197 1.11864 491.519 40.6284 288.74 0.212938 1.92858 2.36274 2.0419 0.205992 0.049372 1.28682 0.563927 1.07389e+06 inf 
685 8.18316e+08 8.68048e+07 5.23148e+08 1.00222e+06 7.13861e+06 -3.15643e+06 3.92541e+06 415533 137996 2.70294e+06 1.35282e+06 9.14106e+11 9.0386e+09 3.44993e+11 987162 5.06648e+07 1.57301e+07 1.96617e+07 219729 21078.5 8.5626e+06 2.11984e+06 758.077 80.4148 484.637 0.928446 6.61311 -2.92407 3.63645 0.384945 0.127838 2.50396 1.25324 521.665 43.6657 291.073 0.229089 1.78941 2.45397 2.23396 0.235312 0.0564294 1.28936 0.627047 1.07946e+06 inf 
695 8.70059e+08 9.39621e+07 5.31799e+08 1.08296e+06 6.6727e+06 -3.31121e+06 4.2959e+06 474332 158898 2.73662e+06 1.51653e+06 1.02617e+12 1.04968e+10 3.52848e+11 1.14412e+06 4.39427e+07 1.70801e+07 2.3378e+07 284199 27690.4 8.6819e+06 2.6346e+06 801.101 86.515 489.65 0.997133 6.14384 -3.04878 3.95542 0.436738 0.146304 2.51972 1.39634 550.525 46.691 291.762 0.243236 1.64719 2.53601 2.42483 0.266335 0.0639593 1.2825 0.689954 1.08608e+06 inf 
705 9.21859e+08 1.01482e+08 5.39035e+08 1.16348e+06 6.22692e+06 -3.46436e+06 4.67605e+06 537887 182125 2.76029e+06 1.68877e+06 1.14493e+12 1.21463e+10 3.59095e+11 1.31167e+06 3.8012e+07 1.84577e+07 2.75156e+07 362998 36064.9 8.74179e+06 3.23306e+06 844.271 92.9405 493.668 1.06555 5.70283 -3.17279 4.28249 0.492616 0.166797 2.52798 1.54663 579.458 49.8605 291.829 0.256653 1.51341 2.61489 2.61916 0.299626 0.0721689 1.27098 0.754242 1.0919e+06 inf 
715 9.72877e+08 1.09343e+08 5.44752e+08 1.24415e+06 5.806e+06 -3.60887e+06 5.063e+06 606081 207888 2.7747e+06 1.86926e+06 1.26638e+12 1.39745e+10 3.62945e+11 1.48951e+06 3.28178e+07 1.9761e+07 3.20247e+07 457506 46546.1 8.73486e+06 3.91696e+06 886.032 99.5822 496.124 1.13309 5.28772 -3.28672 4.61105 0.551979 0.18933 2.52701 1.7024 606.861 53.0134 290.53 0.269526 1.38861 2.68225 2.81145 0.334643 0.0809019 1.25273 0.818018 1.09802e+06 inf 
725 1.02568e+09 1.17884e+08 5.50687e+08 1.32945e+06 5.43058e+06 -3.75739e+06 5.46867e+06 680456 237029 2.78918e+06 2.06327e+06 1.39363e+12 1.60432e+10 3.65817e+11 1.68087e+06 2.83763e+07 2.10702e+07 3.69559e+07 570347 59689.6 8.69287e+06 4.69996e+06 923.099 106.094 495.609 1.19648 4.88743 -3.38159 4.92171 0.6124 0.213322 2.51022 1.85691 634.139 56.4161 289.138 0.284926 1.28498 2.74365 3.00607 0.371846 0.0906269 1.23379 0.88418 1.11113e+06 inf 
735 1.07277e+09 1.26206e+08 5.52628e+08 1.40687e+06 5.04793e+06 -3.88353e+06 5.84898e+06 755705 267778 2.78042e+06 2.25302e+06 1.51771e+12 1.82581e+10 3.65319e+11 1.87069e+06 2.43679e+07 2.22659e+07 4.20475e+07 699606 75541.2 8.55382e+06 5.5492e+06 959.557 112.887 494.308 1.2584 4.51521 -3.47369 5.23172 0.675953 0.239518 2.48699 2.01525 660.902 59.8981 287.099 0.29951 1.18709 2.80171 3.19987 0.410928 0.100996 1.21078 0.949915 1.11798e+06 inf 
745 1.12166e+09 1.35196e+08 5.54931e+08 1.48627e+06 4.70087e+06 -4.0157e+06 6.24421e+06 836886 302116 2.77166e+06 2.4542e+06 1.64743e+12 2.07474e+10 3.64273e+11 2.06942e+06 2.09464e+07 2.34786e+07 4.75365e+07 851031 95093 8.39323e+06 6.50213e+06 993.221 119.715 491.388 1.31608 4.16259 -3.55588 5.52921 0.741057 0.267522 2.45429 2.17318 687.239 63.5603 284.779 0.316847 1.10485 2.85409 3.39428 0.452125 0.112412 1.18685 1.01729 1.12931e+06 inf 
755 1.175e+09 1.45179e+08 5.5872e+08 1.57002e+06 4.39186e+06 -4.16483e+06 6.66602e+06 925832 340884 2.76719e+06 2.67113e+06 1.78745e+12 2.36001e+10 3.63708e+11 2.28057e+06 1.80562e+07 2.47929e+07 5.35219e+07 1.02891e+06 119256 8.22871e+06 7.57641e+06 1026.52 126.833 488.116 1.37162 3.83687 -3.63853 5.82365 0.808837 0.297808 2.41751 2.33358 712.62 67.3135 281.94 0.333219 1.0261 2.90189 3.58379 0.494639 0.124485 1.15953 1.08323 1.14465e+06 inf 
765 1.22195e+09 1.55016e+08 5.59343e+08 1.64754e+06 4.08891e+06 -4.28998e+06 7.05557e+06 1.01458e+06 381832 2.74571e+06 2.88313e+06 1.91657e+12 2.66063e+10 3.5991e+11 2.4865e+06 1.5495e+07 2.59007e+07 5.93813e+07 1.2236e+06 147733 7.98618e+06 8.70215e+06 1056.2 133.99 483.473 1.42407 3.53429 -3.70808 6.09854 0.876959 0.330039 2.37328 2.49205 735.551 71.022 278.11 0.348226 0.949748 2.93899 3.75959 0.537192 0.136998 1.12715 1.14518 1.15693e+06 inf 
775 1.26696e+09 1.65177e+08 5.59015e+08 1.72225e+06 3.80406e+06 -4.41376e+06 7.43264e+06 1.10553e+06 425991 2.71766e+06 3.09734e+06 2.04543e+12 2.98878e+10 3.55166e+11 2.68962e+06 1.32755e+07 2.70333e+07 6.53254e+07 1.44014e+06 181553 7.71377e+06 9.90325e+06 1082.51 141.13 477.633 1.47152 3.25026 -3.77119 6.35059 0.944586 0.363975 2.32202 2.64643 758.83 74.9601 274.458 0.364265 0.882419 2.97924 3.93513 0.581581 0.15048 1.09499 1.20746 1.17039e+06 inf 
785 1.31322e+09 1.7596e+08 5.58952e+08 1.79708e+06 3.54312e+06 -4.54547e+06 7.81315e+06 1.20103e+06 474104 2.68826e+06 3.31855e+06 2.17791e+12 3.35173e+10 3.5035e+11 2.89423e+06 1.13824e+07 2.82132e+07 7.1451e+07 1.68234e+06 221755 7.43171e+06 1.11947e+07 1106.9 148.315 471.136 1.51474 2.98647 -3.83134 6.58563 1.01234 0.399618 2.26591 2.79717 781.359 79.0824 270.809 0.380892 0.82167 3.01687 4.10547 0.627054 0.164987 1.0629 1.26956 1.18639e+06 inf 
795 1.3588e+09 1.87242e+08 5.58595e+08 1.86981e+06 3.29956e+06 -4.68002e+06 8.18519e+06 1.2993e+06 525974 2.65504e+06 3.54336e+06 2.30953e+12 3.74809e+10 3.4497e+11 3.09621e+06 9.7545e+06 2.9413e+07 7.75719e+07 1.94761e+06 269008 7.13251e+06 1.25595e+07 1130.76 155.818 464.848 1.55601 2.74581 -3.89459 6.81149 1.08124 0.437701 2.20946 2.94869 802.07 83.1347 266.441 0.394242 0.760241 3.05104 4.26109 0.672062 0.179663 1.02654 1.32551 1.20167e+06 inf 
805 1.4027e+09 1.99011e+08 5.58036e+08 1.94151e+06 3.07597e+06 -4.81582e+06 8.54328e+06 1.39915e+06 581969 2.6203e+06 3.77247e+06 2.43583e+12 4.17497e+10 3.38944e+11 3.29238e+06 8.36004e+06 3.05983e+07 8.34981e+07 2.23141e+06 323888 6.82188e+06 1.39822e+07 1148.02 162.878 456.716 1.589 2.51748 -3.94143 6.99212 1.14511 0.476304 2.14455 3.08752 821.967 87.4084 262.324 0.411918 0.710244 3.08348 4.40999 0.717622 0.195488 0.992056 1.38231 1.22184e+06 inf 
815 1.44696e+09 2.11397e+08 5.57725e+08 2.01098e+06 2.86755e+06 -4.96164e+06 8.89404e+06 1.50165e+06 642019 2.5837e+06 4.00576e+06 2.56211e+12 4.64145e+10 3.32977e+11 3.48372e+06 7.16544e+06 3.18553e+07 8.93333e+07 2.53728e+06 387532 6.50879e+06 1.54737e+07 1166.09 170.363 449.465 1.62063 2.31093 -3.99853 7.16762 1.21017 0.517397 2.08218 3.2282 839.652 91.5507 257.534 0.425521 0.658896 3.11184 4.54071 0.761752 0.211207 0.953896 1.43137 1.24086e+06 inf 
825 1.48765e+09 2.23936e+08 5.5634e+08 2.07537e+06 2.66995e+06 -5.10577e+06 9.21315e+06 1.60253e+06 705153 2.54053e+06 4.23461e+06 2.68168e+12 5.13788e+10 3.26269e+11 3.66035e+06 6.12779e+06 3.31549e+07 9.47658e+07 2.85671e+06 459859 6.18004e+06 1.69852e+07 1177.29 177.219 440.275 1.6424 2.11294 -4.04059 7.29109 1.26821 0.558043 2.01052 3.35118 858.026 96.1959 253.693 0.446347 0.62038 3.14828 4.67287 0.807705 0.229152 0.921166 1.48706 1.26362e+06 inf 
835 1.52569e+09 2.36619e+08 5.5432e+08 2.134e+06 2.4832e+06 -5.25328e+06 9.50364e+06 1.70169e+06 770951 2.4926e+06 4.45859e+06 2.79598e+12 5.66508e+10 3.19287e+11 3.8205e+06 5.23241e+06 3.4519e+07 9.98067e+07 3.18838e+06 541266 5.84806e+06 1.85144e+07 1185.96 183.93 430.887 1.65881 1.93026 -4.08351 7.38742 1.32277 0.599279 1.93756 3.46577 875.725 101.024 250.053 0.467039 0.584289 3.18708 4.7967 0.853638 0.248202 0.889775 1.54276 1.28646e+06 inf 
845 1.56456e+09 2.50166e+08 5.53259e+08 2.19152e+06 2.31192e+06 -5.41668e+06 9.78764e+06 1.80283e+06 841626 2.44687e+06 4.68931e+06 2.90591e+12 6.23555e+10 3.12674e+11 3.97442e+06 4.47364e+06 3.59774e+07 1.04502e+08 3.53255e+06 633853 5.5285e+06 2.00948e+07 1194.52 190.999 422.406 1.67319 1.76512 -4.13556 7.47273 1.37644 0.64257 1.86815 3.58023 889.803 105.485 245.552 0.484605 0.547638 3.21953 4.89324 0.895808 0.266536 0.854957 1.58873 1.30978e+06 inf 
855 1.60279e+09 2.64253e+08 5.52576e+08 2.24571e+06 2.15321e+06 -5.59568e+06 1.00527e+07 1.90342e+06 916094 2.40123e+06 4.92194e+06 3.0134e+12 6.84866e+10 3.0642e+11 4.11532e+06 3.82594e+06 3.76286e+07 1.08785e+08 3.88591e+06 737523 5.21847e+06 2.17045e+07 1202.89 198.32 414.706 1.6854 1.61598 -4.19953 7.54452 1.42851 0.687524 1.80211 3.69389 902.555 109.854 240.802 0.497962 0.509878 3.25638 4.97221 0.935797 0.284286 0.817825 1.62611 1.33245e+06 inf 
865 1.63853e+09 2.78346e+08 5.51236e+08 2.29181e+06 2.00123e+06 -5.78289e+06 1.02842e+07 2.00042e+06 992102 2.35027e+06 5.14502e+06 3.11611e+12 7.49512e+10 3.00143e+11 4.23443e+06 3.26504e+06 3.94259e+07 1.12563e+08 4.24353e+06 851426 4.91092e+06 2.33022e+07 1207.78 205.172 406.323 1.68932 1.47513 -4.26263 7.58061 1.47453 0.73129 1.73241 3.79245 915.528 114.681 236.941 0.51714 0.480288 3.30019 5.05034 0.976582 0.304649 0.78654 1.67142 1.35665e+06 inf 
875 1.67266e+09 2.93034e+08 5.50469e+08 2.33717e+06 1.86271e+06 -5.98558e+06 1.04933e+07 2.09544e+06 1.07206e+06 2.30108e+06 5.37162e+06 3.20957e+12 8.17785e+10 2.94033e+11 4.34186e+06 2.78879e+06 4.13955e+07 1.15694e+08 4.59706e+06 976880 4.61529e+06 2.49087e+07 1212.14 212.355 398.913 1.6937 1.34987 -4.33762 7.60426 1.51852 0.776899 1.66754 3.8927 925.538 119.031 232.267 0.527113 0.445914 3.34417 5.1006 1.01267 0.323037 0.750936 1.70227 1.37992e+06 inf 
885 1.70315e+09 3.07732e+08 5.49291e+08 2.37587e+06 1.73168e+06 -6.1979e+06 1.06646e+07 2.18505e+06 1.1538e+06 2.24946e+06 5.59186e+06 3.29205e+12 8.88586e+10 2.8783e+11 4.42735e+06 2.37804e+06 4.35256e+07 1.18104e+08 4.94031e+06 1.11246e+06 4.32654e+06 2.64854e+07 1211.23 218.849 390.638 1.68964 1.23152 -4.40775 7.58429 1.55394 0.820545 1.59974 3.97675 934.945 123.687 228.249 0.541949 0.417799 3.39496 5.14495 1.04817 0.343298 0.719527 1.73809 1.40614e+06 inf 
895 1.73135e+09 3.22606e+08 5.48138e+08 2.40857e+06 1.60864e+06 -6.42636e+06 1.08039e+07 2.26983e+06 1.23701e+06 2.19632e+06 5.8059e+06 3.365e+12 9.62429e+10 2.81832e+11 4.49311e+06 2.02624e+06 4.58767e+07 1.19816e+08 5.26994e+06 1.25814e+06 4.04838e+06 2.80318e+07 1209.86 225.436 383.036 1.6831 1.12411 -4.49072 7.54973 1.58615 0.864415 1.53478 4.05714 942.17 128.191 224.112 0.554025 0.390252 3.44847 5.16993 1.08016 0.363274 0.688076 1.76866 1.43103e+06 inf 
905 1.76498e+09 3.38892e+08 5.49329e+08 2.44399e+06 1.49899e+06 -6.70538e+06 1.09588e+07 2.3593e+06 1.32601e+06 2.15097e+06 6.03724e+06 3.44864e+12 1.04394e+11 2.77537e+11 4.556e+06 1.73253e+06 4.88179e+07 1.21536e+08 5.6136e+06 1.41928e+06 3.80181e+06 2.96851e+07 1208.13 231.97 376.013 1.6729 1.02605 -4.58981 7.50123 1.61493 0.907651 1.47233 4.13247 949.216 132.842 220.424 0.565654 0.364867 3.51416 5.18866 1.11108 0.384269 0.65922 1.80057 1.46093e+06 inf 
915 1.79414e+09 3.55097e+08 5.50189e+08 2.47495e+06 1.39637e+06 -6.99679e+06 1.10747e+07 2.44191e+06 1.41662e+06 2.10493e+06 6.26548e+06 3.51902e+12 1.12662e+11 2.7298e+11 4.5976e+06 1.47938e+06 5.19992e+07 1.22486e+08 5.93446e+06 1.58935e+06 3.56257e+06 3.12912e+07 1201.29 237.759 368.385 1.65713 0.934956 -4.68478 7.41517 1.63501 0.948515 1.40938 4.19512 955.566 137.494 216.954 0.576452 0.34116 3.58741 5.19877 1.14028 0.405565 0.631677 1.83094 1.49352e+06 inf 
925 1.81792e+09 3.71052e+08 5.50608e+08 2.49784e+06 1.2986e+06 -7.30415e+06 1.11424e+07 2.51501e+06 1.50617e+06 2.05556e+06 6.48105e+06 3.56813e+12 1.21027e+11 2.68247e+11 4.61592e+06 1.26091e+06 5.54472e+07 1.22436e+08 6.21683e+06 1.76635e+06 3.32985e+06 3.2826e+07 1193.47 243.596 361.475 1.63984 0.852531 -4.79518 7.315 1.6511 0.988799 1.34948 4.25481 958.186 141.828 213.168 0.584199 0.317776 3.66161 5.18366 1.16413 0.426478 0.604127 1.85657 1.52323e+06 inf 
935 1.83998e+09 3.87026e+08 5.51323e+08 2.51551e+06 1.20726e+06 -7.64344e+06 1.11869e+07 2.58333e+06 1.59669e+06 2.00778e+06 6.69667e+06 3.61448e+12 1.29655e+11 2.64071e+11 4.61378e+06 1.07395e+06 5.94651e+07 1.22033e+08 6.48604e+06 1.95216e+06 3.11422e+06 3.43632e+07 1180.57 248.325 353.741 1.61401 0.774607 -4.90421 7.17779 1.65752 1.02448 1.28823 4.29673 961.966 146.712 210.479 0.596057 0.29842 3.75539 5.1748 1.1892 0.450558 0.581901 1.89374 1.55855e+06 inf 
945 1.86438e+09 4.04154e+08 5.53885e+08 2.53519e+06 1.12519e+06 -8.03419e+06 1.12356e+07 2.65307e+06 1.69199e+06 1.96608e+06 6.92855e+06 3.65771e+12 1.38776e+11 2.6083e+11 4.6082e+06 917188 6.41215e+07 1.21353e+08 6.74476e+06 2.15116e+06 2.92017e+06 3.59818e+07 1168.9 253.39 347.266 1.58947 0.705451 -5.03714 7.04428 1.66338 1.06082 1.23266 4.34395 962.77 151 207.213 0.602283 0.278177 3.85085 5.14414 1.20909 0.472611 0.55802 1.92078 1.59499e+06 inf 
955 1.88691e+09 4.21325e+08 5.56761e+08 2.55038e+06 1.0485e+06 -8.46448e+06 1.12622e+07 2.71791e+06 1.78817e+06 1.92575e+06 7.16193e+06 3.69592e+12 1.48126e+11 2.58054e+11 4.58429e+06 782828 6.95104e+07 1.20341e+08 6.98658e+06 2.35828e+06 2.74002e+06 3.76091e+07 1151.62 257.143 339.803 1.55655 0.63992 -5.16605 6.87356 1.65879 1.09136 1.17533 4.37108 964.09 155.825 205.011 0.612404 0.2613 3.96681 5.11867 1.22982 0.498248 0.539347 1.96145 1.63848e+06 inf 
965 1.90658e+09 4.38345e+08 5.59793e+08 2.55906e+06 976036 -8.93372e+06 1.12649e+07 2.77713e+06 1.88394e+06 1.88596e+06 7.39401e+06 3.72354e+12 1.57556e+11 2.55515e+11 4.54259e+06 667553 7.56239e+07 1.18903e+08 7.20432e+06 2.57252e+06 2.57234e+06 3.92475e+07 1132.77 260.437 332.593 1.52043 0.579898 -5.30785 6.69291 1.64999 1.11931 1.12052 4.39305 963.911 160.569 202.959 0.622256 0.245632 4.09361 5.08425 1.24814 0.524942 0.522258 2.00486 1.68312e+06 inf 
975 1.92523e+09 4.55869e+08 5.63915e+08 2.56836e+06 910194 -9.45839e+06 1.12597e+07 2.83435e+06 1.98333e+06 1.85111e+06 7.64227e+06 3.74322e+12 1.67191e+11 2.53511e+11 4.49112e+06 569710 8.26996e+07 1.17215e+08 7.40556e+06 2.79723e+06 2.42064e+06 4.09665e+07 1109.81 262.789 325.073 1.48055 0.524687 -5.45235 6.49075 1.63388 1.14331 1.06708 4.40544 962.354 165.289 201.161 0.630009 0.23047 4.23611 5.04377 1.26468 0.552567 0.506686 2.05123 1.73474e+06 inf 
985 1.93937e+09 4.73019e+08 5.68118e+08 2.57111e+06 847836 -1.00279e+07 1.12287e+07 2.8848e+06 2.08161e+06 1.81663e+06 7.88974e+06 3.74526e+12 1.76648e+11 2.51579e+11 4.42322e+06 485753 9.06408e+07 1.15072e+08 7.57366e+06 3.02763e+06 2.28033e+06 4.27178e+07 1087.31 265.199 318.516 1.4415 0.475341 -5.62214 6.29539 1.61737 1.16706 1.0185 4.4234 957.884 169.433 198.986 0.634017 0.215381 4.38286 4.98832 1.27683 0.579156 0.491055 2.09365 1.78364e+06 inf 
995 1.95604e+09 4.90779e+08 5.73624e+08 2.57333e+06 790794 -1.06764e+07 1.12114e+07 2.93843e+06 2.18408e+06 1.78752e+06 8.15805e+06 3.75429e+12 1.86556e+11 2.50639e+11 4.34818e+06 414646 1.00137e+08 1.13227e+08 7.75657e+06 3.27313e+06 2.15735e+06 4.46399e+07 1060.9 266.185 311.117 1.3957 0.428904 -5.79056 6.08076 1.59372 1.18458 0.969501 4.4247 954.31 174.151 197.852 0.640579 0.20232 4.55859 4.94321 1.29112 0.609934 0.479741 2.15255 1.84375e+06 inf 
1005 1.97051e+09 5.08611e+08 5.79808e+08 2.57209e+06 737617 -1.13934e+07 1.11896e+07 2.99061e+06 2.28854e+06 1.76124e+06 8.43864e+06 3.75273e+12 1.9639e+11 2.49995e+11 4.26383e+06 354058 1.11018e+08 1.11267e+08 7.92724e+06 3.53132e+06 2.0478e+06 4.67124e+07 1037.01 267.663 305.131 1.35359 0.38818 -5.99593 5.88867 1.57385 1.20437 0.926876 4.44094 948.441 178.071 196.107 0.641623 0.188795 4.74064 4.88666 1.30185 0.638663 0.467523 2.20477 1.90019e+06 inf 
1015 1.98108e+09 5.26032e+08 5.86282e+08 2.56801e+06 688234 -1.21768e+07 1.11568e+07 3.03948e+06 2.39546e+06 1.73876e+06 8.73728e+06 3.73869e+12 2.05945e+11 2.49494e+11 4.16639e+06 302101 1.23489e+08 1.09209e+08 8.08529e+06 3.80041e+06 1.94959e+06 4.89299e+07 1005.92 267.1 297.693 1.30394 0.34946 -6.18293 5.66503 1.54334 1.21633 0.882877 4.43647 941.538 182.288 195.098 0.644417 0.176843 4.94718 4.83321 1.31283 0.67101 0.45876 2.27213 1.96942e+06 inf 
1025 1.99264e+09 5.43678e+08 5.93679e+08 2.55949e+06 641877 -1.30588e+07 1.11408e+07 3.09261e+06 2.50539e+06 1.71942e+06 9.05319e+06 3.72303e+12 2.15712e+11 2.49752e+11 4.06437e+06 258024 1.38162e+08 1.07446e+08 8.2601e+06 4.09209e+06 1.86635e+06 5.1439e+07 978.635 267.014 291.571 1.25703 0.315242 -6.4135 5.47152 1.51886 1.23046 0.84445 4.44626 933.139 186.132 194.026 0.644976 0.165362 5.16934 4.77829 1.3228 0.704054 0.451129 2.34389 2.03614e+06 inf 
1035 1.99889e+09 5.60604e+08 6.01152e+08 2.54799e+06 598654 -1.40163e+07 1.1118e+07 3.14377e+06 2.62077e+06 1.70568e+06 9.40237e+06 3.69153e+12 2.24907e+11 2.49897e+11 3.94968e+06 220045 1.5489e+08 1.05631e+08 8.42706e+06 4.40217e+06 1.79403e+06 5.42121e+07 939.994 263.629 282.697 1.19821 0.281522 -6.59127 5.22834 1.47839 1.23244 0.80211 4.42155 923.247 190.432 193.904 0.649352 0.155638 5.42158 4.72635 1.33314 0.74246 0.447525 2.43796 2.12649e+06 inf 
1045 2.00858e+09 5.78367e+08 6.10319e+08 2.5372e+06 559231 -1.51062e+07 1.11333e+07 3.20556e+06 2.74569e+06 1.69871e+06 9.79432e+06 3.66629e+12 2.34442e+11 2.50995e+11 3.83731e+06 188123 1.74751e+08 1.04407e+08 8.63747e+06 4.74856e+06 1.73774e+06 5.74626e+07 906.116 260.914 275.328 1.14459 0.252281 -6.81476 5.02247 1.4461 1.23864 0.766325 4.41843 912.634 194.128 193.451 0.648855 0.145672 5.69149 4.67708 1.34363 0.77971 0.443482 2.52984 2.2167e+06 inf 
1055 2.01198e+09 5.94519e+08 6.18679e+08 2.51754e+06 521184 -1.62781e+07 1.11425e+07 3.26577e+06 2.87284e+06 1.69384e+06 1.02064e+07 3.62634e+12 2.4319e+11 2.51874e+11 3.71069e+06 160465 1.97451e+08 1.03297e+08 8.85583e+06 5.12187e+06 1.69126e+06 6.10952e+07 871.044 257.384 267.844 1.08991 0.225635 -7.04727 4.82392 1.41384 1.24373 0.733312 4.41866 900.682 197.578 193.14 0.646955 0.13623 5.98482 4.63141 1.35462 0.818858 0.440966 2.6316 2.30985e+06 inf 
1065 2.01777e+09 6.11871e+08 6.29306e+08 2.50302e+06 487270 -1.76172e+07 1.11965e+07 3.33953e+06 3.01735e+06 1.69952e+06 1.06935e+07 3.5858e+12 2.52087e+11 2.53573e+11 3.58877e+06 137216 2.2429e+08 1.02739e+08 9.123e+06 5.5494e+06 1.66125e+06 6.54517e+07 835.066 253.227 260.443 1.03589 0.20166 -7.29101 4.63375 1.38209 1.24875 0.703358 4.42557 886.946 200.509 192.646 0.642003 0.126969 6.29803 4.58777 1.36581 0.858652 0.439097 2.73897 2.41629e+06 inf 
1075 2.01984e+09 6.28486e+08 6.40191e+08 2.48475e+06 455366 -1.90877e+07 1.12664e+07 3.41884e+06 3.17286e+06 1.71169e+06 1.12374e+07 3.53307e+12 2.60347e+11 2.55314e+11 3.46084e+06 117251 2.5524e+08 1.02456e+08 9.41835e+06 6.0272e+06 1.64328e+06 7.05041e+07 794.944 247.351 251.958 0.977917 0.179217 -7.5123 4.43407 1.34554 1.24873 0.673664 4.42269 870.956 203.178 192.355 0.636987 0.118438 6.63473 4.54558 1.37705 0.90154 0.439223 2.86146 2.54086e+06 inf 
1085 2.01593e+09 6.43223e+08 6.50162e+08 2.45859e+06 424685 -2.06646e+07 1.13406e+07 3.50024e+06 3.33518e+06 1.72731e+06 1.1822e+07 3.46888e+12 2.67533e+11 2.56718e+11 3.32346e+06 100017 2.90501e+08 1.02459e+08 9.74453e+06 6.55343e+06 1.63497e+06 7.62568e+07 758.08 241.881 244.49 0.924543 0.159701 -7.77083 4.26457 1.31625 1.25418 0.649548 4.44562 854.266 205.178 191.734 0.628485 0.11003 6.98969 4.51029 1.38992 0.944152 0.439218 2.98537 2.65925e+06 inf 
1095 2.0223e+09 6.61058e+08 6.64275e+08 2.44329e+06 398191 -2.25349e+07 1.1516e+07 3.61449e+06 3.53369e+06 1.76101e+06 1.25561e+07 3.42229e+12 2.7589e+11 2.59908e+11 3.2026e+06 85780.8 3.33709e+08 1.037e+08 1.01999e+07 7.20125e+06 1.6507e+06 8.35777e+07 718.608 234.902 236.044 0.868202 0.141494 -8.00759 4.09211 1.28438 1.25567 0.625759 4.46171 836.471 207.018 191.414 0.619875 0.102279 7.37966 4.4837 1.40528 0.991061 0.441575 3.12919 2.81419e+06 inf 
1105 2.01631e+09 6.75383e+08 6.75967e+08 2.41557e+06 371837 -2.44882e+07 1.16709e+07 3.72421e+06 3.73778e+06 1.79652e+06 1.33342e+07 3.3482e+12 2.82231e+11 2.61967e+11 3.06591e+06 73252 3.81949e+08 1.04896e+08 1.06652e+07 7.9111e+06 1.67385e+06 9.18582e+07 682.167 228.499 228.696 0.817246 0.125801 -8.28497 3.94855 1.25999 1.26458 0.607807 4.51127 816.961 208.024 190.599 0.607767 0.0946412 7.78345 4.4607 1.42151 1.03796 0.443705 3.27511 2.95574e+06 inf 
1115 2.01457e+09 6.90811e+08 6.8992e+08 2.39205e+06 348148 -2.6711e+07 1.18976e+07 3.85911e+06 3.97419e+06 1.84713e+06 1.42611e+07 3.28198e+12 2.88797e+11 2.64921e+11 2.93695e+06 62720.8 4.39269e+08 1.07079e+08 1.12494e+07 8.7554e+06 1.71681e+06 1.01969e+08 641.917 220.118 219.834 0.762196 0.110933 -8.51112 3.79101 1.22966 1.26632 0.588565 4.54412 796.054 208.733 189.964 0.595717 0.0876302 8.21756 4.44383 1.4396 1.08914 0.44792 3.44124 3.13836e+06 inf 
1125 2.0062e+09 7.04198e+08 7.03185e+08 2.36231e+06 325391 -2.91187e+07 1.21395e+07 4.00173e+06 4.22989e+06 1.90702e+06 1.53054e+07 3.20166e+12 2.94021e+11 2.67409e+11 2.80234e+06 53595.3 5.04743e+08 1.09657e+08 1.18991e+07 9.71766e+06 1.77328e+06 1.13834e+08 587.337 206.162 205.865 0.691592 0.0952619 -8.52481 3.55396 1.17155 1.23835 0.558301 4.48082 769.647 208.747 189.49 0.584906 0.0813375 8.66583 4.41278 1.45295 1.14519 0.455463 3.63983 3.41576e+06 inf 
1135 2.0021e+09 7.18898e+08 7.1881e+08 2.33751e+06 305036 -3.18477e+07 1.24611e+07 4.17382e+06 4.52634e+06 1.98338e+06 1.6535e+07 3.12729e+12 2.9943e+11 2.70787e+11 2.67701e+06 45946.4 5.82283e+08 1.13297e+08 1.2693e+07 1.08681e+07 1.85287e+06 1.28363e+08 542.108 194.656 194.632 0.632927 0.0825947 -8.62341 3.37409 1.13015 1.2256 0.53704 4.47719 743.569 207.812 188.253 0.569436 0.0749602 9.12698 4.39238 1.46958 1.20028 0.461832 3.83559 3.69317e+06 inf 
1145 1.9937e+09 7.32121e+08 7.34274e+08 2.30941e+06 285779 -3.48162e+07 1.28141e+07 4.36034e+06 4.8518e+06 2.07141e+06 1.79263e+07 3.0446e+12 3.03748e+11 2.7391e+11 2.54972e+06 39345.6 6.71472e+08 1.17564e+08 1.35934e+07 1.21975e+07 1.95019e+06 1.45613e+08 499.178 183.307 183.846 0.578225 0.0715526 -8.71719 3.20837 1.09173 1.21478 0.518634 4.48835 716.325 206.034 186.498 0.551406 0.0687858 9.59855 4.37513 1.48714 1.2563 0.468297 4.03891 3.99397e+06 inf 
1155 1.98463e+09 7.44818e+08 7.50391e+08 2.27992e+06 267776 -3.80979e+07 1.32211e+07 4.56955e+06 5.21478e+06 2.17425e+06 1.952e+07 2.96078e+12 3.07489e+11 2.77235e+11 2.42542e+06 33711.1 7.7523e+08 1.22726e+08 1.46397e+07 1.37563e+07 2.07016e+06 1.66369e+08 455.563 170.97 172.249 0.523346 0.0614669 -8.74523 3.03484 1.04892 1.19703 0.499091 4.48073 687.094 203.352 184.305 0.53184 0.0629292 10.0733 4.35442 1.50341 1.31332 0.475504 4.25587 4.35643e+06 inf 
1165 1.97028e+09 7.56111e+08 7.66537e+08 2.2487e+06 250895 -4.16665e+07 1.36537e+07 4.79244e+06 5.61372e+06 2.29162e+06 2.13296e+07 2.86501e+12 3.09834e+11 2.80105e+11 2.3006e+06 28850.8 8.93407e+08 1.28371e+08 1.57929e+07 1.55477e+07 2.21065e+06 1.90987e+08 412.21 158.189 160.371 0.470461 0.0524908 -8.71723 2.85655 1.00265 1.17447 0.47944 4.46246 655.35 199.494 181.337 0.509886 0.0572776 10.532 4.32403 1.51618 1.36873 0.482324 4.47701 4.77979e+06 inf 
1175 1.95989e+09 7.68048e+08 7.84486e+08 2.21966e+06 235485 -4.5665e+07 1.41722e+07 5.05069e+06 6.06498e+06 2.42854e+06 2.34189e+07 2.7777e+12 3.12351e+11 2.83763e+11 2.18405e+06 24760.3 1.03273e+09 1.35391e+08 1.71706e+07 1.76824e+07 2.38283e+06 2.20996e+08 374.274 146.671 149.811 0.423881 0.0449697 -8.72049 2.70642 0.964512 1.15821 0.463769 4.47222 624.793 195.285 178.174 0.487243 0.0520204 11.0077 4.3047 1.53255 1.42664 0.489857 4.71191 5.23652e+06 inf 
1185 1.94609e+09 7.79144e+08 8.02893e+08 2.19044e+06 221155 -5.00289e+07 1.47283e+07 5.3283e+06 6.56249e+06 2.58198e+06 2.57801e+07 2.6834e+12 3.13722e+11 2.87171e+11 2.06941e+06 21244.4 1.19207e+09 1.43098e+08 1.87009e+07 2.0148e+07 2.58241e+06 2.56795e+08 339.824 136.053 140.2 0.382493 0.0386179 -8.736 2.57185 0.930423 1.14594 0.450863 4.5017 594.216 190.45 174.612 0.463743 0.0470992 11.4822 4.2864 1.54914 1.48494 0.497655 4.95742 5.72675e+06 inf 
1195 1.92829e+09 7.88206e+08 8.20492e+08 2.15666e+06 207387 -5.47261e+07 1.53126e+07 5.62242e+06 7.09812e+06 2.7492e+06 2.84054e+07 2.58379e+12 3.13915e+11 2.90155e+11 1.95533e+06 18206.3 1.37354e+09 1.51538e+08 2.03992e+07 2.29789e+07 2.80942e+06 2.99189e+08 307.505 125.696 130.844 0.343923 0.033072 -8.72721 2.44191 0.896611 1.13194 0.438416 4.52983 563.453 185.097 170.736 0.439926 0.0425395 11.9531 4.26649 1.56498 1.54375 0.505778 5.21464 6.27075e+06 inf 
1205 1.91451e+09 7.98597e+08 8.40694e+08 2.12819e+06 195080 -5.9996e+07 1.59869e+07 5.95641e+06 7.70353e+06 2.941e+06 3.1426e+07 2.49102e+12 3.14229e+11 2.9389e+11 1.85019e+06 15650.9 1.58602e+09 1.61411e+08 2.23724e+07 2.63214e+07 3.07814e+06 3.50633e+08 277.283 115.663 121.76 0.308231 0.0282539 -8.68937 2.31542 0.862681 1.11572 0.425952 4.5515 532.818 179.256 166.551 0.415885 0.0383208 12.4178 4.24457 1.57988 1.6023 0.514178 5.48332 6.90453e+06 inf 
1215 1.89282e+09 8.056e+08 8.58623e+08 2.09257e+06 182987 -6.55309e+07 1.66522e+07 6.29429e+06 8.33688e+06 3.14205e+06 3.47032e+07 2.387e+12 3.12664e+11 2.96555e+11 1.74313e+06 13417.2 1.82289e+09 1.71567e+08 2.44746e+07 3.00757e+07 3.37343e+06 4.10565e+08 246.227 104.797 111.694 0.272213 0.0238039 -8.52461 2.1662 0.818794 1.08451 0.408735 4.51437 499.885 172.31 161.561 0.390711 0.034333 12.8243 4.19832 1.58536 1.65416 0.521315 5.74708 7.68726e+06 inf 
1225 1.87314e+09 8.12875e+08 8.78009e+08 2.05916e+06 171917 -7.16352e+07 1.73859e+07 6.66546e+06 9.03441e+06 3.36582e+06 3.84025e+07 2.28838e+12 3.10932e+11 2.99607e+11 1.64289e+06 11525.2 2.09634e+09 1.83003e+08 2.68562e+07 3.44323e+07 3.71294e+06 4.82252e+08 219.444 95.2307 102.861 0.241237 0.0201406 -8.39227 2.03681 0.780878 1.05841 0.394316 4.49896 468.972 165.402 156.587 0.366435 0.0307339 13.2349 4.15822 1.59264 1.70693 0.528675 6.02134 8.53585e+06 inf 
1235 1.85292e+09 8.19889e+08 8.98583e+08 2.02744e+06 161726 -7.83143e+07 1.8168e+07 7.06327e+06 9.79553e+06 3.61236e+06 4.25541e+07 2.1889e+12 3.08535e+11 3.02645e+11 1.54753e+06 9908.51 2.40797e+09 1.9533e+08 2.94776e+07 3.94243e+07 4.0971e+06 5.6731e+08 195.375 86.4505 94.7481 0.213776 0.0170527 -8.25759 1.91566 0.744763 1.03286 0.380893 4.48697 438.896 158.299 151.44 0.342744 0.0274586 13.6276 4.11414 1.59797 1.75789 0.535654 6.29962 9.48392e+06 inf 
1245 1.82793e+09 8.24897e+08 9.18932e+08 1.9935e+06 152048 -8.55038e+07 1.89528e+07 7.47038e+06 1.06037e+07 3.88033e+06 4.71708e+07 2.08512e+12 3.0481e+11 3.04983e+11 1.45351e+06 8507.04 2.75615e+09 2.08071e+08 3.22758e+07 4.50177e+07 4.52059e+06 6.66586e+08 170.441 76.9154 85.6834 0.185878 0.0141774 -7.97258 1.7672 0.696556 0.988714 0.361812 4.39832 406.659 150.018 145.244 0.31777 0.0243356 13.9079 4.0346 1.5888 1.79444 0.539076 6.54285 1.07247e+07 inf 
1255 1.80449e+09 8.29946e+08 9.403e+08 1.96121e+06 143133 -9.3327e+07 1.97939e+07 7.90809e+06 1.14771e+07 4.1701e+06 5.22848e+07 1.98551e+12 3.00846e+11 3.07537e+11 1.36577e+06 7317.47 3.15252e+09 2.21872e+08 3.53602e+07 5.13966e+07 4.99591e+06 7.83683e+08 145.284 66.8211 75.706 0.157902 0.011524 -7.51399 1.59366 0.6367 0.924053 0.335745 4.20958 372.492 140.559 137.946 0.291597 0.0213623 14.0484 3.91455 1.56255 1.81223 0.53806 6.73615 1.24204e+07 inf 
1265 1.77779e+09 8.33508e+08 9.61168e+08 1.92741e+06 134692 -1.01651e+08 2.06408e+07 8.35686e+06 1.23997e+07 4.47567e+06 5.78496e+07 1.88204e+12 2.95841e+11 3.09597e+11 1.28116e+06 6292.28 3.59369e+09 2.35816e+08 3.85962e+07 5.85101e+07 5.51801e+06 9.199e+08 122.876 57.6097 66.4332 0.133217 0.00930952 -7.02586 1.42664 0.577603 0.857035 0.309346 3.9984 339.091 130.877 130.327 0.266088 0.0186611 14.1076 3.77673 1.52776 1.81922 0.534504 6.89882 1.44682e+07 inf 
1275 1.74939e+09 8.35387e+08 9.81072e+08 1.89133e+06 126643 -1.1044e+08 2.14981e+07 8.81854e+06 1.33634e+07 4.79283e+06 6.38316e+07 1.782e+12 2.90147e+11 3.11241e+11 1.19968e+06 5408.58 4.08632e+09 2.50459e+08 4.20809e+07 6.64219e+07 6.08683e+06 1.07737e+09 102.923 49.1487 57.7199 0.111274 0.00745085 -6.49758 1.26481 0.518826 0.786215 0.281979 3.75543 306.998 121.057 122.392 0.241246 0.0162077 14.0781 3.62431 1.48546 1.81375 0.527823 7.02014 1.69971e+07 inf 
1285 1.7221e+09 8.37774e+08 1.00277e+09 1.8588e+06 119344 -1.19982e+08 2.23972e+07 9.30618e+06 1.44032e+07 5.135e+06 7.04321e+07 1.68381e+12 2.84169e+11 3.13045e+11 1.12425e+06 4659.19 4.63859e+09 2.65497e+08 4.57703e+07 7.52717e+07 6.71744e+06 1.26112e+09 86.7148 42.1854 50.4934 0.0935983 0.00600946 -6.04157 1.12779 0.468605 0.725259 0.258568 3.54655 277.97 111.935 114.95 0.218746 0.0140889 14.0382 3.47807 1.444 1.80672 0.520954 7.13614 1.98593e+07 inf 
1295 1.68998e+09 8.37882e+08 1.02335e+09 1.82414e+06 112369 -1.29957e+08 2.32578e+07 9.78677e+06 1.54752e+07 5.48854e+06 7.74961e+07 1.5835e+12 2.76947e+11 3.13889e+11 1.05028e+06 4006.02 5.23987e+09 2.80063e+08 4.95205e+07 8.48372e+07 7.38944e+06 1.47016e+09 73.6583 36.5193 44.6031 0.0795057 0.00489765 -5.66421 1.0137 0.426559 0.674491 0.23922 3.37769 252.174 103.62 108.127 0.198635 0.0122726 14.0106 3.34351 1.40585 1.80076 0.514631 7.2573 2.29435e+07 inf 
1305 1.65704e+09 8.36557e+08 1.04251e+09 1.78719e+06 105699 -1.40349e+08 2.41144e+07 1.0274e+07 1.65765e+07 5.84807e+06 8.49626e+07 1.48552e+12 2.6931e+11 3.14427e+11 980584 3446.96 5.90038e+09 2.94507e+08 5.3387e+07 9.52818e+07 8.10989e+06 1.70827e+09 60.6229 30.6054 38.1403 0.0653844 0.00386701 -5.13468 0.882224 0.375875 0.60645 0.213952 3.10836 225.106 94.4247 100.243 0.177763 0.0105429 13.7659 3.16168 1.34606 1.76582 0.500924 7.26877 2.73336e+07 inf 
1315 1.62497e+09 8.35477e+08 1.06343e+09 1.7535e+06 99630.7 -1.51522e+08 2.49899e+07 1.07779e+07 1.77458e+07 6.23143e+06 9.31116e+07 1.39192e+12 2.61461e+11 3.14958e+11 915712 2970.33 6.62953e+09 3.0898e+08 5.73982e+07 1.06688e+08 8.891e+06 1.98105e+09 50.1591 25.7893 32.8256 0.0541266 0.00307538 -4.67716 0.771384 0.332688 0.547773 0.19235 2.87415 201.121 86.0559 92.9761 0.159174 0.00906805 13.519 2.9904 1.28883 1.73007 0.487285 7.27255 3.23962e+07 inf 
1325 1.58982e+09 8.32889e+08 1.08447e+09 1.7197e+06 93924.3 -1.63292e+08 2.58192e+07 1.127e+07 1.89476e+07 6.63291e+06 1.01893e+08 1.29819e+12 2.52794e+11 3.1474e+11 853399 2557.39 7.41314e+09 3.22291e+08 6.13301e+07 1.1878e+08 9.71234e+06 2.28728e+09 40.1791 21.0494 27.4074 0.0434617 0.00237373 -4.12685 0.652522 0.284825 0.478857 0.167632 2.57512 176.619 77.1086 84.8715 0.140281 0.007681 13.0507 2.77838 1.21196 1.66511 0.466216 7.15364 3.95683e+07 inf 
1335 1.55158e+09 8.28189e+08 1.10389e+09 1.68358e+06 88443.1 -1.75368e+08 2.65831e+07 1.17412e+07 2.01521e+07 7.03673e+06 1.11082e+08 1.20573e+12 2.43399e+11 3.13675e+11 793595 2199.79 8.24568e+09 3.34217e+08 6.51227e+07 1.31421e+08 1.05618e+07 2.62666e+09 32.2663 17.2229 22.9563 0.0350113 0.00183925 -3.64692 0.552818 0.244168 0.419079 0.146334 2.31004 155.026 69.0294 77.4347 0.123603 0.00650874 12.5768 2.57773 1.13783 1.59918 0.445226 7.02049 4.80866e+07 inf 
1345 1.51596e+09 8.24211e+08 1.12558e+09 1.65048e+06 83445.3 -1.88396e+08 2.73692e+07 1.22294e+07 2.14206e+07 7.46917e+06 1.21117e+08 1.11917e+12 2.3426e+11 3.12898e+11 739072 1897.22 9.15589e+09 3.45715e+08 6.89486e+07 1.45021e+08 1.14718e+07 3.01035e+09 25.1927 13.697 18.7052 0.0274281 0.00138672 -3.13081 0.45483 0.203232 0.355974 0.124125 2.01276 134.03 60.872 69.6415 0.107377 0.0054411 11.9312 2.35336 1.05095 1.51106 0.418611 6.78054 6.01747e+07 inf 
1355 1.47464e+09 8.17082e+08 1.14541e+09 1.6136e+06 78557.4 -2.01691e+08 2.80227e+07 1.2665e+07 2.26535e+07 7.9074e+06 1.31661e+08 1.03185e+12 2.24039e+11 3.10697e+11 685552 1631.55 1.00908e+10 3.54452e+08 7.23275e+07 1.58639e+08 1.23785e+07 3.42482e+09 19.0384 10.549 14.7879 0.0208324 0.00101422 -2.60393 0.361787 0.163512 0.292468 0.102089 1.69982 113.838 52.7369 61.5839 0.0917433 0.0044761 11.1129 2.10838 0.952391 1.40092 0.386511 6.42859 7.74563e+07 inf 
1365 1.43579e+09 8.10786e+08 1.16693e+09 1.58037e+06 74132.2 -2.15689e+08 2.86796e+07 1.3108e+07 2.39406e+07 8.35885e+06 1.4285e+08 9.50588e+11 2.14099e+11 3.08703e+11 636706 1406.48 1.10953e+10 3.62236e+08 7.55976e+07 1.72918e+08 1.33326e+07 3.88609e+09 15.1278 8.54264 12.2951 0.0166512 0.000781075 -2.27255 0.302176 0.138109 0.252244 0.0880709 1.5051 98.9281 46.7207 55.6902 0.0801949 0.00376948 10.5706 1.9301 0.881726 1.326 0.364306 6.21929 9.49104e+07 inf 
1375 1.39311e+09 8.02219e+08 1.18694e+09 1.54466e+06 69849.3 -2.29872e+08 2.92099e+07 1.34984e+07 2.5188e+07 8.80912e+06 1.54462e+08 8.70073e+11 2.03474e+11 3.05617e+11 589671 1210.3 1.21153e+10 3.6686e+08 7.82763e+07 1.86927e+08 1.42728e+07 4.37952e+09 11.4419 6.58879 9.74859 0.0126866 0.000573686 -1.88799 0.239906 0.110865 0.206874 0.0723511 1.26863 83.7566 40.3455 49.1432 0.0684261 0.00310021 9.79493 1.71917 0.794109 1.22167 0.33465 5.86178 1.21755e+08 inf 
1385 1.34952e+09 7.92617e+08 1.20683e+09 1.50883e+06 65810.3 -2.44404e+08 2.96545e+07 1.3853e+07 2.64161e+07 9.26294e+06 1.6658e+08 7.93492e+11 1.9271e+11 3.01959e+11 545442 1041.39 1.31583e+10 3.6908e+08 8.04813e+07 2.00706e+08 1.52047e+07 4.9076e+09 8.9266 5.24287 7.9827 0.00998036 0.000435311 -1.61664 0.196153 0.0916327 0.174732 0.0612709 1.10186 71.8956 35.3159 43.973 0.0592308 0.00258823 9.18825 1.55011 0.723849 1.13889 0.311158 5.58998 1.5118e+08 inf 
1395 1.30618e+09 7.82718e+08 1.22696e+09 1.47443e+06 62062 -2.59243e+08 3.00308e+07 1.4179e+07 2.7639e+07 9.71524e+06 1.79124e+08 7.21315e+11 1.82005e+11 2.97987e+11 504313 896.589 1.42249e+10 3.68971e+08 8.21971e+07 2.14184e+08 1.61297e+07 5.47248e+09 7.27808 4.36133 6.83666 0.00821556 0.000345811 -1.44451 0.167332 0.0790058 0.154005 0.0541336 0.998085 62.9779 31.5454 40.1703 0.0523694 0.00220822 8.78492 1.42405 0.672133 1.08154 0.294864 5.43108 1.79468e+08 inf 
1405 1.26102e+09 7.71651e+08 1.24624e+09 1.44075e+06 58553.9 -2.74018e+08 3.02826e+07 1.44484e+07 2.88174e+07 1.01534e+07 1.91861e+08 6.51973e+11 1.71069e+11 2.93225e+11 465320 771.093 1.52756e+10 3.65554e+08 8.31681e+07 2.26673e+08 1.70085e+07 6.06166e+09 6.45345 3.94903 6.37781 0.00737325 0.000299658 -1.40232 0.154975 0.0739419 0.147477 0.0519614 0.981878 57.4014 29.3236 38.2092 0.0482387 0.00196377 8.72975 1.35895 0.648195 1.0669 0.290419 5.48246 1.95403e+08 inf 
1415 1.21385e+09 7.58198e+08 1.26135e+09 1.40363e+06 55107.4 -2.88041e+08 3.03878e+07 1.46486e+07 2.98813e+07 1.05491e+07 2.04224e+08 5.86596e+11 1.60052e+11 2.87531e+11 428225 662.121 1.62882e+10 3.59192e+08 8.34286e+07 2.37859e+08 1.78086e+07 6.66211e+09 5.80295 3.62465 6.03002 0.00671018 0.000263447 -1.37701 0.145272 0.0700291 0.142851 0.0504313 0.976312 52.6366 27.4228 36.5816 0.0447454 0.00175953 8.71614 1.30233 0.627643 1.05674 0.287389 5.55839 2.09179e+08 inf 
1425 1.16533e+09 7.42512e+08 1.26752e+09 1.36287e+06 51714.8 -2.99988e+08 3.0351e+07 1.47797e+07 3.08065e+07 1.08409e+07 2.14944e+08 5.24832e+11 1.49064e+11 2.81083e+11 393269 567.922 1.72465e+10 3.49681e+08 8.28899e+07 2.47483e+08 1.85208e+07 7.26788e+09 5.35424 3.41154 5.82373 0.00626185 0.000237608 -1.37832 0.13945 0.0679067 0.141543 0.0498094 0.987579 48.8131 25.9471 35.4619 0.042044 0.00159778 8.79436 1.25984 0.613379 1.05691 0.287427 5.69365 2.17647e+08 inf 
1435 1.11599e+09 7.25673e+08 1.27126e+09 1.32227e+06 48516.3 -3.11214e+08 3.0178e+07 1.48424e+07 3.16311e+07 1.10984e+07 2.25291e+08 4.67047e+11 1.38175e+11 2.73965e+11 360398 486.556 1.8132e+10 3.37226e+08 8.1553e+07 2.55214e+08 1.91333e+07 7.87072e+09 5.16696 3.35983 5.88588 0.00612206 0.000224628 -1.4409 0.139722 0.0687194 0.14645 0.051385 1.04308 46.2137 25.069 35.1255 0.0403874 0.00148401 9.04842 1.2417 0.610625 1.07712 0.293165 5.94584 2.15985e+08 inf 
1445 1.06623e+09 7.08218e+08 1.27279e+09 1.28365e+06 45564 -3.2158e+08 2.98733e+07 1.48369e+07 3.23626e+07 1.13163e+07 2.35114e+08 4.1315e+11 1.27444e+11 2.66269e+11 329567 416.342 1.89251e+10 3.2194e+08 7.94033e+07 2.60749e+08 1.9634e+07 8.46123e+09 5.34267 3.54873 6.37766 0.00643212 0.000228312 -1.61137 0.149689 0.0743446 0.162162 0.0567038 1.17811 45.1848 25.0201 35.9658 0.0401251 0.00142621 9.60382 1.26126 0.626376 1.13149 0.308491 6.40387 1.99569e+08 inf 
1455 1.01525e+09 6.89243e+08 1.27242e+09 1.24414e+06 42741.7 -3.31184e+08 2.94072e+07 1.47465e+07 3.29472e+07 1.15065e+07 2.44602e+08 3.63191e+11 1.16873e+11 2.57733e+11 300335 355.362 1.95889e+10 3.04107e+08 7.64707e+07 2.63686e+08 1.99845e+07 9.01658e+09 5.58265 3.78999 6.99676 0.00684127 0.000235027 -1.82111 0.161704 0.0810878 0.18117 0.0632716 1.34501 44.3389 25.0658 36.99 0.0400584 0.00137798 10.2176 1.28299 0.643366 1.19043 0.325403 6.91167 1.81859e+08 inf 
1465 9.64004e+08 6.6879e+08 1.26687e+09 1.20303e+06 40019 -3.39134e+08 2.8801e+07 1.45795e+07 3.33643e+07 1.16302e+07 2.5288e+08 3.17302e+11 1.06634e+11 2.48613e+11 272975 302.79 2.01163e+10 2.84204e+08 7.28384e+07 2.64059e+08 2.01849e+07 9.52848e+09 6.30532 4.37439 8.28626 0.00786874 0.000261755 -2.21819 0.18838 0.0953612 0.218227 0.0760703 1.65403 45.1181 26.0448 39.4646 0.0415156 0.00138274 11.2541 1.35034 0.683611 1.29596 0.3553 7.7193 1.52888e+08 inf 
1475 9.11089e+08 6.45746e+08 1.25343e+09 1.15756e+06 37301.6 -3.44607e+08 2.80107e+07 1.43118e+07 3.35413e+07 1.16617e+07 2.5928e+08 2.74996e+11 9.66098e+10 2.38536e+11 246946 257.008 2.04559e+10 2.62259e+08 6.84836e+07 2.61326e+08 2.01906e+07 9.96638e+09 6.72251 4.76467 9.24853 0.00854114 0.000275232 -2.5427 0.206678 0.1056 0.247486 0.0860467 1.91311 44.5408 26.2705 40.9209 0.0418229 0.00134929 12.0196 1.37564 0.702964 1.36637 0.376262 8.35927 1.35528e+08 inf 
1485 8.57683e+08 6.21781e+08 1.24068e+09 1.11234e+06 34737.3 -3.49556e+08 2.70715e+07 1.39586e+07 3.35534e+07 1.16847e+07 2.65571e+08 2.36474e+11 8.69365e+10 2.27764e+11 222392 217.356 2.06055e+10 2.38987e+08 6.35646e+07 2.55614e+08 2.00111e+07 1.03226e+10 7.208 5.22547 10.4267 0.00934817 0.000291934 -2.93768 0.22751 0.117309 0.281984 0.0981988 2.23187 43.993 26.52 42.4902 0.042209 0.00131964 12.8273 1.39882 0.721414 1.43829 0.398159 9.04271 1.1899e+08 inf 
1495 8.05913e+08 5.98901e+08 1.2325e+09 1.07152e+06 32443 -3.5492e+08 2.60517e+07 1.35535e+07 3.34963e+07 1.17305e+07 2.72461e+08 2.0189e+11 7.77927e+10 2.16874e+11 199714 183.459 2.05918e+10 2.15153e+08 5.82681e+07 2.47357e+08 1.96872e+07 1.06067e+10 7.85663 5.83853 12.0153 0.010446 0.000316279 -3.46002 0.253971 0.132129 0.326546 0.114358 2.65615 43.6629 26.9127 44.3833 0.04287 0.00129941 13.7394 1.42582 0.742012 1.51815 0.422904 9.81562 1.02577e+08 inf 
1505 7.52829e+08 5.7359e+08 1.21689e+09 1.02683e+06 30154.9 -3.57543e+08 2.4862e+07 1.30486e+07 3.31684e+07 1.16825e+07 2.77219e+08 1.70631e+11 6.89979e+10 2.05098e+11 178146 153.937 2.03414e+10 1.90804e+08 5.25989e+07 2.36047e+08 1.91473e+07 1.07678e+10 8.99251 6.85151 14.5357 0.0122654 0.000360199 -4.27083 0.296975 0.155865 0.396195 0.139547 3.31137 44.2416 27.8789 47.3138 0.0444692 0.0013073 14.9912 1.48018 0.777173 1.63175 0.457427 10.8469 8.37174e+07 inf 
1515 7.00501e+08 5.47754e+08 1.19947e+09 981919 27980.1 -3.58835e+08 2.35755e+07 1.24805e+07 3.26681e+07 1.15942e+07 2.81001e+08 1.42983e+11 6.07492e+10 1.92989e+11 158053 128.575 1.98966e+10 1.66934e+08 4.68275e+07 2.22448e+08 1.84416e+07 1.08194e+10 10.1568 7.94211 17.3917 0.0142372 0.000405695 -5.2029 0.341831 0.18096 0.473668 0.16811 4.07434 44.3847 28.5963 49.9575 0.0457053 0.00130371 16.1684 1.51776 0.803881 1.73234 0.48901 11.8438 6.89684e+07 inf 
1525 6.47821e+08 5.20239e+08 1.17251e+09 935535 25877.6 -3.56601e+08 2.21624e+07 1.18319e+07 3.19185e+07 1.13871e+07 2.81797e+08 1.18392e+11 5.29421e+10 1.80285e+11 139108 106.622 1.92218e+10 1.43593e+08 4.0975e+07 2.06409e+08 1.75485e+07 1.07346e+10 12.9447 10.3954 23.4291 0.0186938 0.000517085 -7.12558 0.442848 0.236424 0.637794 0.227537 5.63085 46.8843 30.8192 55.2588 0.049297 0.00136497 18.2569 1.63498 0.873421 1.92813 0.546699 13.5201 5.00451e+07 inf 
1535 5.95709e+08 4.91706e+08 1.14418e+09 886494 23812.3 -3.53031e+08 2.06661e+07 1.11247e+07 3.0962e+07 1.11481e+07 2.81619e+08 9.7092e+10 4.57241e+10 1.67225e+11 121440 87.7697 1.83569e+10 1.21742e+08 3.53272e+07 1.88845e+08 1.6504e+07 1.05204e+10 14.5431 12.0041 27.9331 0.0216421 0.000581332 -8.6186 0.504525 0.271588 0.755879 0.27216 6.87521 46.4631 31.1796 57.465 0.0499634 0.00134342 19.3357 1.6485 0.88808 2.00971 0.573447 14.4765 4.09616e+07 inf 
1545 5.41623e+08 4.60317e+08 1.11096e+09 832251 21717.3 -3.46837e+08 1.90094e+07 1.03159e+07 2.96773e+07 1.08397e+07 2.79449e+08 7.84126e+10 3.89028e+10 1.5311e+11 104461 71.2456 1.72312e+10 1.01167e+08 2.98443e+07 1.69382e+08 1.52525e+07 1.01265e+10 15.0615 12.8005 30.8937 0.0231433 0.000603916 -9.64486 0.528614 0.286865 0.825267 0.30143 7.77092 44.2001 30.2978 57.4741 0.0486747 0.00127141 19.6505 1.5918 0.86465 2.00727 0.577307 14.8731 3.59608e+07 inf 
1555 4.90216e+08 4.29197e+08 1.07492e+09 777426 19715.4 -3.39014e+08 1.7366e+07 9.49893e+06 2.82676e+07 1.04854e+07 2.7579e+08 6.26606e+10 3.28193e+10 1.39344e+11 89144.8 57.4183 1.60056e+10 8.27818e+07 2.48178e+07 1.49892e+08 1.39489e+07 9.64045e+09 14.8722 13.021 32.6108 0.0235855 0.000598124 -10.285 0.526851 0.288178 0.85758 0.318106 8.3669 40.9855 28.7424 56.2489 0.0463486 0.00117652 19.4884 1.49461 0.818458 1.95243 0.567441 14.9153 3.2962e+07 inf 
1565 4.39104e+08 3.96072e+08 1.03075e+09 717770 17696.3 -3.27879e+08 1.56683e+07 8.63678e+06 2.65939e+07 1.00358e+07 2.69243e+08 4.93817e+10 2.73239e+10 1.25292e+11 75003.4 45.6574 1.46369e+10 6.64991e+07 2.02538e+07 1.30301e+08 1.2553e+07 9.02656e+09 14.376 12.9672 33.7461 0.0234994 0.000579368 -10.7346 0.512972 0.282764 0.87067 0.328567 8.81487 37.5508 26.9522 54.4353 0.0436274 0.00107663 19.078 1.38348 0.763638 1.87294 0.550476 14.7588 3.05442e+07 inf 
1575 3.90089e+08 3.63536e+08 9.87264e+08 658989 15800.7 -3.15935e+08 1.39893e+07 7.76956e+06 2.48269e+07 9.57535e+06 2.61964e+08 3.83058e+10 2.24394e+10 1.11516e+11 62239.3 35.8326 1.31901e+10 5.23438e+07 1.61909e+07 1.11206e+08 1.1134e+07 8.32584e+09 13.5929 12.6676 34.4018 0.0229629 0.000550586 -11.009 0.487466 0.270735 0.865107 0.333659 9.12829 33.912 24.9288 51.9843 0.0405151 0.000972349 18.3962 1.25949 0.700632 1.76823 0.52597 14.3803 2.8698e+07 inf 
1585 3.4177e+08 3.2978e+08 9.37651e+08 597283 13933 -3.01202e+08 1.22931e+07 6.87759e+06 2.28565e+07 9.04164e+06 2.52182e+08 2.91271e+10 1.80859e+10 9.76813e+10 50619.8 27.5833 1.16531e+10 4.02195e+07 1.26301e+07 9.27427e+07 9.68036e+06 7.52387e+09 12.4725 12.0349 34.2183 0.0217971 0.000508467 -10.992 0.44862 0.250989 0.834119 0.329963 9.20305 30.123 22.6976 48.9271 0.0370431 0.000864914 17.4482 1.12539 0.630811 1.63975 0.494365 13.7796 2.7402e+07 inf 
1595 2.95329e+08 2.95687e+08 8.83705e+08 533601 12114.1 -2.84374e+08 1.06345e+07 5.99205e+06 2.07566e+07 8.45706e+06 2.4042e+08 2.17035e+10 1.43052e+10 8.41985e+10 40317.3 20.8071 1.0096e+10 3.01648e+07 9.61358e+06 7.55955e+07 8.25189e+06 6.66316e+09 10.9345 10.9478 32.7191 0.0197565 0.000448523 -10.5289 0.39374 0.221855 0.768512 0.313122 8.90152 26.1535 20.2433 45.2427 0.0332028 0.000754459 16.2156 0.980723 0.553825 1.48604 0.4555 12.9409 2.70089e+07 inf 
1605 2.52618e+08 2.62374e+08 8.24039e+08 469686 10381.2 -2.65456e+08 9.09175e+06 5.15825e+06 1.86259e+07 7.81802e+06 2.26468e+08 1.58918e+10 1.11572e+10 7.17166e+10 31595.5 15.4535 8.61639e+09 2.2137e+07 7.15736e+06 6.05028e+07 6.92762e+06 5.80877e+09 9.32884 9.6891 30.4306 0.0173448 0.000383362 -9.80294 0.335746 0.190487 0.687827 0.288709 8.36317 22.357 17.8366 41.5015 0.0294268 0.000650929 14.9028 0.839501 0.477521 1.32709 0.415301 12.0236 2.70793e+07 inf 
1615 2.10696e+08 2.24525e+08 7.25411e+08 398119 8570.1 -2.3505e+08 7.57191e+06 4.32527e+06 1.61198e+07 6.83408e+06 2.01666e+08 1.1332e+10 8.50175e+09 5.95926e+10 24132.8 11.1947 7.16432e+09 1.57568e+07 5.16626e+06 4.7121e+07 5.66118e+06 4.92665e+09 9.14775 9.74815 31.495 0.017285 0.000372086 -10.2051 0.328748 0.187789 0.69987 0.296714 8.75569 20.2068 16.5557 39.9422 0.0273678 0.000589567 14.3843 0.758969 0.434784 1.24741 0.397179 11.7148 2.30326e+07 inf 
1625 1.71363e+08 1.87149e+08 6.20638e+08 328294 6885.08 -2.02227e+08 6.14144e+06 3.53142e+06 1.35738e+07 5.80297e+06 1.74401e+08 7.8292e+09 6.29441e+09 4.82215e+10 17850.9 7.85909 5.78598e+09 1.08283e+07 3.59879e+06 3.5528e+07 4.49248e+06 4.05569e+09 9.16753 10.0121 33.2027 0.017563 0.000368336 -10.8187 0.328553 0.188923 0.726166 0.310445 9.33006 18.2976 15.3784 38.4359 0.0254269 0.00053364 13.8741 0.686545 0.396024 1.1719 0.379422 11.3982 1.86924e+07 inf 
1635 1.34562e+08 1.50911e+08 5.15187e+08 261826 5350.96 -1.68547e+08 4.80382e+06 2.78e+06 1.10424e+07 4.77488e+06 1.46133e+08 5.19047e+09 4.47865e+09 3.75807e+10 12615.3 5.27441 4.49142e+09 7.11683e+06 2.39655e+06 2.56695e+07 3.42538e+06 3.20665e+09 9.47789 10.6294 36.2872 0.0184417 0.000376895 -11.8716 0.338358 0.195809 0.777775 0.336319 10.2929 16.6061 14.2292 36.4724 0.0234193 0.000479013 13.2446 0.621923 0.361192 1.09686 0.35799 10.9507 1.41975e+07 inf 
1645 1.0421e+08 1.21074e+08 4.28636e+08 208015 4144.29 -1.4031e+08 3.69667e+06 2.1522e+06 8.91323e+06 3.92892e+06 1.22409e+08 3.28869e+09 3.08896e+09 2.87792e+10 8624.62 3.42677 3.40159e+09 4.44581e+06 1.51595e+06 1.7875e+07 2.55293e+06 2.477e+09 9.93906 11.5474 40.8811 0.0198394 0.000395262 -13.3821 0.352569 0.205266 0.850099 0.37472 11.6747 14.6586 12.6991 32.7651 0.0207116 0.000413033 12.056 0.547462 0.320077 0.991039 0.321046 9.99723 1.04849e+07 inf 
1655 7.3327e+07 8.75065e+07 3.17955e+08 148413 2883.89 -1.04405e+08 2.58406e+06 1.51331e+06 6.48367e+06 2.88579e+06 9.15015e+07 1.88705e+09 1.94149e+09 2.00324e+10 5339.15 2.01785 2.34191e+09 2.50346e+06 863775 1.1304e+07 1.72799e+06 1.73656e+09 10.4873 12.5153 45.4742 0.0212262 0.000412456 -14.932 0.369574 0.216435 0.9273 0.412727 13.0866 12.6453 11.0019 28.2337 0.0176934 0.000344202 10.5819 0.470598 0.276936 0.869954 0.277118 8.78091 6.99199e+06 inf 
1665 4.18885e+07 5.22443e+07 1.982e+08 87210 1653.87 -6.48882e+07 1.46054e+06 859764 3.87953e+06 1.77488e+06 5.72489e+07 8.07216e+08 9.52747e+08 1.12614e+10 2590.34 0.932958 1.28342e+09 1.03738e+06 361464 5.51192e+06 936167 9.73298e+08 9.55989 11.9233 45.2336 0.0199033 0.000377451 -14.8089 0.333329 0.196217 0.885394 0.405066 13.0655 9.635 8.67598 22.8913 0.0139654 0.000265429 8.57903 0.354464 0.209745 0.688492 0.222655 7.1709 4.38169e+06 inf 
1675 2.08826e+07 2.81125e+07 1.14987e+08 45695.6 845.636 -3.7188e+07 716487 423556 2.08005e+06 1.00991e+06 3.31405e+07 2.54562e+08 3.7674e+08 5.45172e+09 1006.45 0.345154 5.93533e+08 310547 109044 2.12924e+06 430816 4.63623e+08 7.29406 9.81939 40.1638 0.015961 0.000295371 -12.9893 0.250261 0.147943 0.726539 0.352749 11.5756 5.97598 5.93049 17.0614 0.00983808 0.000182522 6.21219 0.214103 0.127282 0.464606 0.161391 5.28614 2.86296e+06 inf 
1685 9.48066e+06 1.35599e+07 5.92429e+07 21058.4 380.397 -1.90049e+07 321370 190774 1.00247e+06 511323 1.70665e+07 7.96948e+07 1.40242e+08 2.39912e+09 350.485 0.114512 2.5373e+08 93775.4 33179.3 783318 181744 2.0236e+08 5.68458 8.13051 35.5219 0.0126265 0.000228085 -11.3953 0.192693 0.114387 0.601081 0.306588 10.233 3.93324 4.24074 13.2928 0.00712183 0.00012899 4.72052 0.138192 0.0825211 0.329206 0.12238 4.07673 1.66778e+06 inf 
1695 3.36854e+06 5.13437e+06 2.41323e+07 7418.88 130.948 -7.67016e+06 112956 67289.4 379065 204539 6.939e+06 2.0131e+07 4.10484e+07 8.2142e+08 91.5833 0.0285648 8.48417e+07 23038.1 8208.3 227656 59831.4 6.88281e+07 4.2041 6.40794 30.1183 0.00925912 0.000163429 -9.57273 0.140975 0.0839804 0.473092 0.255274 8.66021 2.72946 3.18883 10.8657 0.005345 9.45581e-05 3.77483 0.0942269 0.0564947 0.245581 0.0975066 3.30174 801251 inf 
1705 288275 428650 1.96637e+06 614.888 10.6664 -632505 9652.86 5776.77 31934.7 16634.8 571123 1.60084e+06 3.43117e+06 7.04345e+07 7.19324 0.00216446 7.32984e+06 1801.98 646.051 19125.9 5058.47 5.96315e+06 5.06243 7.52758 34.5316 0.0107981 0.000187314 -11.1075 0.169515 0.101447 0.560808 0.292125 10.0296 1.57617 1.89492 6.6693 0.00311801 5.40744e-05 2.31166 0.0539393 0.0324651 0.146171 0.0591215 2.03165 56944 inf 
1715 0 0 0 0 0 0 0 0 0 0 0 0 0 0 0 0 0 0 0 0 0 0 0.0 0.0 0.0 0.0 0.0 0.0 0.0 0.0 0.0 0.0 0.0 0.0 0.0 0.0 0.0 0.0 0.0 0.0 0.0 0.0 0.0 0.0 0 -nan 
1725 0 0 0 0 0 0 0 0 0 0 0 0 0 0 0 0 0 0 0 0 0 0 0.0 0.0 0.0 0.0 0.0 0.0 0.0 0.0 0.0 0.0 0.0 0.0 0.0 0.0 0.0 0.0 0.0 0.0 0.0 0.0 0.0 0.0 0 -nan 
1735 0 0 0 0 0 0 0 0 0 0 0 0 0 0 0 0 0 0 0 0 0 0 0.0 0.0 0.0 0.0 0.0 0.0 0.0 0.0 0.0 0.0 0.0 0.0 0.0 0.0 0.0 0.0 0.0 0.0 0.0 0.0 0.0 0.0 0 -nan 
1745 0 0 0 0 0 0 0 0 0 0 0 0 0 0 0 0 0 0 0 0 0 0 0.0 0.0 0.0 0.0 0.0 0.0 0.0 0.0 0.0 0.0 0.0 0.0 0.0 0.0 0.0 0.0 0.0 0.0 0.0 0.0 0.0 0.0 0 -nan 
1755 0 0 0 0 0 0 0 0 0 0 0 0 0 0 0 0 0 0 0 0 0 0 0.0 0.0 0.0 0.0 0.0 0.0 0.0 0.0 0.0 0.0 0.0 0.0 0.0 0.0 0.0 0.0 0.0 0.0 0.0 0.0 0.0 0.0 0 -nan 
1765 0 0 0 0 0 0 0 0 0 0 0 0 0 0 0 0 0 0 0 0 0 0 0.0 0.0 0.0 0.0 0.0 0.0 0.0 0.0 0.0 0.0 0.0 0.0 0.0 0.0 0.0 0.0 0.0 0.0 0.0 0.0 0.0 0.0 0 -nan 
1775 0 0 0 0 0 0 0 0 0 0 0 0 0 0 0 0 0 0 0 0 0 0 0.0 0.0 0.0 0.0 0.0 0.0 0.0 0.0 0.0 0.0 0.0 0.0 0.0 0.0 0.0 0.0 0.0 0.0 0.0 0.0 0.0 0.0 0 -nan 
1785 0 0 0 0 0 0 0 0 0 0 0 0 0 0 0 0 0 0 0 0 0 0 0.0 0.0 0.0 0.0 0.0 0.0 0.0 0.0 0.0 0.0 0.0 0.0 0.0 0.0 0.0 0.0 0.0 0.0 0.0 0.0 0.0 0.0 0 -nan 
1795 0 0 0 0 0 0 0 0 0 0 0 0 0 0 0 0 0 0 0 0 0 0 0.0 0.0 0.0 0.0 0.0 0.0 0.0 0.0 0.0 0.0 0.0 0.0 0.0 0.0 0.0 0.0 0.0 0.0 0.0 0.0 0.0 0.0 0 -nan 
1805 0 0 0 0 0 0 0 0 0 0 0 0 0 0 0 0 0 0 0 0 0 0 0.0 0.0 0.0 0.0 0.0 0.0 0.0 0.0 0.0 0.0 0.0 0.0 0.0 0.0 0.0 0.0 0.0 0.0 0.0 0.0 0.0 0.0 0 -nan 
1815 0 0 0 0 0 0 0 0 0 0 0 0 0 0 0 0 0 0 0 0 0 0 0.0 0.0 0.0 0.0 0.0 0.0 0.0 0.0 0.0 0.0 0.0 0.0 0.0 0.0 0.0 0.0 0.0 0.0 0.0 0.0 0.0 0.0 0 -nan 
1825 0 0 0 0 0 0 0 0 0 0 0 0 0 0 0 0 0 0 0 0 0 0 0.0 0.0 0.0 0.0 0.0 0.0 0.0 0.0 0.0 0.0 0.0 0.0 0.0 0.0 0.0 0.0 0.0 0.0 0.0 0.0 0.0 0.0 0 -nan 
1835 0 0 0 0 0 0 0 0 0 0 0 0 0 0 0 0 0 0 0 0 0 0 0.0 0.0 0.0 0.0 0.0 0.0 0.0 0.0 0.0 0.0 0.0 0.0 0.0 0.0 0.0 0.0 0.0 0.0 0.0 0.0 0.0 0.0 0 -nan 
1845 0 0 0 0 0 0 0 0 0 0 0 0 0 0 0 0 0 0 0 0 0 0 0.0 0.0 0.0 0.0 0.0 0.0 0.0 0.0 0.0 0.0 0.0 0.0 0.0 0.0 0.0 0.0 0.0 0.0 0.0 0.0 0.0 0.0 0 -nan 
1855 0 0 0 0 0 0 0 0 0 0 0 0 0 0 0 0 0 0 0 0 0 0 0.0 0.0 0.0 0.0 0.0 0.0 0.0 0.0 0.0 0.0 0.0 0.0 0.0 0.0 0.0 0.0 0.0 0.0 0.0 0.0 0.0 0.0 0 -nan 
1865 0 0 0 0 0 0 0 0 0 0 0 0 0 0 0 0 0 0 0 0 0 0 0.0 0.0 0.0 0.0 0.0 0.0 0.0 0.0 0.0 0.0 0.0 0.0 0.0 0.0 0.0 0.0 0.0 0.0 0.0 0.0 0.0 0.0 0 -nan 
1875 0 0 0 0 0 0 0 0 0 0 0 0 0 0 0 0 0 0 0 0 0 0 0.0 0.0 0.0 0.0 0.0 0.0 0.0 0.0 0.0 0.0 0.0 0.0 0.0 0.0 0.0 0.0 0.0 0.0 0.0 0.0 0.0 0.0 0 -nan 
1885 0 0 0 0 0 0 0 0 0 0 0 0 0 0 0 0 0 0 0 0 0 0 0.0 0.0 0.0 0.0 0.0 0.0 0.0 0.0 0.0 0.0 0.0 0.0 0.0 0.0 0.0 0.0 0.0 0.0 0.0 0.0 0.0 0.0 0 -nan 
1895 0 0 0 0 0 0 0 0 0 0 0 0 0 0 0 0 0 0 0 0 0 0 0.0 0.0 0.0 0.0 0.0 0.0 0.0 0.0 0.0 0.0 0.0 0.0 0.0 0.0 0.0 0.0 0.0 0.0 0.0 0.0 0.0 0.0 0 -nan 
