255 0 0 0 0 0 0 0 0 0 0 0 0 0 0 0 0 0 0 0 0 0 0 0 0 0.0 0.0 0.0 0.0 0.0 0.0 0.0 0.0 0.0 0.0 0.0 0.0 0.0 0.0 0.0 0.0 0.0 0.0 0.0 0.0 0.0 0.0 0.0 0.0 0 -nan 
265 0 0 0 0 0 0 0 0 0 0 0 0 0 0 0 0 0 0 0 0 0 0 0 0 0.0 0.0 0.0 0.0 0.0 0.0 0.0 0.0 0.0 0.0 0.0 0.0 0.0 0.0 0.0 0.0 0.0 0.0 0.0 0.0 0.0 0.0 0.0 0.0 0 -nan 
275 0 0 0 0 0 0 0 0 0 0 0 0 0 0 0 0 0 0 0 0 0 0 0 0 0.0 0.0 0.0 0.0 0.0 0.0 0.0 0.0 0.0 0.0 0.0 0.0 0.0 0.0 0.0 0.0 0.0 0.0 0.0 0.0 0.0 0.0 0.0 0.0 0 -nan 
285 0 0 0 0 0 0 0 0 0 0 0 0 0 0 0 0 0 0 0 0 0 0 0 0 0.0 0.0 0.0 0.0 0.0 0.0 0.0 0.0 0.0 0.0 0.0 0.0 0.0 0.0 0.0 0.0 0.0 0.0 0.0 0.0 0.0 0.0 0.0 0.0 0 -nan 
295 6.71578 1.28902e+09 -0.137642 22.4381 3191.92 -0.0170464 -3.47334e-08 0.000585549 6.15057e-05 0.000803402 4952.15 0.0427478 1.05423e-05 3.37067e+11 1.70875e-08 2.90844e-05 2.41348 8.21381e-10 4.65128e-21 9.63755e-14 3.54535e-15 1.87934e-12 6.4365 1.12658e-09 7.67529e-09 1.47318 -1.57308e-10 2.56439e-08 3.64796e-06 -1.94818e-11 -3.96959e-17 6.69208e-13 7.02932e-14 9.18187e-13 5.65968e-06 4.88554e-11 1.09497e-07 19.5718 4.41635e-09 1.80505e-07 5.23927e-05 9.68687e-10 2.30527e-15 1.04736e-11 2.0117e-12 4.63359e-11 8.55808e-05 1.13364e-09 8.74987e+08 inf 
305 116.331 6.38321e+10 -12.1981 119.291 55767.7 -3.43121 -1.12415e-05 0.0181014 0.00624095 0.195665 83843.1 10.2113 0.00273548 6.90617e+14 9.22001e-05 0.0014321 620.381 1.70133e-05 5.43206e-16 8.60922e-11 3.31301e-11 8.35276e-08 1604.12 5.51218e-05 6.42354e-06 3524.66 -6.73551e-07 6.58698e-06 0.00307936 -1.89463e-07 -6.20732e-13 9.99517e-10 3.44611e-10 1.08042e-08 0.00462962 5.63845e-07 1.04778e-05 5070.61 2.15346e-06 5.974e-06 0.0049773 9.50545e-07 5.44144e-12 1.93772e-09 1.3079e-09 6.70483e-08 0.00819404 1.65099e-06 1.81101e+07 inf 
315 268.456 2.42482e+11 -52.9692 183.014 127608 -21.31 -0.000173171 0.0464263 0.0378385 1.81862 215542 84.4868 0.0240694 1.48827e+16 0.00221394 0.00706464 5348.38 0.00068394 2.82466e-13 9.21492e-10 2.08002e-09 1.01777e-05 21380.3 0.0058294 3.73352e-05 33722.9 -7.36662e-06 2.54525e-05 0.0177469 -2.96366e-06 -2.40835e-11 6.45668e-09 5.26234e-09 2.52923e-07 0.0299762 1.17499e-05 4.41984e-05 30537.9 1.59259e-05 1.82942e-05 0.0207091 9.29165e-06 1.96732e-10 9.29875e-09 1.61735e-08 1.16253e-06 0.0455506 2.59356e-05 7.19043e+06 inf 
325 497.972 5.42983e+11 -137.832 287.832 234958 -69.3279 -0.00195733 0.0854678 0.159384 10.0623 521972 414.527 0.112312 1.09009e+17 0.0188282 0.0253555 24665.9 0.00824143 4.00199e-11 4.32098e-09 5.22746e-08 0.000390063 193557 0.197385 0.000103161 112486 -2.85538e-05 5.96282e-05 0.0486746 -1.43622e-05 -4.05487e-10 1.77058e-08 3.30185e-08 2.08453e-06 0.108133 8.58746e-05 0.000112359 99646.9 5.55444e-05 4.11972e-05 0.0523512 3.87434e-05 2.85065e-09 2.41175e-08 9.86871e-08 8.74423e-06 0.168538 0.000183075 4.82712e+06 inf 
335 853.583 1.00797e+12 -299.293 452.472 401181 -177.267 -0.0146294 0.141714 0.552121 42.3308 1.18462e+06 1568.12 0.406263 5.08077e+17 0.104446 0.0802456 88784.5 0.0595983 2.07529e-09 1.48145e-08 7.20107e-07 0.00724852 1.2518e+06 3.32661 0.000228955 270365 -8.02787e-05 0.000121366 0.107608 -4.7548e-05 -3.924e-09 3.80117e-08 1.48094e-07 1.13543e-05 0.317747 0.000420612 0.000237804 251363 0.000146869 8.24286e-05 0.110612 0.000117154 2.32648e-08 5.0287e-08 4.13788e-07 4.26067e-05 0.484567 0.000845799 3.72818e+06 inf 
345 1397.96 1.71398e+12 -592.395 706.798 656522 -400.065 -0.0800822 0.223553 1.63709 145.808 2.47054e+06 4903.79 1.27275 1.85857e+18 0.461509 0.235469 278450 0.326666 5.37139e-08 4.3407e-08 6.57578e-06 0.0840571 6.0927e+06 34.6966 0.000453915 556528 -0.00019235 0.000229497 0.213172 -0.000129901 -2.60026e-08 7.25875e-08 5.31562e-07 4.73437e-05 0.802184 0.00159226 0.000455215 541989 0.000335936 0.000154233 0.212061 0.000298653 1.29479e-07 9.39429e-08 1.3611e-06 0.000158278 1.15533 0.00295477 3.07978e+06 inf 
355 2215.64 2.76687e+12 -1104.82 1095.44 1.04261e+06 -832.297 -0.341744 0.342527 4.25133 427.707 4.70968e+06 13109.4 3.59938 5.77398e+18 1.7514 0.652502 792617 1.48166 8.20835e-07 1.15234e-07 4.41085e-05 0.685015 2.3422e+07 252.647 0.000834589 1.04223e+06 -0.000416162 0.000412631 0.39273 -0.00031351 -1.28728e-07 1.29023e-07 1.60139e-06 0.000161109 1.77404 0.00493806 0.000811958 1.04341e+06 0.000697515 0.00027481 0.379903 0.000678103 5.40945e-07 1.63583e-07 3.74838e-06 0.000481742 2.3823 0.00841323 2.65477e+06 inf 
365 3423.45 4.306e+12 -1979.62 1683.39 1.61836e+06 -1638.43 -1.20977 0.515493 9.97648 1112.82 8.3106e+06 31028 9.43934 1.59306e+19 6.01318 1.72973 2.10355e+06 5.92407 8.71322e-06 2.87839e-07 0.00023893 4.37008 7.54477e+07 1422.45 0.00145266 1.82714e+06 -0.000840004 0.000714303 0.686712 -0.000695225 -5.13335e-07 2.18736e-07 4.23327e-06 0.000472197 3.52639 0.013166 0.00137664 1.84967e+06 0.00135865 0.000473012 0.648857 0.00142492 1.85303e-06 2.72565e-07 9.13583e-06 0.00127725 4.4248 0.0207422 2.35668e+06 inf 
375 5152.15 6.46905e+12 -3415.58 2553.49 2.45193e+06 -3063.83 -3.65161 0.761731 21.4173 2605.63 1.36755e+07 66198.5 23.0752 3.9582e+19 18.7851 4.38784 5.22229e+06 21.0289 6.83787e-05 6.79475e-07 0.00107418 22.5046 2.08742e+08 6441.92 0.00241946 3.03788e+06 -0.00160396 0.00119912 1.15143 -0.00143878 -1.7148e-06 3.5771e-07 1.00576e-05 0.00122361 6.42202 0.031087 0.00223212 3.05926e+06 0.00249977 0.000789078 1.06142 0.00279377 5.40095e-06 4.3718e-07 2.00819e-05 0.00301181 7.53548 0.0453733 2.12946e+06 inf 
385 7592.86 9.44563e+12 -5740.62 3833.58 3.64365e+06 -5525.28 -9.80789 1.11383 43.0513 5644.04 2.12881e+07 130316 53.4929 9.08534e+19 55.2776 10.7544 1.23344e+07 69.0359 0.000431367 1.55441e-06 0.00424662 99.5777 5.15888e+08 24900.1 0.00388395 4.83169e+06 -0.00293648 0.00196098 1.86383 -0.00282633 -5.017e-06 5.69755e-07 2.20219e-05 0.00288708 10.8894 0.0666599 0.00350399 4.80923e+06 0.00443317 0.00128674 1.6839 0.00522738 1.39816e-05 6.85932e-07 4.10767e-05 0.00652698 12.0545 0.0910689 1.95493e+06 inf 
395 10958.6 1.34001e+13 -9374.14 5694.39 5.30925e+06 -9572.66 -23.6102 1.60854 81.2755 11329.8 3.15502e+07 238822 117.29 1.92638e+20 150.99 25.4263 2.75892e+07 205.956 0.00220673 3.40897e-06 0.0147047 376.768 1.14611e+09 82782.6 0.00602719 7.36998e+06 -0.00515573 0.00313189 2.92006 -0.00526492 -1.29855e-05 8.84692e-07 4.47012e-05 0.00623135 17.3525 0.131351 0.00530867 7.18564e+06 0.00751414 0.00204343 2.57821 0.00924963 3.23275e-05 1.0451e-06 7.80343e-05 0.0129766 18.1451 0.168158 1.8182e+06 inf 
405 15482.9 1.84838e+13 -14934.7 8350.64 7.57931e+06 -16038.8 -52.1858 2.2977 145.906 21398.5 4.47931e+07 411996 245.254 3.82685e+20 391.06 58.2183 5.89387e+07 573.477 0.00968212 7.27476e-06 0.0462557 1271.11 2.34172e+09 244965 0.00908238 1.08428e+07 -0.00876078 0.00489855 4.44608 -0.00940847 -3.06126e-05 1.34785e-06 8.55899e-05 0.0125525 26.276 0.24168 0.00783443 1.03402e+07 0.0123551 0.00318678 3.84789 0.0157444 6.88656e-05 1.56548e-06 0.000140742 0.0242503 26.139 0.292042 1.70472e+06 inf 
415 21520.3 2.49417e+13 -23320.5 12125 1.06445e+07 -26131.9 -107.606 3.25802 251.523 38438.9 6.1493e+07 676669 492.823 7.20921e+20 968.406 129.555 1.20932e+08 1506.95 0.0377059 1.51871e-05 0.134767 3911.09 4.46732e+09 657815 0.0133523 1.54752e+07 -0.0144693 0.00752298 6.6044 -0.0162136 -6.67642e-05 2.02145e-06 0.000156058 0.0238495 38.1534 0.41984 0.0112911 1.44158e+07 0.0197861 0.00487725 5.60487 0.025925 0.000137613 2.31011e-06 0.000243438 0.0431027 36.2777 0.481535 1.61173e+06 inf 
425 29405.7 3.29104e+13 -35650.5 17429.5 1.46982e+07 -41339.5 -208.122 4.58052 417.4 65812.7 8.18657e+07 1.06298e+06 951.075 1.28829e+21 2284 280.682 2.38305e+08 3717.2 0.130755 3.09188e-05 0.363966 10969.6 7.99777e+09 1.61525e+06 0.0191813 2.14674e+07 -0.0232548 0.0113692 9.58763 -0.0269657 -0.000135758 2.98787e-06 0.000272269 0.0429295 53.4009 0.693382 0.0158891 1.94807e+07 0.0308069 0.00733685 7.97017 0.0412016 0.000258575 3.35275e-06 0.000404084 0.0728868 48.6342 0.756868 1.53304e+06 inf 
435 39462.1 4.24752e+13 -53334.5 24756.8 1.99242e+07 -63549.1 -380.658 6.37603 669.152 107912 1.0592e+08 1.60287e+06 1766.34 2.19709e+21 5146.97 591.006 4.51287e+08 8653.48 0.409473 6.14596e-05 0.919756 28357.4 1.3547e+10 3.66525e+06 0.0269048 2.89591e+07 -0.0363629 0.0168789 13.5841 -0.0433271 -0.000259528 4.3471e-06 0.00045622 0.073573 72.2148 1.09282 0.0219181 2.56772e+07 0.0467642 0.0108648 11.0975 0.063424 0.000460238 4.79637e-06 0.000647258 0.117986 63.4131 1.14222 1.46673e+06 inf 
445 52145.8 5.37924e+13 -78292.6 34811.7 2.65845e+07 -95213.9 -663.798 8.80576 1042.02 170432 1.33885e+08 2.33509e+06 3168.37 3.59327e+21 11156.6 1214.42 8.24849e+08 19162.8 1.1821 0.000119873 2.20207 68511.8 2.18884e+10 7.7704e+06 0.037044 3.82138e+07 -0.0556185 0.02473 18.8855 -0.0676393 -0.000471557 6.25555e-06 0.000740246 0.121074 95.1113 1.65883 0.02964 3.30507e+07 0.0695137 0.0158475 15.1428 0.0950687 0.000785742 6.78418e-06 0.00100815 0.184422 80.6424 1.66383 1.40767e+06 inf 
455 68114.4 6.71842e+13 -113291 48586.1 3.50278e+07 -139805 -1114.67 12.1108 1587.34 261339 1.66284e+08 3.309e+06 5529.14 5.69072e+21 23354.3 2444.35 1.46299e+09 40552.8 3.16883 0.000230148 5.02813 155756 3.40669e+10 1.55633e+07 0.0501277 4.94431e+07 -0.0833747 0.0357561 25.7782 -0.102887 -0.000820326 8.91278e-06 0.00116818 0.192328 122.374 2.43521 0.0394499 4.17537e+07 0.101173 0.0228118 20.3014 0.138775 0.00128807 9.48348e-06 0.00152831 0.278632 100.477 2.35018 1.35882e+06 inf 
465 87424.5 8.22603e+13 -160432 66956.9 4.53325e+07 -199799 -1795.06 16.4631 2351.87 386987 2.02072e+08 4.54434e+06 9312.7 8.66127e+21 46944.3 4790.43 2.50355e+09 81679.5 7.90561 0.000431807 10.9215 332941 5.08806e+10 2.93824e+07 0.0664848 6.25575e+07 -0.122006 0.0509196 34.4746 -0.151944 -0.00136511 1.25199e-05 0.00178855 0.294297 153.672 3.45589 0.0515938 5.1704e+07 0.144274 0.0324074 26.7472 0.197557 0.0020368 1.31009e-05 0.00225981 0.408149 122.796 3.22516 1.31496e+06 inf 
475 110847 9.93401e+13 -223584 91570.5 5.79055e+07 -279408 -2794.98 22.2473 3413.59 557184 2.41831e+08 6.09101e+06 15245.5 1.27766e+22 91038.9 9198.44 4.15437e+09 157149 18.4969 0.000796268 22.7301 673113 7.35005e+10 5.27343e+07 0.0867347 7.77308e+07 -0.174948 0.0716514 45.3094 -0.218629 -0.00218699 1.74079e-05 0.00267104 0.435981 189.226 4.76604 0.0663798 6.28908e+07 0.201565 0.0454269 34.6083 0.274165 0.00311294 1.78892e-05 0.00326363 0.580184 147.328 4.30674 1.278e+06 inf 
485 139148 1.1865e+14 -307537 124293 7.31666e+07 -384330 -4244.23 29.9066 4877.1 785544 2.85936e+08 8.0055e+06 24409 1.8399e+22 171819 17348.7 6.73399e+09 292687 41.36 0.00144872 45.866 1.30814e+06 1.03593e+11 9.1054e+07 0.111566 9.51308e+07 -0.246576 0.0996554 58.6634 -0.308147 -0.00340293 2.39785e-05 0.00391035 0.629832 229.257 6.41863 0.0844022 7.55118e+07 0.277419 0.0630759 44.2468 0.373786 0.0046456 2.42195e-05 0.00463503 0.807558 174.641 5.6397 1.24723e+06 inf 
495 172183 1.3962e+14 -415735 166981 9.10806e+07 -517253 -6254.62 39.8691 6831.96 1.07906e+06 3.33018e+08 1.02824e+07 37966.6 2.57302e+22 313795 32002.2 1.05888e+10 523555 87.7134 0.00259191 89.2654 2.42574e+06 1.41793e+11 1.5041e+08 0.141126 1.14436e+08 -0.340747 0.136862 74.652 -0.423954 -0.00512645 3.26778e-05 0.00559965 0.884425 272.95 8.42772 0.105839 8.94068e+07 0.375614 0.086595 55.731 0.499382 0.00675364 3.25047e-05 0.00646592 1.09818 204.244 7.22864 1.22007e+06 inf 
505 210950 1.62608e+14 -554161 222647 1.12131e+08 -684045 -9000.1 52.838 9424.82 1.45175e+06 3.83727e+08 1.2974e+07 57718.1 3.51503e+22 555620 57952.5 1.624e+10 902286 177.338 0.00456457 168.114 4.31026e+06 1.896e+11 2.39422e+08 0.176316 1.35911e+08 -0.463178 0.186092 93.7211 -0.571738 -0.00752245 4.4163e-05 0.00787744 1.2134 320.726 10.8439 0.130976 1.04439e+08 0.499864 0.117505 69.2103 0.653654 0.00957264 4.31832e-05 0.00885772 1.45954 235.81 9.08425 1.19643e+06 inf 
515 255802 1.87406e+14 -728174 294542 1.36588e+08 -889644 -12677.5 69.5276 12813.9 1.91626e+06 4.37717e+08 1.61048e+07 85824.4 4.69702e+22 956423 103132 2.43485e+10 1.50569e+06 344.818 0.007916 307.88 7.38887e+06 2.48285e+11 3.68846e+08 0.218072 1.59764e+08 -0.62077 0.251097 116.442 -0.758423 -0.0108076 5.92724e-05 0.0109239 1.63361 373.154 13.7294 0.160032 1.20489e+08 0.655742 0.157703 84.8435 0.841664 0.0133099 5.68788e-05 0.011964 1.90534 269.109 11.2226 1.17302e+06 inf 
525 306723 2.13669e+14 -943270 386522 1.64437e+08 -1.13743e+06 -17479.3 90.9073 17174.7 2.4811e+06 4.94134e+08 1.96608e+07 124686 6.14103e+22 1.60307e+06 180253 3.56373e+10 2.43576e+06 646.243 0.0135487 549.477 1.22416e+07 3.18438e+11 5.5019e+08 0.265866 1.85207e+08 -0.817624 0.335036 142.533 -0.985919 -0.015151 7.87981e-05 0.014887 2.15061 428.313 17.0419 0.193371 1.37581e+08 0.849135 0.209747 102.833 1.06737 0.0181827 7.43962e-05 0.0159582 2.44661 304.251 13.6556 1.15367e+06 inf 
535 364692 2.41689e+14 -1.20683e+06 503604 1.96135e+08 -1.43401e+06 -23686.9 118.196 22752.1 3.16279e+06 5.53513e+08 2.36877e+07 177810 7.89123e+22 2.61439e+06 309916 5.11123e+10 3.82274e+06 1168 0.022857 955.567 1.9621e+07 4.01649e+11 7.98562e+08 0.320481 2.12389e+08 -1.06053 0.442553 172.358 -1.26016 -0.0208154 0.000103868 0.0199939 2.77937 486.412 20.8161 0.231401 1.55681e+08 1.08293 0.276572 123.324 1.3309 0.0243542 9.64244e-05 0.0209754 3.08505 341.117 16.3842 1.13795e+06 inf 
545 430330 2.71475e+14 -1.52701e+06 652399 2.32068e+08 -1.78553e+06 -31622.1 153.024 29848.1 3.97709e+06 6.16035e+08 2.8215e+07 249193 9.98208e+22 4.16734e+06 525563 7.19911e+10 5.84857e+06 2049.09 0.0381647 1628.35 3.05944e+07 4.99346e+11 1.13166e+09 0.383148 2.4171e+08 -1.35958 0.580868 206.624 -1.58976 -0.028155 0.000136246 0.0265755 3.54103 548.492 25.1215 0.273987 1.74506e+08 1.36454 0.361291 146.303 1.63707 0.0321203 0.000124167 0.0272683 3.8342 379.147 19.4034 1.12314e+06 inf 
555 501832 3.01593e+14 -1.90076e+06 836802 2.71273e+08 -2.18587e+06 -41423.5 196.208 38591.6 4.91254e+06 6.78569e+08 3.31012e+07 341816 1.23826e+23 6.45925e+06 874292 9.91575e+10 8.69486e+06 3484.61 0.0626679 2708.17 4.63088e+07 6.09511e+11 1.56061e+09 0.451902 2.71586e+08 -1.71164 0.753545 244.282 -1.96839 -0.0373021 0.000176686 0.034752 4.42376 611.055 29.8078 0.321856 1.94286e+08 1.69908 0.468481 172.099 1.98877 0.0417907 0.000158792 0.0350859 4.70443 418.904 22.7339 1.11049e+06 inf 
565 582835 3.34039e+14 -2.34854e+06 1.07108e+06 3.15734e+08 -2.65383e+06 -53688.2 251.501 49618.3 6.01092e+06 7.45684e+08 3.85724e+07 462227 1.51766e+23 9.80342e+06 1.4409e+06 1.34649e+11 1.26321e+07 5767.35 0.102171 4425.94 6.83542e+07 7.36484e+11 2.11197e+09 0.528763 3.03048e+08 -2.13065 0.971706 286.442 -2.40762 -0.0487072 0.000228168 0.0450149 5.45326 676.503 34.9939 0.373836 2.14121e+08 2.08668 0.602498 200.271 2.37982 0.0534779 0.000201573 0.044598 5.68107 458.803 26.2956 1.10226e+06 inf 
575 669354 3.66174e+14 -2.85528e+06 1.35652e+06 3.63167e+08 -3.17242e+06 -68448.1 319.19 62952.1 7.23948e+06 8.11396e+08 4.43267e+07 613440 1.82945e+23 1.44932e+07 2.33163e+06 1.79205e+11 1.78985e+07 9301.02 0.164028 7083.47 9.83874e+07 8.75902e+11 2.7918e+09 0.613076 3.35387e+08 -2.61522 1.24246 332.633 -2.90569 -0.0626932 0.000292353 0.0576592 6.63081 743.176 40.5999 0.431279 2.34689e+08 2.53678 0.769332 231.287 2.81968 0.0677391 0.000254492 0.0562434 6.79321 499.947 30.1451 1.0918e+06 inf 
585 765853 4.00364e+14 -3.44219e+06 1.71322e+06 4.15961e+08 -3.76282e+06 -86468.2 404.391 79426.8 8.64646e+06 8.81055e+08 5.06327e+07 804350 2.18417e+23 2.10024e+07 3.73359e+06 2.35446e+11 2.48797e+07 14682.2 0.261261 11172.1 1.38811e+08 1.03284e+12 3.6319e+09 0.705066 3.68587e+08 -3.16898 1.57724 382.946 -3.46416 -0.0796051 0.000372294 0.0731226 7.96018 811.125 46.6139 0.493345 2.55392e+08 3.04845 0.974451 264.784 3.3022 0.0847344 0.000319251 0.0702738 8.02679 541.236 34.2166 1.08621e+06 inf 
595 869400 4.34765e+14 -4.09869e+06 2.15005e+06 4.72761e+08 -4.41488e+06 -107967 509.472 99350.3 1.02124e+07 9.50976e+08 5.73018e+07 1.03878e+06 2.57464e+23 2.97351e+07 5.9054e+06 3.04718e+11 3.38624e+07 22650.2 0.411728 17325.4 1.91628e+08 1.20435e+12 4.64176e+09 0.804997 4.02559e+08 -3.79507 1.99078 437.74 -4.08784 -0.0999693 0.000471731 0.0919907 9.45593 880.53 53.057 0.560191 2.76294e+08 3.62351 1.22667 300.88 3.82668 0.104778 0.000398368 0.0870614 9.38181 582.926 38.508 1.08e+06 inf 
605 980528 4.69685e+14 -4.82522e+06 2.68084e+06 5.33375e+08 -5.12933e+06 -133343 638.881 123294 1.19401e+07 1.02133e+09 6.43e+07 1.32366e+06 3.00308e+23 4.12267e+07 9.21521e+06 3.88542e+11 4.52625e+07 34292.2 0.642902 26486 2.59794e+08 1.39019e+12 5.83424e+09 0.913038 4.37357e+08 -4.4931 2.49631 496.663 -4.77628 -0.124165 0.000594907 0.114808 11.1183 951.03 59.8742 0.631598 2.97249e+08 4.26628 1.53276 339.3 4.39707 0.12851 0.000494709 0.107155 10.8764 624.539 42.9854 1.07392e+06 inf 
615 1.09882e+06 5.04687e+14 -5.60921e+06 3.32716e+06 5.98093e+08 -5.90166e+06 -162987 797.281 151848 1.38206e+07 1.09195e+09 7.16196e+07 1.66316e+06 3.46151e+23 5.58093e+07 1.42302e+07 4.8886e+11 5.93166e+07 50850.7 0.993969 39879.1 3.45127e+08 1.58849e+12 7.21991e+09 1.02612 4.71296e+08 -5.23809 3.10703 558.523 -5.51119 -0.152203 0.000744531 0.141801 12.9062 1019.71 66.8811 0.707249 3.18008e+08 4.96782 1.90658 380.222 5.00188 0.15595 0.000611457 0.130893 12.4789 666.024 47.6356 1.07085e+06 inf 
625 1.22632e+06 5.40795e+14 -6.45515e+06 4.111e+06 6.67521e+08 -6.7447e+06 -197661 991.96 185997 1.58855e+07 1.16448e+09 7.93389e+07 2.06841e+06 3.96075e+23 7.38996e+07 2.17327e+07 6.0808e+11 7.64924e+07 74006.8 1.52281 59211.7 4.50848e+08 1.80251e+12 8.82174e+09 1.14703 5.05828e+08 -6.03777 3.84519 624.36 -6.3086 -0.18488 0.000927821 0.173971 14.8584 1089.18 74.2089 0.786764 3.38531e+08 5.71548 2.35414 423.009 5.63454 0.187192 0.000750661 0.158484 14.1748 706.853 52.3867 1.06913e+06 inf 
635 1.35905e+06 5.76147e+14 -7.32734e+06 5.04899e+06 7.39712e+08 -7.63474e+06 -237264 1227.73 226057 1.80811e+07 1.23525e+09 8.71941e+07 2.53874e+06 4.48453e+23 9.56556e+07 3.28097e+07 7.46273e+11 9.70374e+07 105912 2.31339 86803.9 5.79408e+08 2.02547e+12 1.06229e+10 1.27404 5.40106e+08 -6.86898 4.73315 693.44 -7.15715 -0.222422 0.00115093 0.211916 16.95 1157.98 81.7397 0.869918 3.58727e+08 6.51836 2.89044 467.687 6.30417 0.223193 0.000918722 0.190959 15.9956 746.887 57.2452 1.06673e+06 inf 
645 1.50002e+06 6.11996e+14 -8.22223e+06 6.17341e+06 8.1605e+08 -8.58965e+06 -282937 1514.37 273391 2.04545e+07 1.30671e+09 9.53449e+07 3.08875e+06 5.04546e+23 1.2126e+08 4.90627e+07 9.07252e+11 1.21573e+08 149530 3.48994 125974 7.35269e+08 2.2625e+12 1.26602e+10 1.40624 5.73734e+08 -7.70819 5.78745 765.032 -8.05263 -0.265248 0.00141969 0.256299 19.1757 1225.02 89.384 0.958195 3.79251e+08 7.36633 3.53564 515.032 7.0091 0.264245 0.00112081 0.22893 17.933 787.646 62.2828 1.06669e+06 inf 
655 1.6509e+06 6.48926e+14 -9.11717e+06 7.53303e+06 8.97761e+08 -9.61429e+06 -335424 1864.89 329395 2.30151e+07 1.38053e+09 1.03901e+08 3.72552e+06 5.64051e+23 1.49946e+08 7.28513e+07 1.09359e+12 1.50237e+08 207943 5.22788 180803 9.19945e+08 2.51349e+12 1.49431e+10 1.54399 6.06904e+08 -8.52678 7.04522 839.625 -8.9917 -0.313703 0.00174413 0.308065 21.5248 1291.13 97.1725 1.04898 3.9899e+08 8.21767 4.301 563.742 7.72385 0.309949 0.00135918 0.27238 19.9263 826.865 67.3275 1.06924e+06 inf 
665 1.80731e+06 6.85285e+14 -9.96185e+06 9.1394e+06 9.8193e+08 -1.06845e+07 -394374 2286.66 394409 2.57042e+07 1.45273e+09 1.12528e+08 4.44708e+06 6.25776e+23 1.8113e+08 1.06999e+08 1.30336e+12 1.83325e+08 284987 7.7799 256776 1.13596e+09 2.77146e+12 1.74323e+10 1.68719 6.39738e+08 -9.29975 8.53196 916.667 -9.97441 -0.368162 0.00213468 0.368195 23.9958 1356.17 105.049 1.14232 4.18234e+08 9.08881 5.20514 613.562 8.4647 0.361251 0.00164498 0.322711 22.015 864.901 72.3773 1.0712e+06 inf 
675 1.96841e+06 7.20796e+14 -1.07007e+07 1.10364e+07 1.06847e+09 -1.17942e+07 -460224 2792.18 469486 2.85075e+07 1.52315e+09 1.21189e+08 5.25667e+06 6.88992e+23 2.12775e+08 1.55658e+08 1.5381e+12 2.20907e+08 385407 11.4801 360726 1.3851e+09 3.03446e+12 2.0123e+10 1.83298 6.71203e+08 -9.96442 10.277 994.952 -10.9827 -0.428559 0.00260007 0.437184 26.5461 1418.35 112.851 1.23903 4.3712e+08 9.94212 6.27146 665.089 9.22432 0.418601 0.00198238 0.380496 24.189 902.197 77.4795 1.07389e+06 inf 
685 2.13554e+06 7.55889e+14 -1.12888e+07 1.32681e+07 1.15768e+09 -1.29458e+07 -533744 3397.25 556150 3.14383e+07 1.59237e+09 1.29915e+08 6.16522e+06 7.54218e+23 2.42664e+08 2.245e+08 1.79982e+12 2.63161e+08 514519 16.824 501800 1.66911e+09 3.30377e+12 2.302e+10 1.97833 7.00246e+08 -10.4578 12.2914 1072.46 -11.9928 -0.494453 0.00314716 0.515209 29.124 1475.15 120.352 1.34074 4.56457e+08 10.7441 7.54283 719.138 9.99808 0.48183 0.00238346 0.446564 26.4203 940.482 82.71 1.07946e+06 inf 
695 2.31207e+06 7.91855e+14 -1.16707e+07 1.59133e+07 1.25154e+09 -1.41572e+07 -615977 4125.62 656608 3.4529e+07 1.66331e+09 1.3891e+08 7.1823e+06 8.2182e+23 2.68347e+08 3.21407e+08 2.09117e+12 3.10596e+08 679311 24.512 692279 1.99186e+09 3.58155e+12 2.61349e+10 2.12882 7.29095e+08 -10.7457 14.6521 1152.35 -13.0352 -0.567157 0.00379863 0.604567 31.7924 1531.48 127.9 1.44263 4.74453e+08 11.472 9.01385 772.998 10.7733 0.551184 0.00285301 0.52145 28.6921 975.834 87.7784 1.08608e+06 inf 
705 2.49546e+06 8.2768e+14 -1.17873e+07 1.90163e+07 1.34841e+09 -1.5426e+07 -707935 5000.26 772894 3.7786e+07 1.73362e+09 1.47988e+08 8.32071e+06 8.92177e+23 2.87644e+08 4.57163e+08 2.41478e+12 3.6417e+08 889587 35.6096 949950 2.36069e+09 3.86857e+12 2.94806e+10 2.28543 7.58019e+08 -10.7952 17.4158 1234.92 -14.1277 -0.648352 0.00457941 0.707844 34.6058 1587.72 135.533 1.54829 4.92437e+08 12.1201 10.7413 828.555 11.5728 0.627977 0.00341197 0.607417 31.0556 1011.01 92.8993 1.0919e+06 inf 
715 2.68366e+06 8.62728e+14 -1.14924e+07 2.26365e+07 1.44738e+09 -1.67198e+07 -808286 6037.43 905067 4.11145e+07 1.80226e+09 1.57012e+08 9.56164e+06 9.62383e+23 2.94791e+08 6.44637e+08 2.76534e+12 4.22252e+08 1.15012e+06 51.2909 1.28952e+06 2.76553e+09 4.15325e+12 3.29573e+10 2.4441 7.85715e+08 -10.4665 20.6159 1318.18 -15.2273 -0.736134 0.00549849 0.824275 37.4443 1641.38 142.996 1.65362 5.09045e+08 12.6067 12.731 883.681 12.3567 0.711025 0.00405942 0.703549 33.4153 1043.25 97.8127 1.09802e+06 inf 
725 2.8845e+06 8.99566e+14 -1.07361e+07 2.69059e+07 1.55222e+09 -1.80927e+07 -919882 7285.04 1.05786e+06 4.46417e+07 1.87432e+09 1.66393e+08 1.09403e+07 1.0355e+24 2.89218e+08 9.03264e+08 3.15092e+12 4.86569e+08 1.47291e+06 73.5636 1.73896e+06 3.21662e+09 4.44765e+12 3.66464e+10 2.59601 8.09595e+08 -9.66231 24.2149 1396.98 -16.2831 -0.827879 0.00655642 0.952058 40.1768 1686.86 149.751 1.76264 5.2582e+08 12.9202 15.052 940.338 13.144 0.800135 0.00481866 0.811555 35.7872 1075.79 102.741 1.11113e+06 inf 
735 3.0772e+06 9.31468e+14 -9.32209e+06 3.17197e+07 1.65178e+09 -1.94159e+07 -1.03762e+06 8726.61 1.22652e+06 4.80707e+07 1.93583e+09 1.74911e+08 1.23966e+07 1.10474e+24 2.68226e+08 1.25168e+09 3.55371e+12 5.54675e+08 1.86439e+06 104.594 2.32139e+06 3.70133e+09 4.72281e+12 4.03134e+10 2.75245 8.33167e+08 -8.33831 28.3723 1477.47 -17.3669 -0.928121 0.00780566 1.09708 42.9977 1731.54 156.452 1.87412 5.42203e+08 13.0534 17.7369 997.883 13.9474 0.897902 0.00571204 0.934254 38.2351 1107.33 107.619 1.11798e+06 inf 
745 3.28337e+06 9.65204e+14 -7.18644e+06 3.7363e+07 1.75751e+09 -2.08229e+07 -1.16843e+06 10452 1.42079e+06 5.1718e+07 2.00087e+09 1.83781e+08 1.40142e+07 1.17714e+24 2.35604e+08 1.72709e+09 3.99613e+12 6.29647e+08 2.34508e+06 148.231 3.08443e+06 4.2392e+09 5.00876e+12 4.41907e+10 2.9074 8.54682e+08 -6.36355 33.0847 1556.26 -18.4386 -1.03464 0.00925517 1.2581 45.7959 1771.76 162.737 1.98909 5.58453e+08 12.9666 20.8501 1056.7 14.7502 1.00303 0.00675274 1.07164 40.7004 1138.46 112.46 1.12931e+06 inf 
755 3.51158e+06 1.00295e+15 -4.19463e+06 4.40575e+07 1.87391e+09 -2.2373e+07 -1.31692e+06 12543.2 1.64843e+06 5.57413e+07 2.07392e+09 1.93443e+08 1.58481e+07 1.25607e+24 2.00152e+08 2.37805e+09 4.49291e+12 7.14261e+08 2.94065e+06 210.027 4.0926e+06 4.84964e+09 5.3198e+12 4.84069e+10 3.06783 8.76206e+08 -3.66456 38.4901 1637.11 -19.5458 -1.1505 0.0109581 1.44012 48.6975 1811.84 168.998 2.10566 5.74117e+08 12.7055 24.4143 1115.81 15.5552 1.11597 0.00796278 1.22535 43.1898 1168.24 117.173 1.14465e+06 inf 
765 3.73107e+06 1.0358e+15 -45870.7 5.1566e+07 1.98426e+09 -2.38463e+07 -1.46925e+06 14942.9 1.89586e+06 5.95547e+07 2.13657e+09 2.02111e+08 1.77345e+07 1.32744e+24 1.76207e+08 3.23412e+09 4.99502e+12 7.99792e+08 3.62616e+06 294.062 5.35295e+06 5.46982e+09 5.59583e+12 5.23896e+10 3.22498 8.95305e+08 -0.0396487 44.5715 1715.11 -20.6117 -1.26996 0.012916 1.6387 51.4766 1846.76 174.696 2.22001 5.88058e+08 12.3412 28.4397 1172.98 16.3237 1.23349 0.00934618 1.39338 45.5856 1194.26 121.51 1.15693e+06 inf 
775 3.95426e+06 1.06756e+15 5.31449e+06 6.01158e+07 2.09525e+09 -2.53548e+07 -1.63338e+06 17756.2 2.17376e+06 6.34636e+07 2.19664e+09 2.10506e+08 1.97681e+07 1.39865e+24 1.96411e+08 4.36892e+09 5.52903e+12 8.92768e+08 4.45198e+06 410.337 6.97496e+06 6.1501e+09 5.86819e+12 5.64215e+10 3.37859 9.12145e+08 4.5408 51.364 1790.22 -21.6636 -1.39559 0.0151712 1.8573 54.2245 1876.85 179.86 2.33995 6.02516e+08 12.1325 33.085 1232.56 17.1314 1.36242 0.0109742 1.58429 48.1089 1221.2 125.928 1.17039e+06 inf 
785 4.19266e+06 1.1008e+15 1.21735e+07 7.00008e+07 2.21264e+09 -2.69482e+07 -1.81361e+06 21080.6 2.49007e+06 6.761e+07 2.25932e+09 2.19157e+08 2.20161e+07 1.47273e+24 3.1046e+08 5.87854e+09 6.11015e+12 9.93869e+08 5.43516e+06 570.496 9.04832e+06 6.89358e+09 6.14911e+12 6.06093e+10 3.53396 9.2785e+08 10.2609 59.0031 1865.01 -22.7144 -1.52868 0.0177687 2.09886 56.9879 1904.36 184.726 2.4634 6.16802e+08 12.5059 38.3876 1293.02 17.9382 1.49813 0.0128507 1.79487 50.6253 1247.58 130.244 1.18639e+06 inf 
795 4.44114e+06 1.13406e+15 2.07689e+07 8.13139e+07 2.33358e+09 -2.8596e+07 -2.00792e+06 24982.2 2.84588e+06 7.19014e+07 2.32168e+09 2.27744e+08 2.44546e+07 1.54696e+24 5.92376e+08 7.86616e+09 6.73e+12 1.10257e+09 6.59706e+06 789.978 1.16824e+07 7.69746e+09 6.42731e+12 6.48293e+10 3.6958 9.43732e+08 17.2833 67.6672 1941.94 -23.7968 -1.67094 0.0207895 2.36827 59.8344 1932.04 189.523 2.58679 6.29845e+08 13.9372 44.3526 1352.55 18.7414 1.64252 0.0150065 2.02807 53.1551 1271.16 134.277 1.20167e+06 inf 
805 4.69725e+06 1.16683e+15 3.13212e+07 9.41277e+07 2.4564e+09 -3.02777e+07 -2.21337e+06 29521.7 3.2407e+06 7.62589e+07 2.38263e+09 2.3609e+08 2.70584e+07 1.61912e+24 1.15176e+09 1.0443e+10 7.37782e+12 1.21689e+09 7.93699e+06 1086.59 1.49667e+07 8.54478e+09 6.6932e+12 6.8951e+10 3.84439 9.54978e+08 25.6344 77.0374 2010.4 -24.7803 -1.8115 0.0241616 2.65231 62.413 1950.03 193.224 2.71408 6.42777e+08 16.8973 51.1089 1412.99 19.5418 1.79287 0.0174791 2.28353 55.6594 1294.35 138.19 1.22184e+06 inf 
815 4.96879e+06 1.20057e+15 4.41715e+07 1.0877e+08 2.58512e+09 -3.20468e+07 -2.43575e+06 34847 3.68548e+06 8.08497e+07 2.44507e+09 2.44538e+08 2.9909e+07 1.69268e+24 2.14567e+09 1.38004e+10 8.07405e+12 1.34025e+09 9.50129e+06 1489.27 1.90939e+07 9.46151e+09 6.96121e+12 7.31227e+10 4.0043 9.67528e+08 35.5974 87.657 2083.32 -25.8262 -1.96295 0.0280828 2.97009 65.156 1970.45 197.071 2.84059 6.54222e+08 21.4942 58.6336 1471.93 20.3249 1.95034 0.0202864 2.56244 58.1347 1314.26 141.746 1.24086e+06 inf 
825 5.2433e+06 1.23211e+15 5.95335e+07 1.25191e+08 2.71324e+09 -3.38204e+07 -2.67001e+06 40995.8 4.17627e+06 8.54819e+07 2.50265e+09 2.52423e+08 3.29513e+07 1.76331e+24 3.78846e+09 1.81214e+10 8.80204e+12 1.47127e+09 1.13085e+07 2032.09 2.42418e+07 1.04425e+10 7.21362e+12 7.71513e+10 4.14943 9.75063e+08 47.1136 99.0736 2147.2 -26.7647 -2.11298 0.0324432 3.30501 67.6485 1980.54 199.762 2.97644 6.66854e+08 27.9002 67.2706 1534.69 21.1655 2.11769 0.023571 2.87426 60.7259 1336.47 145.434 1.26362e+06 inf 
835 5.52498e+06 1.26229e+15 7.76448e+07 1.43532e+08 2.84227e+09 -3.56186e+07 -2.91771e+06 48068.1 4.71744e+06 9.02167e+07 2.55686e+09 2.5989e+08 3.62375e+07 1.83247e+24 6.35784e+09 2.36384e+10 9.5691e+12 1.61009e+09 1.33908e+07 2756.63 3.06125e+07 1.14933e+10 7.45534e+12 8.10713e+10 4.29471 9.8121e+08 60.3553 111.571 2209.37 -27.6872 -2.26801 0.0373645 3.66699 70.1277 1987.52 202.019 3.1183 6.79449e+08 36.0465 76.9852 1599.06 22.0223 2.29459 0.0273257 3.21699 63.3728 1358.31 149.02 1.28646e+06 inf 
845 5.82725e+06 1.29411e+15 9.90947e+07 1.64385e+08 2.97925e+09 -3.75143e+07 -3.1815e+06 56322 5.32107e+06 9.5198e+07 2.61403e+09 2.67528e+08 3.98041e+07 1.90137e+24 1.02526e+10 3.0666e+10 1.03832e+13 1.75716e+09 1.57445e+07 3720.52 3.84182e+07 1.26074e+10 7.69251e+12 8.49036e+10 4.44902 9.88037e+08 75.6574 125.506 2274.62 -28.6416 -2.42903 0.0430011 4.06256 72.6824 1995.78 204.254 3.25516 6.89532e+08 45.8661 87.5289 1659.38 22.8303 2.47397 0.0314877 3.58153 65.9001 1374.78 151.996 1.30978e+06 inf 
855 6.14646e+06 1.32643e+15 1.24085e+08 1.87816e+08 3.12173e+09 -3.94988e+07 -3.4641e+06 65893.4 5.99344e+06 1.00458e+08 2.67153e+09 2.75087e+08 4.37154e+07 1.97125e+24 1.59393e+10 3.95943e+10 1.12557e+13 1.91709e+09 1.8454e+07 5008.28 4.80883e+07 1.38285e+10 7.92868e+12 8.87024e+10 4.61289 9.95479e+08 93.1251 140.955 2342.84 -29.6437 -2.59979 0.0494527 4.49804 75.3934 2004.97 206.451 3.39551 6.98879e+08 57.3593 99.2318 1720.01 23.6648 2.66285 0.036237 3.98217 68.5133 1389.44 154.753 1.33245e+06 inf 
865 6.47667e+06 1.35737e+15 1.52937e+08 2.13865e+08 3.26671e+09 -4.15093e+07 -3.76373e+06 76847.2 6.73359e+06 1.05905e+08 2.72562e+09 2.82245e+08 4.79833e+07 2.04026e+24 2.40777e+10 5.08574e+10 1.21861e+13 2.08666e+09 2.15454e+07 6707.45 5.99348e+07 1.51476e+10 8.1567e+12 9.23963e+10 4.77403 1.00053e+09 112.732 157.642 2407.93 -30.597 -2.77429 0.056645 4.96341 78.0637 2009.09 208.046 3.5465 7.09111e+08 70.9893 112.412 1784.49 24.5342 2.86089 0.0416592 4.42077 71.2148 1405.69 157.554 1.35665e+06 inf 
875 6.82307e+06 1.38831e+15 1.86125e+08 2.42887e+08 3.41635e+09 -4.35745e+07 -4.07673e+06 89442.6 7.54556e+06 1.11537e+08 2.77916e+09 2.89148e+08 5.25779e+07 2.10659e+24 3.53907e+10 6.48911e+10 1.31606e+13 2.26573e+09 2.50087e+07 8937.13 7.42904e+07 1.65562e+10 8.36913e+12 9.58467e+10 4.94453 1.00608e+09 134.881 176.015 2475.75 -31.5775 -2.95432 0.0648171 5.46811 80.8288 2014 209.54 3.69508 7.17224e+08 86.3366 126.664 1846.04 25.3927 3.06518 0.0476999 4.89249 73.9233 1417.3 159.847 1.37992e+06 inf 
885 7.17809e+06 1.41729e+15 2.23824e+08 2.74805e+08 3.56689e+09 -4.56341e+07 -4.40068e+06 103749 8.42676e+06 1.17272e+08 2.82819e+09 2.95444e+08 5.75057e+07 2.16874e+24 5.08436e+10 8.22489e+10 1.4178e+13 2.45183e+09 2.88613e+07 11835.8 9.15363e+07 1.805e+10 8.56041e+12 9.8996e+10 5.10483 1.00793e+09 159.176 195.432 2536.66 -32.4535 -3.12962 0.0737832 5.99284 83.4004 2011.32 210.11 3.85188 7.25547e+08 104.025 142.475 1910.06 26.276 3.27577 0.0545281 5.40218 76.6876 1429.16 162.038 1.40614e+06 inf 
895 7.54845e+06 1.44542e+15 2.66446e+08 3.1001e+08 3.72132e+09 -4.77125e+07 -4.7379e+06 120038 9.3874e+06 1.23211e+08 2.87487e+09 3.01357e+08 6.28334e+07 2.22807e+24 7.15599e+10 1.03633e+11 1.52486e+13 2.6458e+09 3.31049e+07 15593.4 1.12179e+08 1.96393e+10 8.73567e+12 1.01881e+11 5.27483 1.01006e+09 186.192 216.634 2600.44 -33.3413 -3.31083 0.0838819 6.55987 86.0995 2008.95 210.587 4.01048 7.32633e+08 123.849 159.65 1973.16 27.1521 3.48884 0.0621323 5.94627 79.4399 1438.26 163.85 1.43103e+06 inf 
905 7.96879e+06 1.47911e+15 3.15415e+08 3.50022e+08 3.8962e+09 -5.00518e+07 -5.11631e+06 139104 1.04826e+07 1.30042e+08 2.9317e+09 3.08231e+08 6.89847e+07 2.29774e+24 9.92562e+10 1.30428e+11 1.64672e+13 2.86739e+09 3.8084e+07 20552.3 1.37727e+08 2.14966e+10 8.94516e+12 1.05109e+11 5.4546 1.01244e+09 215.9 239.589 2666.93 -34.2603 -3.5021 0.0952161 7.17531 89.0135 2006.73 210.983 4.17936 7.40101e+08 146.04 178.534 2039.41 28.0882 3.71533 0.0707239 6.5413 82.4073 1447.74 165.628 1.46093e+06 inf 
915 8.39948e+06 1.51037e+15 3.70285e+08 3.93606e+08 4.07199e+09 -5.23189e+07 -5.50412e+06 160534 1.16577e+07 1.36959e+08 2.98301e+09 3.14341e+08 7.55957e+07 2.3618e+24 1.35438e+11 1.62999e+11 1.77399e+13 3.09246e+09 4.35753e+07 26888.8 1.67996e+08 2.34715e+10 9.12698e+12 1.07952e+11 5.62397 1.01128e+09 247.928 263.543 2726.44 -35.0307 -3.68534 0.107487 7.80556 91.7022 1997.3 210.47 4.3574 7.47445e+08 170.926 199.205 2108.18 29.0421 3.949 0.0803129 7.18029 85.4769 1456.65 167.281 1.49352e+06 inf 
925 8.83581e+06 1.53851e+15 4.3088e+08 4.40695e+08 4.24642e+09 -5.4511e+07 -5.89097e+06 184588 1.29095e+07 1.43893e+08 3.02747e+09 3.19522e+08 8.25258e+07 2.41629e+24 1.81646e+11 2.02029e+11 1.90311e+13 3.31745e+09 4.93494e+07 34939.9 2.0322e+08 2.55033e+10 9.26689e+12 1.1016e+11 5.80072 1.01003e+09 282.873 289.316 2787.78 -35.7865 -3.86743 0.121182 8.47507 94.4657 1987.53 209.766 4.531 7.52412e+08 198.074 221.197 2173.07 29.9539 4.17623 0.0908457 7.84777 88.4262 1460.63 168.28 1.52323e+06 inf 
935 9.294e+06 1.56629e+15 4.97855e+08 4.91908e+08 4.42698e+09 -5.67179e+07 -6.30037e+06 211706 1.42721e+07 1.51282e+08 3.07031e+09 3.24406e+08 9.01876e+07 2.47199e+24 2.40316e+11 2.49166e+11 2.04281e+13 3.55741e+09 5.58823e+07 45218.5 2.45318e+08 2.77821e+10 9.40506e+12 1.12288e+11 5.96324 1.00497e+09 319.435 315.619 2840.45 -36.3915 -4.04246 0.135835 9.15729 97.0658 1969.98 208.146 4.72294 7.59028e+08 228.371 245.469 2244.77 30.9544 4.41745 0.102772 8.57589 91.6724 1467.54 169.474 1.55855e+06 inf 
945 9.79814e+06 1.59743e+15 5.73247e+08 5.48872e+08 4.62488e+09 -5.90273e+07 -6.7364e+06 242765 1.57754e+07 1.59358e+08 3.11894e+09 3.29709e+08 9.8695e+07 2.52967e+24 3.1472e+11 3.06145e+11 2.19491e+13 3.80848e+09 6.3056e+07 58315.6 2.95135e+08 3.02864e+10 9.54506e+12 1.14326e+11 6.14308 1.00153e+09 359.405 344.123 2899.63 -37.008 -4.22348 0.152205 9.89062 99.9116 1955.46 206.716 4.91332 7.63513e+08 261.048 271.149 2313.75 31.9091 4.6579 0.115738 9.33886 94.9008 1469.89 170.137 1.59499e+06 inf 
955 1.0328e+07 1.62819e+15 6.56089e+08 6.10676e+08 4.83024e+09 -6.13006e+07 -7.19404e+06 277703 1.74056e+07 1.67942e+08 3.1658e+09 3.34687e+08 1.08053e+08 2.58748e+24 4.07336e+11 3.74213e+11 2.35863e+13 4.07062e+09 7.10249e+07 74882.5 3.53988e+08 3.30705e+10 9.67849e+12 1.1621e+11 6.30337 9.93719e+08 400.425 372.708 2948 -37.413 -4.39067 0.169488 10.623 102.499 1932.16 204.266 5.11999 7.69231e+08 297.095 299.13 2388.41 32.934 4.90612 0.130293 10.1586 98.3749 1474.37 170.882 1.63848e+06 inf 
965 1.08795e+07 1.65777e+15 7.46638e+08 6.77269e+08 5.04109e+09 -6.34777e+07 -7.66498e+06 316736 1.91548e+07 1.76917e+08 3.20941e+09 3.39164e+08 1.182e+08 2.6418e+24 5.21445e+11 4.54751e+11 2.53195e+13 4.33367e+09 7.96304e+07 95628.9 4.22498e+08 3.60859e+10 9.79237e+12 1.17765e+11 6.4639 9.84943e+08 443.604 402.39 2995.09 -37.7144 -4.55404 0.188184 11.3805 105.113 1906.83 201.51 5.3334 7.74259e+08 336.191 329.038 2464.27 33.9472 5.15481 0.146299 11.0229 101.937 1477.16 171.353 1.68312e+06 inf 
975 1.14638e+07 1.68805e+15 8.45945e+08 7.49467e+08 5.26263e+09 -6.5586e+07 -8.15443e+06 360652 2.1046e+07 1.86483e+08 3.25341e+09 3.43461e+08 1.29255e+08 2.69463e+24 6.6085e+11 5.49771e+11 2.71699e+13 4.60199e+09 8.90166e+07 121633 5.02551e+08 3.9408e+10 9.89407e+12 1.19067e+11 6.6084 9.73085e+08 487.65 432.035 3033.68 -37.8075 -4.70068 0.2079 12.1321 107.499 1875.45 197.99 5.55331 7.78744e+08 378.349 360.922 2541.47 34.9778 5.40536 0.163992 11.9378 105.645 1478.58 171.572 1.73474e+06 inf 
985 1.20605e+07 1.71593e+15 9.52638e+08 8.25909e+08 5.48521e+09 -6.74833e+07 -8.63979e+06 409184 2.30348e+07 1.96266e+08 3.29191e+09 3.46954e+08 1.40925e+08 2.73918e+24 8.27228e+11 6.59152e+11 2.90663e+13 4.85575e+09 9.87501e+07 153547 5.93168e+08 4.29066e+10 9.95951e+12 1.19802e+11 6.76173 9.62037e+08 534.099 463.047 3075.29 -37.8347 -4.84392 0.22941 12.9145 110.037 1845.62 194.52 5.76965 7.8116e+08 422.523 393.881 2615.08 35.9294 5.64809 0.182915 12.8754 109.305 1475.64 171.258 1.78364e+06 inf 
995 1.27122e+07 1.74702e+15 1.06997e+09 9.09602e+08 5.72826e+09 -6.93464e+07 -9.1726e+06 463992 2.52336e+07 2.07203e+08 3.33529e+09 3.50896e+08 1.54148e+08 2.79178e+24 1.02946e+12 7.88963e+11 3.11979e+13 5.12462e+09 1.09769e+08 193580 7.00592e+08 4.69544e+10 1.00466e+13 1.20752e+11 6.89474 9.47532e+08 580.324 493.342 3106.84 -37.6115 -4.97496 0.251656 13.686 112.381 1808.97 190.316 6.00569 7.85088e+08 470.717 429.563 2696 36.9435 5.89789 0.204112 13.8808 113.302 1475.33 171.091 1.84375e+06 inf 
1005 1.33928e+07 1.77772e+15 1.19658e+09 9.98938e+08 5.97963e+09 -7.09874e+07 -9.71627e+06 524848 2.75748e+07 2.18699e+08 3.37688e+09 3.54443e+08 1.68388e+08 2.84052e+24 1.26949e+12 9.38686e+11 3.34447e+13 5.37917e+09 1.2156e+08 242676 8.23545e+08 5.13624e+10 1.01126e+13 1.21354e+11 7.04811 9.35547e+08 629.715 525.704 3146.86 -37.358 -5.11331 0.276208 14.5116 115.093 1777.13 186.53 6.24024 7.87155e+08 521.098 466.509 2774.52 37.8845 6.15033 0.226761 14.927 117.404 1470.96 170.501 1.90019e+06 inf 
1015 1.4089e+07 1.80655e+15 1.33113e+09 1.09279e+09 6.23363e+09 -7.2246e+07 -1.02626e+07 591673 3.0039e+07 2.30633e+08 3.4138e+09 3.57284e+08 1.83525e+08 2.88374e+24 1.54949e+12 1.10893e+12 3.57788e+13 5.61492e+09 1.33979e+08 302379 9.62877e+08 5.61334e+10 1.01521e+13 1.21539e+11 7.15387 9.173e+08 675.899 554.881 3165.21 -36.6839 -5.21095 0.30043 15.2527 117.107 1733.4 181.416 6.48147 7.8919e+08 574.401 505.156 2854.57 38.7987 6.39339 0.251552 16.0084 121.608 1466.36 169.71 1.96942e+06 inf 
1025 1.48327e+07 1.83726e+15 1.47642e+09 1.19372e+09 6.50432e+09 -7.33287e+07 -1.08393e+07 666217 3.27102e+07 2.43647e+08 3.45298e+09 3.60295e+08 2.00115e+08 2.9294e+24 1.87844e+12 1.30479e+12 3.8304e+13 5.84155e+09 1.47325e+08 375565 1.12281e+09 6.14519e+10 1.01932e+13 1.21657e+11 7.28471 9.02326e+08 725.107 586.267 3194.44 -36.0136 -5.32346 0.327197 16.0648 119.661 1695.85 176.95 6.72418 7.90259e+08 629.897 545.075 2933.88 39.6479 6.63446 0.278195 17.1278 125.943 1459.54 168.634 2.03614e+06 inf 
1035 1.55818e+07 1.86492e+15 1.62908e+09 1.29845e+09 6.77349e+09 -7.37985e+07 -1.14067e+07 747325 3.54847e+07 2.56962e+08 3.48526e+09 3.62343e+08 2.17466e+08 2.96631e+24 2.25545e+12 1.5239e+12 4.08843e+13 6.02971e+09 1.611e+08 463386 1.30138e+09 6.71396e+10 1.01971e+13 1.21242e+11 7.32749 8.76995e+08 766.088 610.607 3185.3 -34.7044 -5.3641 0.351436 16.687 120.839 1638.97 170.395 6.96945 7.91084e+08 688.299 586.334 3013.32 40.3873 6.85458 0.307252 18.2628 130.273 1452.25 167.275 2.12649e+06 inf 
1045 1.63987e+07 1.89679e+15 1.79488e+09 1.41194e+09 7.06797e+09 -7.39916e+07 -1.20244e+07 838005 3.85242e+07 2.71779e+08 3.52404e+09 3.65005e+08 2.3681e+08 3.01083e+24 2.69577e+12 1.77587e+12 4.37435e+13 6.20596e+09 1.76349e+08 570478 1.50783e+09 7.36356e+10 1.02197e+13 1.21014e+11 7.3978 8.55684e+08 809.709 636.958 3188.52 -33.3793 -5.42448 0.378042 17.3791 122.605 1589.77 164.662 7.21823 7.91237e+08 748.661 628.824 3093.06 41.0545 7.08025 0.338288 19.4469 134.858 1443.24 165.767 2.2167e+06 inf 
1055 1.72054e+07 1.92409e+15 1.96545e+09 1.52753e+09 7.3543e+09 -7.34749e+07 -1.26279e+07 935348 4.16506e+07 2.86851e+08 3.553e+09 3.66513e+08 2.56865e+08 3.04648e+24 3.18947e+12 2.0528e+12 4.66386e+13 6.33463e+09 1.92083e+08 697380 1.73628e+09 8.0598e+10 1.02053e+13 1.2028e+11 7.4487 8.32996e+08 850.898 661.314 3183.89 -31.8094 -5.46699 0.404939 18.0317 124.186 1538.2 158.674 7.46466 7.90586e+08 810.424 671.85 3170.81 41.6005 7.29865 0.371403 20.6529 139.538 1432.52 163.997 2.30985e+06 inf 
1065 1.80731e+07 1.95537e+15 2.14927e+09 1.6514e+09 7.66341e+09 -7.24209e+07 -1.32651e+07 1.0438e+06 4.50328e+07 3.03379e+08 3.58812e+09 3.68447e+08 2.7858e+08 3.085e+24 3.75336e+12 2.36407e+12 4.97459e+13 6.43443e+09 2.08785e+08 850160 1.99503e+09 8.83662e+10 1.0194e+13 1.19507e+11 7.47966 8.09245e+08 889.489 683.441 3171.56 -29.9719 -5.48985 0.431984 18.6371 125.555 1484.97 152.484 7.70369 7.88589e+08 873.021 715.05 3244.83 42.0073 7.50123 0.40649 21.8704 144.246 1419.05 161.886 2.41629e+06 inf 
1075 1.89477e+07 1.98467e+15 2.33999e+09 1.77863e+09 7.97233e+09 -7.05354e+07 -1.38927e+07 1.1611e+06 4.85413e+07 3.20506e+08 3.61834e+09 3.69693e+08 3.01043e+08 3.11631e+24 4.3795e+12 2.70312e+12 5.28981e+13 6.47466e+09 2.25673e+08 1.03003e+06 2.27881e+09 9.66807e+10 1.01529e+13 1.18305e+11 7.45719 7.811e+08 920.941 700.009 3137.65 -27.7604 -5.46771 0.45697 19.1043 126.141 1424.06 145.499 7.92911 7.85087e+08 935.679 757.527 3312.72 42.1613 7.67605 0.443354 23.0628 148.791 1402.82 159.345 2.54086e+06 inf 
1085 1.97992e+07 2.00922e+15 2.53289e+09 1.90591e+09 8.26861e+09 -6.76856e+07 -1.44999e+07 1.28523e+06 5.21041e+07 3.37823e+08 3.63868e+09 3.69825e+08 3.24012e+08 3.13907e+24 5.06325e+12 3.06715e+12 5.60519e+13 6.44848e+09 2.42909e+08 1.2386e+06 2.58793e+09 1.0556e+11 1.00783e+13 1.16691e+11 7.4454 7.55557e+08 952.483 716.709 3109.37 -25.4529 -5.45263 0.483304 19.5935 127.037 1368.31 139.071 8.1492 7.80747e+08 998.392 799.823 3377.85 42.1554 7.84944 0.481857 24.2749 153.483 1384.78 156.654 2.65925e+06 inf 
1095 2.07868e+07 2.04518e+15 2.74856e+09 2.04878e+09 8.61913e+09 -6.43099e+07 -1.52116e+07 1.42759e+06 5.6178e+07 3.58281e+08 3.67811e+09 3.71834e+08 3.50209e+08 3.1799e+24 5.85304e+12 3.48427e+12 5.96822e+13 6.41876e+09 2.62623e+08 1.49273e+06 2.94932e+09 1.16056e+11 1.00549e+13 1.15647e+11 7.38642 7.26738e+08 976.678 728.019 3062.73 -22.852 -5.40531 0.507284 19.9624 127.312 1306.98 132.128 8.3597 7.75759e+08 1061.1 841.485 3439.07 41.9361 8.00645 0.522581 25.4856 158.213 1365.54 153.741 2.81419e+06 inf 
1105 2.16803e+07 2.07038e+15 2.95685e+09 2.18427e+09 8.92835e+09 -5.95391e+07 -1.58335e+07 1.57385e+06 6.01088e+07 3.77782e+08 3.69702e+09 3.71555e+08 3.75049e+08 3.19802e+24 6.67556e+12 3.9088e+12 6.30033e+13 6.29252e+09 2.80744e+08 1.7792e+06 3.32355e+09 1.26629e+11 9.95531e+12 1.13647e+11 7.33498 7.0046e+08 1000.37 738.994 3020.68 -20.1435 -5.35687 0.532473 20.3363 127.813 1250.79 125.706 8.54906 7.68976e+08 1121.5 881.096 3491.57 41.5109 8.14166 0.564288 26.6622 162.805 1343 150.491 2.95574e+06 inf 
1115 2.26464e+07 2.10095e+15 3.17968e+09 2.32896e+09 9.26554e+09 -5.37338e+07 -1.65154e+07 1.73536e+06 6.43929e+07 3.99461e+08 3.72407e+09 3.72043e+08 4.02032e+08 3.22441e+24 7.59229e+12 4.37724e+12 6.66131e+13 6.13621e+09 3.00562e+08 2.11738e+06 3.74595e+09 1.38618e+11 9.87617e+12 1.11886e+11 7.216 6.6944e+08 1013.17 742.095 2952.35 -17.1216 -5.26243 0.55295 20.518 127.283 1186.63 118.547 8.71962 7.61097e+08 1180.12 918.72 3536.82 40.7686 8.25088 0.607391 27.7959 167.236 1318.65 146.962 3.13836e+06 inf 
1125 2.3562e+07 2.12617e+15 3.3997e+09 2.46984e+09 9.58064e+09 -4.64344e+07 -1.71513e+07 1.90441e+06 6.86713e+07 4.2118e+08 3.7404e+09 3.71291e+08 4.2836e+08 3.23857e+24 8.552e+12 4.85851e+12 7.00511e+13 5.91626e+09 3.19719e+08 2.50109e+06 4.19284e+09 1.5118e+11 9.75549e+12 1.09617e+11 6.89803 6.22459e+08 995.299 723.071 2804.84 -13.5942 -5.02124 0.557536 20.1043 123.305 1095.04 108.7 8.82181 7.4878e+08 1230.07 948.445 3555.44 39.3351 8.26972 0.649135 28.6935 170.457 1287.21 142.394 3.41576e+06 inf 
1135 2.45449e+07 2.15691e+15 3.63327e+09 2.61903e+09 9.92183e+09 -3.79661e+07 -1.7838e+07 2.09044e+06 7.33038e+07 4.45182e+08 3.76515e+09 3.7131e+08 4.56293e+08 3.25924e+24 9.59734e+12 5.37687e+12 7.36932e+13 5.67779e+09 3.40022e+08 2.9483e+06 4.68837e+09 1.65217e+11 9.65083e+12 1.07522e+11 6.64604 5.84027e+08 983.781 709.154 2686.53 -10.2801 -4.83 0.566028 19.8485 120.542 1019.49 100.54 8.90959 7.3581e+08 1277.05 976.216 3568.82 37.8378 8.29089 0.69132 29.589 173.797 1254.51 137.861 3.69317e+06 inf 
1145 2.54922e+07 2.18443e+15 3.86549e+09 2.76538e+09 1.02478e+10 -2.77931e+07 -1.8497e+07 2.286e+06 7.79909e+07 4.69701e+08 3.78297e+09 3.70517e+08 4.83612e+08 3.27184e+24 1.06843e+13 5.90621e+12 7.71887e+13 5.4126e+09 3.59793e+08 3.45418e+06 5.21376e+09 1.80096e+11 9.51916e+12 1.05113e+11 6.38266 5.46931e+08 967.833 692.388 2565.82 -6.95876 -4.63123 0.572364 19.5272 117.602 947.171 92.769 8.96365 7.21153e+08 1318.49 999.691 3569.72 36.1493 8.28468 0.732972 30.399 176.809 1219.12 133.086 3.99397e+06 inf 
1155 2.64371e+07 2.21216e+15 4.10043e+09 2.91234e+09 1.05723e+10 -1.62119e+07 -1.91633e+07 2.49468e+06 8.28605e+07 4.95559e+08 3.79982e+09 3.69579e+08 5.11047e+08 3.28303e+24 1.18249e+13 6.45362e+12 8.06613e+13 5.14195e+09 3.80013e+08 4.02955e+06 5.78019e+09 1.9624e+11 9.3804e+12 1.02636e+11 6.06852 5.07792e+08 941.238 668.516 2426.83 -3.72137 -4.39887 0.572644 19.0203 113.754 872.234 84.8353 8.97117 7.04099e+08 1352.19 1017.1 3553.31 34.1535 8.23896 0.772687 31.0652 179.182 1180.02 127.916 4.35643e+06 inf 
1165 2.73145e+07 2.23574e+15 4.32852e+09 3.05208e+09 1.08702e+10 -2.6757e+06 -1.97674e+07 2.71184e+06 8.76684e+07 5.2144e+08 3.80879e+09 3.6764e+08 5.36311e+08 3.28109e+24 1.29664e+13 6.9881e+12 8.37661e+13 4.87715e+09 3.98314e+08 4.66638e+06 6.36115e+09 2.12841e+11 9.20363e+12 9.97139e+10 5.71459 4.67749e+08 905.589 638.538 2274.21 -0.559794 -4.13563 0.567355 18.3415 109.093 796.853 76.9155 8.91894 6.83859e+08 1375.74 1026.78 3514.69 31.9383 8.13815 0.808938 31.5346 180.633 1136.03 122.252 4.77979e+06 inf 
1175 2.82372e+07 2.26413e+15 4.56532e+09 3.19715e+09 1.11862e+10 1.2335e+07 -2.04283e+07 2.94727e+06 9.28516e+07 5.49901e+08 3.82445e+09 3.66418e+08 5.62471e+08 3.28696e+24 1.41701e+13 7.54552e+12 8.69908e+13 4.67945e+09 4.17703e+08 5.39513e+06 6.99777e+09 2.31354e+11 9.04761e+12 9.70551e+10 5.39237 4.32373e+08 871.823 610.548 2136.19 2.35558 -3.90113 0.562831 17.7315 105.013 730.341 69.9736 8.85073 6.63892e+08 1394.97 1033.52 3471.17 29.8005 8.03421 0.844696 31.9677 182.08 1092.88 116.782 5.23652e+06 inf 
1185 2.9099e+07 2.29011e+15 4.79527e+09 3.33503e+09 1.1479e+10 2.92925e+07 -2.10439e+07 3.19343e+06 9.80235e+07 5.78832e+08 3.83532e+09 3.64537e+08 5.86301e+08 3.28346e+24 1.5359e+13 8.08216e+12 8.98457e+13 4.57127e+09 4.36111e+08 6.1979e+06 7.65492e+09 2.50656e+11 8.8658e+12 9.41224e+10 5.08124 3.99897e+08 837.345 582.36 2004.45 5.11503 -3.67466 0.557634 17.1168 101.075 669.72 63.6552 8.74988 6.42991e+08 1407.42 1035.45 3416.27 27.7861 7.91518 0.878246 32.3065 183.175 1048.62 111.282 5.72675e+06 inf 
1195 2.988e+07 2.31204e+15 5.01337e+09 3.46345e+09 1.17409e+10 4.79697e+07 -2.16134e+07 3.44679e+06 1.03147e+08 6.0801e+08 3.83828e+09 3.61888e+08 6.07523e+08 3.27126e+24 1.65159e+13 8.58974e+12 9.23037e+13 4.57624e+09 4.52453e+08 7.07642e+06 8.32435e+09 2.70625e+11 8.66186e+12 9.0973e+10 4.76498 3.68702e+08 799.486 552.318 1872.33 7.64976 -3.44671 0.549662 16.4488 96.9598 612.093 57.7105 8.61261 6.21071e+08 1412.31 1031.87 3348.75 25.9086 7.76358 0.90904 32.5104 183.727 1003.32 105.721 6.27075e+06 inf 
1205 3.06948e+07 2.33948e+15 5.23861e+09 3.59528e+09 1.20174e+10 6.859e+07 -2.22297e+07 3.72126e+06 1.08636e+08 6.39938e+08 3.84935e+09 3.59971e+08 6.28441e+08 3.26486e+24 1.76964e+13 9.09849e+12 9.47255e+13 4.77689e+09 4.69497e+08 8.06506e+06 9.0459e+09 2.92604e+11 8.47421e+12 8.80345e+10 4.44561 3.38832e+08 758.721 520.714 1740.51 9.93406 -3.21958 0.538959 15.734 92.6837 557.511 52.1355 8.44128 5.98373e+08 1409.74 1023.04 3269.55 24.3549 7.59162 0.936806 32.5973 183.816 957.352 100.161 6.90453e+06 inf 
1215 3.13477e+07 2.35805e+15 5.43748e+09 3.70712e+09 1.22324e+10 9.09401e+07 -2.27342e+07 3.99439e+06 1.13772e+08 6.70533e+08 3.84509e+09 3.56544e+08 6.44101e+08 3.24087e+24 1.87559e+13 9.53238e+12 9.6379e+13 5.19496e+09 4.8317e+08 9.11087e+06 9.7452e+09 3.14345e+11 8.24415e+12 8.46683e+10 4.07787 3.06747e+08 707.336 482.242 1591.25 11.83 -2.95739 0.519612 14.8 87.2265 500.19 46.3811 8.19506 5.72272e+08 1392.68 1003.73 3163.13 23.1482 7.35576 0.956658 32.3831 182.437 906.781 94.143 7.68726e+06 inf 
1225 3.19841e+07 2.37935e+15 5.63381e+09 3.8161e+09 1.24427e+10 1.14945e+08 -2.32597e+07 4.28386e+06 1.19133e+08 7.03162e+08 3.84438e+09 3.53473e+08 6.58114e+08 3.21955e+24 1.97856e+13 9.94093e+12 9.78141e+13 5.90812e+09 4.96565e+08 1.02635e+07 1.04792e+10 3.37746e+11 8.02414e+12 8.14633e+10 3.74703 2.78748e+08 660.017 447.068 1457.7 13.4661 -2.72494 0.501867 13.9568 82.3775 450.38 41.4103 7.94101 5.47247e+08 1371.97 982.211 3055.21 22.6013 7.12382 0.974951 32.1384 181.058 858.609 88.4808 8.53585e+06 inf 
1235 3.25611e+07 2.40081e+15 5.82038e+09 3.91667e+09 1.26325e+10 1.41117e+08 -2.37557e+07 4.58567e+06 1.24528e+08 7.36872e+08 3.84334e+09 3.50277e+08 6.6865e+08 3.19323e+24 2.07276e+13 1.02939e+13 9.87733e+13 6.97821e+09 5.08075e+08 1.15061e+07 1.1216e+10 3.61946e+11 7.79585e+12 7.81992e+10 3.4333 2.53145e+08 613.711 412.981 1331.99 14.8796 -2.50484 0.483521 13.1304 77.697 405.248 36.9337 7.66264 5.22127e+08 1344.96 956.481 2939.49 22.6802 6.87736 0.989662 31.7841 179.241 811.037 82.9539 9.48392e+06 inf 
1245 3.29879e+07 2.41719e+15 5.97992e+09 3.9973e+09 1.27668e+10 1.69107e+08 -2.41658e+07 4.88856e+06 1.29633e+08 7.69866e+08 3.83385e+09 3.46155e+08 6.7385e+08 3.15542e+24 2.15108e+13 1.05582e+13 9.89909e+13 8.45532e+09 5.16582e+08 1.28087e+07 1.19262e+10 3.8608e+11 7.54492e+12 7.47521e+10 3.07587 2.25384e+08 557.582 372.718 1190.41 15.7679 -2.25328 0.455821 12.0873 71.7842 357.478 32.2763 7.30551 4.93377e+08 1301.85 919.54 2795.19 23.2329 6.56431 0.993249 31.0793 175.63 758.76 76.9955 1.07247e+07 inf 
1255 3.33739e+07 2.43539e+15 6.13176e+09 4.07157e+09 1.2888e+10 1.98722e+08 -2.45776e+07 5.20529e+06 1.34869e+08 8.04557e+08 3.82661e+09 3.42302e+08 6.76111e+08 3.11782e+24 2.22005e+13 1.07681e+13 9.88299e+13 1.04227e+10 5.24054e+08 1.42087e+07 1.26448e+10 4.11384e+11 7.30036e+12 7.14258e+10 2.68702 1.9608e+08 493.684 327.813 1037.64 15.9997 -1.9788 0.419091 10.8586 64.7769 308.09 27.5596 6.87135 4.6106e+08 1242.45 871.497 2623.04 24.1489 6.18686 0.984043 30.0025 170.075 702.033 70.648 1.24204e+07 inf 
1265 3.36165e+07 2.44957e+15 6.25679e+09 4.12625e+09 1.29571e+10 2.29546e+08 -2.48955e+07 5.52398e+06 1.3981e+08 8.38671e+08 3.81296e+09 3.37804e+08 6.72297e+08 3.06862e+24 2.26862e+13 1.08683e+13 9.78444e+13 1.29162e+10 5.27101e+08 1.56525e+07 1.33036e+10 4.35892e+11 7.0369e+12 6.79328e+10 2.32348 1.69308e+08 432.452 285.195 895.557 15.8656 -1.7207 0.381802 9.66324 57.9666 263.541 23.3481 6.40849 4.28286e+08 1175.16 818.443 2441.46 25.3183 5.7854 0.967514 28.7425 163.608 645.691 64.422 1.44682e+07 inf 
1275 3.37409e+07 2.46089e+15 6.35841e+09 4.16498e+09 1.29832e+10 2.61206e+08 -2.51851e+07 5.84426e+06 1.44622e+08 8.72957e+08 3.79417e+09 3.32962e+08 6.6478e+08 3.01696e+24 2.30308e+13 1.08981e+13 9.63735e+13 1.59589e+10 5.29382e+08 1.71651e+07 1.39567e+10 4.6118e+11 6.77331e+12 6.45363e+10 1.98509 1.44783e+08 374.088 245.04 763.844 15.3677 -1.48173 0.343838 8.50862 51.3591 223.224 19.5893 5.93049 3.95647e+08 1102.29 762.316 2255.33 26.5095 5.38051 0.944277 27.3628 156.509 590.481 58.4222 1.69971e+07 inf 
1285 3.37905e+07 2.47383e+15 6.44471e+09 4.19221e+09 1.29843e+10 2.94455e+08 -2.54354e+07 6.17626e+06 1.49398e+08 9.08335e+08 3.77818e+09 3.28302e+08 6.52742e+08 2.96135e+24 2.32e+13 1.08377e+13 9.43184e+13 1.96563e+10 5.28614e+08 1.8733e+07 1.45635e+10 4.86269e+11 6.51048e+12 6.11801e+10 1.70149 1.24568e+08 324.518 211.095 653.814 14.827 -1.28077 0.311 7.52282 45.7384 190.247 16.5314 5.47478 3.65512e+08 1030.97 707.928 2078.91 27.7478 4.99775 0.92009 26.0142 149.645 540.033 52.9848 1.98593e+07 inf 
1295 3.36446e+07 2.48032e+15 6.49213e+09 4.19272e+09 1.29138e+10 3.28567e+08 -2.5573e+07 6.49816e+06 1.53631e+08 9.41764e+08 3.75256e+09 3.22697e+08 6.34682e+08 2.89398e+24 2.31278e+13 1.0662e+13 9.14517e+13 2.39746e+10 5.24297e+08 2.02896e+07 1.50886e+10 5.09892e+11 6.22993e+12 5.77214e+10 1.46641 1.08106e+08 282.962 182.741 562.851 14.3207 -1.11461 0.283224 6.69603 41.0471 163.557 14.0649 5.05098 3.38302e+08 963.31 656.745 1915.5 28.9803 4.64858 0.896723 24.7548 143.314 494.755 48.1454 2.29435e+07 inf 
1305 3.33772e+07 2.48408e+15 6.51385e+09 4.17626e+09 1.27997e+10 3.62443e+08 -2.56534e+07 6.81813e+06 1.57626e+08 9.74879e+08 3.72265e+09 3.16909e+08 6.12156e+08 2.82192e+24 2.28583e+13 1.03932e+13 8.80077e+13 2.89035e+10 5.16584e+08 2.18584e+07 1.55425e+10 5.32559e+11 5.94962e+12 5.43217e+10 1.22111 9.08799e+07 238.309 152.788 468.275 13.26 -0.938529 0.249441 5.76676 35.6659 136.193 11.5941 4.57216 3.08189e+08 882.881 597.404 1732.19 29.6919 4.24481 0.85876 23.138 134.95 446.227 43.0458 2.73336e+07 inf 
1315 3.30194e+07 2.48899e+15 6.51558e+09 4.14613e+09 1.26544e+10 3.9764e+08 -2.57045e+07 7.14383e+06 1.61508e+08 1.00866e+09 3.69492e+09 3.11258e+08 5.86406e+08 2.74869e+24 2.2426e+13 1.00539e+13 8.41574e+13 3.44829e+10 5.07701e+08 2.34439e+07 1.59514e+10 5.54979e+11 5.67585e+12 5.10584e+10 1.01923 7.68295e+07 201.121 127.982 390.614 12.2743 -0.793442 0.220514 4.98538 31.1351 114.054 9.60785 4.13064 2.80968e+08 807.336 542.182 1563.7 30.2284 3.87841 0.821605 21.6224 127.128 402.731 38.5194 3.23962e+07 inf 
1325 3.24877e+07 2.48955e+15 6.4802e+09 4.09154e+09 1.24462e+10 4.33201e+08 -2.56455e+07 7.45746e+06 1.64822e+08 1.04047e+09 3.66146e+09 3.04993e+08 5.55669e+08 2.66582e+24 2.17581e+13 9.61087e+12 7.96486e+13 4.0625e+10 4.94564e+08 2.49599e+07 1.62413e+10 5.74813e+11 5.39291e+12 4.77668e+10 0.821053 6.29179e+07 163.773 103.404 314.551 10.9482 -0.648133 0.188471 4.1655 26.2954 92.5351 7.70801 3.65639 2.51821e+08 723.233 481.872 1383.47 30.1138 3.47548 0.771547 19.827 117.625 357.395 33.879 3.95683e+07 inf 
1335 3.17818e+07 2.48444e+15 6.40673e+09 4.01281e+09 1.21744e+10 4.67941e+08 -2.54839e+07 7.75279e+06 1.67522e+08 1.06978e+09 3.62018e+09 2.98106e+08 5.21046e+08 2.5752e+24 2.08823e+13 9.08382e+12 7.46279e+13 4.71787e+10 4.78558e+08 2.63798e+07 1.642e+10 5.92051e+11 5.10449e+12 4.44995e+10 0.660928 5.1666e+07 133.233 83.4496 253.176 9.73121 -0.529958 0.161225 3.48376 22.2469 75.2846 6.19936 3.22471 2.25575e+08 645.379 426.546 1219.77 29.7729 3.10985 0.722908 18.1475 108.707 316.993 29.7821 4.80866e+07 inf 
1345 3.10193e+07 2.48252e+15 6.31811e+09 3.92501e+09 1.18838e+10 5.02839e+08 -2.53119e+07 8.05536e+06 1.70198e+08 1.10028e+09 3.58402e+09 2.91698e+08 4.84889e+08 2.48648e+24 1.98879e+13 8.51395e+12 6.94318e+13 5.42034e+10 4.61118e+08 2.77788e+07 1.65356e+10 6.08428e+11 4.83071e+12 4.14281e+10 0.515487 4.12553e+07 104.996 65.2269 197.488 8.35632 -0.420641 0.133866 2.82841 18.2848 59.5602 4.84751 2.79147 1.99045e+08 565.224 370.449 1055.86 28.826 2.73606 0.66612 16.3338 98.8772 277.003 25.7869 6.01747e+07 inf 
1355 3.00316e+07 2.47152e+15 6.17857e+09 3.80634e+09 1.15098e+10 5.35255e+08 -2.49791e+07 8.32109e+06 1.71845e+08 1.12574e+09 3.53559e+09 2.84163e+08 4.4502e+08 2.38534e+24 1.86773e+13 7.86341e+12 6.37363e+13 6.1318e+10 4.39679e+08 2.8967e+07 1.64853e+10 6.20026e+11 4.5435e+12 3.83082e+10 0.387723 3.19086e+07 79.7685 49.1418 148.598 6.91041 -0.322493 0.10743 2.21861 14.5339 45.6463 3.66869 2.3654 1.72563e+08 484.531 314.811 894.867 27.2744 2.36061 0.602028 14.4192 88.2815 237.856 21.9344 7.74563e+07 inf 
1365 2.89895e+07 2.46315e+15 6.02368e+09 3.67921e+09 1.11175e+10 5.67529e+08 -2.46338e+07 8.58943e+06 1.73386e+08 1.15188e+09 3.49187e+09 2.77076e+08 4.05018e+08 2.28678e+24 1.73939e+13 7.19756e+12 5.80471e+13 6.8596e+10 4.17653e+08 3.00836e+07 1.63702e+10 6.30291e+11 4.27162e+12 3.53937e+10 0.305441 2.59524e+07 63.467 38.7651 117.136 5.97962 -0.259547 0.0905003 1.82684 12.1364 36.7912 2.91934 2.04306 1.53038e+08 423.366 272.64 773.225 26.2105 2.08162 0.555678 13.0055 80.583 208.934 19.0891 9.49104e+07 inf 
1375 2.77728e+07 2.44782e+15 5.82737e+09 3.52765e+09 1.06605e+10 5.9719e+08 -2.41477e+07 8.8233e+06 1.73986e+08 1.17341e+09 3.43945e+09 2.69221e+08 3.63257e+08 2.17906e+24 1.59647e+13 6.48718e+12 5.21208e+13 7.56744e+10 3.9251e+08 3.09511e+07 1.60918e+10 6.35391e+11 3.99366e+12 3.24885e+10 0.228104 2.01044e+07 47.8613 28.9733 87.5567 4.90484 -0.19833 0.0724676 1.42898 9.63741 28.2489 2.21117 1.71215 1.32261e+08 358.93 229 648.392 24.4432 1.7845 0.498955 11.4072 71.5941 178.893 16.1847 1.21755e+08 inf 
1385 2.6453e+07 2.42979e+15 5.60348e+09 3.36172e+09 1.01657e+10 6.24343e+08 -2.35884e+07 9.03394e+06 1.73994e+08 1.19228e+09 3.38431e+09 2.61165e+08 3.21913e+08 2.06919e+24 1.44802e+13 5.77401e+12 4.62641e+13 8.23772e+10 3.66056e+08 3.16195e+07 1.57033e+10 6.36915e+11 3.72218e+12 2.97123e+10 0.174977 1.60722e+07 37.0649 22.2365 67.2421 4.1298 -0.156028 0.0597561 1.15091 7.88651 22.3859 1.72751 1.4487 1.15882e+08 307.257 194.161 549.088 22.9748 1.54822 0.45341 10.1265 64.4264 155.305 13.9123 1.5118e+08 inf 
1395 2.50631e+07 2.41073e+15 5.35923e+09 3.1855e+09 9.64498e+09 6.49928e+08 -2.29738e+07 9.22734e+06 1.73531e+08 1.20929e+09 3.32897e+09 2.53127e+08 2.81816e+08 1.95914e+24 1.29774e+13 5.07406e+12 4.0583e+13 8.86057e+10 3.38972e+08 3.20943e+07 1.52203e+10 6.35143e+11 3.4603e+12 2.70846e+10 0.139652 1.34326e+07 29.8618 17.7497 53.7421 3.62142 -0.12801 0.051415 0.966917 6.73818 18.5491 1.41043 1.2453 1.03614e+08 267.243 167.206 472.484 21.9226 1.36835 0.419746 9.15821 59.1069 137.611 12.2036 1.79468e+08 inf 
1405 2.35776e+07 2.38724e+15 5.08903e+09 2.99567e+09 9.08891e+09 6.73955e+08 -2.22592e+07 9.38772e+06 1.72262e+08 1.22221e+09 3.26933e+09 2.44707e+08 2.43012e+08 1.84528e+24 1.14602e+13 4.38996e+12 3.50833e+13 9.40478e+10 3.10741e+08 3.22886e+07 1.46114e+10 6.28458e+11 3.20171e+12 2.45478e+10 0.120661 1.22171e+07 26.0439 15.3308 46.5138 3.44906 -0.113915 0.048043 0.881578 6.25482 16.7313 1.25232 1.10864 9.64066e+07 240.772 149.101 421.165 21.6658 1.2559 0.40365 8.60226 56.3658 126.907 11.1382 1.95403e+08 inf 
1415 2.20155e+07 2.357e+15 4.79618e+09 2.79575e+09 8.50304e+09 6.9368e+08 -2.14698e+07 9.50548e+06 1.70225e+08 1.23043e+09 3.20133e+09 2.35871e+08 2.066e+08 1.73048e+24 9.98141e+12 3.74362e+12 2.99121e+13 9.84333e+10 2.82561e+08 3.222e+07 1.39128e+10 6.17701e+11 2.95032e+12 2.21458e+10 0.105248 1.12679e+07 22.9287 13.3654 40.6497 3.31621 -0.102639 0.045442 0.813777 5.88219 15.3043 1.1276 0.988229 9.0254e+07 217.236 133.109 375.959 21.4377 1.1577 0.389828 8.11476 54.0221 117.771 10.2273 2.09179e+08 inf 
1425 2.04009e+07 2.3178e+15 4.48836e+09 2.58926e+09 7.89594e+09 7.09005e+08 -2.06051e+07 9.58146e+06 1.67447e+08 1.23393e+09 3.12252e+09 2.26742e+08 1.72845e+08 1.61478e+24 8.55925e+12 3.14008e+12 2.51076e+13 1.017e+11 2.54078e+08 3.1873e+07 1.31178e+10 6.02371e+11 2.70662e+12 1.98666e+10 0.0937339 1.06493e+07 20.6222 11.8966 36.2786 3.25759 -0.0946718 0.0440229 0.769352 5.66942 14.3467 1.04179 0.886209 8.54744e+07 197.233 119.523 337.703 21.3695 1.0763 0.380138 7.72522 52.3021 110.589 9.49704 2.17647e+08 inf 
1435 1.8763e+07 2.27435e+15 4.16888e+09 2.37951e+09 7.27909e+09 7.21093e+08 -1.96783e+07 9.61933e+06 1.63974e+08 1.2331e+09 3.03968e+09 2.17424e+08 1.42329e+08 1.49963e+24 7.22817e+12 2.5922e+12 2.07517e+13 1.03718e+11 2.2632e+08 3.12522e+07 1.22535e+10 5.82959e+11 2.47223e+12 1.77256e+10 0.0868717 1.05301e+07 19.3017 11.017 33.7018 3.33862 -0.0911092 0.044537 0.759191 5.7092 14.0735 1.00666 0.807111 8.26577e+07 181.916 108.997 308.129 21.6579 1.01958 0.377773 7.49377 51.6379 106.058 9.00306 2.15985e+08 inf 
1445 1.71287e+07 2.22733e+15 3.84434e+09 2.16979e+09 6.6625e+09 7.31588e+08 -1.8695e+07 9.62141e+06 1.59838e+08 1.22812e+09 2.95422e+09 2.07998e+08 1.15241e+08 1.3856e+24 6.00529e+12 2.1039e+12 1.68705e+13 1.04466e+11 1.99426e+08 3.03613e+07 1.13313e+10 5.59553e+11 2.24767e+12 1.57206e+10 0.0858281 1.11607e+07 19.2632 10.8724 33.3844 3.66583 -0.0936768 0.0482109 0.800915 6.15387 14.8029 1.04223 0.755036 8.25737e+07 172.395 102.098 288.825 22.5836 0.995243 0.387053 7.49249 52.5921 105.088 8.81398 1.99569e+08 inf 
1455 1.55076e+07 2.17593e+15 3.51447e+09 1.96185e+09 6.04936e+09 7.37869e+08 -1.76603e+07 9.57696e+06 1.54977e+08 1.21789e+09 2.86443e+09 1.98304e+08 9.17062e+07 1.27328e+24 4.90668e+12 1.67867e+12 1.34841e+13 1.03813e+11 1.7392e+08 2.92123e+07 1.03733e+10 5.32581e+11 2.03298e+12 1.38548e+10 0.0852729 1.19649e+07 19.3253 10.7878 33.2641 4.05738 -0.09711 0.0526616 0.852183 6.69691 15.7509 1.09043 0.704983 8.2815e+07 163.117 95.4685 270.258 23.5453 0.973097 0.397315 7.5043 53.7 104.55 8.65999 1.81859e+08 inf 
1465 1.39337e+07 2.11932e+15 3.18868e+09 1.76044e+09 5.45229e+09 7.39892e+08 -1.6595e+07 9.49045e+06 1.49553e+08 1.20305e+09 2.76914e+09 1.8853e+08 7.17025e+07 1.16409e+24 3.94185e+12 1.31624e+12 1.05935e+13 1.01954e+11 1.49917e+08 2.78444e+07 9.39687e+09 5.02612e+11 1.83028e+12 1.21347e+10 0.0911369 1.3862e+07 20.8564 11.5146 35.6621 4.83945 -0.108544 0.0620747 0.978187 7.86884 18.1123 1.23313 0.678736 8.61502e+07 159.209 92.0685 260.802 25.3661 0.984271 0.422221 7.77854 56.7939 107.904 8.82323 1.52888e+08 inf 
1475 1.24029e+07 2.05395e+15 2.86604e+09 1.56534e+09 4.8691e+09 7.35835e+08 -1.5485e+07 9.3459e+06 1.43381e+08 1.18161e+09 2.66369e+09 1.78401e+08 5.50098e+07 1.05707e+24 3.10895e+12 1.0132e+12 8.16869e+12 9.88187e+10 1.2759e+08 2.62447e+07 8.40991e+09 4.69524e+11 1.63723e+12 1.05428e+10 0.0915157 1.51552e+07 21.1472 11.5499 35.9269 5.4294 -0.114257 0.0689592 1.05795 8.71859 19.6542 1.31634 0.63049 8.70056e+07 149.975 85.6885 242.863 26.4511 0.963524 0.434617 7.806 58.2099 108.139 8.72112 1.35528e+08 inf 
1485 1.09548e+07 1.98682e+15 2.55225e+09 1.38049e+09 4.31591e+09 7.28809e+08 -1.43539e+07 9.157e+06 1.36644e+08 1.15512e+09 2.5577e+09 1.68148e+08 4.1414e+07 9.53801e+23 2.40727e+12 7.65865e+11 6.18262e+12 9.46118e+10 1.07257e+08 2.44686e+07 7.43835e+09 4.34298e+11 1.45573e+12 9.08811e+09 0.0920644 1.66973e+07 21.4492 11.6017 36.2711 6.12494 -0.120631 0.0769558 1.14837 9.7077 21.495 1.41312 0.582726 8.79601e+07 140.608 79.3836 225.041 27.5247 0.941721 0.446893 7.82263 59.629 108.499 8.62438 1.1899e+08 inf 
1495 9.62725e+06 1.92329e+15 2.25771e+09 1.21057e+09 3.80789e+09 7.22127e+08 -1.32322e+07 8.94812e+06 1.29657e+08 1.12636e+09 2.45875e+09 1.58188e+08 3.06566e+07 8.56065e+23 1.83302e+12 5.69649e+11 4.60238e+12 8.97327e+10 8.90312e+07 2.25834e+07 6.50414e+09 3.97998e+11 1.28813e+12 7.77769e+09 0.0938535 1.87497e+07 22.0098 11.8015 37.1221 7.03982 -0.128997 0.0872328 1.26399 10.9806 23.9697 1.54214 0.538567 8.94092e+07 131.853 73.5804 208.541 28.7267 0.92266 0.461032 7.8619 61.3139 109.467 8.56998 1.02577e+08 inf 
1505 8.39327e+06 1.85173e+15 1.9788e+09 1.05296e+09 3.33351e+09 7.10939e+08 -1.2096e+07 8.6818e+06 1.22083e+08 1.09102e+09 2.35094e+09 1.47944e+08 2.22721e+07 7.62099e+23 1.36954e+12 4.16242e+11 3.36305e+12 8.41038e+10 7.28307e+07 2.05765e+07 5.60855e+09 3.60409e+11 1.13093e+12 6.5891e+09 0.100257 2.21188e+07 23.6366 12.5776 39.8186 8.49213 -0.144486 0.103704 1.45827 13.0322 28.0819 1.76718 0.505952 9.28116e+07 125.7 69.3815 196.433 30.5369 0.921457 0.4848 8.05402 64.3057 112.784 8.69388 8.37174e+07 inf 
1515 7.28567e+06 1.77857e+15 1.72327e+09 9.1145e+08 2.90624e+09 6.98052e+08 -1.09838e+07 8.38275e+06 1.14281e+08 1.05208e+09 2.24291e+09 1.37821e+08 1.59365e+07 6.74087e+23 1.00694e+12 2.99867e+11 2.42075e+12 7.81326e+10 5.88092e+07 1.85394e+07 4.77753e+09 3.23049e+11 9.86848e+11 5.53438e+09 0.105638 2.57882e+07 24.9863 13.2155 42.1388 10.1213 -0.159258 0.121545 1.657 15.2545 32.5209 1.99833 0.468946 9.54402e+07 118.219 64.6006 182.548 32.1004 0.909579 0.50402 8.15632 66.7182 115.113 8.73223 6.89684e+07 inf 
1525 6.28925e+06 1.69735e+15 1.49151e+09 7.84499e+08 2.51981e+09 6.82666e+08 -9.87986e+06 8.0365e+06 1.06098e+08 1.00763e+09 2.12667e+09 1.27604e+08 1.12252e+07 5.90715e+23 7.27447e+11 2.12812e+11 1.71555e+12 7.1883e+10 4.67034e+07 1.64673e+07 4.00652e+09 2.85701e+11 8.53537e+11 4.59316e+09 0.125671 3.39163e+07 29.8032 15.6758 50.3507 13.641 -0.197419 0.160585 2.12004 20.1344 42.4951 2.54977 0.456628 1.03215e+08 116.823 63.2983 178.171 35.3594 0.945648 0.550691 8.69273 72.8249 123.489 9.23466 5.00451e+07 inf 
1535 5.42248e+06 1.6146e+15 1.28347e+09 6.7368e+08 2.18239e+09 6.64369e+08 -8.81935e+06 7.65552e+06 9.78039e+07 9.59404e+08 2.00994e+09 1.17472e+08 7.83568e+06 5.1384e+23 5.19206e+11 1.49762e+11 1.20499e+12 6.56235e+10 3.6614e+07 1.44534e+07 3.31834e+09 2.49964e+11 7.32892e+11 3.7754e+09 0.13238 3.94175e+07 31.3334 16.4466 53.279 16.2193 -0.215308 0.186895 2.3877 23.4221 49.0688 2.86787 0.416856 1.04837e+08 108.137 58.1864 163.03 36.5925 0.9206 0.563847 8.67814 74.5239 124.437 9.16213 4.09616e+07 inf 
1545 4.66301e+06 1.52415e+15 1.09536e+09 5.7552e+08 1.8857e+09 6.42261e+08 -7.76883e+06 7.20893e+06 8.902e+07 9.03408e+08 1.88553e+09 1.06926e+08 5.41531e+06 4.41156e+23 3.65188e+11 1.0429e+11 8.38027e+11 5.92233e+10 2.81712e+07 1.24678e+07 2.69947e+09 2.15177e+11 6.21182e+11 3.05592e+09 0.129669 4.23838e+07 30.4598 16.0041 52.4377 17.86 -0.216036 0.200466 2.47547 25.122 52.433 2.97342 0.365753 1.02329e+08 96.0592 51.4196 143.367 36.4404 0.85832 0.55364 8.30295 73.1611 120.518 8.72571 3.59608e+07 inf 
1555 4.02609e+06 1.43432e+15 9.33837e+08 4.92676e+08 1.63588e+09 6.18755e+08 -6.79484e+06 6.75463e+06 8.05462e+07 8.46762e+08 1.76342e+09 9.68848e+07 3.73924e+06 3.76028e+23 2.5476e+11 7.24188e+10 5.82475e+11 5.31723e+10 2.13262e+07 1.06279e+07 2.1652e+09 1.83131e+11 5.22978e+11 2.44746e+09 0.122144 4.35144e+07 28.3307 14.9468 49.6294 18.7718 -0.206141 0.204922 2.44361 25.689 53.4985 2.93929 0.313882 9.75418e+07 83.2243 44.4256 123.321 35.5072 0.777496 0.529563 7.72764 69.9706 114.035 8.10009 3.2962e+07 inf 
1565 3.48356e+06 1.338e+15 7.93416e+08 4.21462e+08 1.42216e+09 5.9121e+08 -5.87636e+06 6.26127e+06 7.20856e+07 7.85655e+08 1.63479e+09 8.68775e+07 2.59126e+06 3.16913e+23 1.76716e+11 5.02961e+10 4.0642e+11 4.73031e+10 1.58674e+07 8.92275e+06 1.70859e+09 1.53642e+11 4.35429e+11 1.93303e+09 0.11405 4.38055e+07 25.976 13.7984 46.5609 19.3559 -0.192389 0.204991 2.36004 25.722 53.5223 2.84432 0.268009 9.196e+07 71.4901 38.1611 105.537 34.2641 0.694605 0.500105 7.09709 66.0948 106.729 7.42941 3.05442e+07 inf 
1575 3.03896e+06 1.24367e+15 6.73638e+08 3.61505e+08 1.24699e+09 5.63591e+08 -5.02336e+06 5.7606e+06 6.38783e+07 7.23595e+08 1.51075e+09 7.72627e+07 1.81252e+06 2.63941e+23 1.22228e+11 3.50319e+10 2.86377e+11 4.17613e+10 1.15719e+07 7.36876e+06 1.32361e+09 1.26874e+11 3.58471e+11 1.50271e+09 0.105894 4.33362e+07 23.4733 12.5969 43.4519 19.6387 -0.175042 0.200732 2.22588 25.2141 52.6429 2.69226 0.227914 8.5552e+07 60.8943 32.5887 89.9494 32.7035 0.610402 0.465269 6.41618 61.5243 98.5893 6.71673 2.8698e+07 inf 
1585 2.66372e+06 1.1445e+15 5.71835e+08 3.09681e+08 1.09895e+09 5.33589e+08 -4.22529e+06 5.23073e+06 5.57655e+07 6.57946e+08 1.38298e+09 6.7764e+07 1.28278e+06 2.16235e+23 8.44103e+10 2.44759e+10 2.04302e+11 3.64199e+10 8.24521e+06 5.96177e+06 1.0032e+09 1.02731e+11 2.90428e+11 1.14507e+09 0.0972091 4.17671e+07 20.8684 11.3014 40.1047 19.4726 -0.154196 0.190889 2.03509 24.0109 50.4701 2.47296 0.193297 7.8401e+07 51.4291 27.6676 76.468 30.8207 0.526424 0.425592 5.69815 56.3251 89.7305 5.97262 2.7402e+07 inf 
1595 2.34673e+06 1.04364e+15 4.8484e+08 2.64917e+08 9.73742e+08 5.00871e+08 -3.4979e+06 4.68949e+06 4.7977e+07 5.90892e+08 1.25493e+09 5.86166e+07 922051 1.7428e+23 5.83817e+10 1.71836e+10 1.48135e+11 3.13484e+10 5.73925e+06 4.72644e+06 7.43893e+08 8.15768e+10 2.31582e+11 8.55019e+08 0.0868873 3.86405e+07 17.9512 9.80851 36.0527 18.5447 -0.129509 0.173628 1.77634 21.8777 46.4635 2.17027 0.163063 7.04246e+07 42.8874 23.2382 64.6907 28.5791 0.442405 0.380591 4.93834 50.4157 80.0965 5.19104 2.70089e+07 inf 
1605 2.07664e+06 9.43377e+14 4.10906e+08 2.26777e+08 8.66515e+08 4.64681e+08 -2.86233e+06 4.16328e+06 4.08533e+07 5.25706e+08 1.12861e+09 5.01907e+07 676766 1.38762e+23 4.0617e+10 1.21636e+10 1.09776e+11 2.66994e+10 3.89798e+06 3.68567e+06 5.40376e+08 6.37177e+10 1.82556e+11 6.27358e+08 0.0766875 3.48376e+07 15.1742 8.37455 31.9992 17.16 -0.105702 0.153744 1.50865 19.4136 41.6781 1.85347 0.138243 6.2535e+07 35.6325 19.4693 55.0448 26.2965 0.364382 0.335365 4.20468 44.4535 70.7424 4.44208 2.70793e+07 inf 
1615 1.78077e+06 8.17922e+14 3.40922e+08 1.90459e+08 7.45244e+08 4.10588e+08 -2.29282e+06 3.58777e+06 3.40023e+07 4.54632e+08 9.71412e+08 4.19039e+07 501709 1.08097e+23 2.81683e+10 8.59759e+09 8.22043e+10 2.22336e+10 2.56091e+06 2.80247e+06 3.81222e+08 4.85361e+10 1.40864e+11 4.48263e+08 0.0773152 3.55115e+07 14.8017 8.26911 32.3561 17.8264 -0.0995469 0.155769 1.47627 19.7387 42.1755 1.81933 0.125718 5.85847e+07 31.6841 17.4614 50.2208 25.4466 0.31824 0.312106 3.79105 41.4447 65.8566 4.01897 2.30326e+07 inf 
1625 1.50024e+06 6.90602e+14 2.78524e+08 1.5717e+08 6.29481e+08 3.53489e+08 -1.79029e+06 3.01394e+06 2.76035e+07 3.8344e+08 8.14135e+08 3.4115e+07 372987 8.20306e+22 1.93961e+10 6.02595e+09 6.17707e+10 1.80534e+10 1.62119e+06 2.06791e+06 2.60139e+08 3.58942e+10 1.05942e+11 3.10324e+08 0.0802595 3.69456e+07 14.9004 8.40825 33.6758 18.9108 -0.0957766 0.161239 1.47672 20.5132 43.5544 1.82508 0.116243 5.49861e+07 28.5592 15.8643 46.589 24.6617 0.27849 0.290913 3.4258 38.723 61.4058 3.6429 1.86924e+07 inf 
1635 1.23375e+06 5.65044e+14 2.21457e+08 1.26052e+08 5.19193e+08 2.95293e+08 -1.34872e+06 2.44766e+06 2.1637e+07 3.12776e+08 6.61262e+08 2.68149e+07 273412 6.00241e+22 1.3085e+10 4.12822e+09 4.57831e+10 1.41022e+10 977562 1.46672e+06 1.70056e+08 2.55281e+10 7.68383e+10 2.06139e+08 0.0868991 3.97989e+07 15.5983 8.87848 36.5694 20.799 -0.0949971 0.172401 1.524 22.0304 46.576 1.88871 0.108196 5.14184e+07 26.0448 14.5583 43.4444 23.6789 0.244602 0.271268 3.10731 36.2317 56.9455 3.30941 1.41975e+07 inf 
1645 1.01981e+06 4.60573e+14 1.77303e+08 1.00492e+08 4.31084e+08 2.47561e+08 -989801 1.96881e+06 1.6657e+07 2.52464e+08 5.36102e+08 2.07865e+07 198788 4.26893e+22 8.65808e+09 2.75103e+09 3.37503e+10 1.07677e+10 550891 1.00071e+06 1.05402e+08 1.74298e+10 5.43586e+10 1.30862e+08 0.0972646 4.39271e+07 16.9103 9.58437 41.1146 23.6111 -0.0944022 0.187775 1.58866 24.0787 51.1307 1.98251 0.0974629 4.62806e+07 23.2337 13.0583 39.0963 21.6675 0.208877 0.245323 2.74388 32.9026 50.6962 2.92415 1.04849e+07 inf 
1655 759004 3.3742e+14 1.29922e+08 7.28261e+07 3.21777e+08 1.85937e+08 -663543 1.43364e+06 1.16864e+07 1.84712e+08 3.90181e+08 1.464e+07 133413 2.77118e+22 5.28856e+09 1.6803e+09 2.29657e+10 7.48626e+09 274957 621154 5.87996e+07 1.08189e+10 3.5129e+10 7.52304e+07 0.108553 4.82581e+07 18.5815 10.4156 46.0208 26.5929 -0.0949004 0.20504 1.67139 26.4177 55.804 2.09382 0.0854226 4.04293e+07 20.2757 11.4818 34.1565 19.0659 0.174122 0.216325 2.36981 29.1449 43.7045 2.52496 6.99199e+06 inf 
1665 469412 2.05097e+14 7.80399e+07 4.30973e+07 2.00101e+08 1.16386e+08 -350501 854537 6.59097e+06 1.10434e+08 2.36412e+08 8.37065e+06 71087.1 1.41032e+22 2.5141e+09 7.78881e+08 1.2486e+10 4.16345e+09 93528.6 293191 2.36848e+07 5.07477e+09 1.79775e+10 3.22374e+07 0.10713 4.68078e+07 17.8104 9.83575 45.6675 26.5619 -0.079992 0.195024 1.50421 25.2034 53.9546 1.91037 0.0688969 3.20577e+07 16.0176 9.00089 27.6415 15.6415 0.122256 0.169936 1.77279 22.8684 34.522 1.92556 4.38169e+06 inf 
1675 265703 1.13657e+14 4.11481e+07 2.25173e+07 1.14471e+08 6.6496e+07 -153818 452864 3.19823e+06 5.8577e+07 1.31199e+08 4.17663e+06 31582 5.89319e+21 9.32892e+08 2.75944e+08 5.72937e+09 1.93943e+09 19744.8 107084 6.66997e+06 1.83264e+09 7.65738e+09 1.01841e+07 0.0928071 3.9699e+07 14.3726 7.86503 39.9835 23.2263 -0.0537269 0.15818 1.11711 20.4603 45.8264 1.45885 0.049174 2.19639e+07 10.9215 5.87584 20.0631 11.7457 0.063325 0.111275 1.04011 14.8829 23.9703 1.19538 2.86296e+06 inf 
1685 134639 5.65972e+13 1.97669e+07 1.06696e+07 5.85041e+07 3.37125e+07 -63900.6 217657 1.43481e+06 2.82513e+07 6.52548e+07 1.89779e+06 13168 2.34379e+21 3.41201e+08 9.59392e+07 2.44701e+09 8.22201e+08 4706.2 38398.8 1.9668e+06 6.56675e+08 3.06671e+09 3.19369e+06 0.0807294 3.39355e+07 11.8522 6.39749 35.0789 20.2139 -0.0383147 0.130507 0.860309 16.9394 39.1266 1.13791 0.0371247 1.59282e+07 8.00679 4.07394 15.3848 9.18626 0.0367942 0.0774072 0.662689 10.3343 17.5472 0.787461 1.66778e+06 inf 
1695 53865.4 2.22738e+13 7.39545e+06 3.96041e+06 2.3625e+07 1.33392e+07 -20983.6 82256.2 506108 1.07103e+07 2.5658e+07 674821 4316.75 7.39283e+20 9.70124e+07 2.66383e+07 8.19588e+08 2.66626e+08 967.058 11049.4 481034 1.89461e+08 9.6913e+08 808009 0.0672267 2.77988e+07 9.22988 4.94278 29.4851 16.6479 -0.0261886 0.10266 0.631647 13.3669 32.0225 0.842209 0.0294633 1.22428e+07 5.99045 2.96896 12.3901 7.45716 0.0228275 0.057019 0.448749 7.6014 13.5677 0.546917 801251 inf 
1705 4538.88 1.85149e+12 649524 342698 1.9842e+06 1.11445e+06 -1835.68 7055.81 44147.3 925590 2.11076e+06 57789.1 380.304 6.33104e+19 8.12757e+06 2.23919e+06 7.24459e+07 2.30053e+07 68.1618 940.297 38031.1 1.62273e+07 8.20294e+07 64334.7 0.0797078 3.25142e+07 11.4064 6.01817 34.8448 19.571 -0.0322366 0.123908 0.775275 16.2544 37.0673 1.01484 0.018034 7.39104e+06 3.55306 1.76189 7.6202 4.57979 0.0125618 0.0340516 0.25849 4.55682 8.1574 0.31605 56944 inf 
1715 0 0 0 0 0 0 0 0 0 0 0 0 0 0 0 0 0 0 0 0 0 0 0 0 0.0 0.0 0.0 0.0 0.0 0.0 0.0 0.0 0.0 0.0 0.0 0.0 0.0 0.0 0.0 0.0 0.0 0.0 0.0 0.0 0.0 0.0 0.0 0.0 0 -nan 
1725 0 0 0 0 0 0 0 0 0 0 0 0 0 0 0 0 0 0 0 0 0 0 0 0 0.0 0.0 0.0 0.0 0.0 0.0 0.0 0.0 0.0 0.0 0.0 0.0 0.0 0.0 0.0 0.0 0.0 0.0 0.0 0.0 0.0 0.0 0.0 0.0 0 -nan 
1735 0 0 0 0 0 0 0 0 0 0 0 0 0 0 0 0 0 0 0 0 0 0 0 0 0.0 0.0 0.0 0.0 0.0 0.0 0.0 0.0 0.0 0.0 0.0 0.0 0.0 0.0 0.0 0.0 0.0 0.0 0.0 0.0 0.0 0.0 0.0 0.0 0 -nan 
1745 0 0 0 0 0 0 0 0 0 0 0 0 0 0 0 0 0 0 0 0 0 0 0 0 0.0 0.0 0.0 0.0 0.0 0.0 0.0 0.0 0.0 0.0 0.0 0.0 0.0 0.0 0.0 0.0 0.0 0.0 0.0 0.0 0.0 0.0 0.0 0.0 0 -nan 
1755 0 0 0 0 0 0 0 0 0 0 0 0 0 0 0 0 0 0 0 0 0 0 0 0 0.0 0.0 0.0 0.0 0.0 0.0 0.0 0.0 0.0 0.0 0.0 0.0 0.0 0.0 0.0 0.0 0.0 0.0 0.0 0.0 0.0 0.0 0.0 0.0 0 -nan 
1765 0 0 0 0 0 0 0 0 0 0 0 0 0 0 0 0 0 0 0 0 0 0 0 0 0.0 0.0 0.0 0.0 0.0 0.0 0.0 0.0 0.0 0.0 0.0 0.0 0.0 0.0 0.0 0.0 0.0 0.0 0.0 0.0 0.0 0.0 0.0 0.0 0 -nan 
1775 0 0 0 0 0 0 0 0 0 0 0 0 0 0 0 0 0 0 0 0 0 0 0 0 0.0 0.0 0.0 0.0 0.0 0.0 0.0 0.0 0.0 0.0 0.0 0.0 0.0 0.0 0.0 0.0 0.0 0.0 0.0 0.0 0.0 0.0 0.0 0.0 0 -nan 
1785 0 0 0 0 0 0 0 0 0 0 0 0 0 0 0 0 0 0 0 0 0 0 0 0 0.0 0.0 0.0 0.0 0.0 0.0 0.0 0.0 0.0 0.0 0.0 0.0 0.0 0.0 0.0 0.0 0.0 0.0 0.0 0.0 0.0 0.0 0.0 0.0 0 -nan 
1795 0 0 0 0 0 0 0 0 0 0 0 0 0 0 0 0 0 0 0 0 0 0 0 0 0.0 0.0 0.0 0.0 0.0 0.0 0.0 0.0 0.0 0.0 0.0 0.0 0.0 0.0 0.0 0.0 0.0 0.0 0.0 0.0 0.0 0.0 0.0 0.0 0 -nan 
1805 0 0 0 0 0 0 0 0 0 0 0 0 0 0 0 0 0 0 0 0 0 0 0 0 0.0 0.0 0.0 0.0 0.0 0.0 0.0 0.0 0.0 0.0 0.0 0.0 0.0 0.0 0.0 0.0 0.0 0.0 0.0 0.0 0.0 0.0 0.0 0.0 0 -nan 
1815 0 0 0 0 0 0 0 0 0 0 0 0 0 0 0 0 0 0 0 0 0 0 0 0 0.0 0.0 0.0 0.0 0.0 0.0 0.0 0.0 0.0 0.0 0.0 0.0 0.0 0.0 0.0 0.0 0.0 0.0 0.0 0.0 0.0 0.0 0.0 0.0 0 -nan 
1825 0 0 0 0 0 0 0 0 0 0 0 0 0 0 0 0 0 0 0 0 0 0 0 0 0.0 0.0 0.0 0.0 0.0 0.0 0.0 0.0 0.0 0.0 0.0 0.0 0.0 0.0 0.0 0.0 0.0 0.0 0.0 0.0 0.0 0.0 0.0 0.0 0 -nan 
1835 0 0 0 0 0 0 0 0 0 0 0 0 0 0 0 0 0 0 0 0 0 0 0 0 0.0 0.0 0.0 0.0 0.0 0.0 0.0 0.0 0.0 0.0 0.0 0.0 0.0 0.0 0.0 0.0 0.0 0.0 0.0 0.0 0.0 0.0 0.0 0.0 0 -nan 
1845 0 0 0 0 0 0 0 0 0 0 0 0 0 0 0 0 0 0 0 0 0 0 0 0 0.0 0.0 0.0 0.0 0.0 0.0 0.0 0.0 0.0 0.0 0.0 0.0 0.0 0.0 0.0 0.0 0.0 0.0 0.0 0.0 0.0 0.0 0.0 0.0 0 -nan 
1855 0 0 0 0 0 0 0 0 0 0 0 0 0 0 0 0 0 0 0 0 0 0 0 0 0.0 0.0 0.0 0.0 0.0 0.0 0.0 0.0 0.0 0.0 0.0 0.0 0.0 0.0 0.0 0.0 0.0 0.0 0.0 0.0 0.0 0.0 0.0 0.0 0 -nan 
1865 0 0 0 0 0 0 0 0 0 0 0 0 0 0 0 0 0 0 0 0 0 0 0 0 0.0 0.0 0.0 0.0 0.0 0.0 0.0 0.0 0.0 0.0 0.0 0.0 0.0 0.0 0.0 0.0 0.0 0.0 0.0 0.0 0.0 0.0 0.0 0.0 0 -nan 
1875 0 0 0 0 0 0 0 0 0 0 0 0 0 0 0 0 0 0 0 0 0 0 0 0 0.0 0.0 0.0 0.0 0.0 0.0 0.0 0.0 0.0 0.0 0.0 0.0 0.0 0.0 0.0 0.0 0.0 0.0 0.0 0.0 0.0 0.0 0.0 0.0 0 -nan 
1885 0 0 0 0 0 0 0 0 0 0 0 0 0 0 0 0 0 0 0 0 0 0 0 0 0.0 0.0 0.0 0.0 0.0 0.0 0.0 0.0 0.0 0.0 0.0 0.0 0.0 0.0 0.0 0.0 0.0 0.0 0.0 0.0 0.0 0.0 0.0 0.0 0 -nan 
1895 0 0 0 0 0 0 0 0 0 0 0 0 0 0 0 0 0 0 0 0 0 0 0 0 0.0 0.0 0.0 0.0 0.0 0.0 0.0 0.0 0.0 0.0 0.0 0.0 0.0 0.0 0.0 0.0 0.0 0.0 0.0 0.0 0.0 0.0 0.0 0.0 0 -nan 
